% function evaluation | noise-free fitness - Fopt (-1.000000000000e+03) | best noise-free fitness - Fopt | measured fitness | best measured fitness | x1 | x2...
1 +8.642214715e+01 +8.642214715e+01 -9.135778529e+02 -9.135778529e+02
5273 +6.107823827e+01 +6.107823827e+01 -9.389217617e+02 -9.389217617e+02
9144 +3.940171293e+01 +3.940171293e+01 -9.605982871e+02 -9.605982871e+02
12526 +2.478593827e+01 +2.478593827e+01 -9.752140617e+02 -9.752140617e+02
15560 +1.492208601e+01 +1.492208601e+01 -9.850779140e+02 -9.850779140e+02
19821 +9.376883819e+00 +9.376883819e+00 -9.906231162e+02 -9.906231162e+02
25866 +6.190872965e+00 +6.190872965e+00 -9.938091270e+02 -9.938091270e+02
30072 +3.912738412e+00 +3.912738412e+00 -9.960872616e+02 -9.960872616e+02
34305 +2.493971849e+00 +2.493971849e+00 -9.975060282e+02 -9.975060282e+02
