% function evaluation | noise-free fitness - Fopt (-2.098800000000e+02) | best noise-free fitness - Fopt | measured fitness | best measured fitness | x1 | x2...
1 +4.106689042e+07 +4.106689042e+07 +4.106668054e+07 +4.106668054e+07
2 +3.359752316e+07 +3.359752316e+07 +3.359731328e+07 +3.359731328e+07
7 +2.228223343e+07 +2.228223343e+07 +2.228202355e+07 +2.228202355e+07
17 +6.301708574e+06 +6.301708574e+06 +6.301498694e+06 +6.301498694e+06
1399 +3.798317222e+06 +3.798317222e+06 +3.798107342e+06 +3.798107342e+06
2564 +2.414361026e+06 +2.414361026e+06 +2.414151146e+06 +2.414151146e+06
3714 +1.558274595e+06 +1.558274595e+06 +1.558064715e+06 +1.558064715e+06
3941 +9.419551920e+05 +9.419551920e+05 +9.417453120e+05 +9.417453120e+05
5592 +6.296994948e+05 +6.296994948e+05 +6.294896148e+05 +6.294896148e+05
7309 +3.115711256e+05 +3.115711256e+05 +3.113612456e+05 +3.113612456e+05
8048 +1.725458568e+05 +1.725458568e+05 +1.723359768e+05 +1.723359768e+05
9534 +1.473659056e+05 +1.473659056e+05 +1.471560256e+05 +1.471560256e+05
11032 +6.908679569e+04 +6.908679569e+04 +6.887691569e+04 +6.887691569e+04
12169 +6.262404284e+04 +6.262404284e+04 +6.241416284e+04 +6.241416284e+04
12363 +3.777405934e+04 +3.777405934e+04 +3.756417934e+04 +3.756417934e+04
14274 +2.490728000e+04 +2.490728000e+04 +2.469740000e+04 +2.469740000e+04
16734 +1.418311631e+04 +1.418311631e+04 +1.397323631e+04 +1.397323631e+04
18910 +9.947885388e+03 +9.947885388e+03 +9.738005388e+03 +9.738005388e+03
20640 +6.250150106e+03 +6.250150106e+03 +6.040270106e+03 +6.040270106e+03
22714 +3.586690052e+03 +3.586690052e+03 +3.376810052e+03 +3.376810052e+03
24539 +2.066346996e+03 +2.066346996e+03 +1.856466996e+03 +1.856466996e+03
