% function evaluation | noise-free fitness - Fopt (-2.098800000000e+02) | best noise-free fitness - Fopt | measured fitness | best measured fitness | x1 | x2...
1 +4.143683469e+07 +4.143683469e+07 +4.143662481e+07 +4.143662481e+07
2 +2.426538772e+07 +2.426538772e+07 +2.426517784e+07 +2.426517784e+07
35 +9.991914724e+06 +9.991914724e+06 +9.991704844e+06 +9.991704844e+06
134 +4.637945150e+06 +4.637945150e+06 +4.637735270e+06 +4.637735270e+06
994 +3.475218594e+06 +3.475218594e+06 +3.475008714e+06 +3.475008714e+06
1476 +2.428368273e+06 +2.428368273e+06 +2.428158393e+06 +2.428158393e+06
2872 +1.469603928e+06 +1.469603928e+06 +1.469394048e+06 +1.469394048e+06
4225 +9.829834129e+05 +9.829834129e+05 +9.827735329e+05 +9.827735329e+05
4555 +6.259581342e+05 +6.259581342e+05 +6.257482542e+05 +6.257482542e+05
5712 +3.865393695e+05 +3.865393695e+05 +3.863294895e+05 +3.863294895e+05
6256 +2.320060198e+05 +2.320060198e+05 +2.317961398e+05 +2.317961398e+05
8958 +1.432959614e+05 +1.432959614e+05 +1.430860814e+05 +1.430860814e+05
10226 +9.812736997e+04 +9.812736997e+04 +9.791748997e+04 +9.791748997e+04
12362 +5.502635949e+04 +5.502635949e+04 +5.481647949e+04 +5.481647949e+04
13626 +3.768188296e+04 +3.768188296e+04 +3.747200296e+04 +3.747200296e+04
15750 +2.345547736e+04 +2.345547736e+04 +2.324559736e+04 +2.324559736e+04
17506 +1.532589543e+04 +1.532589543e+04 +1.511601543e+04 +1.511601543e+04
20767 +7.399421261e+03 +7.399421261e+03 +7.189541261e+03 +7.189541261e+03
23127 +6.304460363e+03 +6.304460363e+03 +6.094580363e+03 +6.094580363e+03
