% function evaluation | noise-free fitness - Fopt (-2.098800000000e+02) | best noise-free fitness - Fopt | measured fitness | best measured fitness | x1 | x2...
1 +4.596160926e+07 +4.596160926e+07 +4.596139938e+07 +4.596139938e+07
2 +2.374390182e+07 +2.374390182e+07 +2.374369194e+07 +2.374369194e+07
6 +1.342416059e+07 +1.342416059e+07 +1.342395071e+07 +1.342395071e+07
134 +7.760898012e+06 +7.760898012e+06 +7.760688132e+06 +7.760688132e+06
419 +5.991556689e+06 +5.991556689e+06 +5.991346809e+06 +5.991346809e+06
2224 +3.324164452e+06 +3.324164452e+06 +3.323954572e+06 +3.323954572e+06
3726 +2.052819569e+06 +2.052819569e+06 +2.052609689e+06 +2.052609689e+06
9587 +1.584095467e+06 +1.584095467e+06 +1.583885587e+06 +1.583885587e+06
17113 +8.828446319e+05 +8.828446319e+05 +8.826347519e+05 +8.826347519e+05
20665 +5.676899609e+05 +5.676899609e+05 +5.674800809e+05 +5.674800809e+05
