% function evaluation | noise-free fitness - Fopt (-2.098800000000e+02) | best noise-free fitness - Fopt | measured fitness | best measured fitness | x1 | x2...
1 +4.419339235e+07 +4.419339235e+07 +4.419318247e+07 +4.419318247e+07
2 +3.109192989e+07 +3.109192989e+07 +3.109172001e+07 +3.109172001e+07
3 +2.441434587e+07 +2.441434587e+07 +2.441413599e+07 +2.441413599e+07
7 +1.081166408e+07 +1.081166408e+07 +1.081145420e+07 +1.081145420e+07
37 +9.176560055e+06 +9.176560055e+06 +9.176350175e+06 +9.176350175e+06
741 +4.497886930e+06 +4.497886930e+06 +4.497677050e+06 +4.497677050e+06
3105 +2.151066540e+06 +2.151066540e+06 +2.150856660e+06 +2.150856660e+06
6787 +1.279151241e+06 +1.279151241e+06 +1.278941361e+06 +1.278941361e+06
8713 +7.659970802e+05 +7.659970802e+05 +7.657872002e+05 +7.657872002e+05
10913 +6.265116150e+05 +6.265116150e+05 +6.263017350e+05 +6.263017350e+05
18164 +3.646333225e+05 +3.646333225e+05 +3.644234425e+05 +3.644234425e+05
24027 +2.457968135e+05 +2.457968135e+05 +2.455869335e+05 +2.455869335e+05
35087 +1.511203691e+05 +1.511203691e+05 +1.509104891e+05 +1.509104891e+05
