% function evaluation | noise-free fitness - Fopt (-2.098800000000e+02) | best noise-free fitness - Fopt | measured fitness | best measured fitness | x1 | x2...
1 +1.793719649e+07 +1.793719649e+07 +1.793698661e+07 +1.793698661e+07
29 +1.089672991e+07 +1.089672991e+07 +1.089652003e+07 +1.089652003e+07
64 +9.935803124e+06 +9.935803124e+06 +9.935593244e+06 +9.935593244e+06
270 +6.098365197e+06 +6.098365197e+06 +6.098155317e+06 +6.098155317e+06
1375 +3.846554020e+06 +3.846554020e+06 +3.846344140e+06 +3.846344140e+06
4106 +1.844651407e+06 +1.844651407e+06 +1.844441527e+06 +1.844441527e+06
5468 +1.488152541e+06 +1.488152541e+06 +1.487942661e+06 +1.487942661e+06
7561 +9.210062702e+05 +9.210062702e+05 +9.207963902e+05 +9.207963902e+05
9521 +6.150003887e+05 +6.150003887e+05 +6.147905087e+05 +6.147905087e+05
11631 +3.896212118e+05 +3.896212118e+05 +3.894113318e+05 +3.894113318e+05
14982 +1.319353138e+05 +1.319353138e+05 +1.317254338e+05 +1.317254338e+05
18523 +9.032136369e+04 +9.032136369e+04 +9.011148369e+04 +9.011148369e+04
23099 +6.265361901e+04 +6.265361901e+04 +6.244373901e+04 +6.244373901e+04
24883 +3.953703153e+04 +3.953703153e+04 +3.932715153e+04 +3.932715153e+04
30897 +2.507484673e+04 +2.507484673e+04 +2.486496673e+04 +2.486496673e+04
