% function evaluation | noise-free fitness - Fopt (-2.098800000000e+02) | best noise-free fitness - Fopt | measured fitness | best measured fitness | x1 | x2...
1 +2.722325692e+07 +2.722325692e+07 +2.722304704e+07 +2.722304704e+07
2 +1.584452960e+07 +1.584452960e+07 +1.584431972e+07 +1.584431972e+07
61 +9.193334158e+06 +9.193334158e+06 +9.193124278e+06 +9.193124278e+06
838 +3.449503383e+06 +3.449503383e+06 +3.449293503e+06 +3.449293503e+06
3639 +2.251974806e+06 +2.251974806e+06 +2.251764926e+06 +2.251764926e+06
3911 +1.550125218e+06 +1.550125218e+06 +1.549915338e+06 +1.549915338e+06
10269 +8.630073629e+05 +8.630073629e+05 +8.627974829e+05 +8.627974829e+05
15828 +6.214202943e+05 +6.214202943e+05 +6.212104143e+05 +6.212104143e+05
23550 +3.645477596e+05 +3.645477596e+05 +3.643378796e+05 +3.643378796e+05
