% function evaluation | noise-free fitness - Fopt (1.238300000000e+02) | best noise-free fitness - Fopt | measured fitness | best measured fitness | x1 | x2...
1 +2.195074524e+06 +2.195074524e+06 +2.195198354e+06 +2.195198354e+06
2 +9.353392666e+05 +9.353392666e+05 +9.354630966e+05 +9.354630966e+05
5 +5.512699705e+05 +5.512699705e+05 +5.513938005e+05 +5.513938005e+05
8 +3.369604611e+05 +3.369604611e+05 +3.370842911e+05 +3.370842911e+05
341 +2.491943917e+05 +2.491943917e+05 +2.493182217e+05 +2.493182217e+05
1321 +1.524787494e+05 +1.524787494e+05 +1.526025794e+05 +1.526025794e+05
2160 +7.756939362e+04 +7.756939362e+04 +7.769322362e+04 +7.769322362e+04
2502 +6.302797541e+04 +6.302797541e+04 +6.315180541e+04 +6.315180541e+04
2951 +3.592995696e+04 +3.592995696e+04 +3.605378696e+04 +3.605378696e+04
4427 +2.249706534e+04 +2.249706534e+04 +2.262089534e+04 +2.262089534e+04
5265 +1.322678536e+04 +1.322678536e+04 +1.335061536e+04 +1.335061536e+04
6063 +9.846663762e+03 +9.846663762e+03 +9.970493762e+03 +9.970493762e+03
7375 +6.277077356e+03 +6.277077356e+03 +6.400907356e+03 +6.400907356e+03
9341 +3.661864875e+03 +3.661864875e+03 +3.785694875e+03 +3.785694875e+03
9506 +2.296723908e+03 +2.296723908e+03 +2.420553908e+03 +2.420553908e+03
11165 +1.487270084e+03 +1.487270084e+03 +1.611100084e+03 +1.611100084e+03
14156 +9.354259861e+02 +9.354259861e+02 +1.059255986e+03 +1.059255986e+03
16041 +6.222348020e+02 +6.222348020e+02 +7.460648020e+02 +7.460648020e+02
17904 +3.956243302e+02 +3.956243302e+02 +5.194543302e+02 +5.194543302e+02
