% function evaluation | noise-free fitness - Fopt (1.238300000000e+02) | best noise-free fitness - Fopt | measured fitness | best measured fitness | x1 | x2...
1 +7.664316000e+05 +7.664316000e+05 +7.665554300e+05 +7.665554300e+05
17 +4.055689371e+05 +4.055689371e+05 +4.056927671e+05 +4.056927671e+05
44 +3.929324026e+05 +3.929324026e+05 +3.930562326e+05 +3.930562326e+05
423 +2.201397443e+05 +2.201397443e+05 +2.202635743e+05 +2.202635743e+05
2208 +1.478765140e+05 +1.478765140e+05 +1.480003440e+05 +1.480003440e+05
3475 +9.350431371e+04 +9.350431371e+04 +9.362814371e+04 +9.362814371e+04
4615 +6.309230666e+04 +6.309230666e+04 +6.321613666e+04 +6.321613666e+04
7302 +3.846098608e+04 +3.846098608e+04 +3.858481608e+04 +3.858481608e+04
9982 +2.442060434e+04 +2.442060434e+04 +2.454443434e+04 +2.454443434e+04
