% function evaluation | noise-free fitness - Fopt (1.238300000000e+02) | best noise-free fitness - Fopt | measured fitness | best measured fitness | x1 | x2...
1 +9.068507314e+05 +9.068507314e+05 +9.069745614e+05 +9.069745614e+05
6 +5.583516607e+05 +5.583516607e+05 +5.584754907e+05 +5.584754907e+05
9 +3.171606234e+05 +3.171606234e+05 +3.172844534e+05 +3.172844534e+05
508 +1.824666524e+05 +1.824666524e+05 +1.825904824e+05 +1.825904824e+05
896 +1.335114433e+05 +1.335114433e+05 +1.336352733e+05 +1.336352733e+05
2181 +9.376535350e+04 +9.376535350e+04 +9.388918350e+04 +9.388918350e+04
2835 +5.799100292e+04 +5.799100292e+04 +5.811483292e+04 +5.811483292e+04
3417 +3.973767058e+04 +3.973767058e+04 +3.986150058e+04 +3.986150058e+04
8045 +2.152935950e+04 +2.152935950e+04 +2.165318950e+04 +2.165318950e+04
12726 +1.514798070e+04 +1.514798070e+04 +1.527181070e+04 +1.527181070e+04
20413 +9.521784002e+03 +9.521784002e+03 +9.645614002e+03 +9.645614002e+03
