% function evaluation | noise-free fitness - Fopt (1.238300000000e+02) | best noise-free fitness - Fopt | measured fitness | best measured fitness | x1 | x2...
1 +9.158927057e+05 +9.158927057e+05 +9.160165357e+05 +9.160165357e+05
4 +5.590669806e+05 +5.590669806e+05 +5.591908106e+05 +5.591908106e+05
14 +3.774555976e+05 +3.774555976e+05 +3.775794276e+05 +3.775794276e+05
1093 +2.340255241e+05 +2.340255241e+05 +2.341493541e+05 +2.341493541e+05
2074 +1.429731270e+05 +1.429731270e+05 +1.430969570e+05 +1.430969570e+05
2998 +8.536110934e+04 +8.536110934e+04 +8.548493934e+04 +8.548493934e+04
3503 +6.073941061e+04 +6.073941061e+04 +6.086324061e+04 +6.086324061e+04
3932 +3.885242560e+04 +3.885242560e+04 +3.897625560e+04 +3.897625560e+04
5161 +2.443740992e+04 +2.443740992e+04 +2.456123992e+04 +2.456123992e+04
