% function evaluation | noise-free fitness - Fopt (1.238300000000e+02) | best noise-free fitness - Fopt | measured fitness | best measured fitness | x1 | x2...
1 +1.160318450e+06 +1.160318450e+06 +1.160442280e+06 +1.160442280e+06
2 +7.399656389e+05 +7.399656389e+05 +7.400894689e+05 +7.400894689e+05
4 +4.476181835e+05 +4.476181835e+05 +4.477420135e+05 +4.477420135e+05
85 +2.828873866e+05 +2.828873866e+05 +2.830112166e+05 +2.830112166e+05
534 +2.352746749e+05 +2.352746749e+05 +2.353985049e+05 +2.353985049e+05
1527 +9.648942085e+04 +9.648942085e+04 +9.661325085e+04 +9.661325085e+04
2395 +5.151812144e+04 +5.151812144e+04 +5.164195144e+04 +5.164195144e+04
3280 +3.742009462e+04 +3.742009462e+04 +3.754392462e+04 +3.754392462e+04
5249 +2.248837850e+04 +2.248837850e+04 +2.261220850e+04 +2.261220850e+04
6723 +1.572430085e+04 +1.572430085e+04 +1.584813085e+04 +1.584813085e+04
8300 +9.913544612e+03 +9.913544612e+03 +1.003737461e+04 +1.003737461e+04
8951 +3.773027114e+03 +3.773027114e+03 +3.896857114e+03 +3.896857114e+03
12268 +2.439078118e+03 +2.439078118e+03 +2.562908118e+03 +2.562908118e+03
14309 +1.512952370e+03 +1.512952370e+03 +1.636782370e+03 +1.636782370e+03
17480 +9.713930578e+02 +9.713930578e+02 +1.095223058e+03 +1.095223058e+03
18672 +6.030020568e+02 +6.030020568e+02 +7.268320568e+02 +7.268320568e+02
