% function evaluation | noise-free fitness - Fopt (1.238300000000e+02) | best noise-free fitness - Fopt | measured fitness | best measured fitness | x1 | x2...
1 +5.244895277e+05 +5.244895277e+05 +5.246133577e+05 +5.246133577e+05
23 +3.956329880e+05 +3.956329880e+05 +3.957568180e+05 +3.957568180e+05
87 +2.295453345e+05 +2.295453345e+05 +2.296691645e+05 +2.296691645e+05
899 +1.250492528e+05 +1.250492528e+05 +1.251730828e+05 +1.251730828e+05
1754 +9.642539714e+04 +9.642539714e+04 +9.654922714e+04 +9.654922714e+04
3001 +5.441124080e+04 +5.441124080e+04 +5.453507080e+04 +5.453507080e+04
3347 +3.769045884e+04 +3.769045884e+04 +3.781428884e+04 +3.781428884e+04
4828 +1.960522257e+04 +1.960522257e+04 +1.972905257e+04 +1.972905257e+04
6479 +1.523420901e+04 +1.523420901e+04 +1.535803901e+04 +1.535803901e+04
7542 +6.630267469e+03 +6.630267469e+03 +6.754097469e+03 +6.754097469e+03
8309 +5.254640464e+03 +5.254640464e+03 +5.378470464e+03 +5.378470464e+03
9689 +3.633317514e+03 +3.633317514e+03 +3.757147514e+03 +3.757147514e+03
11828 +2.447273524e+03 +2.447273524e+03 +2.571103524e+03 +2.571103524e+03
13378 +1.537741833e+03 +1.537741833e+03 +1.661571833e+03 +1.661571833e+03
15252 +7.241580116e+02 +7.241580116e+02 +8.479880116e+02 +8.479880116e+02
17085 +6.175922757e+02 +6.175922757e+02 +7.414222757e+02 +7.414222757e+02
19562 +3.976434155e+02 +3.976434155e+02 +5.214734155e+02 +5.214734155e+02
