% function evaluation | noise-free fitness - Fopt (-9.210000000000e+00) | best noise-free fitness - Fopt | measured fitness | best measured fitness | x1 | x2...
1 +7.938403576e+02 +7.938403576e+02 +7.846303576e+02 +7.846303576e+02
25 +6.049088868e+02 +6.049088868e+02 +5.956988868e+02 +5.956988868e+02
1952 +3.927222312e+02 +3.927222312e+02 +3.835122312e+02 +3.835122312e+02
5222 +2.220636580e+02 +2.220636580e+02 +2.128536580e+02 +2.128536580e+02
10148 +1.382102529e+02 +1.382102529e+02 +1.290002529e+02 +1.290002529e+02
13993 +9.217969782e+01 +9.217969782e+01 +8.296969782e+01 +8.296969782e+01
14282 +6.135179979e+01 +6.135179979e+01 +5.214179979e+01 +5.214179979e+01
18153 +3.450801145e+01 +3.450801145e+01 +2.529801145e+01 +2.529801145e+01
18304 +1.377775068e+01 +1.377775068e+01 +4.567750681e+00 +4.567750681e+00
18546 +7.104895780e+00 +7.104895780e+00 -2.105104220e+00 -2.105104220e+00
18558 +7.815970093e-14 +7.815970093e-14 -9.210000000e+00 -9.210000000e+00
