% function evaluation | noise-free fitness - Fopt (-9.210000000000e+00) | best noise-free fitness - Fopt | measured fitness | best measured fitness | x1 | x2...
1 +8.004616821e+02 +8.004616821e+02 +7.912516821e+02 +7.912516821e+02
25 +6.160176049e+02 +6.160176049e+02 +6.068076049e+02 +6.068076049e+02
2219 +3.262637132e+02 +3.262637132e+02 +3.170537132e+02 +3.170537132e+02
6380 +2.448189037e+02 +2.448189037e+02 +2.356089037e+02 +2.356089037e+02
12543 +1.514978141e+02 +1.514978141e+02 +1.422878141e+02 +1.422878141e+02
15145 +7.876276734e+01 +7.876276734e+01 +6.955276734e+01 +6.955276734e+01
17001 +5.396470766e+01 +5.396470766e+01 +4.475470766e+01 +4.475470766e+01
17313 +3.574159120e+01 +3.574159120e+01 +2.653159120e+01 +2.653159120e+01
17559 +1.805498203e+01 +1.805498203e+01 +8.844982035e+00 +8.844982035e+00
19025 +1.150151646e+01 +1.150151646e+01 +2.291516456e+00 +2.291516456e+00
23168 +9.937237943e+00 +9.937237943e+00 +7.272379426e-01 +7.272379426e-01
25173 +4.988075682e+00 +4.988075682e+00 -4.221924318e+00 -4.221924318e+00
25699 +7.815970093e-14 +7.815970093e-14 -9.210000000e+00 -9.210000000e+00
