% function evaluation | noise-free fitness - Fopt (-9.210000000000e+00) | best noise-free fitness - Fopt | measured fitness | best measured fitness | x1 | x2...
1 +7.764858661e+02 +7.764858661e+02 +7.672758661e+02 +7.672758661e+02
18 +6.188698480e+02 +6.188698480e+02 +6.096598480e+02 +6.096598480e+02
2088 +2.898674877e+02 +2.898674877e+02 +2.806574877e+02 +2.806574877e+02
3262 +2.495326776e+02 +2.495326776e+02 +2.403226776e+02 +2.403226776e+02
5224 +1.533886142e+02 +1.533886142e+02 +1.441786142e+02 +1.441786142e+02
8957 +8.702908943e+01 +8.702908943e+01 +7.781908943e+01 +7.781908943e+01
10953 +5.076132081e+01 +5.076132081e+01 +4.155132081e+01 +4.155132081e+01
11580 +1.818557454e+01 +1.818557454e+01 +8.975574544e+00 +8.975574544e+00
12892 +5.233656076e+00 +5.233656076e+00 -3.976343924e+00 -3.976343924e+00
14418 +2.321753419e+00 +2.321753419e+00 -6.888246581e+00 -6.888246581e+00
15797 +2.434991750e-01 +2.434991750e-01 -8.966500825e+00 -8.966500825e+00
16404 +7.815970093e-14 +7.815970093e-14 -9.210000000e+00 -9.210000000e+00
