% function evaluation | noise-free fitness - Fopt (-9.210000000000e+00) | best noise-free fitness - Fopt | measured fitness | best measured fitness | x1 | x2...
1 +8.134695415e+02 +8.134695415e+02 +8.042595415e+02 +8.042595415e+02
56 +6.088060554e+02 +6.088060554e+02 +5.995960554e+02 +5.995960554e+02
4923 +3.491782504e+02 +3.491782504e+02 +3.399682504e+02 +3.399682504e+02
7623 +2.302385637e+02 +2.302385637e+02 +2.210285637e+02 +2.210285637e+02
10189 +1.451607723e+02 +1.451607723e+02 +1.359507723e+02 +1.359507723e+02
13921 +9.655521044e+01 +9.655521044e+01 +8.734521044e+01 +8.734521044e+01
16477 +6.221329405e+01 +6.221329405e+01 +5.300329405e+01 +5.300329405e+01
18372 +3.975125632e+01 +3.975125632e+01 +3.054125632e+01 +3.054125632e+01
19269 +1.725706569e+01 +1.725706569e+01 +8.047065688e+00 +8.047065688e+00
19396 +8.496635427e+00 +8.496635427e+00 -7.133645734e-01 -7.133645734e-01
22353 +7.815970093e-14 +7.815970093e-14 -9.210000000e+00 -9.210000000e+00
