% function evaluation | noise-free fitness - Fopt (-9.210000000000e+00) | best noise-free fitness - Fopt | measured fitness | best measured fitness | x1 | x2...
1 +7.579846075e+02 +7.579846075e+02 +7.487746075e+02 +7.487746075e+02
16 +6.255997969e+02 +6.255997969e+02 +6.163897969e+02 +6.163897969e+02
3695 +3.968167920e+02 +3.968167920e+02 +3.876067920e+02 +3.876067920e+02
8175 +2.251033133e+02 +2.251033133e+02 +2.158933133e+02 +2.158933133e+02
11519 +1.576289320e+02 +1.576289320e+02 +1.484189320e+02 +1.484189320e+02
17140 +9.966243796e+01 +9.966243796e+01 +9.045243796e+01 +9.045243796e+01
21117 +5.494332442e+01 +5.494332442e+01 +4.573332442e+01 +4.573332442e+01
26481 +3.251474804e+01 +3.251474804e+01 +2.330474804e+01 +2.330474804e+01
30734 +2.509689907e+01 +2.509689907e+01 +1.588689907e+01 +1.588689907e+01
36242 +1.534644691e+01 +1.534644691e+01 +6.136446913e+00 +6.136446913e+00
