% function evaluation | noise-free fitness - Fopt (-9.210000000000e+00) | best noise-free fitness - Fopt | measured fitness | best measured fitness | x1 | x2...
1 +7.839149336e+02 +7.839149336e+02 +7.747049336e+02 +7.747049336e+02
14 +6.128609120e+02 +6.128609120e+02 +6.036509120e+02 +6.036509120e+02
2185 +3.705220203e+02 +3.705220203e+02 +3.613120203e+02 +3.613120203e+02
4388 +2.209251066e+02 +2.209251066e+02 +2.117151066e+02 +2.117151066e+02
5501 +1.499238820e+02 +1.499238820e+02 +1.407138820e+02 +1.407138820e+02
7936 +4.999149219e+01 +4.999149219e+01 +4.078149219e+01 +4.078149219e+01
9222 +3.588159136e+01 +3.588159136e+01 +2.667159136e+01 +2.667159136e+01
9775 +1.338881400e+01 +1.338881400e+01 +4.178814004e+00 +4.178814004e+00
11243 +6.967281800e+00 +6.967281800e+00 -2.242718200e+00 -2.242718200e+00
11292 +3.165165962e-01 +3.165165962e-01 -8.893483404e+00 -8.893483404e+00
12538 +7.815970093e-14 +7.815970093e-14 -9.210000000e+00 -9.210000000e+00
