% function evaluation | noise-free fitness - Fopt (-9.210000000000e+00) | best noise-free fitness - Fopt | measured fitness | best measured fitness | x1 | x2...
1 +8.605933215e+02 +8.605933215e+02 +8.513833215e+02 +8.513833215e+02
53 +5.337135083e+02 +5.337135083e+02 +5.245035083e+02 +5.245035083e+02
1809 +3.917210879e+02 +3.917210879e+02 +3.825110879e+02 +3.825110879e+02
4104 +2.337342517e+02 +2.337342517e+02 +2.245242517e+02 +2.245242517e+02
6484 +1.500281616e+02 +1.500281616e+02 +1.408181616e+02 +1.408181616e+02
6669 +9.408885529e+01 +9.408885529e+01 +8.487885529e+01 +8.487885529e+01
9373 +5.484880097e+01 +5.484880097e+01 +4.563880097e+01 +4.563880097e+01
11296 +3.871429480e+01 +3.871429480e+01 +2.950429480e+01 +2.950429480e+01
14671 +2.509288775e+01 +2.509288775e+01 +1.588288775e+01 +1.588288775e+01
15455 +9.398978157e+00 +9.398978157e+00 +1.889781571e-01 +1.889781571e-01
16325 +2.984658341e+00 +2.984658341e+00 -6.225341659e+00 -6.225341659e+00
16507 +1.209342932e+00 +1.209342932e+00 -8.000657068e+00 -8.000657068e+00
17759 +8.394216585e-01 +8.394216585e-01 -8.370578341e+00 -8.370578341e+00
18632 +7.815970093e-14 +7.815970093e-14 -9.210000000e+00 -9.210000000e+00
