% function evaluation | noise-free fitness - Fopt (-9.210000000000e+00) | best noise-free fitness - Fopt | measured fitness | best measured fitness | x1 | x2...
1 +9.802726651e+02 +9.802726651e+02 +9.710626651e+02 +9.710626651e+02
17 +5.869179935e+02 +5.869179935e+02 +5.777079935e+02 +5.777079935e+02
1223 +3.843835899e+02 +3.843835899e+02 +3.751735899e+02 +3.751735899e+02
5474 +2.451356068e+02 +2.451356068e+02 +2.359256068e+02 +2.359256068e+02
9733 +1.526415392e+02 +1.526415392e+02 +1.434315392e+02 +1.434315392e+02
10577 +9.868747976e+01 +9.868747976e+01 +8.947747976e+01 +8.947747976e+01
14154 +3.506946075e+01 +3.506946075e+01 +2.585946075e+01 +2.585946075e+01
15682 +2.103106532e+01 +2.103106532e+01 +1.182106532e+01 +1.182106532e+01
15940 +3.125454616e+00 +3.125454616e+00 -6.084545384e+00 -6.084545384e+00
17788 +1.596754566e+00 +1.596754566e+00 -7.613245434e+00 -7.613245434e+00
20132 +7.815970093e-14 +7.815970093e-14 -9.210000000e+00 -9.210000000e+00
