% function evaluation | noise-free fitness - Fopt (-9.210000000000e+00) | best noise-free fitness - Fopt | measured fitness | best measured fitness | x1 | x2...
1 +8.934322678e+02 +8.934322678e+02 +8.842222678e+02 +8.842222678e+02
81 +6.150266102e+02 +6.150266102e+02 +6.058166102e+02 +6.058166102e+02
1626 +3.705855706e+02 +3.705855706e+02 +3.613755706e+02 +3.613755706e+02
3532 +2.499525092e+02 +2.499525092e+02 +2.407425092e+02 +2.407425092e+02
7636 +1.523620765e+02 +1.523620765e+02 +1.431520765e+02 +1.431520765e+02
9977 +9.437048286e+01 +9.437048286e+01 +8.516048286e+01 +8.516048286e+01
11356 +3.622535969e+01 +3.622535969e+01 +2.701535969e+01 +2.701535969e+01
16486 +1.789478325e+01 +1.789478325e+01 +8.684783250e+00 +8.684783250e+00
16925 +1.011310374e+01 +1.011310374e+01 +9.031037443e-01 +9.031037443e-01
17961 +3.173199857e-01 +3.173199857e-01 -8.892680014e+00 -8.892680014e+00
19570 +7.815970093e-14 +7.815970093e-14 -9.210000000e+00 -9.210000000e+00
