% function evaluation | noise-free fitness - Fopt (-9.210000000000e+00) | best noise-free fitness - Fopt | measured fitness | best measured fitness | x1 | x2...
1 +8.983934045e+02 +8.983934045e+02 +8.891834045e+02 +8.891834045e+02
79 +5.839915093e+02 +5.839915093e+02 +5.747815093e+02 +5.747815093e+02
1917 +3.812803613e+02 +3.812803613e+02 +3.720703613e+02 +3.720703613e+02
6730 +2.055464817e+02 +2.055464817e+02 +1.963364817e+02 +1.963364817e+02
10039 +1.488349238e+02 +1.488349238e+02 +1.396249238e+02 +1.396249238e+02
13789 +9.565710317e+01 +9.565710317e+01 +8.644710317e+01 +8.644710317e+01
18404 +6.033178176e+01 +6.033178176e+01 +5.112178176e+01 +5.112178176e+01
19882 +3.586540710e+01 +3.586540710e+01 +2.665540710e+01 +2.665540710e+01
20981 +1.435538331e+01 +1.435538331e+01 +5.145383311e+00 +5.145383311e+00
22152 +9.571032564e+00 +9.571032564e+00 +3.610325645e-01 +3.610325645e-01
24134 +1.587088967e+00 +1.587088967e+00 -7.622911033e+00 -7.622911033e+00
28588 +1.499327434e+00 +1.499327434e+00 -7.710672566e+00 -7.710672566e+00
28973 +3.621528785e-01 +3.621528785e-01 -8.847847121e+00 -8.847847121e+00
29663 +1.893307560e-01 +1.893307560e-01 -9.020669244e+00 -9.020669244e+00
29692 +7.815970093e-14 +7.815970093e-14 -9.210000000e+00 -9.210000000e+00
