% function evaluation | noise-free fitness - Fopt (-9.210000000000e+00) | best noise-free fitness - Fopt | measured fitness | best measured fitness | x1 | x2...
1 +7.217027384e+02 +7.217027384e+02 +7.124927384e+02 +7.124927384e+02
43 +5.905315519e+02 +5.905315519e+02 +5.813215519e+02 +5.813215519e+02
2107 +3.912334761e+02 +3.912334761e+02 +3.820234761e+02 +3.820234761e+02
5388 +2.418028100e+02 +2.418028100e+02 +2.325928100e+02 +2.325928100e+02
11931 +1.379399322e+02 +1.379399322e+02 +1.287299322e+02 +1.287299322e+02
16037 +9.815874101e+01 +9.815874101e+01 +8.894874101e+01 +8.894874101e+01
17756 +6.128414829e+01 +6.128414829e+01 +5.207414829e+01 +5.207414829e+01
19487 +3.888061729e+01 +3.888061729e+01 +2.967061729e+01 +2.967061729e+01
21497 +2.051476010e+01 +2.051476010e+01 +1.130476010e+01 +1.130476010e+01
24269 +8.013083641e+00 +8.013083641e+00 -1.196916359e+00 -1.196916359e+00
25254 +4.657358871e+00 +4.657358871e+00 -4.552641129e+00 -4.552641129e+00
25797 +7.815970093e-14 +7.815970093e-14 -9.210000000e+00 -9.210000000e+00
