% function evaluation | noise-free fitness - Fopt (-9.210000000000e+00) | best noise-free fitness - Fopt | measured fitness | best measured fitness | x1 | x2...
1 +6.994310845e+02 +6.994310845e+02 +6.902210845e+02 +6.902210845e+02
16 +5.688255767e+02 +5.688255767e+02 +5.596155767e+02 +5.596155767e+02
3663 +3.877978057e+02 +3.877978057e+02 +3.785878057e+02 +3.785878057e+02
7771 +2.129203909e+02 +2.129203909e+02 +2.037103909e+02 +2.037103909e+02
9472 +1.469069422e+02 +1.469069422e+02 +1.376969422e+02 +1.376969422e+02
15040 +9.159200122e+01 +9.159200122e+01 +8.238200122e+01 +8.238200122e+01
16070 +4.205063515e+01 +4.205063515e+01 +3.284063515e+01 +3.284063515e+01
16949 +3.955800979e+01 +3.955800979e+01 +3.034800979e+01 +3.034800979e+01
17944 +1.896990542e+01 +1.896990542e+01 +9.759905423e+00 +9.759905423e+00
18452 +3.754683902e+00 +3.754683902e+00 -5.455316098e+00 -5.455316098e+00
19006 +1.003226405e+00 +1.003226405e+00 -8.206773595e+00 -8.206773595e+00
21793 +7.815970093e-14 +7.815970093e-14 -9.210000000e+00 -9.210000000e+00
