gen	min        	avg       	max        	std        
0  	7.18375e+06	5.4611e+07	1.59702e+08	2.62644e+07
1  	7.18375e+06	5.39165e+07	1.68161e+08	2.61872e+07
2  	7.18375e+06	5.29605e+07	1.44052e+08	2.6033e+07 
3  	7.18375e+06	5.24157e+07	1.66228e+08	2.556e+07  
4  	7.0937e+06 	5.2768e+07 	1.80193e+08	2.6873e+07 
5  	6.29182e+06	5.21552e+07	1.70882e+08	2.62218e+07
6  	6.29182e+06	5.20707e+07	1.60995e+08	2.64632e+07
7  	6.29182e+06	5.19756e+07	1.91588e+08	2.60454e+07
8  	6.29182e+06	5.09126e+07	1.66001e+08	2.55889e+07
9  	6.29182e+06	4.98906e+07	1.4574e+08 	2.48557e+07
10 	6.29182e+06	4.98223e+07	1.6014e+08 	2.51921e+07
11 	6.29182e+06	4.93268e+07	1.40051e+08	2.35602e+07
12 	6.29182e+06	4.88564e+07	1.40051e+08	2.345e+07  
13 	6.29182e+06	4.86358e+07	1.35769e+08	2.32966e+07
14 	6.29182e+06	4.84327e+07	1.57043e+08	2.26415e+07
15 	4.10113e+06	4.71286e+07	1.20829e+08	2.28922e+07
16 	4.10113e+06	4.61693e+07	1.36251e+08	2.26237e+07
17 	3.69211e+06	4.61386e+07	1.15728e+08	2.165e+07  
18 	2.84794e+06	4.56626e+07	1.1766e+08 	2.26531e+07
19 	2.84794e+06	4.55319e+07	1.29803e+08	2.23666e+07
20 	2.84794e+06	4.51257e+07	1.0967e+08 	2.17508e+07
21 	2.84794e+06	4.48861e+07	1.21146e+08	2.1311e+07 
22 	2.84794e+06	4.4359e+07 	1.40524e+08	2.18771e+07
23 	2.84794e+06	4.46426e+07	1.32081e+08	2.09419e+07
24 	2.84794e+06	4.43727e+07	1.08679e+08	2.05695e+07
25 	2.84794e+06	4.42482e+07	1.17766e+08	2.09857e+07
26 	2.84794e+06	4.31588e+07	1.20846e+08	2.02896e+07
27 	2.84794e+06	4.37488e+07	1.19766e+08	2.04333e+07
28 	2.84794e+06	4.34939e+07	1.21011e+08	2.08067e+07
29 	2.84794e+06	4.31049e+07	1.23269e+08	2.16304e+07
30 	2.84794e+06	4.22381e+07	1.26347e+08	2.07027e+07
31 	2.84794e+06	4.16723e+07	1.14809e+08	2.01875e+07
32 	2.84794e+06	4.11482e+07	1.0843e+08 	1.91461e+07
33 	2.84794e+06	4.1528e+07 	1.18851e+08	1.95435e+07
34 	2.84794e+06	4.10631e+07	1.12158e+08	1.93188e+07
35 	2.84794e+06	4.0809e+07 	1.06982e+08	1.98629e+07
36 	2.75905e+06	4.02252e+07	1.01645e+08	1.9394e+07 
37 	2.47677e+06	4.02467e+07	1.24661e+08	2.03838e+07
38 	2.47677e+06	3.98153e+07	9.0919e+07 	1.89831e+07
39 	2.47677e+06	3.93455e+07	9.23252e+07	1.87626e+07
40 	2.47677e+06	3.93721e+07	1.14998e+08	1.87109e+07
41 	2.47677e+06	3.91214e+07	1.09905e+08	1.86954e+07
42 	2.47677e+06	3.88496e+07	1.30361e+08	1.97012e+07
43 	2.47677e+06	3.77411e+07	1.00024e+08	1.88421e+07
44 	2.47677e+06	3.72847e+07	1.03011e+08	1.83519e+07
45 	2.47677e+06	3.76393e+07	1.14271e+08	1.87313e+07
46 	2.47677e+06	3.74303e+07	1.0616e+08 	1.85218e+07
47 	2.47677e+06	3.72394e+07	1.12174e+08	1.93221e+07
48 	2.47677e+06	3.731e+07  	1.00715e+08	1.93804e+07
49 	2.47677e+06	3.66654e+07	1.00229e+08	1.84713e+07
50 	2.47677e+06	3.61525e+07	1.06068e+08	1.76445e+07
51 	2.47677e+06	3.55344e+07	1.06068e+08	1.68522e+07
52 	2.47677e+06	3.53734e+07	9.28536e+07	1.75075e+07
53 	2.47677e+06	3.53272e+07	9.68298e+07	1.76992e+07
54 	2.47677e+06	3.53996e+07	9.68298e+07	1.74908e+07
55 	2.47677e+06	3.52627e+07	9.46575e+07	1.69508e+07
56 	2.47677e+06	3.46186e+07	8.938e+07  	1.63097e+07
57 	2.47677e+06	3.52109e+07	8.93229e+07	1.65325e+07
58 	2.47677e+06	3.49007e+07	9.99219e+07	1.67789e+07
59 	2.47677e+06	3.42694e+07	9.24501e+07	1.64959e+07
60 	2.47677e+06	3.42841e+07	9.09588e+07	1.66715e+07
61 	2.47677e+06	3.426e+07  	8.35488e+07	1.63034e+07
62 	2.47677e+06	3.39863e+07	9.05352e+07	1.68964e+07
63 	2.47677e+06	3.30863e+07	9.40531e+07	1.6324e+07 
64 	2.47677e+06	3.34225e+07	9.97634e+07	1.64493e+07
65 	2.47677e+06	3.30714e+07	9.42668e+07	1.55656e+07
66 	2.47677e+06	3.28676e+07	9.04266e+07	1.56961e+07
67 	2.47677e+06	3.24475e+07	8.13238e+07	1.45198e+07
68 	2.47677e+06	3.21733e+07	9.93247e+07	1.52217e+07
69 	2.47677e+06	3.17761e+07	8.2249e+07 	1.50945e+07
70 	2.47677e+06	3.13193e+07	7.75422e+07	1.4902e+07 
71 	2.47677e+06	3.09832e+07	7.65309e+07	1.47793e+07
72 	2.47677e+06	3.09733e+07	7.50097e+07	1.48312e+07
73 	2.47677e+06	3.0955e+07 	8.42014e+07	1.4783e+07 
74 	2.47677e+06	3.08753e+07	7.90523e+07	1.48246e+07
75 	2.47677e+06	3.05572e+07	9.18346e+07	1.45563e+07
76 	2.47677e+06	3.03053e+07	8.07805e+07	1.41686e+07
77 	2.47677e+06	3.00024e+07	7.78162e+07	1.46785e+07
78 	2.47677e+06	2.98311e+07	1.01851e+08	1.51892e+07
79 	2.47677e+06	2.95852e+07	8.79563e+07	1.49403e+07
80 	2.47677e+06	2.93745e+07	9.28709e+07	1.45738e+07
81 	2.38102e+06	2.94783e+07	8.17491e+07	1.49744e+07
82 	2.38102e+06	2.92044e+07	8.03181e+07	1.37836e+07
83 	2.38102e+06	2.91881e+07	8.94682e+07	1.40195e+07
84 	2.38102e+06	2.87944e+07	8.45572e+07	1.38115e+07
85 	2.38102e+06	2.89087e+07	8.39699e+07	1.36579e+07
86 	2.38102e+06	2.85256e+07	7.65235e+07	1.31539e+07
87 	2.38102e+06	2.83823e+07	7.22262e+07	1.32459e+07
88 	1.8461e+06 	2.83888e+07	7.22262e+07	1.3412e+07 
89 	1.8461e+06 	2.80767e+07	7.18103e+07	1.30164e+07
90 	1.8461e+06 	2.79209e+07	7.18322e+07	1.31326e+07
91 	1.8461e+06 	2.74535e+07	7.68893e+07	1.29797e+07
92 	1.8461e+06 	2.74124e+07	7.24236e+07	1.34057e+07
93 	1.8461e+06 	2.72809e+07	7.45191e+07	1.32584e+07
94 	1.8461e+06 	2.75145e+07	7.30696e+07	1.30619e+07
95 	1.8461e+06 	2.7283e+07 	7.17994e+07	1.28833e+07
96 	1.8461e+06 	2.71003e+07	7.18754e+07	1.22181e+07
97 	1.8461e+06 	2.71262e+07	6.6092e+07 	1.24432e+07
98 	1.8461e+06 	2.72773e+07	7.25268e+07	1.2541e+07 
99 	1.8461e+06 	2.71067e+07	7.25268e+07	1.24352e+07
100	1.8461e+06 	2.68768e+07	7.20358e+07	1.26002e+07
101	1.8461e+06 	2.67915e+07	6.98528e+07	1.26159e+07
102	1.8461e+06 	2.60963e+07	6.98528e+07	1.17561e+07
103	1.8461e+06 	2.62857e+07	7.16146e+07	1.23076e+07
104	1.8461e+06 	2.60495e+07	6.83336e+07	1.20294e+07
105	1.8461e+06 	2.5998e+07 	6.90712e+07	1.13767e+07
106	1.8461e+06 	2.55931e+07	6.90889e+07	1.17344e+07
107	1.8461e+06 	2.54761e+07	6.84899e+07	1.14086e+07
108	1.8461e+06 	2.51084e+07	6.77856e+07	1.13382e+07
109	1.8461e+06 	2.5179e+07 	5.96406e+07	1.17965e+07
110	1.8461e+06 	2.49148e+07	6.35796e+07	1.12618e+07
111	1.8461e+06 	2.48736e+07	6.62838e+07	1.12274e+07
112	1.8461e+06 	2.48379e+07	5.58141e+07	1.04558e+07
113	1.8461e+06 	2.4901e+07 	6.64631e+07	1.13229e+07
114	1.8461e+06 	2.47366e+07	6.39293e+07	1.12872e+07
115	1.8461e+06 	2.46103e+07	5.88445e+07	1.11067e+07
116	1.8461e+06 	2.46059e+07	6.0772e+07 	1.1536e+07 
117	1.8461e+06 	2.43958e+07	6.20711e+07	1.05773e+07
118	1.8461e+06 	2.40517e+07	5.53711e+07	1.03455e+07
119	1.68529e+06	2.40734e+07	6.08751e+07	1.06385e+07
120	1.66217e+06	2.3937e+07 	5.88794e+07	1.11332e+07
121	1.66217e+06	2.38865e+07	6.92668e+07	1.08085e+07
122	1.66217e+06	2.38599e+07	6.38084e+07	1.02941e+07
123	1.66217e+06	2.34808e+07	6.14138e+07	1.01142e+07
124	1.66217e+06	2.35466e+07	6.14138e+07	1.02002e+07
125	1.66217e+06	2.33463e+07	6.18162e+07	1.0434e+07 
126	1.36078e+06	2.32626e+07	5.71127e+07	1.03165e+07
127	1.36078e+06	2.31484e+07	5.95807e+07	1.03733e+07
128	1.36078e+06	2.31078e+07	6.28287e+07	1.01979e+07
129	1.36078e+06	2.30898e+07	6.40101e+07	1.06084e+07
130	1.36078e+06	2.28331e+07	6.24977e+07	1.01741e+07
131	1.36078e+06	2.26608e+07	5.86714e+07	9.83078e+06
132	1.36078e+06	2.28685e+07	5.96124e+07	9.863e+06  
133	1.36078e+06	2.29142e+07	5.97185e+07	9.74348e+06
134	1.36078e+06	2.29711e+07	5.39664e+07	9.80485e+06
135	1.36078e+06	2.28293e+07	5.52602e+07	9.72939e+06
136	1.36078e+06	2.26874e+07	6.2512e+07 	9.60223e+06
137	1.36078e+06	2.25165e+07	5.61482e+07	9.52579e+06
138	1.36078e+06	2.24019e+07	5.72353e+07	9.45579e+06
139	1.36078e+06	2.2328e+07 	5.3764e+07 	9.58571e+06
140	1.36078e+06	2.19097e+07	5.31619e+07	9.31284e+06
141	1.36078e+06	2.20046e+07	6.72517e+07	9.33348e+06
142	1.36078e+06	2.19994e+07	6.68407e+07	9.69113e+06
143	1.36078e+06	2.1892e+07 	6.27841e+07	8.9962e+06 
144	1.36078e+06	2.17287e+07	5.66832e+07	9.17879e+06
145	1.36078e+06	2.16329e+07	5.70769e+07	9.16223e+06
146	1.36078e+06	2.17349e+07	5.42262e+07	8.81917e+06
147	1.36078e+06	2.16957e+07	5.31163e+07	8.85995e+06
148	1.36078e+06	2.1691e+07 	5.19686e+07	8.68486e+06
149	1.36078e+06	2.18696e+07	5.42937e+07	8.86178e+06
150	1.36078e+06	2.15584e+07	5.2739e+07 	8.79089e+06
151	1.36078e+06	2.12991e+07	6.582e+07  	8.72626e+06
152	1.36078e+06	2.1092e+07 	4.91116e+07	8.52948e+06
153	1.36078e+06	2.12564e+07	5.01884e+07	8.54154e+06
154	1.36078e+06	2.11795e+07	4.89272e+07	8.19759e+06
155	1.36078e+06	2.11505e+07	5.11988e+07	8.60958e+06
156	1.36078e+06	2.08997e+07	5.72798e+07	8.61126e+06
157	1.36078e+06	2.07718e+07	4.838e+07  	8.0439e+06 
158	1.36078e+06	2.07573e+07	4.81656e+07	8.11489e+06
159	1.36078e+06	2.0795e+07 	4.70797e+07	8.01662e+06
160	1.24436e+06	2.07102e+07	5.24589e+07	8.17138e+06
161	1.24436e+06	2.07723e+07	5.24006e+07	8.39623e+06
162	1.24436e+06	2.0768e+07 	5.158e+07  	8.5053e+06 
163	1.24436e+06	2.08478e+07	5.60166e+07	8.46243e+06
164	1.24436e+06	2.07196e+07	5.33197e+07	7.99208e+06
165	1.24436e+06	2.05257e+07	5.33197e+07	7.98315e+06
166	1.24436e+06	2.03104e+07	4.9726e+07 	7.7296e+06 
167	1.24436e+06	2.04093e+07	4.87356e+07	7.55426e+06
168	1.24436e+06	2.04083e+07	4.94647e+07	7.54825e+06
169	1.24436e+06	2.02939e+07	4.5105e+07 	7.53238e+06
170	1.24436e+06	2.02941e+07	4.7733e+07 	7.64695e+06
171	1.24436e+06	2.02152e+07	5.27328e+07	7.55332e+06
172	1.24436e+06	2.02421e+07	4.91097e+07	7.58594e+06
173	1.24436e+06	2.0008e+07 	4.72847e+07	7.7059e+06 
174	1.24436e+06	1.99643e+07	4.9565e+07 	7.90611e+06
175	1.24436e+06	1.98657e+07	4.81372e+07	7.55756e+06
176	1.24436e+06	1.98636e+07	3.88948e+07	7.24441e+06
177	1.24436e+06	1.98361e+07	4.35834e+07	7.34257e+06
178	1.24436e+06	1.97886e+07	4.37851e+07	7.27936e+06
179	1.24436e+06	1.98845e+07	5.32525e+07	7.60199e+06
180	1.24436e+06	1.96446e+07	4.69769e+07	7.15701e+06
181	1.24436e+06	1.96396e+07	4.45213e+07	7.59613e+06
182	1.24436e+06	1.94609e+07	4.20375e+07	7.2671e+06 
183	1.24436e+06	1.97664e+07	4.71785e+07	7.41749e+06
184	1.24436e+06	1.95611e+07	4.05053e+07	7.30797e+06
185	1.24436e+06	1.93916e+07	3.89193e+07	6.86154e+06
186	1.24436e+06	1.94093e+07	3.94875e+07	7.15771e+06
187	1.24436e+06	1.95176e+07	4.3638e+07 	7.31676e+06
188	1.24436e+06	1.96724e+07	4.1021e+07 	7.11209e+06
189	1.24436e+06	1.96729e+07	4.43118e+07	7.05071e+06
190	1.24436e+06	1.95098e+07	4.26819e+07	7.0164e+06 
191	1.24436e+06	1.94858e+07	4.21377e+07	6.99969e+06
192	1.24436e+06	1.92783e+07	4.10714e+07	6.96989e+06
193	1.24436e+06	1.92847e+07	4.99295e+07	7.15889e+06
194	1.24436e+06	1.92611e+07	4.65908e+07	7.05973e+06
195	1.24436e+06	1.92384e+07	3.6663e+07 	6.74038e+06
196	1.24436e+06	1.91091e+07	3.72206e+07	6.70166e+06
197	1.24436e+06	1.91719e+07	4.31811e+07	6.80844e+06
198	1.24436e+06	1.90859e+07	4.31811e+07	6.88586e+06
199	1.24436e+06	1.91647e+07	4.00286e+07	6.88268e+06
Result of algorithm run: SUCCESS, 0, 0, 1244355.374596, 0
