gen	min   	avg        	max        	std        
0  	561.95	9.06018e+06	7.20314e+07	1.16273e+07
1  	561.95	9.19987e+06	7.25475e+07	1.14057e+07
2  	561.95	9.11461e+06	6.39535e+07	1.07524e+07
3  	453.469	9.46165e+06	6.59107e+07	1.16248e+07
4  	453.469	9.69137e+06	7.92437e+07	1.22328e+07
5  	453.469	9.66399e+06	9.71718e+07	1.25454e+07
6  	453.469	8.62421e+06	6.36748e+07	1.05824e+07
7  	453.469	8.80259e+06	6.97158e+07	1.08832e+07
8  	453.469	8.739e+06  	6.44913e+07	1.10398e+07
9  	453.469	8.63556e+06	5.69441e+07	1.08438e+07
10 	453.469	8.34082e+06	6.3873e+07 	1.10961e+07
11 	453.469	9.14774e+06	7.18844e+07	1.18861e+07
12 	453.469	8.23742e+06	6.62939e+07	1.08881e+07
13 	453.469	8.20822e+06	6.34677e+07	1.06112e+07
14 	453.469	8.17412e+06	6.89915e+07	1.02478e+07
15 	453.469	8.56429e+06	6.30888e+07	1.07711e+07
16 	453.469	8.35564e+06	6.78504e+07	1.10005e+07
17 	453.469	8.09087e+06	6.71263e+07	1.13122e+07
18 	453.469	7.54733e+06	5.83063e+07	9.83049e+06
19 	418.772	7.44367e+06	5.82276e+07	9.97422e+06
20 	383.941	7.2458e+06 	6.33384e+07	8.95257e+06
21 	383.941	7.34693e+06	6.0767e+07 	9.85809e+06
22 	383.941	7.17998e+06	5.39223e+07	9.21309e+06
23 	383.941	7.02792e+06	8.02442e+07	9.48993e+06
24 	383.941	7.03586e+06	4.84758e+07	8.50765e+06
25 	383.941	6.81443e+06	6.46326e+07	9.30045e+06
26 	383.941	6.11931e+06	6.83773e+07	8.2719e+06 
27 	383.941	6.41831e+06	5.23755e+07	8.93427e+06
28 	343.178	6.50902e+06	4.3162e+07 	8.1388e+06 
29 	343.178	6.51201e+06	6.57412e+07	8.57032e+06
30 	323.272	6.07312e+06	3.88304e+07	7.60581e+06
31 	317.481	6.22587e+06	4.339e+07  	7.99745e+06
32 	317.481	6.05646e+06	4.71472e+07	7.95966e+06
33 	317.481	5.68043e+06	5.22101e+07	7.38626e+06
34 	317.481	5.78145e+06	4.27829e+07	7.23858e+06
35 	317.481	5.82106e+06	4.80453e+07	7.49699e+06
36 	317.481	5.5139e+06 	4.86026e+07	7.52152e+06
37 	317.481	5.03734e+06	4.70288e+07	6.99721e+06
38 	317.481	5.22111e+06	3.32083e+07	6.67038e+06
39 	317.481	5.25392e+06	4.47457e+07	6.53928e+06
40 	317.481	5.421e+06  	5.26272e+07	7.15852e+06
41 	317.481	4.82253e+06	5.23318e+07	6.598e+06  
42 	317.481	5.34756e+06	5.85472e+07	7.45121e+06
43 	317.481	5.10898e+06	5.25845e+07	7.5303e+06 
44 	317.481	4.91267e+06	3.68373e+07	6.95924e+06
45 	317.481	5.19189e+06	3.88238e+07	6.88792e+06
46 	317.481	4.90537e+06	4.12669e+07	6.65641e+06
47 	317.481	4.92511e+06	3.48043e+07	6.32957e+06
48 	317.481	4.99021e+06	4.5617e+07 	6.73743e+06
49 	317.481	4.72357e+06	3.44264e+07	5.85602e+06
50 	317.481	4.75986e+06	4.04496e+07	6.05583e+06
51 	317.481	4.73461e+06	4.04496e+07	6.49528e+06
52 	317.481	4.82437e+06	3.83743e+07	6.17721e+06
53 	317.481	4.76937e+06	5.14142e+07	6.23088e+06
54 	317.481	4.73192e+06	4.12377e+07	6.1357e+06 
55 	317.481	4.14036e+06	4.38672e+07	5.74288e+06
56 	317.481	3.7743e+06 	3.59397e+07	5.14272e+06
57 	317.481	4.1621e+06 	3.60209e+07	5.59894e+06
58 	317.481	4.0496e+06 	3.35537e+07	5.61599e+06
59 	317.481	4.2361e+06 	3.6167e+07 	6.07012e+06
60 	313.306	4.18784e+06	3.86295e+07	6.04113e+06
61 	313.306	4.14847e+06	3.37545e+07	5.69093e+06
62 	313.306	3.86899e+06	3.37545e+07	5.34508e+06
63 	313.306	4.13942e+06	3.08869e+07	5.40877e+06
64 	313.306	4.18318e+06	4.05205e+07	5.75905e+06
65 	313.306	4.34983e+06	3.45961e+07	5.86785e+06
66 	313.306	4.02585e+06	3.73752e+07	5.56351e+06
67 	313.306	3.84654e+06	3.14931e+07	5.16721e+06
68 	313.306	3.69973e+06	3.7315e+07 	5.07723e+06
69 	313.306	3.61282e+06	3.22649e+07	5.16425e+06
70 	313.306	3.69144e+06	3.31397e+07	5.11257e+06
71 	313.306	3.78446e+06	3.55047e+07	5.19908e+06
72 	313.306	3.98317e+06	4.19505e+07	5.3929e+06 
73 	313.306	3.87144e+06	2.97474e+07	5.33374e+06
74 	313.306	3.7357e+06 	3.50327e+07	5.06659e+06
75 	313.306	3.87263e+06	3.36349e+07	4.99413e+06
76 	313.306	3.92667e+06	3.11023e+07	5.1838e+06 
77 	313.306	3.85578e+06	3.01759e+07	5.10947e+06
78 	313.306	3.59467e+06	2.9679e+07 	4.66061e+06
79 	313.306	3.42272e+06	3.31064e+07	4.62916e+06
80 	313.306	3.51916e+06	3.12173e+07	4.63869e+06
81 	313.306	3.44357e+06	2.36062e+07	4.58892e+06
82 	313.306	3.61143e+06	2.46802e+07	4.75051e+06
83 	313.306	3.51929e+06	2.6035e+07 	4.73283e+06
84 	313.306	3.3598e+06 	2.53608e+07	4.39042e+06
85 	313.306	3.18247e+06	2.25036e+07	4.07165e+06
86 	313.306	2.94275e+06	2.17213e+07	3.86464e+06
87 	313.306	3.0782e+06 	2.36257e+07	3.85908e+06
88 	313.306	3.10863e+06	2.18989e+07	3.96119e+06
89 	313.306	3.15935e+06	2.77622e+07	4.23246e+06
90 	312.16 	3.09981e+06	2.62106e+07	4.12412e+06
91 	312.16 	3.20009e+06	2.47483e+07	4.03659e+06
92 	294.69 	3.12326e+06	2.57548e+07	4.11665e+06
93 	294.69 	3.00008e+06	2.15719e+07	3.87748e+06
94 	294.69 	2.84075e+06	2.31964e+07	3.57281e+06
95 	283.06 	2.87889e+06	2.53316e+07	3.58051e+06
96 	283.06 	3.07275e+06	2.53099e+07	3.99657e+06
97 	283.06 	3.02933e+06	2.69072e+07	4.24744e+06
98 	283.06 	2.97537e+06	2.58702e+07	3.83364e+06
99 	283.06 	2.96563e+06	2.26964e+07	3.76222e+06
100	283.06 	2.82116e+06	2.17424e+07	3.83734e+06
101	283.06 	2.90449e+06	2.18348e+07	3.70883e+06
102	283.06 	2.68377e+06	3.45772e+07	3.74621e+06
103	283.06 	2.72115e+06	2.37293e+07	3.41969e+06
104	283.06 	2.52078e+06	2.74341e+07	3.48459e+06
105	283.06 	2.55517e+06	1.96305e+07	3.39133e+06
106	283.06 	2.81654e+06	2.54313e+07	3.83343e+06
107	283.06 	2.70806e+06	3.28139e+07	3.84156e+06
108	283.06 	2.89611e+06	3.14758e+07	4.27046e+06
109	283.06 	2.81144e+06	2.95006e+07	4.19904e+06
110	283.06 	2.61661e+06	2.41839e+07	3.59745e+06
111	283.06 	2.30142e+06	1.91082e+07	3.21194e+06
112	283.06 	2.3449e+06 	1.62795e+07	3.0536e+06 
113	283.06 	2.4374e+06 	2.11185e+07	3.17017e+06
114	283.06 	2.30345e+06	1.99767e+07	2.90796e+06
115	283.06 	2.28912e+06	2.13012e+07	3.05229e+06
116	283.06 	2.30405e+06	1.99813e+07	3.00401e+06
117	283.06 	2.12151e+06	1.79394e+07	2.81498e+06
118	283.06 	2.24597e+06	2.15851e+07	2.9658e+06 
119	283.06 	2.05467e+06	1.78052e+07	2.77337e+06
120	269.121	2.1773e+06 	1.74976e+07	2.82079e+06
121	269.121	2.2121e+06 	1.94258e+07	2.69681e+06
122	269.121	2.13894e+06	1.79004e+07	2.80509e+06
123	269.121	2.12202e+06	2.0911e+07 	2.74295e+06
124	269.121	2.10668e+06	1.95718e+07	2.74685e+06
125	269.121	1.99538e+06	1.63152e+07	2.46964e+06
126	269.121	1.99489e+06	1.65501e+07	2.67171e+06
127	269.121	1.78969e+06	1.51135e+07	2.47718e+06
128	260.247	1.93646e+06	2.1642e+07 	2.9395e+06 
129	260.247	1.89289e+06	1.90973e+07	2.60649e+06
130	260.247	1.87515e+06	1.3984e+07 	2.43096e+06
131	260.247	1.79897e+06	1.75239e+07	2.56978e+06
132	260.247	1.80978e+06	1.59645e+07	2.48417e+06
133	260.247	1.76217e+06	1.26076e+07	2.41011e+06
134	260.247	1.80903e+06	1.68575e+07	2.50771e+06
135	260.247	1.77231e+06	1.63582e+07	2.38996e+06
136	260.247	1.69224e+06	1.18732e+07	2.18715e+06
137	260.247	1.73362e+06	1.72154e+07	2.31242e+06
138	260.247	1.70992e+06	1.42807e+07	2.20984e+06
139	260.247	1.86639e+06	1.97771e+07	2.69591e+06
140	260.247	1.82203e+06	1.82996e+07	2.58117e+06
141	260.247	1.8109e+06 	1.92017e+07	2.51622e+06
142	260.247	1.73328e+06	1.86313e+07	2.45486e+06
143	260.247	1.68115e+06	1.68978e+07	2.16633e+06
144	258.846	1.65706e+06	1.24128e+07	2.03789e+06
145	258.846	1.59631e+06	1.10384e+07	1.93841e+06
146	258.846	1.55585e+06	1.14284e+07	1.98294e+06
147	258.846	1.59511e+06	9.30583e+06	1.89144e+06
148	258.846	1.63478e+06	1.03007e+07	2.09543e+06
149	242.406	1.65213e+06	1.08622e+07	2.07519e+06
150	242.406	1.70954e+06	1.7102e+07 	2.2619e+06 
151	242.406	1.56961e+06	1.30848e+07	2.02524e+06
152	242.406	1.57275e+06	1.10148e+07	1.95911e+06
153	242.406	1.57747e+06	9.04368e+06	1.83002e+06
154	242.406	1.50829e+06	1.01888e+07	1.81058e+06
155	242.406	1.60798e+06	1.22734e+07	1.89641e+06
156	242.406	1.60711e+06	1.36967e+07	2.00803e+06
157	242.406	1.44647e+06	1.19043e+07	1.88804e+06
158	242.406	1.45478e+06	1.2512e+07 	1.94075e+06
159	242.406	1.383e+06  	1.06758e+07	1.87084e+06
160	242.406	1.39239e+06	1.2342e+07 	1.68949e+06
161	242.406	1.4515e+06 	1.00502e+07	1.77083e+06
162	242.406	1.40497e+06	1.11011e+07	1.73947e+06
163	242.406	1.45208e+06	1.11911e+07	1.86249e+06
164	242.406	1.45702e+06	9.30253e+06	1.8241e+06 
165	242.406	1.56346e+06	1.22166e+07	1.919e+06  
166	242.406	1.45479e+06	1.09529e+07	1.83339e+06
167	242.406	1.37441e+06	1.08945e+07	1.74932e+06
168	242.406	1.31583e+06	1.14261e+07	1.72858e+06
169	242.406	1.34652e+06	1.23918e+07	1.79539e+06
170	242.406	1.26212e+06	1.13927e+07	1.71668e+06
171	242.406	1.21854e+06	8.21974e+06	1.51391e+06
172	242.406	1.33051e+06	7.39678e+06	1.52784e+06
173	242.406	1.32124e+06	8.58448e+06	1.61359e+06
174	242.406	1.31074e+06	7.60328e+06	1.5743e+06 
175	242.406	1.25349e+06	9.88547e+06	1.5844e+06 
176	242.406	1.25604e+06	9.63846e+06	1.60629e+06
177	242.406	1.2332e+06 	9.21792e+06	1.54019e+06
178	242.406	1.22675e+06	9.26553e+06	1.60842e+06
179	242.406	1.26606e+06	9.40293e+06	1.59186e+06
180	242.406	1.25953e+06	1.06107e+07	1.64371e+06
181	242.406	1.26431e+06	9.65398e+06	1.71411e+06
182	242.406	1.18837e+06	1.55458e+07	1.73829e+06
183	242.406	1.15901e+06	1.03773e+07	1.52564e+06
184	242.406	1.14357e+06	1.03773e+07	1.56862e+06
185	242.406	1.16353e+06	8.41062e+06	1.49292e+06
186	242.406	1.08729e+06	9.08325e+06	1.46547e+06
187	242.406	1.13565e+06	8.4175e+06 	1.50669e+06
188	242.406	1.11614e+06	8.20602e+06	1.44548e+06
189	242.406	1.09295e+06	8.14329e+06	1.41803e+06
190	242.406	1.08247e+06	8.16959e+06	1.40041e+06
191	242.406	1.06458e+06	6.95064e+06	1.35019e+06
192	242.406	1.05715e+06	1.13746e+07	1.42417e+06
193	242.406	1.04785e+06	7.20763e+06	1.34475e+06
194	242.406	1.00954e+06	6.34091e+06	1.32581e+06
195	242.406	989579     	6.3597e+06 	1.23759e+06
196	242.406	1.01108e+06	7.32759e+06	1.27976e+06
197	242.406	1.04511e+06	8.11014e+06	1.37571e+06
198	242.406	981469     	9.05244e+06	1.31496e+06
199	242.406	997735     	7.02123e+06	1.25185e+06
Result of algorithm run: SUCCESS, 0, 0, 242.405614, 0
