gen	min    	avg        	max        	std       
0  	671.602	9.32523e+06	1.05428e+08	1.2526e+07
1  	671.602	8.81379e+06	1.05974e+08	1.22489e+07
2  	575.793	7.99456e+06	9.96164e+07	1.07899e+07
3  	575.793	8.28752e+06	6.13885e+07	1.02911e+07
4  	498.21 	8.14403e+06	4.73176e+07	9.37019e+06
5  	498.21 	7.9477e+06 	5.54529e+07	9.56011e+06
6  	482.875	8.72575e+06	7.60599e+07	1.12451e+07
7  	447.387	8.31471e+06	5.70338e+07	1.05068e+07
8  	447.387	7.99264e+06	7.07241e+07	1.06597e+07
9  	447.387	7.86833e+06	4.83283e+07	1.02595e+07
10 	447.387	7.37903e+06	5.67566e+07	9.42663e+06
11 	447.387	7.80195e+06	5.69657e+07	1.06593e+07
12 	447.387	8.24439e+06	6.68782e+07	1.14238e+07
13 	447.387	8.40786e+06	1.14671e+08	1.12626e+07
14 	447.387	8.35628e+06	7.73993e+07	1.06246e+07
15 	447.387	7.9276e+06 	6.46588e+07	1.04754e+07
16 	447.387	7.6604e+06 	7.99622e+07	1.00191e+07
17 	321.28 	6.96582e+06	4.60412e+07	8.54431e+06
18 	321.28 	6.82702e+06	5.23298e+07	8.52218e+06
19 	321.28 	7.24818e+06	4.89935e+07	9.10913e+06
20 	321.28 	6.96014e+06	5.64865e+07	9.35711e+06
21 	321.28 	6.83871e+06	5.85486e+07	8.73687e+06
22 	321.28 	7.04642e+06	6.71622e+07	8.75468e+06
23 	321.28 	6.58078e+06	5.0726e+07 	8.28045e+06
24 	321.28 	6.81402e+06	5.98953e+07	8.95739e+06
25 	321.28 	6.59345e+06	4.89073e+07	8.21238e+06
26 	321.28 	6.27657e+06	5.48966e+07	8.10193e+06
27 	321.28 	6.64951e+06	5.13276e+07	8.43332e+06
28 	321.28 	7.01207e+06	7.21184e+07	9.65291e+06
29 	321.28 	6.79317e+06	5.3927e+07 	8.439e+06  
30 	321.28 	6.81679e+06	5.186e+07  	8.66712e+06
31 	321.28 	6.70966e+06	4.42954e+07	7.99461e+06
32 	321.28 	6.79647e+06	4.23973e+07	8.39965e+06
33 	321.28 	6.49081e+06	4.02154e+07	8.22135e+06
34 	321.28 	6.51877e+06	3.97595e+07	8.1385e+06 
35 	321.28 	5.90177e+06	4.70468e+07	7.4424e+06 
36 	321.28 	6.12435e+06	4.33394e+07	7.85592e+06
37 	321.28 	5.63045e+06	4.90952e+07	7.54102e+06
38 	321.28 	5.41653e+06	4.23149e+07	7.22141e+06
39 	321.28 	5.43178e+06	4.34028e+07	7.09447e+06
40 	321.28 	5.47462e+06	3.67807e+07	6.8773e+06 
41 	321.28 	5.86424e+06	3.97747e+07	7.7495e+06 
42 	321.28 	6.2015e+06 	4.56649e+07	8.12206e+06
43 	321.28 	6.04835e+06	5.05538e+07	8.2272e+06 
44 	321.28 	5.92563e+06	4.49187e+07	8.37019e+06
45 	321.28 	5.36863e+06	4.00953e+07	6.99241e+06
46 	321.28 	5.64983e+06	4.63391e+07	7.49077e+06
47 	321.28 	5.50985e+06	4.62834e+07	7.44268e+06
48 	321.28 	5.32403e+06	4.33995e+07	6.97325e+06
49 	321.28 	5.15171e+06	3.66884e+07	7.07314e+06
50 	321.28 	4.99958e+06	3.6627e+07 	6.2943e+06 
51 	321.28 	5.16089e+06	3.56589e+07	6.49147e+06
52 	321.28 	5.05792e+06	3.66126e+07	6.15736e+06
53 	321.28 	5.16845e+06	4.32874e+07	6.78315e+06
54 	321.28 	5.11478e+06	3.25615e+07	6.21926e+06
55 	321.28 	4.96191e+06	2.98675e+07	6.20859e+06
56 	321.28 	5.10867e+06	3.16329e+07	6.34485e+06
57 	321.28 	5.23293e+06	3.47353e+07	6.75394e+06
58 	321.28 	5.50263e+06	4.33676e+07	7.0723e+06 
59 	321.28 	5.30908e+06	3.49641e+07	6.68628e+06
60 	321.28 	5.01822e+06	3.45868e+07	6.50832e+06
61 	321.28 	5.06826e+06	3.46789e+07	6.6981e+06 
62 	321.28 	5.02793e+06	4.34897e+07	6.65793e+06
63 	321.28 	5.09358e+06	3.89913e+07	6.73758e+06
64 	321.28 	4.83639e+06	3.86737e+07	6.28396e+06
65 	281.685	4.76121e+06	3.52227e+07	6.1714e+06 
66 	281.685	4.38851e+06	3.12441e+07	5.83279e+06
67 	281.685	4.337e+06  	3.05568e+07	5.84247e+06
68 	281.685	4.53486e+06	3.67324e+07	6.28955e+06
69 	281.685	4.72241e+06	3.77206e+07	6.3595e+06 
70 	281.685	4.47364e+06	2.92431e+07	5.59246e+06
71 	281.685	4.06765e+06	3.29692e+07	5.36553e+06
72 	281.685	3.84388e+06	3.58551e+07	5.09279e+06
73 	281.685	3.87298e+06	2.73672e+07	5.06229e+06
74 	281.685	4.0304e+06 	2.66546e+07	4.98434e+06
75 	281.685	4.10113e+06	3.58683e+07	5.72318e+06
76 	281.685	3.88984e+06	2.93687e+07	5.44358e+06
77 	281.685	3.93942e+06	3.15514e+07	5.17713e+06
78 	281.685	4.13814e+06	2.85798e+07	5.62687e+06
79 	281.685	3.83929e+06	3.01222e+07	5.37413e+06
80 	281.685	3.939e+06  	3.4933e+07 	5.22012e+06
81 	281.685	3.78399e+06	3.25383e+07	5.3153e+06 
82 	281.685	3.77216e+06	3.98198e+07	5.23015e+06
83 	281.685	3.77569e+06	3.13185e+07	4.94436e+06
84 	281.685	3.6124e+06 	2.85686e+07	4.55449e+06
85 	281.685	3.56663e+06	3.16237e+07	4.68337e+06
86 	281.685	3.62591e+06	2.53073e+07	4.52935e+06
87 	281.685	3.53119e+06	2.59444e+07	4.44359e+06
88 	281.685	3.49075e+06	2.25399e+07	4.19368e+06
89 	281.685	3.17377e+06	2.39634e+07	3.97857e+06
90 	281.685	3.31184e+06	2.68985e+07	4.50871e+06
91 	281.685	3.39973e+06	2.44845e+07	4.38893e+06
92 	281.685	3.0738e+06 	2.65796e+07	4.09348e+06
93 	281.685	3.23007e+06	3.08957e+07	4.40262e+06
94 	281.685	3.38479e+06	2.75292e+07	4.58655e+06
95 	281.685	3.20172e+06	2.73689e+07	4.18081e+06
96 	281.685	3.04574e+06	2.5261e+07 	4.05075e+06
97 	281.685	3.18864e+06	2.55092e+07	4.25522e+06
98 	281.685	3.27965e+06	2.18904e+07	4.06949e+06
99 	281.685	3.30017e+06	2.54125e+07	4.37684e+06
100	281.685	2.82744e+06	2.35389e+07	3.72835e+06
101	281.685	2.99039e+06	2.66684e+07	4.10573e+06
102	281.685	2.8557e+06 	2.42762e+07	3.67044e+06
103	281.685	2.90906e+06	2.51379e+07	3.90958e+06
104	281.685	2.95446e+06	2.42404e+07	3.84739e+06
105	281.685	2.90729e+06	2.89578e+07	3.83311e+06
106	281.685	2.98273e+06	2.4573e+07 	3.81188e+06
107	278.317	2.80834e+06	2.36444e+07	3.61691e+06
108	278.317	2.82115e+06	1.84924e+07	3.37072e+06
109	278.317	2.82134e+06	2.33678e+07	3.58352e+06
110	278.317	2.88919e+06	2.79744e+07	4.11404e+06
111	278.317	3.03812e+06	2.22048e+07	4.05291e+06
112	278.317	3.03951e+06	2.30597e+07	3.85486e+06
113	278.317	2.89955e+06	2.33256e+07	3.71057e+06
114	278.317	3.04305e+06	2.36558e+07	3.78585e+06
115	278.317	2.94494e+06	2.31497e+07	3.72496e+06
116	260.153	2.7475e+06 	2.28344e+07	3.71489e+06
117	260.153	2.55205e+06	2.27592e+07	3.35591e+06
118	260.153	2.45879e+06	2.30868e+07	3.23546e+06
119	260.153	2.4777e+06 	2.01485e+07	3.26535e+06
120	260.153	2.55772e+06	2.13841e+07	3.32853e+06
121	260.153	2.51451e+06	1.92634e+07	3.25472e+06
122	260.153	2.58768e+06	2.11589e+07	3.31257e+06
123	260.153	2.53573e+06	1.98935e+07	3.35228e+06
124	260.153	2.44625e+06	1.80422e+07	3.26644e+06
125	260.153	2.3184e+06 	1.86154e+07	3.14174e+06
126	260.153	2.28344e+06	1.83077e+07	2.95672e+06
127	260.153	2.25672e+06	1.75605e+07	2.8961e+06 
128	260.153	2.24277e+06	1.67634e+07	2.90627e+06
129	260.153	2.24149e+06	2.04935e+07	2.86791e+06
130	260.153	2.18022e+06	1.36347e+07	2.77363e+06
131	260.153	2.1327e+06 	2.3418e+07 	2.9318e+06 
132	260.153	2.23708e+06	1.92312e+07	2.93096e+06
133	260.153	2.25839e+06	1.92312e+07	2.90292e+06
134	260.153	2.12577e+06	1.75894e+07	2.7853e+06 
135	260.153	2.07256e+06	1.59375e+07	2.69854e+06
136	260.153	1.96962e+06	1.8185e+07 	2.74083e+06
137	260.153	1.91244e+06	1.4498e+07 	2.45645e+06
138	260.153	1.90094e+06	1.79537e+07	2.60892e+06
139	260.153	1.79459e+06	1.32676e+07	2.33167e+06
140	260.153	1.80519e+06	1.45541e+07	2.41013e+06
141	260.153	1.84275e+06	1.67997e+07	2.39257e+06
142	260.153	1.94587e+06	1.45019e+07	2.55321e+06
143	260.153	1.92342e+06	1.49294e+07	2.57722e+06
144	260.153	1.85913e+06	1.43078e+07	2.4844e+06 
145	260.153	1.85912e+06	1.53563e+07	2.38706e+06
146	260.153	1.90022e+06	1.53003e+07	2.49218e+06
147	260.153	1.84755e+06	1.18041e+07	2.2137e+06 
148	260.153	1.78074e+06	1.46628e+07	2.19862e+06
149	260.153	1.76877e+06	1.21789e+07	2.20314e+06
150	232.033	1.82254e+06	1.08668e+07	2.21532e+06
151	232.033	1.9033e+06 	1.41849e+07	2.47172e+06
152	232.033	1.92491e+06	1.66606e+07	2.5657e+06 
153	232.033	1.79601e+06	1.27324e+07	2.41878e+06
154	232.033	1.75072e+06	1.57985e+07	2.31324e+06
155	232.033	1.74841e+06	1.37862e+07	2.21488e+06
156	232.033	1.82202e+06	1.68934e+07	2.34625e+06
157	232.033	1.69298e+06	1.1918e+07 	2.09661e+06
158	232.033	1.64603e+06	1.61251e+07	2.22211e+06
159	232.033	1.60825e+06	1.64942e+07	2.2271e+06 
160	232.033	1.53229e+06	1.49101e+07	2.03414e+06
161	232.033	1.48038e+06	1.34932e+07	2.05093e+06
162	232.033	1.49295e+06	1.34932e+07	2.06555e+06
163	232.033	1.55392e+06	1.27189e+07	1.97106e+06
164	232.033	1.47328e+06	1.07367e+07	1.9039e+06 
165	232.033	1.61076e+06	1.24867e+07	2.02787e+06
166	232.033	1.62057e+06	1.65859e+07	2.14921e+06
167	232.033	1.5449e+06 	1.09451e+07	1.92619e+06
168	232.033	1.59354e+06	1.4431e+07 	2.05666e+06
169	232.033	1.51116e+06	1.32336e+07	2.04664e+06
170	232.033	1.49778e+06	1.2105e+07 	2.03617e+06
171	232.033	1.45239e+06	1.07012e+07	1.83215e+06
172	232.033	1.41224e+06	1.3465e+07 	1.79382e+06
173	232.033	1.29354e+06	8.03177e+06	1.54295e+06
174	232.033	1.37858e+06	8.80331e+06	1.65376e+06
175	232.033	1.46882e+06	1.07128e+07	1.8234e+06 
176	232.033	1.37407e+06	1.02539e+07	1.7287e+06 
177	232.033	1.48591e+06	9.85071e+06	1.83412e+06
178	232.033	1.51062e+06	9.3649e+06 	1.90465e+06
179	232.033	1.37792e+06	1.06972e+07	1.71885e+06
180	232.033	1.41828e+06	1.11125e+07	1.78731e+06
181	232.033	1.37953e+06	1.06909e+07	1.78592e+06
182	232.033	1.38665e+06	1.06909e+07	1.73191e+06
183	232.033	1.34838e+06	1.15852e+07	1.69124e+06
184	232.033	1.3382e+06 	1.0118e+07 	1.71763e+06
185	232.033	1.3391e+06 	1.34191e+07	1.76713e+06
186	232.033	1.25218e+06	7.44768e+06	1.4999e+06 
187	232.033	1.33544e+06	8.33603e+06	1.52892e+06
188	232.033	1.29571e+06	9.55657e+06	1.47875e+06
189	232.033	1.22862e+06	9.30528e+06	1.5718e+06 
190	232.033	1.25915e+06	1.28174e+07	1.73339e+06
191	232.033	1.25317e+06	9.99021e+06	1.59398e+06
192	232.033	1.20208e+06	9.24542e+06	1.62106e+06
193	232.033	1.18118e+06	8.3662e+06 	1.50522e+06
194	232.033	1.15313e+06	8.45062e+06	1.48523e+06
195	232.033	1.10662e+06	8.90105e+06	1.4842e+06 
196	232.033	1.06927e+06	7.98023e+06	1.36642e+06
197	232.033	1.11442e+06	7.05245e+06	1.45637e+06
198	232.033	1.07758e+06	6.88609e+06	1.43461e+06
199	232.033	1.08947e+06	5.87033e+06	1.3528e+06 
Result of algorithm run: SUCCESS, 0, 0, 232.033208, 0
