gen	min    	avg        	max        	std        
0  	558.027	1.02758e+07	7.61448e+07	1.29729e+07
1  	464.138	1.00498e+07	9.35121e+07	1.28956e+07
2  	464.138	9.59963e+06	7.27221e+07	1.13798e+07
3  	464.138	9.43116e+06	6.58055e+07	1.16215e+07
4  	464.138	1.01221e+07	7.62379e+07	1.27912e+07
5  	464.138	9.39497e+06	5.76116e+07	1.08781e+07
6  	464.138	9.44913e+06	6.54496e+07	1.16765e+07
7  	464.138	9.44182e+06	1.06474e+08	1.22439e+07
8  	389.378	8.38267e+06	7.4683e+07 	1.09813e+07
9  	389.378	8.03936e+06	9.82271e+07	1.08417e+07
10 	389.378	7.90337e+06	7.24016e+07	1.09706e+07
11 	389.378	7.97239e+06	9.84658e+07	1.15697e+07
12 	389.378	8.16955e+06	6.90078e+07	1.17252e+07
13 	389.378	7.76038e+06	6.97385e+07	1.03761e+07
14 	389.378	8.00894e+06	6.01025e+07	1.01741e+07
15 	389.378	7.93258e+06	5.74498e+07	9.88281e+06
16 	389.378	7.44614e+06	5.76787e+07	9.56877e+06
17 	389.378	7.28115e+06	6.10858e+07	9.16546e+06
18 	389.378	7.02229e+06	4.15731e+07	8.3893e+06 
19 	389.378	6.99095e+06	5.18714e+07	8.63989e+06
20 	389.378	7.40506e+06	6.09686e+07	9.79202e+06
21 	389.378	7.35409e+06	5.8205e+07 	9.10092e+06
22 	389.378	6.77926e+06	4.85487e+07	8.75891e+06
23 	389.378	6.75858e+06	5.11275e+07	8.91068e+06
24 	389.378	6.67408e+06	6.7433e+07 	8.89239e+06
25 	389.378	6.17769e+06	4.97486e+07	7.95734e+06
26 	389.378	6.3427e+06 	4.98925e+07	8.06504e+06
27 	389.378	6.36621e+06	4.33618e+07	7.79936e+06
28 	389.378	6.17045e+06	3.83992e+07	7.51652e+06
29 	389.378	5.73396e+06	3.84026e+07	7.22899e+06
30 	389.378	6.27375e+06	4.78036e+07	8.33641e+06
31 	389.378	6.6594e+06 	5.51972e+07	8.6641e+06 
32 	389.378	6.40207e+06	4.91657e+07	7.96639e+06
33 	389.378	6.31092e+06	3.35289e+07	7.83178e+06
34 	389.378	5.74946e+06	3.6841e+07 	7.12147e+06
35 	389.378	5.80131e+06	4.0395e+07 	7.26145e+06
36 	389.378	5.67583e+06	3.59262e+07	6.7922e+06 
37 	389.378	5.61756e+06	4.62236e+07	7.06861e+06
38 	389.378	5.53467e+06	3.66784e+07	6.90768e+06
39 	367.395	5.38929e+06	3.96344e+07	6.80114e+06
40 	367.395	5.10753e+06	3.81698e+07	6.54686e+06
41 	367.395	4.91191e+06	3.49405e+07	6.46145e+06
42 	367.395	5.07146e+06	4.30911e+07	6.81209e+06
43 	367.395	4.99739e+06	3.69102e+07	6.55846e+06
44 	367.395	5.1578e+06 	3.7673e+07 	6.72619e+06
45 	367.395	5.01103e+06	4.50305e+07	6.78507e+06
46 	367.395	5.35575e+06	4.95374e+07	7.45285e+06
47 	367.395	5.18433e+06	3.90647e+07	6.9766e+06 
48 	367.395	5.10623e+06	3.76191e+07	6.84992e+06
49 	367.395	5.04283e+06	3.56768e+07	6.61445e+06
50 	367.395	4.9499e+06 	3.99701e+07	6.41112e+06
51 	367.395	5.10243e+06	4.27438e+07	6.90268e+06
52 	367.395	4.89703e+06	3.37087e+07	6.59082e+06
53 	367.395	4.87494e+06	3.67781e+07	6.32888e+06
54 	367.395	4.72195e+06	3.29456e+07	6.16011e+06
55 	367.395	4.97755e+06	3.98079e+07	7.05824e+06
56 	367.395	5.21594e+06	5.47184e+07	7.65557e+06
57 	367.395	5.14028e+06	3.29881e+07	6.82063e+06
58 	367.395	5.07256e+06	5.26088e+07	7.2974e+06 
59 	350.951	4.70711e+06	3.95917e+07	6.3814e+06 
60 	350.951	4.82664e+06	3.81095e+07	6.47922e+06
61 	350.951	4.88656e+06	3.25546e+07	6.37767e+06
62 	350.951	4.86424e+06	3.88357e+07	6.68048e+06
63 	350.951	4.69692e+06	3.88357e+07	6.49068e+06
64 	350.951	4.61208e+06	3.59746e+07	6.33738e+06
65 	350.951	4.44701e+06	3.57404e+07	5.99735e+06
66 	350.951	4.1942e+06 	3.57404e+07	5.49307e+06
67 	350.951	4.0046e+06 	2.77389e+07	5.071e+06  
68 	350.951	4.15641e+06	3.54447e+07	5.42561e+06
69 	350.951	4.08805e+06	3.314e+07  	5.25306e+06
70 	287.616	4.20318e+06	2.5175e+07 	5.29105e+06
71 	287.616	4.23089e+06	3.47013e+07	5.66444e+06
72 	287.616	4.31193e+06	3.22722e+07	5.78136e+06
73 	287.616	4.30589e+06	3.08764e+07	5.45369e+06
74 	287.616	4.33965e+06	3.07538e+07	5.57577e+06
75 	287.616	4.06429e+06	3.71253e+07	5.40829e+06
76 	287.616	4.00661e+06	3.12467e+07	5.08455e+06
77 	287.616	3.90385e+06	2.7675e+07 	4.94208e+06
78 	287.616	3.80875e+06	2.59777e+07	4.806e+06  
79 	287.616	3.68728e+06	2.85115e+07	4.86663e+06
80 	287.616	3.55196e+06	3.27902e+07	4.77572e+06
81 	287.616	3.56398e+06	3.06346e+07	4.83294e+06
82 	287.616	3.9832e+06 	3.34974e+07	5.27405e+06
83 	287.616	3.85084e+06	3.01551e+07	5.04099e+06
84 	287.616	3.93038e+06	2.96933e+07	5.34716e+06
85 	287.616	3.77843e+06	2.8579e+07 	5.0449e+06 
86 	287.616	3.59273e+06	2.65436e+07	4.64951e+06
87 	287.616	3.53784e+06	2.49533e+07	4.40215e+06
88 	287.616	3.52886e+06	2.38485e+07	4.46736e+06
89 	287.616	3.67189e+06	2.78055e+07	4.66052e+06
90 	287.616	3.48928e+06	3.07901e+07	4.32818e+06
91 	287.616	3.3743e+06 	2.64873e+07	4.54805e+06
92 	287.616	3.27344e+06	2.93946e+07	4.48751e+06
93 	287.616	3.23374e+06	2.59014e+07	4.28918e+06
94 	287.616	3.23343e+06	2.24452e+07	4.01507e+06
95 	287.616	3.11038e+06	2.40586e+07	3.99949e+06
96 	287.616	2.92545e+06	2.3323e+07 	3.8357e+06 
97 	287.616	2.95154e+06	2.43324e+07	4.23603e+06
98 	287.616	3.04668e+06	2.31608e+07	4.13458e+06
99 	287.616	2.90194e+06	2.48614e+07	3.88605e+06
100	287.616	2.96957e+06	2.15476e+07	3.79661e+06
101	287.616	2.89699e+06	2.15476e+07	3.68101e+06
102	287.616	2.79193e+06	2.23124e+07	3.58416e+06
103	287.616	2.8426e+06 	2.12498e+07	3.81166e+06
104	287.616	2.68182e+06	2.3043e+07 	3.62507e+06
105	287.616	2.67008e+06	2.11734e+07	3.55496e+06
106	287.616	2.76084e+06	2.74015e+07	3.70579e+06
107	287.616	2.74704e+06	2.44386e+07	3.63121e+06
108	287.616	2.54442e+06	2.13818e+07	3.34277e+06
109	287.616	2.52366e+06	1.99694e+07	3.2397e+06 
110	287.616	2.44922e+06	1.788e+07  	3.05995e+06
111	287.616	2.56247e+06	3.08085e+07	3.57341e+06
112	287.616	2.62972e+06	1.74031e+07	3.30528e+06
113	287.616	2.5645e+06 	2.1124e+07 	3.29998e+06
114	287.616	2.26551e+06	1.89729e+07	2.80312e+06
115	287.616	2.27436e+06	1.78249e+07	2.88384e+06
116	287.616	2.05676e+06	1.82001e+07	2.64902e+06
117	276.25 	2.24259e+06	1.87651e+07	2.9551e+06 
118	276.25 	2.44264e+06	1.58123e+07	3.09035e+06
119	276.25 	2.52897e+06	1.7764e+07 	3.20721e+06
120	276.25 	2.33982e+06	2.57816e+07	3.16848e+06
121	276.25 	2.37279e+06	1.98409e+07	3.15503e+06
122	276.25 	2.39865e+06	1.89225e+07	3.08602e+06
123	276.25 	2.28885e+06	2.07266e+07	3.14874e+06
124	276.25 	2.19694e+06	2.21342e+07	3.09175e+06
125	276.25 	2.06565e+06	1.97758e+07	2.79632e+06
126	269.516	2.15576e+06	2.11344e+07	3.07188e+06
127	269.516	2.33079e+06	2.14859e+07	3.3472e+06 
128	269.516	2.16759e+06	1.80563e+07	3.05274e+06
129	269.516	2.16721e+06	1.74712e+07	2.81339e+06
130	269.516	2.14147e+06	1.66744e+07	2.67138e+06
131	269.516	2.21804e+06	1.86354e+07	2.83092e+06
132	269.516	2.20883e+06	1.79223e+07	2.87264e+06
133	269.516	2.11175e+06	2.34922e+07	2.89163e+06
134	269.516	1.96209e+06	1.88916e+07	2.55926e+06
135	269.516	1.85688e+06	1.65941e+07	2.55301e+06
136	269.516	1.87062e+06	1.44531e+07	2.46342e+06
137	269.516	1.80744e+06	1.60628e+07	2.47527e+06
138	269.516	1.73904e+06	1.41863e+07	2.2347e+06 
139	259.868	1.87509e+06	1.48423e+07	2.50483e+06
140	259.868	1.95373e+06	1.404e+07  	2.45565e+06
141	259.868	1.92629e+06	1.17956e+07	2.34712e+06
142	259.868	1.80797e+06	1.34586e+07	2.34681e+06
143	259.868	1.76095e+06	1.34586e+07	2.33139e+06
144	259.868	1.97208e+06	1.31169e+07	2.46601e+06
145	259.868	1.97253e+06	1.43731e+07	2.40594e+06
146	259.868	1.82112e+06	1.55837e+07	2.35333e+06
147	259.868	1.67665e+06	1.11499e+07	2.05299e+06
148	259.868	1.70557e+06	1.27437e+07	2.06115e+06
149	259.868	1.63504e+06	1.31475e+07	2.19611e+06
150	259.868	1.63544e+06	1.70835e+07	2.27602e+06
151	259.868	1.58542e+06	1.46415e+07	2.03346e+06
152	259.868	1.6948e+06 	1.74028e+07	2.21127e+06
153	259.868	1.69051e+06	1.14866e+07	2.10792e+06
154	259.868	1.66059e+06	1.23031e+07	2.20739e+06
155	259.868	1.64946e+06	1.51071e+07	2.12074e+06
156	259.868	1.54358e+06	1.15605e+07	1.97491e+06
157	259.868	1.61442e+06	1.27412e+07	2.12798e+06
158	259.868	1.65095e+06	1.1103e+07 	2.07356e+06
159	259.868	1.64592e+06	1.49724e+07	2.17816e+06
160	259.868	1.56871e+06	1.09078e+07	1.91145e+06
161	259.868	1.59479e+06	1.26132e+07	2.02436e+06
162	259.868	1.62933e+06	1.15694e+07	1.97533e+06
163	259.868	1.54407e+06	1.07382e+07	1.88356e+06
164	259.868	1.43605e+06	1.29057e+07	1.90499e+06
165	259.868	1.4304e+06 	1.02871e+07	1.74511e+06
166	259.868	1.41903e+06	9.59976e+06	1.72874e+06
167	259.868	1.44238e+06	9.63189e+06	1.72613e+06
168	259.868	1.42911e+06	9.57462e+06	1.76696e+06
169	259.868	1.50727e+06	9.88052e+06	1.85182e+06
170	259.868	1.4224e+06 	9.54113e+06	1.7952e+06 
171	259.868	1.49028e+06	1.2395e+07 	1.91117e+06
172	259.868	1.50436e+06	1.06231e+07	1.73912e+06
173	259.868	1.50637e+06	9.33755e+06	1.7702e+06 
174	259.868	1.47265e+06	9.9564e+06 	1.83071e+06
175	254.398	1.42661e+06	1.0649e+07 	1.91018e+06
176	254.398	1.38013e+06	1.30594e+07	1.8236e+06 
177	245.131	1.36552e+06	8.59542e+06	1.63357e+06
178	245.131	1.3331e+06 	9.81628e+06	1.60581e+06
179	245.131	1.29598e+06	1.05268e+07	1.71055e+06
180	245.131	1.38415e+06	1.54429e+07	1.90237e+06
181	245.131	1.34428e+06	1.15831e+07	1.80804e+06
182	245.131	1.44784e+06	1.18807e+07	1.87697e+06
183	245.131	1.38964e+06	1.34336e+07	1.72931e+06
184	245.131	1.36415e+06	1.01901e+07	1.64144e+06
185	245.131	1.28432e+06	9.84423e+06	1.61742e+06
186	245.131	1.2289e+06 	7.60789e+06	1.49894e+06
187	245.131	1.25408e+06	7.95573e+06	1.60977e+06
188	245.131	1.23733e+06	7.43745e+06	1.50808e+06
189	245.131	1.29039e+06	9.14932e+06	1.55536e+06
190	245.131	1.24602e+06	7.02106e+06	1.49424e+06
191	245.131	1.24696e+06	9.336e+06  	1.58074e+06
192	245.131	1.24691e+06	1.04402e+07	1.52757e+06
193	245.131	1.2575e+06 	8.80596e+06	1.59376e+06
194	245.131	1.29417e+06	8.55679e+06	1.68057e+06
195	245.131	1.27987e+06	9.41792e+06	1.57157e+06
196	245.131	1.27751e+06	7.77247e+06	1.53485e+06
197	245.131	1.29464e+06	8.04789e+06	1.52546e+06
198	245.131	1.25261e+06	7.86079e+06	1.53038e+06
199	245.131	1.28838e+06	9.67954e+06	1.57796e+06
Result of algorithm run: SUCCESS, 0, 0, 245.130594, 0
