gen	min        	avg        	max        	std       
0  	4.68267e+08	5.35669e+09	8.02977e+10	8.4611e+09
1  	4.31074e+08	4.96039e+09	7.27167e+10	7.72808e+09
2  	3.96182e+08	4.92769e+09	8.27608e+10	8.26137e+09
3  	3.63569e+08	4.34396e+09	8.79683e+10	6.374e+09  
4  	3.63569e+08	4.90463e+09	1.39391e+11	1.0476e+10 
5  	3.63569e+08	4.79972e+09	1.39391e+11	1.0114e+10 
6  	3.1894e+08 	4.37189e+09	1.08195e+11	7.79377e+09
7  	3.1894e+08 	4.26435e+09	1.32828e+11	8.77803e+09
8  	2.38216e+08	4.19511e+09	1.90318e+11	1.05481e+10
9  	2.38216e+08	4.10406e+09	1.40186e+11	9.04756e+09
10 	2.38216e+08	3.82365e+09	5.2881e+10 	5.77708e+09
11 	2.38216e+08	3.62041e+09	6.46008e+10	5.49804e+09
12 	2.38216e+08	3.86722e+09	6.6351e+10 	5.85902e+09
13 	2.38216e+08	3.78953e+09	4.31251e+10	5.18981e+09
14 	2.38216e+08	3.84396e+09	6.81238e+10	6.48706e+09
15 	2.38216e+08	4.08952e+09	2.15165e+11	1.17583e+10
16 	2.38216e+08	3.45867e+09	6.57212e+10	5.7332e+09 
17 	2.38216e+08	2.99403e+09	6.57212e+10	4.1724e+09 
18 	2.25485e+08	2.95957e+09	2.54638e+10	3.56458e+09
19 	2.22724e+08	3.00478e+09	3.33393e+10	3.80367e+09
20 	2.22724e+08	3.15224e+09	5.39816e+10	4.96208e+09
21 	2.22724e+08	2.83819e+09	5.06812e+10	4.04339e+09
22 	2.22724e+08	2.90012e+09	5.30588e+10	4.42579e+09
23 	2.22724e+08	3.05153e+09	7.21723e+10	5.00009e+09
24 	1.71862e+08	3.01998e+09	5.75851e+10	4.49212e+09
25 	1.71862e+08	3.2046e+09 	5.43177e+10	5.23698e+09
26 	1.71862e+08	2.88711e+09	3.55142e+10	3.93683e+09
27 	1.71862e+08	2.63223e+09	2.47753e+10	3.23335e+09
28 	1.64711e+08	2.56526e+09	2.08959e+10	2.93066e+09
29 	1.64711e+08	2.56366e+09	4.55114e+10	3.80349e+09
30 	1.64711e+08	2.33456e+09	2.78866e+10	2.75076e+09
31 	1.64711e+08	2.32666e+09	3.82735e+10	3.30903e+09
32 	1.64711e+08	2.08979e+09	2.59335e+10	2.59923e+09
33 	1.64711e+08	2.10886e+09	2.67336e+10	2.64184e+09
34 	1.64711e+08	2.17814e+09	2.67336e+10	2.81341e+09
35 	1.64711e+08	2.34004e+09	4.62023e+10	3.59455e+09
36 	1.64711e+08	2.08046e+09	1.87181e+10	2.35696e+09
37 	1.64711e+08	1.98835e+09	2.10156e+10	2.33149e+09
38 	1.64711e+08	1.8753e+09 	2.62135e+10	2.18451e+09
39 	1.64711e+08	1.99745e+09	2.49221e+10	2.7166e+09 
40 	1.64711e+08	1.82922e+09	1.9974e+10 	2.03963e+09
41 	1.64711e+08	1.97876e+09	6.50364e+10	3.88033e+09
42 	1.64711e+08	1.87087e+09	3.52404e+10	2.68166e+09
43 	1.64711e+08	1.84127e+09	3.39949e+10	2.48223e+09
44 	1.64711e+08	1.80482e+09	2.06418e+10	2.24777e+09
45 	1.64711e+08	1.79003e+09	1.7261e+10 	2.11175e+09
46 	1.64711e+08	1.75848e+09	2.97158e+10	2.31852e+09
47 	1.64711e+08	1.58912e+09	1.56028e+10	1.61419e+09
48 	1.64711e+08	1.73772e+09	3.99334e+10	2.57533e+09
49 	1.64711e+08	1.67504e+09	2.70198e+10	2.51364e+09
50 	1.54939e+08	1.56321e+09	1.87451e+10	1.88561e+09
51 	1.54939e+08	1.54882e+09	1.30374e+10	1.63505e+09
52 	1.54939e+08	1.5632e+09 	3.56462e+10	2.12761e+09
53 	1.54939e+08	1.59365e+09	1.69724e+10	1.90348e+09
54 	1.54939e+08	1.57579e+09	4.3189e+10 	2.62945e+09
55 	1.54939e+08	1.48781e+09	1.48869e+10	1.62996e+09
56 	1.54939e+08	1.73088e+09	7.34094e+10	3.82105e+09
57 	1.54939e+08	1.56091e+09	1.58028e+10	1.81821e+09
58 	1.54939e+08	1.46956e+09	2.41107e+10	1.86726e+09
59 	1.54939e+08	1.3562e+09 	1.59292e+10	1.56156e+09
60 	1.54939e+08	1.40148e+09	1.49309e+10	1.62116e+09
61 	1.54939e+08	1.35718e+09	1.03406e+10	1.41837e+09
62 	1.54939e+08	1.32767e+09	1.78134e+10	1.58344e+09
63 	1.54939e+08	1.24366e+09	1.56234e+10	1.37825e+09
64 	1.30194e+08	1.22191e+09	9.97238e+09	1.18391e+09
65 	1.30194e+08	1.23107e+09	1.83311e+10	1.37808e+09
66 	1.30194e+08	1.19599e+09	1.02281e+10	1.17109e+09
67 	1.30194e+08	1.17499e+09	1.44887e+10	1.22126e+09
68 	1.30194e+08	1.14502e+09	6.92839e+09	1.07629e+09
69 	1.28573e+08	1.15671e+09	1.26241e+10	1.17731e+09
70 	1.28573e+08	1.082e+09  	8.66653e+09	9.18046e+08
71 	1.28573e+08	1.08403e+09	9.9228e+09 	9.92432e+08
72 	1.28573e+08	1.03425e+09	8.99627e+09	9.27584e+08
73 	1.28573e+08	1.07899e+09	7.6093e+09 	1.00961e+09
74 	1.28573e+08	1.07851e+09	1.03643e+10	1.05692e+09
75 	1.28573e+08	1.04084e+09	9.70777e+09	1.03328e+09
76 	1.28573e+08	1.06259e+09	9.97658e+09	1.12601e+09
77 	1.28573e+08	9.87288e+08	8.1178e+09 	9.16923e+08
78 	1.28573e+08	9.89384e+08	9.25707e+09	9.89443e+08
79 	1.28573e+08	1.00277e+09	1.27809e+10	1.08908e+09
80 	1.28573e+08	9.725e+08  	1.01951e+10	1.00884e+09
81 	1.28573e+08	9.51943e+08	1.01359e+10	8.83542e+08
82 	1.1355e+08 	9.37929e+08	1.27587e+10	9.17018e+08
83 	1.1355e+08 	9.12287e+08	4.8473e+09 	7.38766e+08
84 	1.1355e+08 	9.12692e+08	8.63329e+09	8.59744e+08
85 	1.1355e+08 	9.30488e+08	1.27242e+10	1.06156e+09
86 	1.1355e+08 	8.70183e+08	6.68588e+09	7.76721e+08
87 	1.1355e+08 	8.71693e+08	4.71959e+09	7.31205e+08
88 	1.1355e+08 	8.30671e+08	8.70002e+09	7.43633e+08
89 	1.1355e+08 	8.06419e+08	5.13961e+09	6.57205e+08
90 	1.1355e+08 	8.10334e+08	4.60437e+09	6.46665e+08
91 	1.1355e+08 	8.2955e+08 	5.54761e+09	7.04258e+08
92 	1.1355e+08 	8.11528e+08	6.57556e+09	6.92691e+08
93 	1.1355e+08 	8.16449e+08	6.78936e+09	7.93671e+08
94 	1.1355e+08 	8.07282e+08	7.21681e+09	7.40592e+08
95 	1.1355e+08 	7.69902e+08	7.50745e+09	7.41647e+08
96 	1.1355e+08 	7.6783e+08 	6.27793e+09	6.55297e+08
97 	1.1355e+08 	7.56995e+08	4.39323e+09	5.82419e+08
98 	1.1355e+08 	7.28085e+08	5.48084e+09	5.96566e+08
99 	1.1355e+08 	7.28263e+08	5.84315e+09	5.89168e+08
100	1.1355e+08 	7.07717e+08	6.04581e+09	5.93084e+08
101	1.1355e+08 	7.02058e+08	5.41292e+09	5.19994e+08
102	1.1355e+08 	6.88147e+08	3.32977e+09	4.62329e+08
103	1.1355e+08 	6.86315e+08	2.87245e+09	4.5068e+08 
104	1.1355e+08 	6.75051e+08	5.44211e+09	5.09401e+08
105	1.1355e+08 	6.45984e+08	4.92327e+09	4.51133e+08
106	1.1355e+08 	6.55283e+08	4.52924e+09	4.99192e+08
107	1.10098e+08	6.65993e+08	8.64235e+09	5.94288e+08
108	1.10098e+08	6.62269e+08	4.32412e+09	5.01894e+08
109	1.10098e+08	6.6226e+08 	6.59669e+09	5.54561e+08
110	1.10098e+08	6.68823e+08	4.56906e+09	5.80514e+08
111	9.90509e+07	6.27682e+08	5.27857e+09	5.01857e+08
112	9.90509e+07	6.18151e+08	4.52867e+09	4.7566e+08 
113	9.90509e+07	6.23537e+08	4.51826e+09	4.99189e+08
114	9.90509e+07	6.30515e+08	6.04316e+09	5.27906e+08
115	9.90509e+07	6.14166e+08	4.2762e+09 	4.77321e+08
116	8.39512e+07	6.03668e+08	4.15077e+09	4.65794e+08
117	8.39512e+07	5.89899e+08	3.49338e+09	4.07713e+08
118	8.39512e+07	5.78693e+08	3.49338e+09	3.83673e+08
119	8.39512e+07	5.76982e+08	3.18203e+09	3.77381e+08
120	8.39512e+07	5.70626e+08	3.12046e+09	3.62434e+08
121	8.39512e+07	5.56536e+08	1.9903e+09 	3.32402e+08
122	8.39512e+07	5.49339e+08	4.01434e+09	3.64843e+08
123	8.39512e+07	5.5044e+08 	3.08146e+09	3.51879e+08
124	8.39512e+07	5.46517e+08	2.68315e+09	3.41474e+08
125	8.39512e+07	5.31852e+08	2.1377e+09 	3.00384e+08
126	8.39512e+07	5.17117e+08	2.73769e+09	2.98431e+08
127	8.39512e+07	5.11252e+08	3.36115e+09	2.90942e+08
128	8.39512e+07	5.02199e+08	1.87591e+09	2.65657e+08
129	8.39512e+07	5.03992e+08	2.23602e+09	2.84363e+08
130	8.39512e+07	5.13715e+08	2.75469e+09	3.39301e+08
131	8.39512e+07	4.94999e+08	2.23602e+09	2.86714e+08
132	8.39512e+07	4.84272e+08	2.50338e+09	2.73682e+08
133	8.39512e+07	4.86909e+08	3.45368e+09	2.99039e+08
134	8.39512e+07	4.9916e+08 	2.6673e+09 	3.01579e+08
135	8.39512e+07	4.77839e+08	1.9541e+09 	2.4698e+08 
136	8.39512e+07	4.73615e+08	3.12347e+09	2.79702e+08
137	8.39512e+07	4.68354e+08	2.24004e+09	2.62029e+08
138	8.39512e+07	4.6469e+08 	2.38984e+09	2.64923e+08
139	8.39512e+07	4.70332e+08	2.41039e+09	2.78185e+08
140	8.39512e+07	4.60148e+08	1.99216e+09	2.44862e+08
141	8.39512e+07	4.55581e+08	2.11285e+09	2.44e+08   
142	8.39512e+07	4.49064e+08	1.62342e+09	2.34145e+08
143	8.39512e+07	4.58451e+08	1.78544e+09	2.59334e+08
144	8.39512e+07	4.52726e+08	2.07508e+09	2.47401e+08
145	8.39512e+07	4.44689e+08	1.87929e+09	2.301e+08  
146	8.39512e+07	4.42253e+08	2.28933e+09	2.56402e+08
147	8.25973e+07	4.44825e+08	2.28933e+09	2.66378e+08
148	8.25973e+07	4.42579e+08	1.94436e+09	2.44617e+08
149	8.25973e+07	4.32445e+08	1.96122e+09	2.4207e+08 
150	8.25973e+07	4.26626e+08	1.66316e+09	2.21063e+08
151	8.25973e+07	4.3375e+08 	2.55701e+09	2.50082e+08
152	8.00754e+07	4.26414e+08	1.70991e+09	2.28451e+08
153	8.00754e+07	4.11913e+08	1.32956e+09	1.99937e+08
154	8.00754e+07	4.1692e+08 	1.66658e+09	2.16327e+08
155	8.00754e+07	4.04341e+08	1.31868e+09	1.88938e+08
156	8.00754e+07	4.03521e+08	1.49201e+09	1.99373e+08
157	8.00754e+07	3.95797e+08	1.47143e+09	1.89157e+08
158	7.88605e+07	4.11538e+08	1.6289e+09 	2.26107e+08
159	7.88605e+07	3.9994e+08 	1.64212e+09	1.97137e+08
160	7.88605e+07	3.91885e+08	1.30265e+09	1.90285e+08
161	7.88605e+07	3.86147e+08	1.27576e+09	1.76734e+08
162	7.88605e+07	3.83218e+08	1.2916e+09 	1.7471e+08 
163	7.88605e+07	3.85053e+08	1.46678e+09	1.89328e+08
164	7.88605e+07	3.83452e+08	1.4305e+09 	1.83381e+08
165	7.88605e+07	3.84412e+08	1.30615e+09	1.89535e+08
166	7.88605e+07	3.89055e+08	1.74233e+09	2.13916e+08
167	7.88605e+07	3.83646e+08	1.86211e+09	2.15202e+08
168	7.88605e+07	3.74613e+08	1.43851e+09	1.81752e+08
169	7.88605e+07	3.69988e+08	1.34457e+09	1.75536e+08
170	7.88605e+07	3.70082e+08	1.29431e+09	1.72499e+08
171	7.88605e+07	3.65604e+08	1.35848e+09	1.56851e+08
172	7.88605e+07	3.67862e+08	1.95998e+09	1.81857e+08
173	7.88605e+07	3.64566e+08	1.31919e+09	1.65023e+08
174	7.88605e+07	3.62158e+08	1.48416e+09	1.76417e+08
175	7.88605e+07	3.56158e+08	1.31344e+09	1.61759e+08
176	7.88605e+07	3.54362e+08	1.35403e+09	1.63751e+08
177	7.88605e+07	3.50257e+08	1.00816e+09	1.48508e+08
178	7.88605e+07	3.50076e+08	1.13464e+09	1.51956e+08
179	7.88605e+07	3.50345e+08	1.31167e+09	1.61847e+08
180	7.88605e+07	3.50768e+08	1.24166e+09	1.5853e+08 
181	7.88605e+07	3.49435e+08	1.15472e+09	1.56178e+08
182	7.88605e+07	3.49095e+08	1.33447e+09	1.63128e+08
183	7.88605e+07	3.425e+08  	1.31023e+09	1.53581e+08
184	7.88605e+07	3.38035e+08	1.15978e+09	1.35014e+08
185	7.88605e+07	3.39639e+08	1.08807e+09	1.45877e+08
186	7.88605e+07	3.39052e+08	1.08997e+09	1.45363e+08
187	7.88605e+07	3.40066e+08	1.5359e+09 	1.5086e+08 
188	7.88605e+07	3.36725e+08	9.5831e+08 	1.38718e+08
189	7.88605e+07	3.32138e+08	9.49103e+08	1.33866e+08
190	7.88605e+07	3.26162e+08	8.37669e+08	1.23532e+08
191	7.88605e+07	3.28374e+08	1.121e+09  	1.35771e+08
192	7.88605e+07	3.21807e+08	1.00555e+09	1.25885e+08
193	7.88605e+07	3.21815e+08	8.91901e+08	1.22692e+08
194	7.88605e+07	3.23815e+08	8.67425e+08	1.23893e+08
195	7.88605e+07	3.15479e+08	8.13935e+08	1.08382e+08
196	7.88605e+07	3.15113e+08	8.45229e+08	1.14348e+08
197	6.67395e+07	3.17913e+08	8.60305e+08	1.20373e+08
198	6.67395e+07	3.11545e+08	7.84227e+08	1.10735e+08
199	6.67395e+07	3.16525e+08	9.35726e+08	1.26031e+08
Result of algorithm run: SUCCESS, 0, 0, 66739461.333411, 0
