gen	min    	avg    	max    	std    
0  	3222.48	4634.33	6005.11	475.132
1  	3222.48	4622.8 	6005.11	467.867
2  	3222.48	4606.21	5813.87	477.956
3  	3033.32	4589.68	5991.13	493.422
4  	3033.32	4563.64	5934.55	500.456
5  	3033.32	4546.75	5943.8 	509.656
6  	3033.32	4520.96	5927.62	538.35 
7  	2972.07	4500.7 	5964.89	530.771
8  	2972.07	4485.28	5945.78	513.499
9  	2972.07	4462.23	5735.58	515.275
10 	2924.5 	4446.9 	5846.72	526.387
11 	2924.5 	4420.55	5706.38	507.907
12 	2794.53	4406.59	5694.57	512.042
13 	2794.53	4386.7 	5669.6 	512.099
14 	2794.53	4371.15	5693.89	525.196
15 	2794.53	4366.33	5620.5 	497.222
16 	2794.53	4354.13	5607.5 	490.475
17 	2794.53	4338.56	5520.33	488.919
18 	2794.53	4320.18	5606.28	484.792
19 	2659.7 	4303.52	5671.28	493.405
20 	2659.7 	4293.89	5495.61	499.391
21 	2659.7 	4267.71	5453.54	494.227
22 	2659.7 	4256.49	5425.44	471.486
23 	2659.7 	4243.24	5453.17	482.983
24 	2659.7 	4214.7 	5666.57	482.829
25 	2659.7 	4201.31	5469.8 	469.975
26 	2659.7 	4190.23	5422.49	459.442
27 	2659.7 	4180.07	5228.69	462.403
28 	2659.7 	4169.02	5425.23	470.354
29 	2659.7 	4150.55	5425.23	479.211
30 	2659.7 	4136.92	5576.59	498.733
31 	2659.7 	4123.95	5545.5 	485.433
32 	2659.7 	4119.19	5492.55	492.116
33 	2659.7 	4109.09	5483.07	491.275
34 	2656.75	4094.04	5420.63	484.865
35 	2652.02	4071.22	5318   	486.217
36 	2652.02	4057.32	5524.33	502.407
37 	2560.7 	4036.48	5443.31	491.554
38 	2508.64	4024.02	5160.17	482.978
39 	2508.64	4013.17	5217.21	493.845
40 	2486.11	4002.28	5155.42	483.59 
41 	2486.11	3977.79	5157.62	493.072
42 	2486.11	3965.98	5369.58	480.729
43 	2486.11	3955.43	5182.71	471.316
44 	2486.11	3931.52	5275.69	465.32 
45 	2486.11	3916.49	5241.48	466.049
46 	2486.11	3906.15	5241.48	455.566
47 	2486.11	3894.82	5333.55	469.061
48 	2486.11	3877.66	5148.65	425.771
49 	2486.11	3865.33	4977.09	427.76 
50 	2486.11	3850.61	4999.37	448.165
51 	2486.11	3831.92	5081.75	446.275
52 	2486.11	3835.35	4982.72	453.205
53 	2486.07	3823.62	4862.28	439.131
54 	2486.07	3810.33	4971.98	435.417
55 	2486.07	3798.73	4980.08	447.48 
56 	2461.26	3789.39	5040.76	447.858
57 	2461.26	3774.94	4952.19	446.316
58 	2461.26	3760.02	4902.53	444.212
59 	2461.26	3751.39	4915.89	423.784
60 	2461.26	3744.67	4726.09	424.302
61 	2461.26	3724.93	4716.73	408.04 
62 	2461.26	3713.81	4990.61	414.938
63 	2374.82	3706.49	4874.11	407.49 
64 	2326.85	3689.17	4749.11	408.958
65 	2326.85	3678.45	4729.11	408.479
66 	2326.85	3657   	4757.17	417.649
67 	2326.85	3648.03	4706.22	396.142
68 	2326.85	3638.77	4605.57	392.439
69 	2326.85	3627.4 	4691.56	394.64 
70 	2326.85	3612.5 	4605.23	398.389
71 	2326.85	3594.5 	4649.35	408.031
72 	2326.85	3587.27	4596.35	391.69 
73 	2326.85	3582.44	4600.04	407.751
74 	2326.85	3570.74	4655.21	403.265
75 	2326.85	3567.71	4652.13	407.157
76 	2326.85	3560.28	4550.44	411.693
77 	2195.49	3545.9 	4476.61	398.935
78 	2195.49	3529.89	4579.99	406.078
79 	2195.49	3521.39	4597.32	402.016
80 	2195.49	3514.27	4596.44	400.404
81 	2195.49	3505.04	4640.28	401.786
82 	2138.9 	3492.41	4676.54	390.314
83 	2138.9 	3486.1 	4441.95	390.546
84 	2138.9 	3478.69	4438.25	383.444
85 	2138.9 	3464.32	4564.97	386.768
86 	2138.9 	3455   	4360.6 	384.954
87 	2138.9 	3450.19	4445.68	383.791
88 	2138.9 	3438.53	4384.53	376.055
89 	2138.9 	3428.61	4507.36	383.657
90 	1981.86	3423.07	4401.19	378.038
91 	1981.86	3416.06	4481.95	364.217
92 	1981.86	3403.68	4421.69	365.888
93 	1981.86	3396.42	4439.22	376.168
94 	1981.86	3392   	4339.58	381.591
95 	1981.86	3387.63	4382.52	378.001
96 	1981.86	3370.65	4494.06	376.789
97 	1981.86	3356.42	4347.33	364.391
98 	1981.86	3357.36	4275.13	361.073
99 	1981.86	3345.64	4324.8 	355.249
100	1981.86	3342.05	4312.15	356.923
101	1981.86	3332.85	4270.14	364.992
102	1981.86	3324.71	4468.51	351.856
103	1981.86	3314.16	4298.05	341.725
104	1981.86	3310.87	4294.2 	348.233
105	1981.86	3301.49	4132.3 	354.087
106	1981.86	3292.18	4143.35	338.227
107	1981.86	3283.29	4262.11	348.285
108	1981.86	3281.36	4363.49	330.855
109	1981.86	3270.84	4152.6 	346.456
110	1981.86	3259.4 	4187.75	333.276
111	1981.86	3248.73	4158.23	340.578
112	1963.42	3243.97	4135.51	345.015
113	1963.42	3243.24	4246.1 	341.088
114	1963.42	3235.83	4169.28	326.404
115	1963.42	3229.04	4204.64	324.509
116	1963.42	3220.37	4204.64	333.051
117	1963.42	3215   	4120.8 	321.35 
118	1963.42	3209.87	4094.76	330.365
119	1963.42	3208.03	4115.11	335.817
120	1963.42	3200.04	4080.57	328.182
121	1963.42	3192.41	4017.17	322.928
122	1963.42	3189.01	4014.91	330.661
123	1963.42	3185.22	4042.74	333.626
124	1963.42	3180.56	4013.71	315.563
125	1963.42	3175.23	4028.08	324.796
126	1963.42	3168.2 	4147.26	327.514
127	1963.42	3167.16	4120.91	324.257
128	1963.42	3158.03	4120.91	320.601
129	1963.42	3152.73	4068.25	332.094
130	1963.42	3148.89	4149.05	316.297
131	1963.42	3143.47	3930.76	315.136
132	1963.42	3135.97	3971.53	314.299
133	1963.42	3129.47	3860.04	314.035
134	1963.42	3127.49	3894.99	307.188
135	1963.42	3125.42	3810.75	299.927
136	1963.42	3116.05	4034.36	301.122
137	1963.42	3111.5 	4033.12	304.432
138	1963.42	3109.43	3957.06	301.586
139	1963.42	3099.41	3926.05	301.087
140	1963.42	3094.99	3917.04	307.724
141	1963.42	3090.09	3995.66	302.155
142	1963.42	3088.74	3870.09	302.341
143	1963.42	3081.45	3899.1 	296.613
144	1963.42	3076.37	3863.85	308.192
145	1963.42	3071.29	3966.19	309.33 
146	1963.42	3069.94	3821.82	299.412
147	1963.42	3063.34	3796.64	294.305
148	1963.42	3057.78	3892.88	289.072
149	1940.65	3051.79	3865.14	295.948
150	1940.65	3049.85	3802.22	295.315
151	1940.65	3042.73	3830.22	287.145
152	1940.65	3037.89	3769.65	272.468
153	1940.65	3029.82	3817.09	282.667
154	1940.65	3025.2 	3834.02	282.951
155	1940.65	3021.57	3851.08	285.897
156	1940.65	3016.92	3709.04	281.588
157	1940.65	3016.34	3752.69	291.075
158	1928.65	3010.84	3781.32	296.051
159	1928.65	3008.22	3918.68	280.94 
160	1928.65	3001.42	3821.3 	278.174
161	1928.65	3000.94	3632.4 	276.962
162	1928.65	3001.05	3783.78	276.484
163	1928.65	2997.64	3710.1 	270.793
164	1928.65	2991.94	3646.22	277.06 
165	1928.65	2986.44	3752.9 	271.458
166	1928.65	2982.97	3752.9 	264.112
167	1928.65	2978.25	3690.34	271.915
168	1928.65	2977.73	3657.47	272.2  
169	1928.65	2972.53	3727.78	273.379
170	1928.65	2968.47	3793.15	255.166
171	1928.65	2966.73	3572.39	257.384
172	1928.65	2963.3 	3622.39	259.151
173	1928.65	2959.31	3618.76	260.932
174	1928.65	2958.12	3594.58	262.784
175	1928.65	2956.86	3607.28	257.125
176	1928.65	2953.65	3609.23	251.584
177	1928.65	2949.84	3597.07	248.63 
178	1928.65	2946.45	3584.06	250.519
179	1928.65	2943.9 	3692.57	250.352
180	1928.65	2939.26	3716.19	251.583
181	1928.65	2932.78	3615.18	253.368
182	1928.65	2926.56	3711.25	250.603
183	1928.65	2921.94	3589.05	244.868
184	1928.65	2921.05	3589.05	249.843
185	1928.65	2921.04	3507.33	249.341
186	1928.65	2917.56	3611.41	249.431
187	1928.65	2912.99	3543.75	247.602
188	1928.65	2910.88	3520.12	245.418
189	1928.65	2906.51	3524.19	248.617
190	1928.65	2904.13	3501.32	238.54 
191	1928.65	2899.9 	3501.98	236.244
192	1928.65	2901.28	3470.1 	232.877
193	1928.65	2896.53	3511.84	239.038
194	1928.65	2889.91	3523.77	249.205
195	1928.65	2889.67	3449.56	246.594
196	1928.65	2888.4 	3475.58	238.335
197	1928.65	2886.63	3488.4 	228.593
198	1928.65	2883.15	3530.17	232.448
199	1928.65	2879.39	3445.43	223.488
Result of algorithm run: SUCCESS, 0, 0, 1928.652387, 0
