gen	min    	avg    	max    	std    
0  	23.4121	280.922	1110.61	185.765
1  	-2.63866	279.855	1173.13	184.287
2  	-2.63866	272.12 	1106.2 	170.557
3  	-2.63866	271.629	1078.55	170.733
4  	-2.63866	262.17 	897.964	167.068
5  	-2.63866	256.179	927.189	163.22 
6  	-2.63866	258.977	969.98 	164.136
7  	-2.63866	252.476	1059.14	151.47 
8  	-2.63866	251.047	952.328	161.144
9  	-2.63866	248.989	1148.76	175.331
10 	-2.63866	244.272	1289.11	162.74 
11 	-2.63866	240.11 	883.928	150.582
12 	-2.63866	240.585	876.867	146.69 
13 	-2.63866	233.862	963.701	153.056
14 	-2.63866	226.854	842.834	143.165
15 	-2.63866	225.665	832.17 	143.719
16 	-2.63866	222.932	1040.15	149.167
17 	-3.9924 	219.585	981.799	146.012
18 	-3.9924 	217.43 	898.428	142.393
19 	-3.9924 	213.667	898.428	137.467
20 	-3.9924 	214.5  	1157.17	144.887
21 	-3.9924 	215.456	916.535	143.221
22 	-3.9924 	212.408	890.604	137.284
23 	-3.9924 	208.342	1005.73	140.948
24 	-3.9924 	202.222	938.687	130.195
25 	-3.9924 	201.503	940.611	136.117
26 	-3.9924 	200.899	945.637	139.285
27 	-3.9924 	200.062	842.974	127.85 
28 	-3.9924 	193.743	777.284	119.212
29 	-12.9636	195.105	841.272	128.158
30 	-12.9636	183.793	761.799	116.185
31 	-12.9636	184.481	652.531	112.757
32 	-12.9636	185.871	990.126	128.359
33 	-12.9636	182.545	783.179	121.554
34 	-12.9636	179.689	823.24 	117.935
35 	-12.9636	175.522	672.782	111.832
36 	-12.9636	171.192	762.312	112.821
37 	-12.9636	170.354	802.983	111.441
38 	-12.9636	175.545	745.18 	114.964
39 	-12.9636	177.455	718.473	121.745
40 	-12.9636	169.335	869.095	120.826
41 	-12.9636	170.317	713.811	117.471
42 	-12.9636	168.234	765.099	120.092
43 	-12.9636	169.358	719.523	120.786
44 	-13.237 	168.644	643.268	118.575
45 	-13.237 	162.996	768.802	110.185
46 	-13.237 	154.067	538.271	93.2018
47 	-13.237 	154.031	527.412	96.8474
48 	-13.237 	157.232	567.137	101.128
49 	-13.237 	155.419	603.563	105.939
50 	-13.237 	154.306	640.75 	102.853
51 	-13.237 	150.707	543.809	98.6713
52 	-20.9127	149.129	609.018	99.4087
53 	-20.9127	148.088	552.194	101.159
54 	-20.9127	146.627	618.995	103.106
55 	-20.9127	141.63 	543.801	93.5264
56 	-20.9127	135.827	511.385	87.8808
57 	-20.9127	129.719	391.401	77.1862
58 	-20.9127	131.479	507.381	84.8249
59 	-20.9127	130.402	498.195	90.4585
60 	-20.9127	129.207	712.646	89.0291
61 	-20.9127	130.543	506.043	87.2262
62 	-20.9127	129.763	530.775	87.4287
63 	-20.9127	128.224	497.844	84.664 
64 	-20.9127	126.23 	490.743	83.8811
65 	-20.9127	125.144	442.325	81.6433
66 	-20.9127	124.022	432.873	81.7634
67 	-20.9127	125.208	449.121	85.9315
68 	-20.9127	122.679	558.769	87.372 
69 	-20.9127	116.3  	450.367	77.8967
70 	-20.9127	116.519	464.776	77.0928
71 	-20.9127	113.664	417.585	73.3114
72 	-20.9127	115.241	541.051	80.0861
73 	-20.9127	113.169	501.142	77.352 
74 	-22.3948	114.848	491.967	76.7145
75 	-22.3948	115.74 	520.75 	81.9644
76 	-23.2666	110.503	509.627	78.6983
77 	-23.2666	113.253	560.392	82.3604
78 	-23.2666	111.684	399.614	76.8133
79 	-23.2666	109.892	432.291	74.2453
80 	-26.8022	108.785	407.265	73.9756
81 	-26.8022	104.555	384.571	69.0008
82 	-26.8022	103.976	366.567	70.2015
83 	-26.8022	104.567	397.098	72.4176
84 	-26.8022	104.011	410.84 	73.6622
85 	-26.8022	102.102	468.729	75.0325
86 	-26.8022	101.08 	467.872	72.1986
87 	-26.8022	98.9652	338.443	63.7353
88 	-26.8022	96.5498	470.244	68.0976
89 	-26.8022	97.0991	410.736	66.0209
90 	-26.8022	96.046 	403.705	67.735 
91 	-26.8022	93.032 	405.46 	63.5254
92 	-26.8022	92.6113	469.566	67.4442
93 	-26.8022	93.2409	359.22 	65.1613
94 	-26.8022	95.1756	359.14 	67.7728
95 	-26.8022	93.7556	393.756	68.5701
96 	-26.8022	90.0787	380.308	62.4196
97 	-26.8022	88.8367	360.991	59.8823
98 	-26.8022	89.5743	360.991	61.2279
99 	-26.8022	89.093 	380.965	60.4518
100	-26.8022	87.7462	320.456	62.7471
101	-26.8022	85.9056	333.822	62.1606
102	-26.8022	82.003 	330.309	58.1858
103	-26.8022	84.536 	547.333	65.4879
104	-26.8022	83.3215	369.845	60.0919
105	-26.8022	83.2503	366.281	59.6339
106	-26.8022	83.8404	365.24 	62.6979
107	-29.5415	81.5646	446.934	57.4362
108	-29.5415	79.8195	353.271	56.0276
109	-29.5415	79.2349	320.742	56.1859
110	-29.5415	79.9019	339.351	58.7416
111	-29.5415	78.0592	364.26 	56.2721
112	-29.5415	75.8867	286.165	49.7974
113	-29.5415	75.7629	247.149	51.6394
114	-29.5415	75.4171	285.662	51.9165
115	-30.2429	74.5914	281.785	54.0599
116	-30.2429	74.8994	327.626	55.8664
117	-30.2429	72.2561	327.626	53.6391
118	-30.2429	72.1301	346.765	53.937 
119	-30.2429	70.7574	250.032	49.325 
120	-30.2429	71.5412	402.053	53.877 
121	-30.2429	69.4254	296.117	50.383 
122	-30.2429	67.2838	296.117	47.9814
123	-32.0011	67.7773	306.53 	50.2862
124	-32.0011	67.0953	290.151	50.1217
125	-32.0011	68.5792	311.875	54.0907
126	-32.0011	67.6433	304.857	50.4793
127	-32.0011	68.1331	282.925	51.3986
128	-32.0011	67.2526	258.708	48.235 
129	-32.0011	67.6198	316.087	50.2554
130	-32.0011	66.7589	282.589	47.9111
131	-32.0011	64.1486	314.257	48.2477
132	-32.0011	63.2768	284.011	47.5397
133	-33.0368	61.3786	259.731	44.0373
134	-33.0368	60.6138	216.34 	42.9765
135	-33.0368	61.2363	269.158	44.4283
136	-33.0368	59.6835	230.033	44.8084
137	-33.0368	59.7313	231.331	44.97  
138	-33.0368	61.1046	230.506	45.1947
139	-33.0368	61.3871	311.782	46.748 
140	-34.8699	59.9299	311.782	44.2417
141	-34.8699	59.7523	248.9  	44.481 
142	-34.8699	58.7021	208.824	42.1536
143	-34.8699	59.3369	210.951	43.7337
144	-34.8699	59.9408	240.132	45.1313
145	-34.8699	58.6809	215.907	41.4481
146	-34.8699	58.118 	209.308	41.0392
147	-34.8699	58.6707	231.923	40.8239
148	-34.8699	56.5165	214.738	39.1496
149	-34.8699	55.3101	193.049	38.376 
150	-34.8699	54.7736	196.974	36.9716
151	-34.8699	55.491 	190.878	37.7116
152	-34.8699	55.3544	235.039	39.9703
153	-34.8699	55.1507	215.478	39.6544
154	-34.8699	54.3803	224.365	38.6765
155	-34.8699	53.6116	211.016	38.8012
156	-34.8699	51.7084	166.09 	35.3387
157	-34.8699	53.2345	225.193	37.0171
158	-34.8699	52.9866	180.571	36.2293
159	-34.8699	52.1195	212.301	35.6741
160	-34.8699	50.8689	190.739	34.1202
161	-34.8699	50.5282	203.338	33.7892
162	-34.8699	51.758 	194.06 	35.6332
163	-34.8699	51.1173	185.928	35.1766
164	-34.8699	51.7643	243.307	36.3298
165	-35.0173	52.4685	180.955	37.3637
166	-35.0173	51.1161	206.134	36.0217
167	-35.0173	50.442 	205.117	35.7031
168	-35.0173	48.9809	195.703	36.3331
169	-35.0173	48.0696	170.892	36.3213
170	-35.0173	47.4378	195.897	34.7268
171	-35.0173	48.3751	198.284	36.5531
172	-35.0173	47.1616	174.662	36.0054
173	-35.0173	46.6493	174.651	34.9466
174	-35.0173	45.6646	177.178	33.9852
175	-35.0173	46.3549	204.564	35.1191
176	-35.0173	45.913 	158.768	34.6657
177	-35.0173	45.8528	158.768	33.1494
178	-35.0173	45.9014	152.478	33.0216
179	-35.0173	46.0176	158.231	34.4281
180	-35.0173	44.6682	173.733	33.3597
181	-35.0173	44.0928	213.29 	32.8202
182	-35.0173	43.2768	177.259	31.5763
183	-35.0173	43.2655	168.784	31.592 
184	-35.0173	42.3994	139.616	32.0163
185	-35.0173	42.494 	156.979	31.6532
186	-35.0173	41.8529	160.852	32.3778
187	-35.0173	41.0761	145.346	30.9004
188	-35.0173	41.5143	164.864	30.6132
189	-35.0173	43.1545	164.588	32.8535
190	-35.0173	41.5818	197.355	31.781 
191	-35.0173	42.022 	159.699	31.5567
192	-35.0173	41.4548	174.752	30.7754
193	-35.0173	41.6799	179.281	31.3498
194	-35.0173	41.4456	176.036	30.7807
195	-35.0173	40.6767	155.022	30.8575
196	-35.0173	40.4119	154.754	30.3752
197	-35.0173	40.5479	154.754	30.8967
198	-35.0173	39.5399	148.833	30.5021
199	-35.0173	39.6809	145.604	30.9491
Result of algorithm run: SUCCESS, 0, 0, -35.017290, 0
