gen	min    	avg   	max    	std    
0  	2602.37	5268.1	12184.9	1312.08
1  	2602.37	5277.89	11888.5	1346.89
2  	2581.74	5258.12	9299.72	1300.4 
3  	2554.58	5183.95	11311.3	1215.84
4  	2554.58	5223.78	11342.2	1392.83
5  	2554.58	5121.3 	9831.41	1263.44
6  	2520.92	5093.28	9722.89	1239.99
7  	2520.92	5058.82	10792.9	1209.27
8  	2520.92	5058.86	10809.1	1264.38
9  	2520.92	5017.15	10503.8	1298.45
10 	2346.32	4979.22	11982.4	1243.9 
11 	2346.32	4975.24	12231.7	1281.21
12 	2346.32	4940.65	12231.7	1285.65
13 	2346.32	4901.7 	12075.4	1255.51
14 	2346.32	4803.89	10357.2	1143.6 
15 	2346.32	4782   	10108.2	1160.32
16 	2327.6 	4735.93	9798.56	1124.61
17 	2327.6 	4733   	9625.76	1146.75
18 	2327.6 	4694.79	9441.4 	1114.53
19 	2280.43	4680.3 	9024.35	1102.1 
20 	2280.43	4642.26	9953.47	1123.41
21 	2280.43	4617.1 	10701  	1104.35
22 	2280.43	4563.61	8211.4 	1021.49
23 	2280.43	4511.62	8285.15	1018.63
24 	2280.43	4550.43	8226.96	1092.4 
25 	2280.43	4500.65	8453.15	1070.62
26 	2271.39	4466.28	7728.95	1024.72
27 	2180.12	4399.19	7555.73	971.086
28 	2180.12	4384.93	7640.81	968.19 
29 	2108.57	4396.75	8797.88	990.989
30 	2108.57	4339.08	8640.46	934.511
31 	2108.57	4303.37	7388.26	912.871
32 	2108.57	4267.07	7120.08	909.269
33 	2037.47	4246.43	8693.13	968.784
34 	1845.66	4226.45	7754.11	918.182
35 	1845.66	4219.37	7237.08	902.047
36 	1845.66	4191.35	7374.74	879.202
37 	1845.66	4189.62	8461.67	925.09 
38 	1845.66	4191.24	7485.63	908.771
39 	1845.66	4184.49	7449.46	938.015
40 	1845.66	4139.67	8244.85	938.396
41 	1845.66	4119.18	7773.02	929.09 
42 	1845.66	4094.04	6882.14	877.658
43 	1845.66	4084.91	7569.69	895.757
44 	1845.66	4081.68	7598.47	909.593
45 	1845.66	4093.86	8314.88	949.069
46 	1845.66	4063.05	8314.88	943.756
47 	1845.66	4033.58	7842.45	938.438
48 	1845.66	3984.38	7287.15	821.172
49 	1845.66	3971.84	7514.5 	834.068
50 	1845.66	3950.57	6485.36	816.447
51 	1845.66	3952.3 	7316.47	832.647
52 	1845.66	3913.11	7543.76	829.765
53 	1845.66	3912.34	7214.11	808.218
54 	1845.66	3858.47	6435.77	732.547
55 	1845.66	3858.41	7064.38	789.863
56 	1845.66	3857.06	8381.04	815.18 
57 	1845.66	3833.59	6848.8 	788.394
58 	1845.66	3809.84	6848.8 	794.093
59 	1845.66	3786.08	6514.06	785.435
60 	1845.66	3773.34	6457.96	768.622
61 	1845.66	3759.27	6736.82	773.985
62 	1845.66	3750.73	6548.46	775.578
63 	1845.66	3731.95	7108.98	764.495
64 	1845.66	3719.2 	6934.43	766.31 
65 	1845.66	3695.22	5946.65	718.977
66 	1845.66	3655.96	6113.23	696.375
67 	1826.32	3627.34	6546.61	713.798
68 	1826.32	3624.7 	6294.16	702.763
69 	1826.32	3621.03	6708.33	734.231
70 	1826.32	3589.78	6423.83	693.535
71 	1826.32	3571.99	6106.37	655.757
72 	1826.32	3549.46	6305.76	642.941
73 	1826.32	3539.68	6433.88	654.961
74 	1826.32	3540.09	5832.52	649.331
75 	1826.32	3518.3 	5859.49	636.854
76 	1826.32	3499.83	6270.22	669.525
77 	1826.32	3480.79	5804.65	636.64 
78 	1826.32	3479.02	5605.16	617.327
79 	1826.32	3472.64	5434.94	599.388
80 	1826.32	3441.58	5708.03	571.765
81 	1826.32	3428.56	5560.97	583.309
82 	1826.32	3419.58	5313.23	571.475
83 	1826.32	3406.79	5439.18	589.846
84 	1824.3 	3394.81	5561.49	597.644
85 	1824.3 	3392.48	5561.49	595.507
86 	1824.3 	3385.32	5667.14	583.755
87 	1824.3 	3368.89	5619.14	576.523
88 	1824.3 	3372.71	5597.61	596.531
89 	1824.3 	3358.93	5304.74	566.972
90 	1824.3 	3350.38	5299.33	569.58 
91 	1824.3 	3319.85	5965.79	542.942
92 	1824.3 	3305.35	5421.02	532.583
93 	1824.3 	3290.06	5988.05	544.371
94 	1824.3 	3286.11	5784.71	542.54 
95 	1824.3 	3283.61	5082.68	526.166
96 	1824.3 	3272.22	5467.14	528.35 
97 	1824.3 	3250.56	5467.14	500.489
98 	1824.3 	3245.6 	4821.24	495.939
99 	1824.3 	3244.51	5003.15	513.925
100	1824.3 	3227.54	4724.41	499.375
101	1824.3 	3221.02	4953.6 	482.448
102	1824.3 	3220.54	4953.6 	504.762
103	1824.3 	3221.37	5248.33	511.512
104	1824.3 	3198.72	4894.79	505.581
105	1824.3 	3201.05	5219.88	492.449
106	1824.3 	3188.41	4992.6 	508.605
107	1824.3 	3167.93	5099.53	474.982
108	1824.3 	3164.63	4985.45	462.927
109	1824.3 	3151.23	4731.22	455.416
110	1824.3 	3146.18	5187.69	479.161
111	1824.3 	3138.41	5373.63	490.219
112	1824.3 	3131.41	5377.56	486.56 
113	1824.3 	3124.67	4944.47	464.117
114	1824.3 	3107.26	4995.48	447.43 
115	1824.3 	3109.08	4563.29	445.399
116	1824.3 	3081.8 	4417.85	415.889
117	1824.3 	3078.35	4943.88	420.334
118	1824.3 	3082.09	4637.49	423.609
119	1824.3 	3076.69	5062.4 	443.151
120	1824.3 	3073.13	4739.03	422.221
121	1824.3 	3064.67	4806.16	436.376
122	1824.3 	3044.79	5219.85	432.665
123	1824.3 	3039.31	4489.71	404.634
124	1824.3 	3037.38	4531.85	415.764
125	1824.3 	3022.61	4456.32	405.341
126	1824.3 	3017.49	4336.21	388.778
127	1824.3 	3003.8 	4553.35	390.618
128	1824.3 	2996.4 	4341.66	386.571
129	1824.3 	2994.93	4229.98	388.947
130	1824.3 	2991.33	4320.3 	394.492
131	1824.3 	2986.52	4352.46	374.728
132	1824.3 	2979.48	4291.81	387.078
133	1824.3 	2976.83	4352.35	398.361
134	1824.3 	2963.05	4243.81	368.842
135	1824.3 	2957.97	4652.61	357.627
136	1824.3 	2953.33	4442.58	377.898
137	1824.3 	2943.28	4140.31	374.194
138	1824.3 	2938.19	4279.62	371.76 
139	1824.3 	2933.23	4559.91	375.716
140	1824.3 	2937.52	4099.16	361.51 
141	1824.3 	2938.28	4202.57	362.36 
142	1824.3 	2931.46	4333.81	355.734
143	1824.3 	2917.3 	4219.61	332.745
144	1824.3 	2914.89	4007.78	342.911
145	1824.3 	2916.69	4255.4 	346.213
146	1824.3 	2907.68	4291.37	350.08 
147	1824.3 	2905.38	4452.06	349.039
148	1824.3 	2909.42	4699.04	369.849
149	1824.3 	2903.97	4490.81	355.15 
150	1824.3 	2898.04	4210.83	332.684
151	1824.3 	2885.06	4278.4 	319.574
152	1824.3 	2880.94	4338.78	314.083
153	1824.3 	2877.13	4636.59	321.488
154	1824.3 	2870.74	4265   	304.709
155	1824.3 	2869.24	4154.55	315.216
156	1824.3 	2874.94	4024.73	330.995
157	1824.3 	2863.7 	4024.73	327.241
158	1824.3 	2854.52	4058.74	324.028
159	1824.3 	2852.94	4069.87	312.555
160	1824.3 	2848.06	3855.66	293.038
161	1824.3 	2842.13	3777.87	294.273
162	1824.3 	2835.12	3806.25	298.19 
163	1824.3 	2830.05	3771.77	300.298
164	1824.3 	2832.94	3999.39	308.788
165	1824.3 	2826.84	4220.63	304.355
166	1824.3 	2820.34	3708.22	287.514
167	1824.3 	2826.23	3831.69	292.299
168	1824.3 	2820.07	3885.84	302.162
169	1780.13	2814.81	3794.4 	296.26 
170	1780.13	2815.06	3746.11	296.039
171	1780.13	2807.11	3917.58	301.042
172	1780.13	2796.24	3897.8 	295.008
173	1780.13	2796.54	3945.57	289.727
174	1780.13	2792.65	3864.31	294.623
175	1780.13	2788.86	3915.46	283.934
176	1780.13	2786.6 	4085.68	280.115
177	1780.13	2785.42	3698.77	266.952
178	1780.13	2779.5 	3647.87	274.383
179	1780.13	2778.41	3865.47	281.396
180	1780.13	2779.97	3750.4 	283.191
181	1780.13	2779.01	3841.2 	281.185
182	1780.13	2770.88	3731.46	280.093
183	1780.13	2773.4 	3844.17	281.069
184	1780.13	2763.27	3897.83	270.213
185	1780.13	2762.65	3677.1 	270.614
186	1780.13	2764.93	3563.25	266.378
187	1780.13	2760.5 	3596.52	264.572
188	1780.13	2761.13	3632.23	267.974
189	1780.13	2753.44	3915.02	268.769
190	1780.13	2750.08	3915.02	278.339
191	1780.13	2747.29	3955.15	276.605
192	1780.13	2741.38	3773.42	270.298
193	1780.13	2735.46	3699.57	265.895
194	1780.13	2737.65	3858.09	262.366
195	1780.13	2732.59	3621.3 	256.831
196	1780.13	2737.47	3623.06	262.687
197	1780.13	2730.44	3541.68	249.793
198	1780.13	2729.83	3541.68	247.329
199	1780.13	2722.34	3349.37	236.935
Result of algorithm run: SUCCESS, 0, 0, 1780.129324, 0
