gen	min   	avg    	max    	std    
0  	2725.1	5349.44	12902.9	1389.09
1  	2725.1	5305.67	10296.8	1326.91
2  	2694.06	5275.7 	11272.1	1334.2 
3  	2694.06	5182.64	9459.03	1267.23
4  	2694.06	5159.37	10190.7	1324.58
5  	2607.09	5087.49	10321.7	1267.91
6  	2607.09	5052.66	9920.2 	1211.5 
7  	2607.09	5035.9 	9847.3 	1163.72
8  	2607.09	5044.83	9894.66	1243.41
9  	2607.09	4992.69	10691.7	1257.33
10 	2607.09	4972.65	10873.4	1259.04
11 	2607.09	4945.91	9408.45	1219.44
12 	2607.09	4909.84	9246.29	1174.89
13 	2607.09	4879.69	9715.85	1158.51
14 	2607.09	4913.86	9882.83	1169.07
15 	2607.09	4856.15	9037.08	1096.67
16 	2607.09	4802.1 	8804.15	1092.64
17 	2471.37	4787.84	11247.8	1134.16
18 	2471.37	4764.17	12632.4	1139.97
19 	2471.37	4770.28	15321.7	1199.99
20 	2471.37	4697.48	10784.4	1112.58
21 	2471.37	4667.25	8328.66	1039.73
22 	2457.83	4661.8 	10490.2	1104.13
23 	2457.83	4612.49	8921.03	1026.81
24 	2446.61	4625.76	8020.33	1009.51
25 	2437.6 	4629.87	8499.35	1008.2 
26 	2402.24	4578.12	8586.02	1025.41
27 	2402.24	4531.71	7981.64	1074.82
28 	2402.24	4500.15	8061.44	1016.68
29 	2402.24	4462.61	7886.01	929.049
30 	2402.24	4443.99	7571.98	943.727
31 	2402.24	4459.79	8083.79	951.441
32 	2402.24	4452.8 	7333.74	959.647
33 	2402.24	4420.59	7311.14	969.844
34 	2402.24	4367.48	8232.65	938.923
35 	2293.61	4346.92	7986.58	929.624
36 	2293.61	4324.07	8101.31	896.575
37 	2293.61	4269.96	7060.54	855.982
38 	2293.61	4268.98	7715.21	921.047
39 	2293.61	4253.3 	9271.63	886.89 
40 	2293.61	4241.45	8403.25	916.215
41 	2293.61	4219.64	7679.29	906.816
42 	2293.61	4161.54	6862.22	831.349
43 	2293.61	4140.43	6532.65	808.848
44 	2293.61	4147.35	6690.25	841.138
45 	2293.61	4138.86	6970.21	844.073
46 	2293.61	4106.9 	7201.93	839.909
47 	2293.61	4080.76	7443.86	854.412
48 	2293.61	4082.24	7977.99	856.2  
49 	2293.61	4080   	8869.46	906.958
50 	2293.61	4057.6 	8409.84	833.788
51 	2184.75	4046.37	7309.41	803.458
52 	2184.75	4024.28	7830.78	859.257
53 	2184.75	4001.82	7986.92	849.666
54 	2184.75	3967.38	7205.82	785.023
55 	2184.75	3940.91	6712.23	770.264
56 	2184.75	3917.7 	6816.44	759.564
57 	2184.75	3875.04	6666.89	747.944
58 	2184.75	3859.52	6462.97	729.189
59 	2098.66	3860.99	6857.8 	742.906
60 	2098.66	3847.14	6906.46	769.04 
61 	2098.66	3811.53	7943.67	761.263
62 	2098.66	3803.47	6562.16	734.237
63 	2044.11	3779.98	6231.48	727.196
64 	2044.11	3754.22	6549.7 	704.759
65 	2044.11	3728.89	6343.87	717.666
66 	2044.11	3727.53	6312.41	704.938
67 	2044.11	3724.97	6933.42	749.974
68 	2044.11	3705.21	6767.24	692.636
69 	2044.11	3698.64	5901.77	661.858
70 	2044.11	3664.99	5899.02	662.483
71 	2044.11	3666.3 	7048.44	676.999
72 	2044.11	3650.52	6147.66	704.845
73 	2044.11	3648.87	6040.28	719.709
74 	2044.11	3622.65	6272.17	668.941
75 	2044.11	3606.86	5819.38	639.583
76 	2044.11	3586.21	6404.08	635.603
77 	2044.11	3566.29	5893.91	638.632
78 	2044.11	3567.94	5928.28	651.486
79 	2044.11	3552.24	6068.6 	627.611
80 	2044.11	3541.09	6068.6 	630.275
81 	2044.11	3508.67	6088.75	632.961
82 	2044.11	3502.57	6088.75	648.521
83 	2044.11	3486.11	5954.65	597.739
84 	2044.11	3482.07	6002.18	602.172
85 	2044.11	3469.48	5686.55	600.103
86 	2044.11	3438.49	5503.03	569.043
87 	2044.11	3438.45	5491.39	549.787
88 	2044.11	3438.8 	5590.71	541.153
89 	2044.11	3438.1 	5593.92	543.01 
90 	2044.11	3431.02	5720.35	556.24 
91 	2044.11	3395.41	5521.78	536.422
92 	2044.11	3379   	5419.92	527.265
93 	2044.11	3367.32	5139.78	530.603
94 	2044.11	3364.06	5219.07	544.251
95 	2044.11	3362.64	4996.16	537.16 
96 	2044.11	3360.42	5262.88	534.01 
97 	2044.11	3358.14	5645.98	550.515
98 	2044.11	3326.94	5250.79	521.476
99 	2044.11	3327.93	5368.77	518.884
100	1986.12	3324.5 	5247.9 	510.894
101	1986.12	3306.41	5436.26	507.154
102	1986.12	3301.28	5247.9 	514.168
103	1986.12	3291.58	5247.9 	476.659
104	1986.12	3284.68	5602.45	486.66 
105	1986.12	3263.94	5707.89	482.545
106	1925.84	3280.38	5097.15	503.17 
107	1925.84	3267.75	5306.91	493.657
108	1925.84	3260.65	4925.59	479.024
109	1925.84	3255.65	5453.63	504.616
110	1925.84	3248.16	6063.25	505.912
111	1925.84	3242.08	5187.24	492.006
112	1925.84	3228.04	5398.49	503.259
113	1925.84	3220.71	4745.85	496.64 
114	1925.84	3201.58	5352.44	474.541
115	1925.84	3196.18	5178.02	448.419
116	1925.84	3191.75	5182.01	476.834
117	1925.84	3174.83	4637.77	463.637
118	1925.84	3173.01	4833.49	477.544
119	1925.84	3166.49	4712.39	449.702
120	1925.84	3150.06	4854.09	435.88 
121	1925.84	3136.47	4687.19	436.121
122	1925.84	3129.47	4562.65	435.687
123	1925.84	3128.78	4880.68	437.866
124	1925.84	3112.35	4848.08	434.179
125	1925.84	3105.47	4524.88	425.014
126	1925.84	3104.19	5120.61	439.307
127	1925.84	3100.57	4729.39	422.785
128	1925.84	3095.8 	4681.61	412.206
129	1925.84	3089.65	4510.58	428.486
130	1925.84	3081.51	4537.8 	421.879
131	1925.84	3061.84	4543.26	409.313
132	1925.84	3060.02	4465.61	397.76 
133	1925.84	3054.84	4309.17	388.641
134	1925.84	3055.26	4501.47	397.46 
135	1925.84	3058.42	4765.65	416.723
136	1925.84	3040.71	4770.04	413.589
137	1925.84	3034.86	4628.8 	404.61 
138	1925.84	3029.41	4559.36	397.961
139	1925.84	3021.09	4521.48	371.69 
140	1925.84	3015.55	4386.85	354.997
141	1925.84	3021.41	4252.9 	361.909
142	1925.84	3014.56	4385.09	376.532
143	1925.84	3014.7 	4209.35	378.111
144	1925.84	2991.68	4411.43	376.603
145	1925.84	2979.74	4242.35	364.208
146	1924.08	2978.88	4290.97	361.097
147	1924.08	2976.77	4417.42	356    
148	1924.08	2978.83	4442.18	381.215
149	1924.08	2962.31	4365.64	361.588
150	1924.08	2971.45	4364.36	365.404
151	1924.08	2952.88	4390.96	375.608
152	1924.08	2957.24	4665   	389.48 
153	1924.08	2946.74	4265.39	359.731
154	1924.08	2938.79	4371.15	359.377
155	1924.08	2935.53	4461.95	359.739
156	1924.08	2930.04	4378.52	344.311
157	1924.08	2923.45	4157.27	341.134
158	1924.08	2920.99	4353.86	347.172
159	1924.08	2921.2 	4289.41	347.554
160	1924.08	2912.23	4141.48	335.449
161	1923.01	2903.12	4071.12	326.509
162	1923.01	2898.96	4339.05	330.602
163	1923.01	2891.18	4192.76	324.342
164	1923.01	2889.22	4011.55	322.843
165	1923.01	2884.7 	4011.55	324.618
166	1923.01	2876.76	4011.55	329.854
167	1923.01	2871.4 	4145.9 	330.893
168	1923.01	2879.67	4184.82	326.017
169	1923.01	2869.99	4206.87	324.568
170	1923.01	2867.22	4382.51	323.985
171	1923.01	2864.73	4270.18	310.305
172	1923.01	2861.79	4076.86	304.729
173	1923.01	2870.73	4025.03	316.207
174	1923.01	2861.27	4038.21	320.738
175	1923.01	2856.79	3905.38	297.232
176	1923.01	2847   	4096.7 	297.124
177	1923.01	2847.17	3683.71	284.431
178	1923.01	2842.18	3757.74	287.072
179	1923.01	2835.44	3743.29	279.114
180	1923.01	2835   	3780.72	288.27 
181	1923.01	2830.9 	3746.58	290.037
182	1923.01	2830.3 	3817.81	293.774
183	1923.01	2828.51	3871.03	309.11 
184	1923.01	2821.42	3753.76	281.257
185	1860.62	2823.84	3568.04	283.728
186	1860.62	2824.23	3863.45	282.176
187	1803.39	2820.22	4041.1 	297.996
188	1803.39	2815.5 	4064.52	286.701
189	1803.39	2807.6 	3762.41	283.651
190	1803.39	2805.45	3686.89	273.06 
191	1803.39	2799.42	3790.02	272.309
192	1803.39	2789.72	3729.24	267.381
193	1803.39	2792.47	3734.3 	271.21 
194	1803.39	2789.5 	3613.68	266.295
195	1803.39	2787.68	3917.19	263.049
196	1803.39	2782.49	3750.26	260.015
197	1803.39	2782.26	3750.26	260.848
198	1803.39	2773.25	3623.72	251.772
199	1803.39	2775.31	3626.03	250.746
Result of algorithm run: SUCCESS, 0, 0, 1803.388759, 0
