gen	min    	avg   	max    	std    
0  	2743.79	5312.5	16895.7	1595.76
1  	2743.79	5216  	19544.3	1495.76
2  	2593.4 	5136.4	11297.6	1282.56
3  	2593.4 	5092.26	9957.27	1298.68
4  	2533.38	5134.11	9852.8 	1283.93
5  	2533.38	5105.28	12940.3	1290.18
6  	2533.38	5085.3 	12940.3	1248.33
7  	2533.38	5001   	12000.9	1235.37
8  	2533.38	4986.81	14154.1	1332.56
9  	2533.38	4953.89	9776.08	1199.81
10 	2533.38	4928.28	9589.89	1176.91
11 	2533.38	4888.91	10024  	1154.07
12 	2533.38	4889.5 	12141.6	1260.7 
13 	2533.38	4813.24	9052.41	1141.47
14 	2533.38	4783.38	9287.43	1180.21
15 	2533.38	4726.66	9423.84	1117.82
16 	2387.8 	4705.29	8620.89	1093.91
17 	2387.8 	4687.25	11427.5	1154.33
18 	2387.8 	4644.94	10085.2	1132.94
19 	2387.8 	4613.18	8805.29	1061.75
20 	2387.8 	4587.07	10964.6	1064.85
21 	2387.8 	4577.4 	9897.01	1072.85
22 	2387.8 	4561.56	9636.06	1101.62
23 	2216.14	4541   	11149  	1109.13
24 	2216.14	4502.17	7949.9 	1032.14
25 	2216.14	4513.59	8135.16	1022.14
26 	2176.5 	4511.58	9153.09	1070.49
27 	2176.5 	4456.59	8714.54	1044.87
28 	2176.5 	4431.33	8116.32	1044   
29 	2176.5 	4406.87	11803.2	1104.27
30 	2176.5 	4373.07	7819.45	981.277
31 	2176.5 	4326.15	7889.24	945.238
32 	2176.5 	4315.08	7830.24	955.672
33 	2176.5 	4277.19	7891.39	944.824
34 	2176.5 	4244.56	7536.79	932.877
35 	2176.5 	4241.49	8192.43	953.841
36 	2176.5 	4218.58	7719.59	954.682
37 	2176.5 	4188.05	7101.71	906.959
38 	2176.5 	4151.11	6863.52	895.584
39 	2176.5 	4125.64	7435.07	900.076
40 	2176.5 	4083.27	7185.09	827.529
41 	2176.5 	4056.19	7673.84	857.341
42 	2176.5 	4065.48	7656.29	871.014
43 	2176.5 	4026.25	6402.53	816.016
44 	2176.5 	4009.4 	6599.91	786.239
45 	2163.86	3978.26	7468.73	804.25 
46 	2163.86	3971.03	7035.46	811.592
47 	2163.86	3962.63	6824.95	823.409
48 	2163.86	3946.39	6543.24	796.095
49 	2163.86	3915.46	6229.01	763.697
50 	2163.86	3898.29	7082.18	762.732
51 	2163.86	3910.85	6813.91	799.429
52 	2163.86	3884.68	7508.77	826.45 
53 	2163.86	3869.07	6475.41	791.344
54 	2163.86	3853.23	7786.24	803.614
55 	2163.86	3819.78	7786.24	792.872
56 	2163.86	3795.27	7846.28	775.478
57 	2161.46	3798.38	6561.03	755.306
58 	2161.46	3811.6 	6840.87	766.976
59 	2143.55	3764.56	6513.59	743.191
60 	2143.55	3756.97	6038.51	749.776
61 	2143.55	3758.23	6381.45	783.729
62 	2053.03	3726.14	7739.9 	759.593
63 	2053.03	3713.58	6528.62	751.471
64 	2053.03	3688.87	6557.14	718.326
65 	2053.03	3694.26	6266.68	726.125
66 	2053.03	3668.86	6524.98	742.534
67 	2053.03	3645.89	6968.69	713.434
68 	2053.03	3634.94	6176.04	677.796
69 	2053.03	3598.31	5755.94	648.607
70 	2053.03	3600.57	5859.41	657.705
71 	2053.03	3603.87	6058.5 	681.928
72 	2053.03	3593.06	6065.35	653.278
73 	2035.43	3561.82	6065.35	639.413
74 	2035.43	3553.54	6255.29	656.34 
75 	2024.36	3535.81	6443.42	652.05 
76 	2024.36	3530.5 	5593.95	635.288
77 	2024.36	3507.29	6556.97	625.741
78 	2024.36	3490.29	5913.83	618.324
79 	2024.36	3478.42	6212.15	603.661
80 	2024.36	3474.69	6200.09	627.852
81 	1987.31	3450.92	5348.48	597.567
82 	1987.31	3427.7 	5377.55	572.395
83 	1978.78	3419.86	5350.72	576.309
84 	1978.78	3417.33	5424.93	578.04 
85 	1978.78	3415.77	5821.37	571.286
86 	1978.78	3409.63	5671.11	590.528
87 	1978.78	3398.88	5576.54	590.519
88 	1978.78	3386.58	5833.08	598.234
89 	1978.78	3365.62	5913.49	588.516
90 	1978.78	3356.83	5747.35	589.455
91 	1978.78	3331.79	5375.76	536.39 
92 	1978.78	3303.27	5128.53	514.473
93 	1978.78	3298.07	5239.53	524.444
94 	1978.78	3292.84	6139.95	543.893
95 	1978.78	3289.96	5411.24	529.364
96 	1978.78	3275.5 	5364.9 	521.866
97 	1978.78	3283.1 	5305.2 	536.389
98 	1978.78	3272.46	5180.53	549.507
99 	1978.78	3252.04	5456.62	520.072
100	1978.78	3240.81	4878.18	506.778
101	1978.78	3235.06	5038.68	497.74 
102	1978.78	3237.2 	5205.18	508.402
103	1978.78	3230.84	5065.63	477.738
104	1978.78	3210.53	5318.54	470.368
105	1978.78	3193.93	5211.24	470.3  
106	1978.78	3182.42	5130.84	462.257
107	1978.78	3172.01	4610.01	439.124
108	1978.78	3184.99	5255.26	466.161
109	1978.78	3169.28	5257.39	467.735
110	1978.78	3157.39	5060.11	452.629
111	1978.78	3132.34	4786.92	431.189
112	1978.78	3130.17	4511.8 	436.254
113	1978.78	3131.27	4578.54	447.236
114	1978.78	3119.14	4808.4 	446.371
115	1978.78	3118.89	4956.57	439.995
116	1978.78	3100.79	4702.39	432.989
117	1978.78	3098.06	4898.66	442.656
118	1978.78	3083.02	4535.11	441.243
119	1978.78	3071.65	4631.79	435.141
120	1929.01	3064.48	4482.58	432.307
121	1888.78	3059.05	4708.43	426.173
122	1888.78	3055.62	4683.23	409.303
123	1888.78	3036.76	4330.41	398.308
124	1888.78	3032.49	4534.7 	388.599
125	1888.78	3035.31	4644.24	400.763
126	1888.78	3031.68	4811.82	418.977
127	1888.78	3033.8 	4918.89	403.853
128	1888.78	3035.79	5195.55	428.485
129	1888.78	3012.37	4404.89	378.458
130	1888.78	3005.6 	4316.35	368.72 
131	1888.78	2994.05	4597.27	360.756
132	1888.78	2996.02	4478.11	371.045
133	1888.78	2984.73	4341.02	363.345
134	1888.78	2981.82	4582.12	393.665
135	1888.78	2975.74	4441.44	381.16 
136	1888.78	2971.25	4414.36	385.314
137	1888.78	2959.14	4311.96	367.356
138	1888.78	2954.73	4366.05	363.398
139	1888.78	2956.38	4267.64	367.627
140	1888.78	2949.13	4536.93	359.883
141	1888.78	2941.7 	4868.37	363.304
142	1888.78	2945.21	4717.77	354.961
143	1888.78	2933.74	4492.01	345.703
144	1888.78	2924.81	4186.28	336.701
145	1887.45	2918.57	4166.48	326.94 
146	1887.45	2926.69	4258.12	336.487
147	1887.45	2925.57	4164.11	348.543
148	1887.45	2915.95	4271.23	349.441
149	1887.45	2921.37	4110.78	342.243
150	1887.45	2915.06	4196.35	341.505
151	1887.45	2911.75	4300.73	349.42 
152	1887.45	2901.41	4283.51	339.82 
153	1887.45	2895.14	3852.09	322.835
154	1887.45	2883.95	3982.43	322.346
155	1887.45	2887.15	3886.24	319.038
156	1887.45	2884.62	3978.01	320.073
157	1887.45	2877.43	4281.56	317.466
158	1887.45	2873.57	3860.79	312.675
159	1887.45	2870.74	3901.27	310.546
160	1887.45	2865.18	3989.69	308.25 
161	1887.45	2864.83	4306.74	305.421
162	1887.45	2861.77	3941.85	312.749
163	1887.45	2855.83	4157.74	308.2  
164	1887.45	2846.45	3985.76	298.277
165	1803.02	2842.72	3762.03	300.101
166	1803.02	2838.74	3755.45	298.547
167	1803.02	2831.47	3848.92	288.233
168	1803.02	2824.45	3796.23	284.189
169	1803.02	2817.57	3876.4 	296.074
170	1803.02	2813.77	3834.38	302.088
171	1803.02	2814.36	3832.99	274.974
172	1803.02	2810.17	3981.66	277.05 
173	1803.02	2807.08	3831.8 	278.431
174	1803.02	2807.08	3906.71	281.714
175	1803.02	2805.54	3852.13	281.599
176	1803.02	2793.25	3721.23	278.453
177	1803.02	2792.91	3693.76	267.75 
178	1803.02	2786.45	3516.14	269.945
179	1803.02	2778.15	3824.44	276.12 
180	1803.02	2780.25	3874.49	277.657
181	1803.02	2772.84	3530.18	269.195
182	1803.02	2775.07	3719.7 	267.533
183	1803.02	2774.66	3644.3 	270.579
184	1803.02	2768.35	3644.3 	272.367
185	1803.02	2761   	3669.93	260.63 
186	1803.02	2756.22	3626.12	259.64 
187	1803.02	2758.82	3596.9 	254.816
188	1803.02	2753.46	3665.01	247.338
189	1803.02	2753.94	3564.54	253.021
190	1803.02	2748.05	3743.87	246.401
191	1803.02	2745.74	3454.68	242.109
192	1803.02	2744.67	3548.98	246.811
193	1803.02	2748.4 	3518.16	247.089
194	1803.02	2748.04	3632.74	249.781
195	1803.02	2743.68	3477.79	245.862
196	1803.02	2738.93	3439.6 	240.206
197	1803.02	2739.79	3408.91	240.658
198	1803.02	2736.68	3538.98	245.462
199	1803.02	2734.44	3539.86	241.585
Result of algorithm run: SUCCESS, 0, 0, 1803.018546, 0
