gen	min    	avg    	max    	std    
0  	105.684	153.074	206.818	16.1536
1  	105.684	151.633	200.025	15.5407
2  	105.684	151.908	206.458	15.8585
3  	105.684	153.279	207.287	15.9067
4  	105.684	151.797	205.487	15.5689
5  	105.684	151.522	198.169	15.7117
6  	105.684	152.375	205.39 	16.1181
7  	105.684	151.552	203.338	15.9261
8  	105.684	152.692	195.268	15.6097
9  	105.684	152.334	205.572	15.8883
10 	105.684	153.105	200.043	16.1106
11 	105.684	151.066	199.931	15.4442
12 	105.684	152.411	203.43 	16.1268
13 	105.684	152.523	201.975	15.6529
14 	105.684	151.587	204.266	15.0421
15 	105.684	152.494	202.185	15.3626
16 	105.684	153.008	193.821	14.3899
17 	105.684	151.515	197.519	15.489 
18 	105.684	151.869	196.442	15.0142
19 	105.684	151.911	210.259	15.8227
20 	105.486	151.715	200.472	15.0834
21 	105.486	153.205	204.7  	15.833 
22 	105.486	151.572	199.668	14.9952
23 	105.486	153.001	200.152	15.8796
24 	105.486	152.503	202.981	15.7573
25 	105.486	153.038	192.126	16.008 
26 	105.486	151.808	208.591	15.0982
27 	105.486	151.783	199.601	15.7239
28 	105.486	152.936	210.876	15.9995
29 	104.945	151.625	205.434	16.2498
30 	104.945	151.743	201.558	15.7231
31 	104.945	151.873	199.86 	15.4223
32 	104.945	152.068	195.757	14.8145
33 	104.945	152.533	202.69 	15.463 
34 	104.945	152.119	191.547	14.5375
35 	104.945	152.901	196.504	15.4088
36 	104.945	151.516	199.853	15.1736
37 	104.945	151.387	200.146	15.9607
38 	104.945	152.68 	195.96 	15.7168
39 	104.945	151.625	207.016	15.736 
40 	104.945	152.204	196.47 	15.8328
41 	104.945	151.618	194.795	15.2076
42 	104.945	151.424	199.235	15.0024
43 	104.945	150.342	210.08 	15.9474
44 	104.945	151.723	196.704	15.4621
45 	104.945	152.89 	206.484	16.5415
46 	104.945	151.915	205.829	15.3477
47 	104.945	152.767	194.549	15.8063
48 	104.945	152.291	208.611	16.238 
49 	104.945	151.613	195.839	15.0153
50 	104.945	151.707	197.968	15.6754
51 	104.945	152.093	200.475	15.9056
52 	104.945	151.887	198.852	16.373 
53 	104.945	152.79 	201.27 	15.7156
54 	104.945	152.661	194.575	14.5648
55 	104.945	152.356	197.513	15.4178
56 	104.945	152.025	203.364	14.7394
57 	104.945	151.657	208.116	16.2516
58 	104.945	151.577	201.093	15.3743
59 	104.945	152.247	203.267	15.4573
60 	104.945	151.586	200.287	15.7961
61 	104.945	151.466	194.417	15.3363
62 	104.945	152.248	196.706	15.1757
63 	104.945	151.664	194.289	14.9494
64 	104.945	153.571	207.889	14.8776
65 	104.945	150.88 	196.558	15.4258
66 	104.945	151.393	208.122	16.5045
67 	104.945	152.296	200.705	15.7451
68 	104.945	151.469	203.038	15.9449
69 	104.945	152.312	215.023	15.8631
70 	104.945	151.787	200.26 	14.9583
71 	104.945	152.07 	203.446	15.3707
72 	104.945	151.649	200.063	14.8433
73 	104.945	152.276	201.981	15.9023
74 	104.945	152.334	203.197	15.6736
75 	104.945	151.926	208.264	16.0878
76 	104.945	151.765	205.94 	15.1994
77 	104.945	151.99 	203.821	15.6543
78 	104.945	152.421	197.079	15.1568
79 	104.945	153.102	197.68 	15.2531
80 	104.945	153.841	197.769	16.3164
81 	104.945	152.777	196.322	15.5504
82 	104.945	152.96 	204.178	15.7636
83 	104.945	151.704	209.594	16.0672
84 	104.945	151.272	195.818	15.3257
85 	104.945	151.082	209.393	15.1396
86 	104.945	152.596	204.773	15.5527
87 	104.945	150.978	199.11 	15.0895
88 	104.945	152.114	206.997	14.8001
89 	104.945	152.442	198.313	15.2052
90 	104.945	151.471	194.734	14.5385
91 	104.945	150.761	198.793	15.2733
92 	104.945	152.237	203.74 	15.9017
93 	104.945	152.383	196.12 	15.6878
94 	104.945	152.24 	200.193	15.2883
95 	104.945	151.874	202.213	15.5495
96 	104.659	152.825	208.331	16.6347
97 	104.659	152.437	205.798	15.429 
98 	104.659	150.885	203.173	15.6557
99 	104.659	151.637	202.043	16.3097
100	104.659	151.215	209.108	15.3332
101	104.659	152.618	198.848	14.8228
102	104.659	151.883	210.181	15.7014
103	104.659	152.289	194.601	14.7544
104	104.659	150.783	200.82 	15.3759
105	104.659	152.633	209.331	15.6349
106	104.659	152.562	207.022	14.7387
107	104.659	153.114	204.184	16.4577
108	104.659	151.833	200.647	15.9974
109	104.659	152.286	193.593	15.2561
110	104.659	152.429	192.944	15.3933
111	104.659	151.103	200.795	16.0405
112	104.659	152.962	210.905	16.2437
113	104.659	152.299	203.548	15.5985
114	104.659	152.116	202.921	15.7989
115	104.659	151.441	207.955	15.1657
116	104.659	153.386	208.903	16.3458
117	104.659	152.456	204.686	16.4468
118	104.659	152.33 	204.714	15.7697
119	104.659	151.87 	203.437	15.3973
120	104.659	152.215	205.36 	15.0443
121	104.659	152.28 	200.402	15.4168
122	104.659	151.034	200.101	14.7662
123	104.659	152.604	197.244	15.6693
124	104.659	152.348	201.665	15.5998
125	104.659	152.482	199.031	15.4549
126	104.659	151.067	196.175	15.175 
127	104.659	152.839	197.22 	15.7643
128	104.659	153.501	195.957	14.8421
129	104.659	150.118	195.584	14.9446
130	104.659	151.198	203.8  	14.7026
131	104.659	151.459	197.962	14.6949
132	104.659	152.469	203.921	16.2156
133	104.659	153.45 	209.862	15.9719
134	104.659	152.44 	208.991	16.1612
135	104.659	151.786	208.291	16.2094
136	104.659	153.016	201.284	16.2603
137	104.659	152.415	202.438	15.7308
138	104.659	152.416	200.545	15.3288
139	104.659	151.667	198.623	14.6948
140	104.659	151.681	197.766	15.0847
141	104.659	151.88 	200.225	14.9736
142	104.659	151.666	198.156	15.6711
143	104.659	151.903	199.925	15.2859
144	104.659	152.125	204.142	15.962 
145	104.659	151.156	199.935	15.5283
146	104.659	150.898	199.777	14.4191
147	104.659	152.131	204.214	16.2151
148	104.659	153.371	202.913	16.0274
149	104.592	152.345	193.345	15.8824
150	104.592	151.01 	206.16 	16.3244
151	104.592	151.858	197.403	15.5755
152	104.592	151.343	194.076	15.1106
153	104.592	151.798	207.512	15.6507
154	104.592	152.054	211.219	15.5624
155	104.592	151.409	190.659	15.3573
156	104.592	151.984	201.589	15.7339
157	104.592	151.18 	191.822	14.8706
158	104.592	152.259	208.324	15.5978
159	104.592	152.206	208.756	16.3899
160	104.592	151.632	201.062	14.8803
161	104.592	151.871	195.26 	14.9181
162	104.592	151.813	199.064	15.4987
163	104.592	151.386	198.929	14.3525
164	104.592	151.612	194.112	14.7088
165	104.592	151.884	198.254	14.8761
166	104.592	151.875	197.351	14.3328
167	104.592	152.38 	194.046	15.2294
168	104.592	153.47 	198.325	16.0462
169	104.592	152.276	206.229	15.3568
170	104.592	151.242	195.368	15.5045
171	104.592	152.149	205.409	16.0072
172	104.592	152.486	205.978	16.3734
173	104.592	151.413	201.53 	15.0151
174	104.592	152.273	196.076	14.8531
175	104.592	151.932	196.018	16.2469
176	104.592	152.903	205.554	15.3905
177	104.592	151.351	203.752	15.2859
178	104.592	151.958	200.554	14.785 
179	104.592	150.945	192.487	14.8814
180	104.592	151.338	218.076	16.2972
181	104.592	151.45 	201.377	15.2595
182	104.592	151.147	201.424	15.2333
183	104.592	152.979	197.508	15.1668
184	104.592	153.66 	196.02 	15.0804
185	104.592	151.778	198.542	16.4433
186	104.592	151.607	194.446	15.8847
187	104.592	151.633	205.14 	15.4283
188	104.592	150.81 	206.022	16.0349
189	104.592	152.949	202.153	15.951 
190	104.592	152.922	197.206	14.9512
191	104.592	151.989	197.206	15.8208
192	104.592	152.28 	200.645	15.9013
193	104.592	151.034	203.922	14.9894
194	104.592	151.272	203.363	15.5712
195	104.592	152.366	208.066	15.7554
196	104.592	152.334	202.265	15.9546
197	104.592	151.87 	213.894	16.1354
198	104.592	151.374	198.859	14.1191
199	103.171	151.625	204.836	15.4059
Result of algorithm run: SUCCESS, 0, 0, 103.171168, 0
