gen	min     	avg    	max    	std   
0  	-1.89355	42.5279	317.235	41.559
1  	-1.89355	41.3433	283.929	38.5995
2  	-1.89355	42.669 	408.534	42.2912
3  	-1.94771	39.4865	290.722	33.4797
4  	-4.59508	39.4993	274.132	35.9351
5  	-4.59508	39.5708	267.081	37.8671
6  	-4.59508	36.6688	232.394	33.9079
7  	-4.59508	37.5431	337.882	34.7182
8  	-4.59508	36.9185	306.29 	37.0224
9  	-4.59508	38.2033	376.691	44.0547
10 	-4.59508	35.5015	282.897	37.3481
11 	-4.59508	35.4855	275.062	35.7685
12 	-4.59508	34.4628	186.098	33.0236
13 	-4.59508	34.7094	240.808	34.9104
14 	-4.59508	33.4554	248.883	35.1331
15 	-4.59508	32.4731	246.134	31.8583
16 	-4.59508	31.5905	224.926	29.5803
17 	-4.59508	30.9897	202.943	28.0523
18 	-4.59508	30.1743	167.144	26.4808
19 	-4.59508	29.9176	185.665	27.3887
20 	-4.59508	28.0721	154.913	25.5233
21 	-4.59508	29.4015	222.543	29.6268
22 	-4.59508	28.6393	235.915	27.7556
23 	-4.59508	26.996 	154.984	23.6264
24 	-4.59508	27.2008	162.59 	24.6104
25 	-5.01236	26.8764	153.789	23.6934
26 	-5.01236	27.1025	207.636	25.4865
27 	-5.01236	25.8932	160.993	24.9555
28 	-6.23893	27.2517	216.468	27.1716
29 	-6.23893	26.5035	213.568	26.5854
30 	-6.23893	25.7888	225.464	26.0591
31 	-6.23893	26.1159	194.591	24.8018
32 	-6.23893	24.8533	163.197	23.6578
33 	-6.23893	22.3822	191.353	22.7252
34 	-6.23893	21.5853	133.698	18.428 
35 	-6.23893	21.0087	141.054	20.5754
36 	-6.23893	20.7786	164.105	20.6184
37 	-6.23893	20.9216	145.642	19.2834
38 	-6.23893	20.1595	109.243	18.1635
39 	-6.23893	21.7977	210.216	23.5948
40 	-6.23893	21.1443	181.92 	21.1797
41 	-6.23893	20.4657	99.0355	18.2648
42 	-6.23893	21.2669	146.9  	21.0535
43 	-6.6656 	20.7748	129.177	20.6402
44 	-6.6656 	19.9453	148.809	20.9382
45 	-6.6656 	19.6791	146.099	19.8173
46 	-6.6656 	19.399 	103.386	18.3951
47 	-6.6656 	19.0012	99.0869	18.0458
48 	-6.6656 	19.1266	137.243	20.3693
49 	-6.6656 	17.946 	121.345	18.1396
50 	-6.6656 	17.483 	171.028	19.0536
51 	-6.6656 	16.5445	130.159	17.6459
52 	-6.6656 	17.3013	185.775	19.7217
53 	-6.6656 	17.1717	129.907	18.0505
54 	-6.6656 	16.5141	129.907	17.2023
55 	-6.6656 	16.557 	124.83 	17.329 
56 	-6.6656 	15.8221	109.909	16.0946
57 	-6.6656 	15.2156	94.6634	15.4201
58 	-6.74742	15.8158	97.2977	17.3768
59 	-6.74742	15.717 	107.282	17.5267
60 	-6.74742	15.4239	120.6  	17.2777
61 	-6.74742	14.8663	104.467	15.7898
62 	-6.74742	14.4094	107.778	15.4006
63 	-7.64819	14.0686	91.9228	14.7994
64 	-7.64819	14.1522	115.444	15.0282
65 	-7.64819	13.5781	85.0399	13.5321
66 	-7.64819	13.3895	79.0145	13.7947
67 	-7.64819	13.0716	74.7641	13.0067
68 	-7.64819	13.0997	101.973	13.7583
69 	-7.64819	12.4621	83.26  	12.2649
70 	-7.64819	12.8877	117.791	15.0661
71 	-7.75096	13.1954	111.119	15.5496
72 	-7.75096	12.7491	83.8572	13.9286
73 	-7.75096	12.5522	90.2142	13.9473
74 	-7.75096	12.0307	101.042	13.9496
75 	-7.75096	11.6629	89.1364	13.5331
76 	-7.75096	10.7758	70.0061	12.0712
77 	-7.75096	10.1378	75.5266	11.4077
78 	-7.75096	10.2536	87.694 	11.6729
79 	-7.75096	9.98099	85.7899	12.3867
80 	-7.75096	10.0265	81.2287	11.2385
81 	-7.75096	10.7397	81.2287	12.2352
82 	-7.75096	9.99573	77.0697	11.773 
83 	-7.75096	9.77654	77.0697	10.9297
84 	-7.75096	9.67389	78.1422	11.0452
85 	-7.75096	9.73706	63.5263	10.974 
86 	-7.75096	8.91915	53.7176	10.0787
87 	-7.75096	8.39808	53.5791	9.71695
88 	-7.75096	8.94552	61.6807	10.8676
89 	-7.75096	8.77845	85.5034	10.6839
90 	-7.75096	8.68218	79.258 	10.3684
91 	-7.75096	8.66393	62.1345	10.3722
92 	-7.75096	8.30658	60.5992	9.95752
93 	-7.75096	7.89139	57.953 	9.614  
94 	-7.75096	8.04529	57.4119	9.76607
95 	-8.00879	7.89568	62.9458	10.271 
96 	-8.11854	7.79889	52.8176	9.55191
97 	-8.11854	7.51537	57.618 	9.67605
98 	-8.11854	7.1133 	65.6895	9.40086
99 	-8.11854	7.34288	53.3373	9.04153
100	-8.11854	7.18307	41.4756	8.74003
101	-8.11854	6.64118	37.3007	8.24454
102	-8.11854	6.50233	53.0851	8.29541
103	-8.11854	6.87341	70.2902	9.67617
104	-8.11854	6.5965 	50.8889	8.45694
105	-8.11854	6.43947	45.9462	8.21895
106	-8.25798	6.24506	43.9633	8.02929
107	-8.25798	6.22865	46.2358	8.21877
108	-8.25798	6.14825	47.9779	8.48536
109	-8.25798	6.28587	51.438 	8.68173
110	-8.25798	5.96851	46.5248	8.46435
111	-9.33325	6.0518 	59.558 	8.79143
112	-9.33325	5.56337	36.5707	7.68044
113	-9.33325	5.48008	44.4368	8.18987
114	-9.33325	5.55781	40.4611	7.70678
115	-9.33325	5.44166	49.0116	7.31109
116	-9.33325	5.48935	43.6401	7.69651
117	-9.33325	5.56739	42.7286	8.31627
118	-9.33325	5.11913	37.2055	7.47764
119	-9.33325	4.82899	35.9409	7.20078
120	-9.33325	5.00115	39.467 	7.43457
121	-9.33325	4.78817	44.6424	7.35588
122	-9.33325	5.16481	37.928 	7.78132
123	-9.33325	4.98807	34.4618	7.61659
124	-9.33325	4.65462	42.5854	7.85279
125	-9.33325	4.79229	48.3343	7.86701
126	-9.33325	4.55837	35.5211	7.42209
127	-9.33325	4.58206	38.8988	7.72562
128	-9.33325	4.48926	36.8912	7.1156 
129	-9.33325	4.3525 	42.6282	6.79404
130	-9.33325	4.36848	50.6635	7.32811
131	-9.33325	4.41683	50.9157	7.82607
132	-9.33325	4.2827 	50.4076	7.78582
133	-9.33325	3.76953	50.4076	6.99132
134	-9.33325	3.57237	34.1226	6.48596
135	-9.33325	3.54398	39.9869	6.88755
136	-9.33325	3.49804	33.0784	6.45256
137	-9.33325	3.44793	36.7842	6.60841
138	-9.33325	3.47074	36.8168	6.42044
139	-9.33325	3.12024	31.2777	6.37445
140	-9.33325	3.33448	34.8453	6.8182 
141	-9.33325	3.25398	31.6497	6.79528
142	-9.33325	2.93294	31.1931	6.30586
143	-9.33325	2.77567	33.0472	5.94425
144	-9.33325	2.77967	38.0661	5.85051
145	-9.33325	2.64662	33.1305	5.94172
146	-9.33325	2.73558	39.4776	5.97256
147	-9.33325	2.82684	40.0718	5.95826
148	-9.33325	2.61387	35.5467	6.21572
149	-9.33325	2.40639	25.6908	5.83424
150	-9.33325	2.17462	26.7159	5.28921
151	-9.33325	2.35535	28.9605	5.61933
152	-9.33325	2.49406	30.0118	5.80534
153	-9.33325	2.38345	23.3511	5.70601
154	-9.33325	2.45118	26.0111	5.56248
155	-9.33325	2.12302	26.039 	5.37192
156	-9.33325	1.89292	21.6497	5.1276 
157	-9.33325	1.80127	33.4502	5.19396
158	-9.33325	1.75882	25.342 	4.93399
159	-9.33325	1.56836	21.855 	5.14331
160	-9.33325	1.43712	28.6003	5.05747
161	-9.33325	1.42339	21.1769	4.9819 
162	-9.33325	1.56701	22.1883	4.83591
163	-9.33325	1.47869	25.8281	4.97121
164	-9.33325	1.76233	24.8493	5.0678 
165	-9.33325	1.78768	19.6802	4.88004
166	-9.33325	1.66152	22.3738	5.24758
167	-9.33325	1.44943	30.0035	5.17089
168	-9.33325	1.61155	27.1152	5.41154
169	-9.33325	1.24257	23.3656	4.96534
170	-9.33325	1.30612	20.5042	4.89862
171	-9.33325	1.61267	29.8598	5.43447
172	-9.33325	1.35943	25.8167	5.01205
173	-9.33325	1.32215	24.7769	4.91208
174	-9.33325	1.34366	19.1488	4.61343
175	-9.33325	1.21794	24.147 	4.79512
176	-9.33325	1.05106	24.7677	4.70484
177	-9.33325	0.910268	20.758 	4.56717
178	-9.33325	0.876614	26.62  	4.67607
179	-9.33325	0.901815	22.577 	4.74786
180	-9.64353	0.882101	23.964 	4.79276
181	-9.64353	0.937908	26.8478	5.02711
182	-9.64353	0.939927	23.9511	4.75794
183	-9.64353	0.814363	28.3595	4.6421 
184	-9.64353	0.781611	22.4996	4.64323
185	-9.64353	0.586521	21.5872	4.43875
186	-9.64353	0.673613	16.4793	4.34502
187	-9.64353	0.488981	16.4338	4.14884
188	-9.64353	0.44021 	22.4301	4.32186
189	-9.64353	0.532678	14.8363	4.24532
190	-9.64353	0.511099	19.6436	4.34682
191	-9.64353	0.428342	16.5765	4.31461
192	-9.64353	0.362319	18.2112	4.07287
193	-9.64353	0.485507	21.7106	4.53506
194	-9.64353	0.566724	25.741 	4.59054
195	-9.64353	0.469557	20.3835	4.58777
196	-9.64353	0.509301	17.8179	4.16362
197	-9.64353	0.504616	17.2671	4.21787
198	-9.64353	0.341712	16.3375	4.15022
199	-9.64353	0.227121	17.9445	4.17789
Result of algorithm run: SUCCESS, 0, 0, -9.643527, 0
