gen	min    	avg    	max    	std    
0  	40.9581	219.942	1260.64	168.363
1  	32.4341	210.424	1315.34	153.758
2  	31.2104	204.545	922.899	140.174
3  	31.2104	202.124	821.664	126.973
4  	31.2104	201.886	884.827	133.459
5  	31.2104	208.394	1332.18	164.322
6  	31.2104	199.168	1095.01	149.83 
7  	31.2104	195.453	1645.44	156.262
8  	30.7301	201.052	1323.83	170.919
9  	27.1106	193.51 	1127.78	152.449
10 	27.1106	197.65 	1258.36	156.306
11 	27.1106	190.71 	1139.5 	139.144
12 	27.1106	189.871	1139.5 	149.778
13 	27.1106	190.326	965.547	143.524
14 	27.1106	182.944	1113.11	135.924
15 	27.1106	181.185	971.342	132.191
16 	27.1106	182.856	971.342	133.987
17 	27.1106	173.194	844.681	110.494
18 	26.8848	168.558	592.821	99.821 
19 	26.8848	170.969	786.389	115.786
20 	26.8848	167.722	907.287	119.317
21 	26.8848	166.685	1284.29	126.172
22 	24.4845	164.034	1071.34	114.357
23 	24.4845	154.976	643.677	94.8627
24 	24.4845	155.535	678.106	98.2322
25 	24.4845	154.494	704.182	101.273
26 	24.4845	152.54 	727.891	98.3104
27 	24.4845	151.325	931.88 	102.301
28 	24.4845	151.381	852.386	105.022
29 	24.4845	145.212	864.816	97.0045
30 	24.4845	143.88 	717.141	94.711 
31 	24.4845	147.143	827.598	98.3814
32 	24.4845	147.208	753.96 	100.004
33 	24.4845	149.892	1007.14	119.346
34 	24.4845	144.125	701.979	99.2138
35 	24.4845	144.904	862.875	103.56 
36 	24.4845	141.446	785.089	96.7134
37 	24.4845	140.714	639.305	91.4253
38 	18.3889	139.017	643.216	93.7338
39 	18.3889	138.127	623.632	94.2199
40 	18.3889	133.673	624.444	96.5998
41 	18.3889	128.949	578.826	80.0914
42 	18.3889	122.41 	424.739	67.9195
43 	18.3889	120.825	397.279	70.0507
44 	18.3889	121.615	608.238	72.228 
45 	18.3889	122    	725.927	77.1355
46 	18.3889	120.099	452.615	71.5276
47 	18.3889	117.221	475.315	66.1423
48 	18.3889	116.703	527.076	70.1533
49 	18.3889	115.522	569.708	70.8182
50 	18.3889	117.798	667.863	78.9145
51 	18.3889	115.355	650.378	76.8405
52 	18.3889	116.091	617.67 	79.5522
53 	18.3889	113.292	595.102	74.8125
54 	18.3889	114.536	631.539	78.2207
55 	18.3889	109.664	454.011	64.6361
56 	18.3889	107.379	424.59 	62.4024
57 	18.3889	106.216	433.257	62.6061
58 	17.3239	106.944	516.099	63.3973
59 	17.3239	108.197	652.786	65.8955
60 	17.3239	109.85 	538.065	71.9573
61 	17.3239	107.369	532.382	66.3618
62 	17.3239	106.818	536.4  	68.1926
63 	17.3239	104.963	548.636	69.19  
64 	17.3239	103.484	442.661	64.7297
65 	17.3239	102.382	414.964	61.75  
66 	17.3239	99.4153	526.091	59.1658
67 	17.3239	98.1982	372.31 	51.5165
68 	17.3239	97.4514	423.741	53.2851
69 	17.3239	93.5637	377.389	50.1245
70 	17.3239	92.5534	355.026	47.9621
71 	17.3239	94.1566	451.028	55.7646
72 	17.3239	93.4709	351.895	51.6612
73 	17.3239	93.3489	312.893	49.74  
74 	17.0271	93.3602	333.835	52.0059
75 	17.0271	89.4466	277.793	46.9154
76 	17.0271	88.4389	250.056	43.3064
77 	17.0271	88.1174	304.668	44.6393
78 	17.0271	87.3351	321.009	44.1246
79 	17.0271	87.4574	415.237	45.2216
80 	17.0271	86.4059	386.509	44.7568
81 	17.0271	86.9575	304.75 	43.0422
82 	17.0271	84.8337	396.118	43.9391
83 	17.0271	83.5429	357.159	42.857 
84 	17.0271	83.7179	313.947	43.5851
85 	17.0271	83.9088	380.408	46.2108
86 	17.0271	82.6345	312.1  	45.0962
87 	17.0271	81.2873	308.411	42.6551
88 	17.0271	80.5584	332.685	41.3073
89 	17.0271	80.5324	400.574	44.593 
90 	17.0271	79.3916	339.965	40.1677
91 	17.0271	78.2899	345.828	39.3716
92 	16.7743	77.6525	291.255	38.1776
93 	16.7743	76.7347	264.314	35.9407
94 	16.7743	76.2738	248.202	35.9903
95 	16.7743	77.1558	269.464	37.6388
96 	16.7743	77.6188	263.81 	37.7418
97 	16.7743	77.6326	263.096	39.5936
98 	16.7743	75.9831	234.037	36.3471
99 	16.7743	76.1279	273.313	37.5421
100	16.7743	77.8981	283.002	40.947 
101	16.7743	76.6288	259.835	37.5302
102	16.7743	75.0545	322.576	37.2347
103	16.7743	74.4473	328.251	37.6599
104	16.7743	73.9704	272.138	35.2311
105	16.7743	73.1474	234.453	32.0904
106	16.7743	71.5521	234.404	32.7545
107	16.7743	70.3153	190.474	29.0051
108	16.7743	71.5743	256.127	33.7754
109	16.7743	69.699 	242.95 	30.6871
110	16.7743	68.6   	202.922	29.7681
111	16.6165	69.2276	198.764	29.7895
112	16.6165	69.1433	214.372	29.3866
113	16.6165	68.3128	232.078	29.8446
114	16.6165	68.4859	231.066	30.1798
115	16.6165	67.4728	199.292	27.3095
116	16.6165	66.9103	191.548	27.3893
117	16.6165	67.4346	226.987	29.8036
118	14.148 	66.7501	215.883	29.3256
119	14.148 	66.1519	214.872	29.1415
120	14.148 	65.3214	205.694	26.8005
121	14.148 	64.8611	165.355	26.7236
122	14.148 	66.8511	187.439	29.1268
123	14.148 	66.183 	208.966	28.0652
124	14.148 	65.4315	188.098	28.9186
125	11.9819	64.1411	191.501	27.6007
126	11.9819	62.8754	157.999	24.6788
127	11.9819	63.7192	182.907	26.4037
128	11.9819	62.2401	167.315	24.3238
129	11.9819	63.1386	173.49 	24.5035
130	11.9819	63.2375	244.516	26.7203
131	11.9819	63.3817	208.784	28.0273
132	11.9819	62.4599	290.04 	27.6531
133	11.9819	61.4852	152.876	24.413 
134	11.9819	61.1743	171.796	23.4172
135	11.9819	61.0566	245.942	24.8627
136	11.9819	61.6556	162.524	23.2824
137	11.9819	61.3757	163.05 	23.7303
138	11.9819	60.8555	161.284	23.4514
139	11.9819	60.3936	155.932	23.3998
140	11.9819	59.8407	163.682	23.4917
141	11.9819	60.0957	192.253	24.3262
142	11.9819	60.3152	149.99 	23.5185
143	11.9819	60.1198	161.482	24.0552
144	11.9819	59.9963	174.456	23.7508
145	11.9819	59.0728	155.436	21.7315
146	11.9819	59.7302	191.385	24.1619
147	11.9819	59.7509	148.775	23.5237
148	11.9819	58.0184	155.439	21.9521
149	11.9819	57.8667	148.376	22.452 
150	11.9819	58.1934	146.736	22.4171
151	11.9819	57.091 	137.499	21.8807
152	11.9819	57.8093	186.917	23.5814
153	11.9819	57.5479	157.991	23.3054
154	11.9819	56.3653	151.741	22.0218
155	11.9819	56.0702	143.015	21.7213
156	11.9819	56.1353	160.29 	21.6549
157	11.9819	56.3391	166.768	22.0176
158	11.9819	56.2783	144.574	19.9781
159	11.9819	56.6467	132.526	19.8463
160	11.9819	55.9239	150.633	19.8343
161	11.9819	56.028 	162.864	20.7979
162	11.9819	55.8253	155.606	20.7439
163	11.9819	55.4648	136.472	19.8623
164	11.9819	55.5997	129.17 	20.1858
165	11.9819	55.6072	152.498	21.5614
166	11.9819	55.8176	138.412	19.7977
167	11.9819	55.2124	143.757	18.5294
168	11.9819	54.4796	125.326	18.3456
169	11.9819	54.5227	132.313	18.8749
170	11.9819	54.4083	128.225	18.424 
171	11.9819	54.2514	162.066	19.0767
172	11.9819	53.0705	131.831	18.4767
173	11.9819	52.6632	146.578	17.8326
174	11.9819	53.5083	172.891	19.4467
175	11.9819	54.0878	124.223	17.9498
176	11.9819	54.1579	130.977	18.5479
177	11.9819	53.7469	128.557	17.8082
178	11.9819	53.7338	122.698	17.3459
179	11.9819	53.4921	123.513	18.4668
180	11.9819	53.6793	131.318	18.5844
181	11.9819	52.9692	112.766	17.3018
182	11.9819	52.9237	118.322	18.1355
183	11.9819	52.6547	118.316	17.6202
184	11.9819	52.2967	125.699	17.4975
185	11.9819	52.1212	125.699	17.197 
186	11.9819	51.3087	112.543	17.0957
187	11.9819	52.1083	122.123	17.3384
188	11.9819	51.7631	128.257	16.7308
189	11.9819	52.307 	109.135	16.0556
190	11.9819	52.18  	110.239	16.6493
191	11.9819	51.9313	117.12 	17.0157
192	11.9819	52.5293	138.758	18.0982
193	11.9819	51.7337	123.978	16.6744
194	11.9819	51.1838	114.423	16.5483
195	11.9819	50.9084	116.86 	16.5528
196	11.9819	51.8316	111.418	15.9906
197	11.9819	50.7092	126.887	16.247 
198	11.9819	50.1057	137.666	16.3466
199	11.9819	50.7147	130.186	15.9953
Result of algorithm run: SUCCESS, 0, 0, 11.981864, 0
