gen	min    	avg    	max   	std    
0  	41.9722	199.336	1527.6	164.808
1  	41.9722	198.192	1318.51	151.791
2  	39.0962	196.636	903.912	139.251
3  	39.0962	192.234	902.71 	129.435
4  	39.0962	189.615	990.326	138.271
5  	36.4569	183.651	799.415	124.759
6  	36.4569	189.716	1517.04	144.524
7  	36.4569	185.213	1059.92	136.845
8  	36.4569	182.076	978.489	131.634
9  	36.4569	180.696	810.195	126.288
10 	36.4569	174.649	976.049	123.782
11 	36.4569	173.874	909.198	119.205
12 	26.0219	173.505	769.835	117.472
13 	26.0219	166.129	773.311	112.042
14 	26.0219	160.861	683.034	100.628
15 	20.5735	157.859	660.33 	97.5642
16 	20.5735	159.737	702.865	101.674
17 	20.5735	160.281	688.267	97.8324
18 	20.5735	153.125	478.851	86.5021
19 	20.5735	152.651	917.023	101.359
20 	20.5735	156.558	824.134	112.066
21 	20.5735	151.954	658.483	96.3148
22 	20.5735	149.087	566.792	93.6523
23 	20.5735	151.757	956.799	104.608
24 	20.5735	153.586	610.816	101.695
25 	20.5735	145.079	679.18 	91.4501
26 	20.5735	147.538	740.62 	94.8949
27 	20.5735	151.411	691.444	101.088
28 	20.5735	149.983	600.471	98.761 
29 	20.5735	145.438	852.543	100.465
30 	20.5735	140.761	811.887	100.115
31 	20.5735	143.795	791.836	108.525
32 	20.5735	137.343	742.581	88.3876
33 	20.5735	136.376	722.197	92.6562
34 	20.5735	135.59 	818.372	91.9808
35 	19.1718	134.209	784.412	86.5887
36 	19.1718	129.103	784.412	82.9743
37 	19.1718	129.138	765.658	88.3914
38 	19.1718	125.979	601.362	80.2109
39 	19.1718	123.04 	713.275	79.6832
40 	18.778 	122.205	587.833	75.2465
41 	18.778 	120.303	528.939	72.292 
42 	18.778 	122.083	619.689	80.0125
43 	18.778 	116.715	468.016	67.0759
44 	18.778 	117.152	510.184	69.7213
45 	18.778 	116.917	474.084	73.2715
46 	18.778 	115.911	528.758	76.4359
47 	18.778 	116.513	497.059	74.4127
48 	18.778 	116.57 	535.291	70.4236
49 	18.778 	112.293	552.475	66.1432
50 	18.778 	111.046	456.934	64.4177
51 	18.778 	110.456	554.675	69.5201
52 	18.778 	111.724	443.06 	62.9564
53 	16.2453	110.095	508.753	64.4496
54 	16.2453	105.586	413.477	57.5426
55 	16.2453	103.583	437.701	57.0359
56 	16.2453	104.467	359.51 	55.9172
57 	16.2453	102.646	366.39 	55.5379
58 	16.2453	101.021	414.028	55.282 
59 	16.2453	101.577	404.752	57.2845
60 	16.2453	103.135	437.714	59.6081
61 	16.2453	100.154	508.042	55.7883
62 	16.2453	99.4592	366.792	52.2823
63 	16.2453	97.483 	490.972	53.4329
64 	16.2453	99.0057	464.961	58.3864
65 	16.2453	97.6643	408.65 	54.4725
66 	16.2453	97.3961	412.375	57.4782
67 	16.2453	94.9338	372.413	52.0589
68 	16.2453	95.1518	361.127	52.6371
69 	16.2453	93.9412	302.853	48.8599
70 	16.2453	95.5122	339.593	54.3081
71 	16.2453	94.1117	405.695	54.4409
72 	16.2453	93.4524	523.923	56.4926
73 	16.2453	92.2018	482.383	55.5963
74 	16.2453	89.4681	293.428	44.9468
75 	16.2453	89.1201	313.218	46.5199
76 	16.2453	87.0538	285.825	45.5484
77 	16.2453	87.6873	484.867	50.7383
78 	16.2453	87.1424	436.671	49.1338
79 	16.2453	85.8591	415.665	47.7097
80 	16.2453	83.8986	322.744	44.2196
81 	16.2453	85.1734	311.172	46.3671
82 	16.2453	84.0841	273.743	42.0256
83 	16.2453	80.2155	242.125	36.095 
84 	16.2453	82.6253	301.222	42.5754
85 	16.2453	81.6602	331.211	42.5637
86 	16.2453	81.7174	424.787	46.0268
87 	16.2453	80.5672	314.546	40.6806
88 	16.2453	77.6754	278.177	37.2551
89 	16.2453	77.4483	250.009	34.5017
90 	16.2453	77.1142	232.061	34.3646
91 	16.2453	78.6583	251.023	38.0236
92 	16.2453	77.905 	292.158	40.3806
93 	16.2453	76.1875	272.029	38.4043
94 	14.742 	76.8138	286.793	39.8392
95 	14.742 	75.1153	315.395	35.6596
96 	14.742 	75.4937	315.395	39.3641
97 	14.742 	74.4078	241.613	35.1808
98 	14.742 	74.3074	233.858	33.8392
99 	14.742 	73.3427	220.507	35.5316
100	12.4874	72.3903	198.049	31.1043
101	12.4874	71.6554	262.359	33.2434
102	12.4874	73.2311	314.595	40.0097
103	12.4874	73.8604	401.077	39.853 
104	12.4874	71.0128	232.615	32.4018
105	12.4874	69.2157	237.817	31.3027
106	12.4874	68.0834	198.311	28.8285
107	12.4874	69.5143	233.388	32.0271
108	12.4874	70.6075	194.507	31.2834
109	12.4874	68.3962	223.537	29.7024
110	12.4874	68.0099	205.708	30.4697
111	12.4874	67.8065	258.741	33.2399
112	12.4874	66.8447	224.726	30.1502
113	12.4874	65.6293	215.526	28.3267
114	12.4874	65.2622	197.902	29.0304
115	12.4874	65.2811	226.339	28.574 
116	12.4874	64.8316	216.139	30.555 
117	12.4874	64.7078	193.053	28.5491
118	12.4874	65.4917	236.207	32.2973
119	12.4874	64.4886	227.049	29.3578
120	12.4874	64.5666	216.32 	29.5715
121	12.4874	63.1481	175.21 	27.1852
122	12.4874	63.0562	226.798	27.9511
123	12.4874	63.402 	234.32 	27.7964
124	12.4874	63.3786	256.806	30.1748
125	12.4874	63.4092	261.056	30.7905
126	12.4874	63.5327	265.868	30.0229
127	12.4874	62.2266	227.793	28.4492
128	12.4874	62.5942	195.202	26.9517
129	12.4874	61.3183	181.033	25.0085
130	12.4874	61.2609	188.338	26.9401
131	12.4874	60.962 	172.195	26.0129
132	12.4874	60.0087	154.312	23.9903
133	12.4874	59.56  	186.837	24.127 
134	12.4874	58.9647	189.332	25.5634
135	12.4874	59.5689	205.56 	25.3781
136	12.4874	59.9491	247.829	25.9133
137	12.4874	60.0721	191.643	24.5524
138	12.4874	59.4149	164.199	24.5763
139	12.4874	58.2857	177.972	22.5317
140	12.4874	59.0737	176.137	23.5646
141	12.4874	58.4021	170.686	23.2159
142	12.4874	57.5963	156.432	22.797 
143	12.4874	56.9407	142.836	20.712 
144	12.4874	56.6915	143.442	20.5088
145	12.4874	55.4611	132.159	19.9411
146	12.4874	55.9524	132.159	20.1229
147	12.4874	57.0289	152.545	21.913 
148	12.4874	57.7439	166.322	23.2819
149	12.4874	57.2699	141.815	21.6659
150	12.4874	56.4187	131.775	20.498 
151	12.4874	56.5957	157.528	22.7952
152	12.4874	57.0739	181.81 	23.7289
153	12.4874	55.8569	206.753	22.9598
154	12.4874	55.2353	188.265	22.8116
155	12.4874	55.067 	177.455	23.008 
156	12.4874	54.7224	169.169	22.0756
157	12.4874	54.2396	168.071	21.0902
158	12.4874	54.5482	151.291	20.7628
159	12.4874	54.2984	151.291	19.85  
160	12.4874	53.923 	150.135	20.4564
161	12.4874	53.1534	145.541	18.8795
162	12.4874	53.9113	169.767	20.8441
163	12.4874	53.2109	156.375	20.3111
164	12.4874	54.0183	127.813	20.6006
165	12.4874	53.5405	132.206	20.3029
166	12.4874	53.1249	137.371	19.5064
167	12.4874	52.1784	125.765	19.2059
168	12.4874	52.3215	125.135	19.0101
169	12.4874	51.9422	156.669	18.8371
170	12.4874	52.87  	156.776	19.1386
171	12.4874	52.2225	162.026	20.1653
172	12.4874	52.2108	135.305	19.8026
173	12.4874	51.9401	142.442	18.8812
174	12.4874	51.2128	123.649	18.6506
175	12.4874	50.9859	127.156	18.5469
176	12.4874	50.981 	117.602	18.1848
177	12.4874	50.1403	112.621	16.8824
178	12.4874	49.8113	124.934	17.3386
179	12.4874	50.3611	130.813	18.1183
180	12.4874	50.1104	125.734	17.7553
181	12.4874	50.0455	126.284	16.8712
182	12.4874	49.8414	127.349	17.0234
183	11.6548	50.0915	118.748	17.0639
184	11.6548	49.7576	108.252	16.481 
185	11.1649	49.8658	121.065	16.1373
186	11.1649	50.0559	127.523	16.9916
187	11.1649	49.6413	134.04 	17.9305
188	11.1649	49.2336	125.819	16.778 
189	11.1649	49.3614	97.9763	14.9964
190	11.1649	48.7085	105.484	16.1358
191	11.1649	49.3143	118.144	16.2016
192	11.1649	48.4757	119.024	15.7103
193	11.1649	48.6841	101.072	15.9726
194	11.1649	47.7684	108.455	14.9689
195	11.1649	47.9256	116.217	14.8925
196	11.1649	48.0584	106.983	15.3918
197	11.1649	48.4173	105.774	15.6793
198	11.1649	47.8473	112.942	15.4536
199	11.1649	47.8572	117.733	14.9608
Result of algorithm run: SUCCESS, 0, 0, 11.164919, 0
