gen	min    	avg    	max    	std   
0  	49.3681	215.427	1704.21	178.16
1  	37.1592	210.36 	1495.29	166.397
2  	37.1592	200.978	1468.74	155.736
3  	37.1592	194.96 	1146.13	151.171
4  	37.1592	189.13 	1081.35	129.814
5  	37.1592	190.959	1027.86	146.76 
6  	32.6594	189.398	983.612	131.056
7  	32.5821	188.788	959.967	134.53 
8  	32.5821	182.521	709.176	116.357
9  	31.7815	182.682	1028.17	130.197
10 	31.7815	177.928	970.919	131.442
11 	31.7815	173.169	1033.59	126.982
12 	30.5923	174.067	1149.92	137.906
13 	30.5923	169.928	991.228	129.273
14 	30.5923	167.572	938.009	117.081
15 	30.5923	164.827	848.036	118.177
16 	30.5923	170.323	1037.37	130.291
17 	30.5923	168.08 	1037.37	127.417
18 	30.4864	164.433	1059.99	127.728
19 	30.4864	162.675	1012.54	120.83 
20 	29.5276	159.338	716.725	114.165
21 	29.5276	158.41 	1009.05	118.268
22 	29.5276	157.21 	816.358	108.339
23 	29.5276	153.343	770.471	102.219
24 	26.058 	152.323	1305.71	108.455
25 	26.058 	152.618	825.1  	98.4731
26 	26.058 	157.361	765.923	116.024
27 	26.058 	154.114	1345.55	118.656
28 	26.058 	146.382	761.842	98.998 
29 	26.058 	145.077	959.556	97.4443
30 	26.058 	142.162	782.5  	91.7603
31 	26.058 	139.309	651.237	86.3292
32 	26.058 	137.631	627.877	84.8308
33 	26.058 	137.431	735.614	87.8101
34 	26.058 	134.585	598.092	87.5688
35 	26.058 	138.448	662.859	90.3988
36 	26.058 	139.535	709.639	88.1854
37 	26.058 	134.34 	591.837	86.3701
38 	21.8165	132.827	542.295	76.7836
39 	19.1295	126.799	476.771	72.9563
40 	19.1295	124.936	576.376	77.1755
41 	19.1295	125.657	739.622	79.1576
42 	19.1295	122.362	486.632	68.8103
43 	19.1295	125.615	491.218	77.1778
44 	19.1295	122.335	531.097	75.0068
45 	19.1295	119.247	429.38 	67.4344
46 	19.1295	119.824	437.571	68.9238
47 	19.1295	118.546	630.479	75.6889
48 	19.1295	120.698	479.268	75.6991
49 	19.1295	117.211	907.381	77.6913
50 	19.1295	117.174	483.694	72.1641
51 	19.1295	118.121	544.096	76.0947
52 	19.1295	119.34 	750.675	81.1257
53 	19.1295	112.692	544.256	69.8879
54 	19.1295	109.997	476.66 	67.1366
55 	19.1295	109.835	516.968	65.8943
56 	19.1295	110.248	406.545	63.3843
57 	19.1295	108.361	356.451	62.4778
58 	19.1295	110.489	461.509	66.6177
59 	19.1295	108.05 	533.939	66.5078
60 	19.1295	104.574	420.718	58.7278
61 	19.1295	102.39 	366.991	53.8804
62 	19.1295	104.107	420.488	55.9567
63 	19.1295	102.569	403.463	54.3689
64 	19.1295	101.727	477.946	55.793 
65 	19.1295	103.593	503.309	61.2048
66 	19.1295	105.431	472.696	68.2032
67 	19.1295	106.331	717.557	71.229 
68 	19.1295	103.283	517.037	70.3367
69 	19.1295	97.5188	427.382	57.4265
70 	19.1295	98.6437	428.935	58.015 
71 	19.1295	94.8122	410.339	53.2774
72 	19.1295	98.1543	410.339	57.2738
73 	19.1295	94.1864	348.626	52.1131
74 	19.1295	91.6922	348.626	48.4985
75 	19.1295	91.8467	400.345	50.8782
76 	19.1295	90.141 	373.371	47.7469
77 	19.1295	89.7658	373.371	44.8228
78 	19.1295	89.8018	393.764	48.0056
79 	19.1295	89.6288	322.67 	48.5566
80 	19.1295	89.5169	427.221	49.1609
81 	19.1295	89.2694	355.865	52.3723
82 	19.1295	87.2366	380.035	47.3585
83 	19.1295	87.3491	417.129	47.8547
84 	19.1295	88.1731	310.929	48.2756
85 	16.9456	87.0675	355.625	46.2214
86 	16.9456	85.2594	274.428	43.6891
87 	16.9456	84.8858	381.435	48.5653
88 	16.9456	82.3068	344.476	45.7618
89 	16.9456	82.6001	335.879	46.2585
90 	16.9456	82.1572	300.096	44.3632
91 	14.198 	79.9048	348.195	42.8284
92 	14.198 	79.0989	270.276	37.6503
93 	14.198 	79.6846	233.738	39.6802
94 	14.198 	80.1646	255.362	39.4813
95 	14.198 	77.9785	272.535	36.3965
96 	14.198 	77.5332	254.127	36.1291
97 	14.198 	77.248 	293.736	35.9433
98 	14.198 	77.9048	225.095	34.7902
99 	14.198 	77.2857	299.697	37.1791
100	14.198 	75.8525	233.475	34.3629
101	14.198 	74.9463	231.018	34.4898
102	14.198 	74.9807	295.562	35.6131
103	14.198 	75.601 	251.738	37.2363
104	14.198 	75.1786	256.394	38.4177
105	14.198 	74.6846	281.808	38.2955
106	14.198 	72.5829	236.672	34.9193
107	14.198 	72.8302	288.258	35.8124
108	14.198 	72.8182	262.096	34.6008
109	14.198 	71.813 	329.658	31.407 
110	14.198 	71.5466	239.166	31.8778
111	14.198 	70.5972	244.526	32.6525
112	14.198 	70.5871	306.729	35.2599
113	14.198 	70.7206	334.251	33.1897
114	14.198 	70.7922	238.02 	31.9514
115	14.198 	71.2631	231.572	33.0377
116	14.198 	70.8947	265.492	34.0536
117	14.198 	69.8175	214.089	30.9531
118	14.198 	68.4928	225.515	29.4843
119	14.198 	67.4761	191.201	27.7476
120	14.198 	67.063 	248.047	30.1173
121	14.198 	66.6183	182.684	27.5694
122	14.198 	65.477 	180.223	26.7833
123	14.198 	66.0752	229.446	29.2782
124	14.198 	66.0798	187.833	28.0783
125	14.198 	65.7723	204.992	28.9229
126	14.198 	65.3385	216.929	29.0347
127	14.198 	65.0257	215.584	28.478 
128	14.198 	64.5507	194.863	26.8826
129	14.198 	66.1276	206.793	28.979 
130	14.198 	65.9153	192.716	27.8385
131	14.198 	63.4821	154.769	24.8079
132	14.198 	64.7271	175.976	26.3439
133	14.198 	63.4587	180.358	25.7191
134	14.198 	62.9919	218.884	27.3886
135	14.198 	63.4452	201.456	25.4346
136	14.198 	63.0238	207.169	27.1681
137	13.4895	62.8485	225.733	26.2526
138	13.4895	62.1051	180.489	24.6748
139	13.4895	61.3847	177.004	24.5616
140	13.4895	61.3394	178.44 	24.6638
141	13.4895	60.8886	163.161	23.3419
142	13.4895	59.9847	157.821	23.1046
143	13.4895	59.8575	175.656	23.8048
144	13.4895	59.1044	174.205	23.6729
145	13.4895	59.249 	160.947	22.828 
146	13.4895	59.6511	174.313	24.1841
147	13.4895	59.4662	198.208	24.0775
148	13.4895	58.5781	203.678	24.0536
149	13.4895	58.9687	186.439	22.7608
150	13.4895	58.5969	207.482	23.8261
151	13.4895	57.497 	141.835	21.2954
152	13.4895	57.6284	176.629	22.5487
153	13.4895	57.8447	227.655	22.1416
154	13.4895	57.1151	194.174	23.7802
155	13.4895	57.6097	178.087	22.4933
156	13.4895	56.9829	166.27 	22.3939
157	13.4895	57.1252	176.324	22.8432
158	13.4895	56.4412	161.012	21.0283
159	13.4895	56.3743	166.067	22.2064
160	13.4895	56.375 	158.861	21.6739
161	13.4895	56.3324	149.571	20.7915
162	13.4895	56.0141	157.098	20.805 
163	13.4895	55.932 	147.494	21.0798
164	13.4895	55.7668	144.01 	20.8836
165	13.4895	54.8178	147.426	20.4585
166	13.4895	53.9843	133.601	19.2517
167	13.4895	53.3166	130.467	18.6677
168	13.4895	54.026 	125.701	19.7432
169	13.4895	53.1946	153.582	18.5041
170	13.4895	53.8205	127.68 	18.4282
171	13.4895	52.7328	160.268	19.0385
172	13.4895	53.824 	129.485	19.4505
173	13.4895	53.5041	126.134	19.1691
174	13.4895	53.8261	128.91 	18.683 
175	13.4895	52.5729	122.183	17.7429
176	13.4895	51.948 	113.994	16.7515
177	13.4895	51.8528	127.831	17.5521
178	13.4895	51.8154	118.028	17.5363
179	13.4895	51.305 	123.911	16.6699
180	13.2657	51.2854	109.109	16.831 
181	13.2657	50.9837	113.383	16.6774
182	13.2657	51.2747	114.319	16.9577
183	13.2657	51.5826	119.042	17.191 
184	13.2657	51.4221	114.756	17.3814
185	13.2657	51.4662	123.978	17.0725
186	13.2657	51.0895	112.769	17.2777
187	13.2657	50.6786	126.642	16.9516
188	13.2657	49.96  	116.936	16.7399
189	12.9428	50.6819	129.814	17.9106
190	12.9428	50.0827	138.683	16.3311
191	12.4424	49.818 	120.257	17.0108
192	12.4424	49.8192	127.544	18.5843
193	12.4424	50.0313	127.775	18.7175
194	12.4424	49.3522	124.82 	17.2987
195	12.4424	49.571 	123.582	17.2292
196	12.4424	49.0874	114.256	15.4628
197	12.4424	49.2055	111.236	15.6511
198	12.4424	49.5152	125.884	16.7616
199	12.4424	49.1262	109.913	16.6369
Result of algorithm run: SUCCESS, 0, 0, 12.442382, 0
