gen	min    	avg    	max    	std    
0  	36.5952	218.195	1622.87	187.302
1  	34.4681	208.166	1309.58	155.548
2  	31.0811	199.994	1415.58	145.4  
3  	31.0811	204.477	1272.64	154.561
4  	31.0811	205.53 	1290.48	162.474
5  	22.4707	198.092	1290.48	145.422
6  	22.4707	196.306	1286.55	151.514
7  	22.4707	190.577	1091.16	140.376
8  	22.4707	185.957	1073.17	133.109
9  	22.4707	184.554	1342.77	139.723
10 	22.4707	181.511	942.968	127.827
11 	22.4707	180.822	775.848	120.413
12 	22.4707	179.576	889.168	126.369
13 	22.4707	179.341	736.303	119.625
14 	22.4707	174.6  	684.603	117.292
15 	22.4707	169.346	780.985	114.308
16 	22.4707	172.564	826.23 	114.64 
17 	22.4707	171.825	867.626	114.857
18 	22.4707	168.025	694.037	107.099
19 	22.4707	164.698	838.795	109.458
20 	22.4707	160.992	988.25 	112.469
21 	22.4707	155.177	915.358	106.333
22 	22.4707	151.784	608.186	91.7841
23 	22.4707	153.904	833.298	99.7187
24 	22.4707	152.148	607.46 	91.5248
25 	22.4707	150.427	585.717	92.8959
26 	22.4707	147.078	696.357	91.405 
27 	22.4707	146.505	850.487	96.9177
28 	22.4707	142.682	603.014	86.6033
29 	22.4707	141.263	595.397	84.4949
30 	22.4707	141.738	777.388	91.0221
31 	22.4707	143.229	628.223	89.7805
32 	22.4707	139.749	651.672	90.4684
33 	22.4707	144.067	669.512	102.088
34 	22.4707	146.012	802.27 	104.645
35 	22.4707	142.279	640.767	91.0821
36 	22.4707	136.576	521.913	84.4503
37 	22.4707	138.807	513.244	87.7878
38 	22.4707	133.51 	625.395	91.0408
39 	22.4707	133.528	609.664	89.4825
40 	22.4707	130.603	613.406	80.7684
41 	22.4707	128.401	552.004	79.4285
42 	22.4707	134.094	464.966	83.2348
43 	22.4707	125.869	664.719	79.659 
44 	22.4707	125.759	664.719	78.5303
45 	22.4707	121.819	451.144	69.2315
46 	22.4707	126.218	636.722	82.8565
47 	22.4707	123.314	567.217	76.7443
48 	22.4707	120.902	589.347	70.9553
49 	22.4707	121.372	589.347	75.6143
50 	17.4192	122.736	603.563	75.7749
51 	17.4192	117.641	675.697	73.8491
52 	17.4192	114.761	709.027	72.583 
53 	17.4192	112.746	495.257	66.8609
54 	17.4192	109.238	394.413	58.7986
55 	17.4192	109.267	551.427	63.039 
56 	17.4192	108.01 	513.757	65.8272
57 	17.4192	108.926	513.757	69.1675
58 	17.4192	109.278	553.138	73.4269
59 	17.4192	108.499	495.651	72.8171
60 	17.4192	103.56 	426.216	59.1585
61 	17.4192	98.6851	398.84 	53.4116
62 	17.4192	100.23 	422.474	56.6689
63 	14.3627	99.3944	474.947	56.8544
64 	14.3627	101.981	444.508	58.8574
65 	14.3627	103.651	506.859	64.2127
66 	14.3627	98.6157	437.369	56.0647
67 	14.3627	99.4026	397.786	56.3622
68 	13.7492	101.314	438.039	60.5458
69 	13.7492	101.775	426.769	60.0181
70 	13.7492	101.872	456.357	62.7091
71 	13.7492	98.8799	403.801	60.0662
72 	13.7492	98.5389	367.145	60.1966
73 	13.7492	96.6111	386.719	56.2819
74 	13.7492	92.6576	335.302	48.427 
75 	13.7492	92.3457	369.691	50.2261
76 	13.7492	94.3783	471.865	54.467 
77 	13.7492	93.633 	465.642	56.0852
78 	13.7492	92.6683	362.381	56.2305
79 	7.94154	90.2537	391.198	50.8117
80 	7.94154	89.5592	347.563	48.9204
81 	7.94154	88.0457	306.815	46.5075
82 	7.94154	88.5378	328.586	45.9248
83 	7.94154	87.1992	308.27 	45.8372
84 	7.94154	86.1835	357.825	44.8754
85 	7.94154	84.1143	332.131	42.9848
86 	7.94154	83.6539	292.711	41.5866
87 	7.94154	82.8776	541.922	47.385 
88 	7.94154	79.9906	367.883	42.3298
89 	7.94154	78.5468	263.268	38.6263
90 	7.94154	79.5807	321.016	38.6003
91 	7.94154	76.21  	314.923	38.6575
92 	7.94154	77.589 	326.165	39.1792
93 	7.94154	75.8374	238.286	35.1263
94 	7.94154	77.9351	238.756	36.3552
95 	5.78891	77.0949	209.843	35.5887
96 	5.78891	76.559 	228.456	36.9669
97 	2.97301	76.5853	283.454	41.8598
98 	2.97301	76.3802	282.046	40.7205
99 	2.97301	75.1297	368.134	40.6128
100	2.97301	74.2387	316.211	37.9231
101	2.97301	74.6971	256.694	37.3678
102	2.97301	74.3036	232.669	37.5026
103	0.813821	72.8657	245.279	35.237 
104	0.813821	71.5643	322.81 	37.2927
105	0.813821	70.7339	251.139	35.5016
106	0.813821	70.2538	315.601	33.7422
107	0.813821	69.9053	280.772	35.8055
108	0.813821	70.6129	239.661	35.3507
109	0.813821	70.3639	238.415	36.0056
110	0.813821	70.6508	219.648	34.8974
111	0.813821	68.7692	216.203	31.0756
112	0.813821	66.4486	246.855	30.867 
113	0.813821	66.2809	264.665	29.8008
114	0.813821	65.6045	202.585	29.5194
115	0.813821	65.2884	260.367	30.9382
116	0.813821	65.5275	222.179	30.6632
117	0.813821	65.7362	197.519	28.5794
118	0.813821	65.6886	182.784	28.6489
119	0.813821	65.3752	190.325	28.8788
120	0.813821	64.9436	266.606	30.9369
121	0.813821	64.6145	183.19 	27.6614
122	0.813821	64.0694	194.057	27.5333
123	0.813821	62.2667	214.207	25.7221
124	0.813821	62.3029	187.291	25.1453
125	0.813821	62.5482	229.469	27.1687
126	0.813821	61.6464	225.185	25.6354
127	0.813821	61.8307	157.79 	24.9802
128	0.813821	61.9911	182.25 	26.5215
129	0.813821	62.1704	191.994	27.2125
130	0.813821	61.4685	190.35 	27.0891
131	0.813821	60.3393	192.189	25.5782
132	0.813821	59.9111	184.343	25.1008
133	0.813821	59.3844	163.512	23.9044
134	0.813821	58.854 	154.964	24.9907
135	0.813821	58.8643	188.972	25.1775
136	0.813821	58.3311	134.299	23.2612
137	0.813821	57.7421	200.421	25.2974
138	0.813821	57.7199	175.092	23.4995
139	0.813821	57.2974	147.326	22.7275
140	0.813821	57.1814	160.188	22.8919
141	0.758114	57.5817	187.402	23.0292
142	0.758114	56.9141	167.78 	23.3404
143	0.758114	57.5481	170.631	24.6727
144	0.758114	56.7582	168.959	23.9471
145	0.758114	56.3778	165.641	23.7621
146	0.758114	55.9918	158.523	21.7048
147	0.758114	55.396 	148.805	22.1127
148	0.758114	54.3017	148.048	21.3119
149	0.758114	54.4353	147.253	21.0635
150	0.758114	54.6921	178.462	22.5378
151	0.758114	54.7665	166.516	22.4728
152	0.758114	54.066 	169.621	22.0407
153	0.758114	54.2474	159.546	20.8733
154	0.758114	53.9739	165.099	20.731 
155	0.758114	54.395 	168.737	21.2945
156	0.758114	53.9945	150.164	21.1603
157	0.758114	53.8119	148.602	20.0729
158	0.758114	52.8668	137.523	18.8948
159	0.758114	53.5319	127.201	19.5146
160	0.758114	53.0336	146.021	19.5796
161	0.758114	52.1928	145.39 	19.6552
162	0.758114	52.4716	179.172	19.9169
163	0.758114	52.0699	173.938	19.4322
164	0.758114	52.2552	140.376	19.4643
165	0.758114	52.1371	149.84 	20.2195
166	0.758114	50.8619	125.958	19.0083
167	0.758114	50.4485	136.913	18.6301
168	0.758114	49.8272	142.119	17.9658
169	0.758114	50.1036	135.222	18.2453
170	0.758114	50.1279	119.268	17.2532
171	0.758114	49.8108	119.155	17.1899
172	0.758114	49.1384	119.155	17.0393
173	0.758114	49.6059	117.389	17.1257
174	0.758114	49.7999	107.478	17.5928
175	0.758114	49.9707	130.514	17.9657
176	0.758114	49.5612	130.514	17.3902
177	0.758114	49.0604	116.779	16.2378
178	0.758114	48.6237	111.231	17.3009
179	0.758114	48.2106	106.287	16.295 
180	0.758114	47.5829	130.112	16.5633
181	0.758114	48.185 	130.257	17.7023
182	0.758114	46.6384	125.29 	16.9976
183	0.758114	47.5089	113.308	16.0561
184	0.758114	47.6706	119.344	16.8292
185	0.758114	47.5284	125.784	16.8047
186	0.758114	47.354 	119.327	16.9662
187	0.758114	47.184 	119.493	16.9645
188	0.758114	47.0254	103.883	15.8668
189	0.758114	46.4432	123.157	16.0955
190	0.758114	46.5999	103.089	15.8092
191	0.758114	46.2059	94.8134	15.1872
192	0.758114	46.1253	102.259	14.7503
193	0.758114	46.3474	106.651	15.4282
194	0.758114	45.8221	97.593 	15.1711
195	0.758114	45.7482	107.235	15.376 
196	0.758114	45.7533	107.235	15.104 
197	0.758114	45.417 	95.4918	15.0713
198	0.758114	45.1989	103.337	14.891 
199	0.758114	45.3507	106.174	15.3646
Result of algorithm run: SUCCESS, 0, 0, 0.758114, 0
