gen	min   	avg   	max   	std   
0  	133079	394745	979328	141304
1  	123304	390664	960327	140417
2  	92496.9	386760	867973	137799
3  	92496.9	382264	803755	132950
4  	92496.9	376885	799190	128208
5  	92496.9	372130	776067	125045
6  	92496.9	367148	756048	124795
7  	92496.9	361435	780489	121190
8  	79238.6	356991	720434	125742
9  	79238.6	354087	727849	122551
10 	74692.3	350044	744147	123874
11 	74692.3	346376	693146	121674
12 	61436.7	341986	770833	121513
13 	61436.7	337135	688565	121835
14 	61436.7	331914	711516	119472
15 	61436.7	327946	754894	114964
16 	61436.7	324584	697708	113497
17 	61436.7	322104	688386	119398
18 	61436.7	317205	763573	118063
19 	61436.7	312937	745962	116807
20 	61436.7	309308	652117	114391
21 	55491.4	305637	677348	115997
22 	55491.4	302505	705183	114374
23 	55491.4	299000	704403	113087
24 	52475.8	295413	629622	110378
25 	51994.3	291213	629622	108822
26 	51994.3	288107	615073	109734
27 	51994.3	283564	617742	108522
28 	42738.9	279506	597157	108563
29 	42284.9	274730	594608	109043
30 	42284.9	272438	609696	109684
31 	42284.9	269458	576241	101879
32 	39502.1	265128	585133	103332
33 	39502.1	261907	584170	102200
34 	39502.1	259199	674493	105218
35 	39502.1	256445	663013	102716
36 	39502.1	252869	661584	103193
37 	39502.1	249469	536348	100471
38 	39502.1	246071	553978	99156.7
39 	39502.1	242492	503045	96001.4
40 	29993  	238704	518217	95200.9
41 	28050.1	235839	548774	96292.6
42 	28050.1	232205	533451	95862  
43 	28050.1	228582	505428	95499.7
44 	28050.1	226154	511292	95116.3
45 	28050.1	223346	525291	94562.9
46 	26401  	220341	514963	96590.2
47 	26401  	217664	500641	96166.9
48 	26401  	215392	507453	93993.5
49 	26401  	213262	530089	89209  
50 	18264.7	211190	518001	91068.3
51 	18264.7	209121	490374	90677.1
52 	18264.7	206320	506850	92765.5
53 	18264.7	203450	510493	87218.9
54 	18264.7	201061	482347	84820.2
55 	18035.5	198583	481307	83336.7
56 	18035.4	196036	456145	82992.4
57 	18035.4	193475	433990	81010.3
58 	18035.4	191448	421886	81063.7
59 	18035.4	189498	431512	81840.9
60 	18035.4	187027	439085	81843.3
61 	18035.4	184176	421571	80754.9
62 	18035.4	182176	435196	81107.3
63 	10233.4	180194	422916	78934  
64 	10233.4	178128	407522	80805.7
65 	10233.4	177040	424171	79908.7
66 	10233.4	175453	461172	81172.6
67 	7798.52	173177	445236	80780.9
68 	7798.52	170878	422753	78963.8
69 	7798.52	168836	411369	76774.2
70 	7798.52	167645	405623	74959.1
71 	7798.52	166422	421326	76425.8
72 	7798.52	164974	402979	76414.9
73 	6726.91	162586	401481	75020.7
74 	6726.91	160249	398477	75401.5
75 	6726.91	158780	439964	74836.7
76 	6726.91	157263	373740	73542.4
77 	6337.63	155479	426011	73695.4
78 	6337.63	153704	391248	69244  
79 	6337.63	151695	346343	67055.8
80 	6337.63	150229	368776	69501.3
81 	6337.63	147589	431800	68550.8
82 	6337.63	145237	359460	65264.6
83 	6337.63	143922	361337	66241.5
84 	6337.63	142797	383131	67250.3
85 	6337.63	141681	417060	65941.3
86 	6337.63	140365	394409	67535.1
87 	6337.63	138953	369316	68787.5
88 	6337.63	137323	349012	68575.9
89 	2983.82	135582	351599	67612.8
90 	2983.82	134414	364947	65985.3
91 	2983.82	132841	370288	63485.6
92 	2949.11	130869	349830	60236.7
93 	2949.11	129405	345242	59339  
94 	2949.11	128365	319266	60273.8
95 	2949.11	126609	303191	58433.5
96 	2949.11	125752	320784	58968.3
97 	2949.11	124428	315302	59661.3
98 	2949.11	123263	314692	60610.2
99 	2949.11	122171	336627	59889.8
100	2949.11	120059	353848	58324.4
101	2949.11	118376	353344	57953  
102	2949.11	116711	344275	58284.7
103	2949.11	115282	331116	57803  
104	2949.11	114157	293699	58075.1
105	2949.11	112374	321859	56344.5
106	2949.11	110964	293158	54928.6
107	2949.11	109584	289091	54334.5
108	2949.11	108235	362561	53953.1
109	2949.11	106365	326079	53591.4
110	2949.11	105126	310915	53189.5
111	2949.11	103455	264897	50838.3
112	2949.11	102624	300658	48443.3
113	2949.11	101487	300658	47261.2
114	2949.11	100009	241852	45740.2
115	2949.11	98992.1	263492	46697.7
116	2949.11	98101.3	260691	46093.3
117	2949.11	97250.2	253698	44202  
118	2949.11	96529.9	256336	45184.4
119	2949.11	95638.4	231824	46324.8
120	2949.11	94333.1	236171	47355.8
121	2949.11	93667.2	262221	46240.7
122	2949.11	92647.6	249884	45747  
123	2949.11	91626.9	251848	45933.4
124	2909.27	90717.7	253148	45253.4
125	2909.27	89705  	253624	44756  
126	2670.14	88840.8	249463	44111.9
127	2670.14	87777.3	279984	44499.2
128	2670.14	86476.9	223107	43223.9
129	2670.14	85502.9	250169	42746.4
130	2670.14	84698.2	227957	42642.9
131	2670.14	83925.4	227957	40667.7
132	2670.14	83269.4	211613	40405.6
133	2670.14	82510.2	216515	39484.6
134	2670.14	81956.1	210867	39897.1
135	2670.14	80888.5	235483	40076.3
136	2670.14	80063.3	237233	39960.2
137	2670.14	78967.8	222997	38452.7
138	2670.14	78223.8	206202	38166.2
139	2670.14	77542.5	220541	38114.2
140	2670.14	76632.4	202035	36743.9
141	2670.14	75937  	194157	35649.6
142	2670.14	75067.8	198782	34890.7
143	2670.14	74445.9	201452	34885.2
144	2670.14	73985.1	203195	35792.3
145	2670.14	73264.5	210206	35571.4
146	2670.14	72829.5	192042	35371.9
147	2670.14	72003.7	188653	34344.8
148	2670.14	71356.3	183979	33631.8
149	2670.14	71097.1	179981	33049.1
150	2670.14	70493.1	174603	31972.6
151	2670.14	69735.7	193099	31771.9
152	2670.14	69118.8	202106	31774.7
153	2670.14	68429.2	182524	32335  
154	2670.14	67946  	168897	30706.3
155	2670.14	67108.7	180447	30801.1
156	2670.14	66538.4	173362	30977  
157	2670.14	65993.7	173563	30200.1
158	2670.08	65227.7	185217	29948.8
159	2670.08	64676.6	167940	29132.1
160	2670.06	63913.2	193995	29441.2
161	2670.06	63211.8	167678	27406.6
162	2670.06	62544.3	148671	27716  
163	2670.06	62260.3	148631	27031  
164	2670.06	61508.3	163956	26895.7
165	2670.06	60724.7	153126	25752.5
166	2670.06	60176.3	149720	24443.8
167	2670.06	59526  	149720	24228.6
168	2670.06	59030.8	142885	24053.1
169	2670.06	58640.4	145572	24747.5
170	2670.06	58356.9	140463	24469.4
171	2670.06	57993.9	143606	24242  
172	2670.06	57594.7	136771	23508.7
173	2670.06	57158.5	136440	23732.6
174	2670.06	56850.3	129977	23609  
175	2670.06	56612.1	137755	24061.7
176	2670.06	56071.5	134142	23569.1
177	2670.06	55655.7	134142	23858.5
178	2670.06	55420.8	146943	24036.8
179	2670.06	55075.4	178515	24535.7
180	2670.06	54559.2	149497	23761.1
181	2670.06	54171.9	164008	23484.2
182	2670.06	53793.6	153768	22506.5
183	2670.06	53452.8	149599	22315.5
184	2670.06	53089.1	162777	21491.1
185	2670.06	52764.5	132284	20513.2
186	2670.06	52425.7	130033	20575.3
187	2670.06	52196.6	131117	20855.3
188	2670.06	51825.3	127641	21173.5
189	2670.06	51533.4	124653	20444.9
190	2670.06	51216.8	124675	19497.6
191	2670.06	51014.9	116599	20231.3
192	2670.06	50680.2	116599	20110.9
193	2670.06	50423.3	112037	19496.7
194	2670.06	50117.4	118254	19201.4
195	2670.06	49777.4	111085	19121.1
196	2670.06	49542.9	108756	19574.6
197	2670.06	49174.4	112391	19672.2
198	2670.06	48756.6	114260	19364.6
199	2670.06	48471.7	115269	19262.8
Result of algorithm run: SUCCESS, 0, 0, 2670.061796, 0
