gen	min   	avg   	max   	std   
0  	110438	394097	820269	141851
1  	97719.3	389394	882986	139422
2  	91230.7	384959	875441	139836
3  	91230.7	380711	835179	140362
4  	91230.7	376732	770098	136949
5  	91230.7	372649	797860	134017
6  	91230.7	368436	795677	132883
7  	64277.1	364446	742049	130233
8  	64277.1	359732	739891	125643
9  	64277.1	355278	748901	127809
10 	64277.1	350293	714242	124914
11 	64277.1	346161	681834	121953
12 	64277.1	342271	668548	119536
13 	64277.1	337656	667556	120864
14 	64277.1	331354	756398	124130
15 	64277.1	327120	723107	119419
16 	64277.1	323408	662240	119732
17 	61612.1	320373	670766	119160
18 	61612.1	316118	670766	116618
19 	61612.1	311455	670766	116826
20 	43102.2	307895	638917	113691
21 	43102.2	304548	620332	112975
22 	43102.2	300740	594190	109030
23 	42984.9	297646	686175	112494
24 	42984.9	295308	646814	111783
25 	42984.9	291017	637249	110427
26 	42984.9	288209	637484	109459
27 	37823.7	286210	652568	111153
28 	37823.7	282566	662318	109824
29 	37823.7	279381	650741	111548
30 	37823.7	276054	609295	111701
31 	33092.9	272452	661845	111987
32 	33092.9	268992	601170	112973
33 	33092.9	264837	613220	110053
34 	33092.9	262583	608759	112539
35 	33092.9	257776	607677	110043
36 	33092.9	253618	601630	106956
37 	33092.9	249647	579859	102350
38 	33092.9	246901	584485	99917.6
39 	33092.9	243455	590629	102689 
40 	33092.9	239495	582608	99015.8
41 	31826.8	236293	541133	98028.9
42 	31826.8	233462	518673	98623.3
43 	31826.8	229479	528972	98428.8
44 	31826.8	226926	496737	96617.1
45 	31826.8	225132	481661	95606.7
46 	31826.8	221625	513432	93967.2
47 	31826.8	218624	529097	91004.6
48 	31826.8	215730	528349	91019.1
49 	31826.8	213724	520816	89911.4
50 	31826.8	211512	515754	88831.2
51 	31826.8	209637	476017	87051  
52 	31826.8	206482	532598	87970.6
53 	31826.8	203847	512504	85322.5
54 	27183  	201457	440890	85008.8
55 	27183  	199628	429497	82590.9
56 	27183  	196686	429568	83271.2
57 	27183  	194836	438275	81165.4
58 	27183  	192998	458030	82984.6
59 	27183  	190476	498093	81313  
60 	27183  	188694	483581	82533.7
61 	27183  	187223	459875	82536.2
62 	23644.6	184627	466273	80228.9
63 	23644.6	182302	447642	82691  
64 	23644.6	180415	438583	79473.6
65 	18933.3	178159	477652	79585  
66 	17105  	176475	454704	77795.1
67 	17105  	173937	424283	77815.2
68 	17105  	171560	423677	76487.5
69 	17105  	169379	485047	75484.7
70 	17105  	167608	414959	75556.4
71 	15192.7	165676	424735	75732.7
72 	14227.7	164430	453459	74866.3
73 	14227.7	162414	383646	72107.3
74 	14227.7	161080	368344	71510.1
75 	14227.7	158776	360727	70260.3
76 	13832.5	157144	406635	71712.8
77 	13832.5	156110	388411	70007  
78 	13832.5	153974	413884	72380.7
79 	13832.5	151596	375722	69099  
80 	13832.5	149967	378646	68579.2
81 	13832.5	148689	378322	67741.3
82 	13832.5	146850	359969	68130.4
83 	13832.5	144725	358815	65867.9
84 	13832.5	142337	348493	65266.3
85 	13832.5	140634	348493	64440.2
86 	13832.5	139260	352937	64057.1
87 	13668.3	138065	352937	63550.9
88 	12917.6	136797	325775	62517.2
89 	12917.6	135017	338392	63805.3
90 	12917.6	132940	338392	63064.9
91 	12917.6	131017	322774	62475.2
92 	12432.5	129350	359843	60710.6
93 	11830.8	128049	345854	60562.8
94 	11830.8	126218	352895	60736.6
95 	11798.4	124727	343820	61838.2
96 	11798.4	123269	333942	61188.6
97 	11798.4	121848	323625	59269.7
98 	11798.4	120486	389938	59107.7
99 	11798.4	119429	367483	59118.9
100	11798.4	117237	337279	55753.2
101	11798.4	115840	306908	56676.5
102	11798.4	114610	299016	53028.9
103	11798.4	113581	281959	54729.4
104	9564.09	112617	311359	52362.6
105	9564.09	111702	296688	51852.8
106	9564.09	110678	287256	49837.1
107	9564.09	109372	309410	51163.5
108	9564.09	108134	302753	51752.8
109	9564.09	107062	275173	51000.1
110	9564.09	105576	273584	51665.4
111	4671.59	104399	262926	49067.6
112	4671.59	103298	262926	48316.8
113	4671.59	102439	249518	48855.3
114	4671.59	101106	267989	49624.3
115	4671.59	100370	247858	47954.7
116	4671.59	99428.3	265549	47441.3
117	4671.59	98497.4	284372	47988.2
118	4671.59	97787.4	260265	48198.3
119	4671.59	97032  	257489	48725.8
120	4671.59	95853.9	277620	47417.1
121	4671.58	95040.5	299244	47026.2
122	4671.58	93726.6	245629	46054.1
123	4671.58	93119.8	272799	45024  
124	4671.58	92226.1	242159	44485  
125	4671.58	91378  	245889	46583.8
126	4671.58	90556.9	260912	44043.4
127	4671.58	89502  	240964	43014.8
128	4671.58	88126.2	233041	42371.8
129	4529.79	87204.8	275807	43556.1
130	3640.87	86414.9	242325	41481.8
131	3640.87	85483.1	222218	40905.5
132	3640.87	84795.1	230873	40227.4
133	3640.87	84118.9	219576	39590.9
134	3640.87	83375.3	253774	39686  
135	3640.87	82671.2	247747	40587.1
136	3640.87	82178.8	215922	40088.5
137	3640.87	81331.4	204738	38349.9
138	3640.87	80354.7	192436	37131.3
139	3640.87	79559  	197315	37265.2
140	3640.87	78891.2	252852	37922.9
141	3640.87	78132.9	222834	37307.9
142	3640.87	77533.7	217426	37194  
143	3640.87	76601.5	198597	36956.6
144	3640.87	75874.8	213518	36349.5
145	3640.87	74831.7	217784	37037.2
146	3640.87	74258.1	191793	35778.9
147	3640.87	73653.2	193447	35046.9
148	3640.87	73111.9	186465	33825.2
149	3640.87	72620.3	186075	34047.2
150	3640.79	71802.3	227444	33798.4
151	3625.37	70981.4	180841	33832.9
152	3625.37	70398  	180841	33511.6
153	3625.3 	69842.6	189454	33004.2
154	3625.3 	68918.6	178945	32890.4
155	3625.3 	68108.9	186129	32812.8
156	3625.3 	67569.8	214909	33103.7
157	3625.3 	66883.6	209225	32846.3
158	3625.3 	66274.5	215879	32114.6
159	3625.3 	65773.6	168528	31899.6
160	3625.3 	64989.8	172769	30912.8
161	3625.3 	64323.4	181380	31319.3
162	3625.3 	63672.9	180789	30918.3
163	3625.3 	63053.1	166341	29421.7
164	3257.15	62417.4	159585	29160.6
165	3257.15	62012.2	163062	29688.1
166	3257.15	61600.4	157333	28959.1
167	3257.15	60971.8	154839	28478.7
168	3257.15	60571.9	156189	27926.5
169	3257.15	60036.1	156189	27468.5
170	3257.15	59683.1	153499	27638.1
171	3257.15	59140.8	171302	28231.1
172	3257.15	58407.1	163633	28333.4
173	3257.15	58001.8	162266	26315.4
174	3257.15	57636.7	177382	25913.5
175	3257.15	57234.2	147331	24822.1
176	3257.15	56947.4	143454	25065.2
177	3257.15	56386.2	142731	24467.8
178	3257.15	55909.3	143723	24141.5
179	3257.15	55558.9	132560	24160.1
180	3257.15	55171  	136550	24065.9
181	3257.15	54635.1	134002	23227.1
182	3257.15	54094.8	125170	22492.5
183	3257.15	53749.4	152097	22406.8
184	3257.15	53301.3	137065	22526.8
185	3257.15	52900.2	131193	22789.7
186	3257.15	52598.1	125491	22217.8
187	3257.15	52392.6	122706	21845.8
188	3257.13	52048.3	131518	22141.4
189	3257.13	51505  	130016	21687.7
190	3257.13	51189.1	134925	21788.8
191	3257.13	50962.6	131877	22286  
192	3257.13	50623  	124158	22089.8
193	3257.13	50282.1	122295	21184.7
194	3206   	50061.8	121558	20689.4
195	3182.71	49834.8	124188	20752  
196	3182.71	49551  	127285	21176.6
197	3182.71	49354.3	127742	21115.9
198	3182.71	48941.3	117435	20471.4
199	3182.71	48714.5	112496	20218.2
Result of algorithm run: SUCCESS, 0, 0, 3182.709603, 0
