gen	min   	avg   	max   	std   
0  	108528	403929	818474	136650
1  	108528	397882	778197	131623
2  	79212.8	392909	752357	128411
3  	79212.8	387885	780929	130760
4  	58913.7	382498	740658	132085
5  	58913.7	377327	753336	133271
6  	58913.7	371178	737787	129428
7  	58913.7	365978	838313	131088
8  	58913.7	362693	759457	129233
9  	58913.7	358093	747207	128725
10 	58913.7	353760	739695	127037
11 	57447.8	350213	737655	127010
12 	44230.2	344823	706621	127819
13 	44230.2	341063	730017	128550
14 	44230.2	338276	727972	128247
15 	44230.2	334049	703606	128898
16 	44230.2	331020	699455	129895
17 	44230.2	327769	705992	131859
18 	44230.2	324351	705992	131800
19 	44230.2	320982	693835	129006
20 	44230.2	316469	721400	127828
21 	30658  	313309	686479	123621
22 	30658  	309889	687886	120467
23 	30658  	305465	655252	119180
24 	30658  	301654	662605	116843
25 	30658  	299496	716011	118964
26 	30658  	297071	677750	117275
27 	30658  	293414	698339	117971
28 	30658  	288322	644173	114563
29 	30658  	285288	657739	112921
30 	23970.2	280696	666836	109379
31 	23970.2	277106	645164	110174
32 	23970.2	273917	636789	111730
33 	23970.2	270821	581766	112166
34 	23970.2	268768	655862	115667
35 	23452.3	265227	655862	114856
36 	23452.3	263040	622301	111873
37 	23452.3	259163	592450	104768
38 	23452.3	255879	570806	101015
39 	23452.3	251981	565914	101136
40 	23452.3	249170	548122	101063
41 	20626.6	245995	536133	99881.4
42 	20626.6	242835	544215	97766.1
43 	20626.6	240357	528754	92319.2
44 	20626.6	237262	528755	90492.6
45 	20626.6	235353	527602	87484.7
46 	20626.6	232792	503960	89022.2
47 	20626.6	229891	547949	92328.4
48 	20626.6	227182	541488	91719.6
49 	20626.6	224471	523310	93615.5
50 	20626.6	221933	472260	93428.6
51 	20626.6	219864	546257	97454.6
52 	20626.6	217159	523779	95652.5
53 	13668  	214544	523433	95175.9
54 	13668  	211693	560117	91936  
55 	13668  	208505	534956	92151.4
56 	13668  	205982	497680	87878.5
57 	13668  	204082	434011	82637.6
58 	13668  	201192	447373	84238.8
59 	13668  	198549	463567	85495.2
60 	13668  	196929	470022	87194.2
61 	13600.5	194711	485332	86509.5
62 	13600.5	192900	481013	84645.7
63 	13600.5	191346	467107	84045.1
64 	13600.5	188879	454155	84046.3
65 	13600.5	186958	479316	85420.9
66 	13600.5	185392	519509	85780.4
67 	13600.5	183147	483917	86875.3
68 	13600.5	180909	454422	82935.2
69 	13600.5	178577	437335	82234.8
70 	13600.5	176223	422417	81527.4
71 	13600.5	173666	425120	78845.7
72 	13600.5	172076	410644	79372.6
73 	13600.5	170271	417156	76838.5
74 	13600.5	168062	428619	75718.6
75 	13600.5	166487	404023	75615.3
76 	13600.5	164081	429534	74749  
77 	13600.5	162020	446553	72643.3
78 	13600.5	160146	407578	76323.8
79 	13600.5	158432	387663	75487.6
80 	13600.5	156621	371569	75317.5
81 	13600.5	155062	410392	74764.1
82 	13600.4	153200	395975	72033.5
83 	13600.4	151162	395648	71867  
84 	13600.4	149768	351505	71702.6
85 	13600.4	147647	387515	71996.6
86 	13600.2	145515	375289	71288.6
87 	13600.2	143281	372551	69344.9
88 	13125.1	141719	382033	66680.4
89 	13125.1	140068	339617	66465  
90 	13125.1	138298	333936	65175.5
91 	13125.1	136482	347724	66574  
92 	13125.1	135025	347728	65260.4
93 	13125.1	133132	350526	65155.3
94 	13125.1	131417	347728	64867.2
95 	13125.1	130199	350022	65499.1
96 	13125.1	128826	333525	64715.1
97 	13125.1	127590	313222	64353.4
98 	13125.1	125526	304953	63584.7
99 	11900.9	123689	308764	61817.7
100	11900.9	122394	340768	60711.1
101	11900.9	121107	301848	60007.1
102	11900.9	119590	312180	59891.7
103	11900.9	117829	311580	57914.5
104	11900.9	116255	307838	57460.9
105	11900.9	114844	299405	56425.2
106	11900.9	113431	302945	56897  
107	11900.9	112436	299100	57387.1
108	11900.9	111325	304303	56930.1
109	11900.9	110396	310773	55292.8
110	11900.9	108821	293081	55190.8
111	11900.9	107828	297743	55078.4
112	11900.9	106260	290880	53680  
113	11900.9	105151	295706	52287.2
114	11900.9	103523	271830	51392.8
115	11499.2	102538	258313	51774.8
116	11499.2	101965	256993	50379.5
117	11499.2	101151	268043	50112.2
118	11499.2	99696.3	262666	49372.8
119	11499.2	98954.1	274082	48245.9
120	11499.2	97754.5	270136	48918.9
121	11499.2	96638.4	289054	48293.9
122	9399.06	95887  	257568	49000.5
123	9399.06	94837.6	287812	48814.8
124	9399.06	93599.6	306808	49458.7
125	9399.06	92821.8	280639	47292.8
126	9399.06	91838  	264288	47699.8
127	9399.06	90217.3	273297	47514.8
128	9399.06	89341.8	273297	46602.8
129	9399.06	88747.5	248497	44987.1
130	9399.06	87858.9	261615	43652.4
131	9399.06	86254.1	249205	43322.4
132	7855.2 	85231.3	227521	41511  
133	7855.2 	84087.7	227899	40808.5
134	7855.2 	83251.4	217000	41287.1
135	7855.2 	82741.1	212347	40544.6
136	7855.2 	82027  	203953	39984.4
137	7675.32	81227.7	221057	40878.2
138	7675.32	80216.8	228255	40125.8
139	7675.32	79545.8	228195	39048  
140	7675.32	78959.8	192401	38921.8
141	7675.32	78510.3	204941	38721.3
142	7602.74	77673.4	210198	38434.3
143	7602.74	76710.5	218414	38201.8
144	7272.37	75850.6	201186	36850.9
145	7272.37	74978.6	219200	36743  
146	7272.37	74453.7	212859	36855.1
147	7272.37	73686  	211119	35910.1
148	7272.37	73067.9	228582	35665.7
149	7272.37	72621.5	206468	35978.9
150	7269.18	72055.1	203602	35875.7
151	7269.18	71221.3	189311	33405  
152	7269.18	70273.4	187906	32917.3
153	7269.18	69603.7	187906	32904.7
154	7269.18	68626.4	192227	32860.6
155	7269.18	68026.7	188256	32862.2
156	7269.13	67436.4	175650	32366.9
157	7269.13	66524.6	175867	30125.8
158	7269.13	66023  	175867	29727.7
159	7269.13	65519.3	197478	30209.4
160	7269.13	65139.9	185677	30268.1
161	7269.13	64691.2	185885	29695.7
162	7269.13	64288.3	178401	28886.9
163	7269.13	63781.8	166842	29148.2
164	7269.13	63296.1	173179	29439.3
165	7269.13	62621.4	168288	29081.4
166	7269.13	62134.7	154746	28752.3
167	7070.87	61544.9	160969	28001.7
168	7070.87	61239.8	155576	27519.6
169	7070.87	60950.6	149417	26925.9
170	7070.87	60679.9	153698	26947.2
171	7070.87	60429.3	157755	27342.1
172	7070.87	59983.3	171417	26649.8
173	7070.87	59605.8	165684	26235.6
174	7070.87	59104.9	165684	25745.1
175	7070.87	58822.3	162916	25319.5
176	7070.87	58379.5	163169	25533.1
177	7069.28	57983.5	156149	25241.9
178	6969.69	57358.9	135063	24221.1
179	6969.69	56897.9	128667	23115.9
180	6969.69	56520.5	132462	22727.8
181	6969.69	56092.8	129040	22838.4
182	6969.69	55743.7	131900	22323.6
183	6969.69	55267.1	136654	22105.2
184	6969.69	55037.4	152629	21827  
185	6969.69	54718.2	139819	21882.5
186	6969.69	54353.4	137538	22445.7
187	6969.69	54087.6	135053	22317.4
188	5592.51	53781.6	133287	22071  
189	5592.44	53397.2	130247	21334.4
190	5592.44	52912.6	134544	21288.2
191	5592.44	52599  	134772	20988.9
192	5592.44	52251.1	133020	20973.9
193	5592.44	51913.9	124217	21049.6
194	5592.44	51669.1	124217	20424.9
195	5592.44	51384.6	107962	20027.7
196	5592.44	51201.8	116026	19987.1
197	5592.44	50553.7	114161	19663  
198	5592.44	50170.7	113808	19422  
199	5592.44	49866.2	118561	19205.6
Result of algorithm run: SUCCESS, 0, 0, 5592.436884, 0
