gen	min    	avg    	max    	std     
0  	121.131	126.817	127.301	0.587299
1  	120.84 	126.765	127.291	0.704344
2  	120.84 	126.783	127.302	0.580116
3  	120.84 	126.768	127.29 	0.591167
4  	120.84 	126.734	127.28 	0.676697
5  	120.767	126.722	127.288	0.700778
6  	120.459	126.723	127.284	0.66278 
7  	119.895	126.707	127.283	0.671017
8  	119.895	126.671	127.289	0.71544 
9  	117.651	126.638	127.29 	0.789046
10 	117.651	126.62 	127.276	0.886759
11 	117.651	126.607	127.28 	0.732756
12 	117.651	126.539	127.288	0.905342
13 	117.651	126.569	127.265	0.821602
14 	117.651	126.552	127.261	0.816094
15 	117.651	126.593	127.26 	0.671096
16 	117.651	126.562	127.296	0.729216
17 	117.651	126.516	127.271	0.773152
18 	117.651	126.473	127.28 	0.870652
19 	117.651	126.47 	127.254	0.826209
20 	117.651	126.439	127.25 	0.892471
21 	117.651	126.453	127.238	0.808857
22 	117.651	126.396	127.246	0.834888
23 	117.651	126.394	127.218	0.944076
24 	117.651	126.316	127.221	0.928037
25 	117.651	126.342	127.228	0.88833 
26 	117.651	126.294	127.236	0.978017
27 	117.651	126.285	127.24 	0.89305 
28 	117.651	126.272	127.225	0.942601
29 	114.491	126.217	127.18 	1.1094  
30 	114.491	126.163	127.225	1.08718 
31 	114.491	126.164	127.246	1.14728 
32 	114.491	126.08 	127.238	1.22169 
33 	114.491	126.08 	127.162	1.14049 
34 	114.491	126.1  	127.196	1.08865 
35 	114.491	126.077	127.199	1.11173 
36 	114.491	126.013	127.187	1.25506 
37 	114.491	126.009	127.205	1.12539 
38 	111.106	125.939	127.164	1.32469 
39 	111.106	125.94 	127.208	1.2537  
40 	111.106	125.91 	127.162	1.33407 
41 	111.106	125.827	127.178	1.49174 
42 	111.106	125.795	127.184	1.37893 
43 	111.106	125.829	127.167	1.28405 
44 	111.106	125.811	127.182	1.30642 
45 	111.106	125.754	127.228	1.37391 
46 	111.106	125.724	127.186	1.40172 
47 	111.106	125.683	127.126	1.45573 
48 	111.106	125.661	127.117	1.41543 
49 	111.106	125.645	127.125	1.60256 
50 	111.106	125.682	127.148	1.36181 
51 	111.106	125.543	127.147	1.55938 
52 	111.106	125.566	127.11 	1.45903 
53 	111.106	125.541	127.089	1.49532 
54 	111.106	125.454	127.085	1.60298 
55 	110.756	125.437	127.075	1.58117 
56 	110.756	125.417	127.079	1.52874 
57 	110.756	125.459	127.119	1.46597 
58 	110.756	125.336	127.068	1.64899 
59 	110.756	125.4  	127.028	1.4513  
60 	110.756	125.353	127.064	1.44352 
61 	110.756	125.321	126.982	1.50844 
62 	110.756	125.255	127.084	1.60531 
63 	110.756	125.246	127.084	1.63424 
64 	110.756	125.179	127.005	1.6881  
65 	110.756	125.139	127.022	1.75398 
66 	110.756	125.094	126.997	1.80386 
67 	110.756	125.125	127.05 	1.6957  
68 	110.756	125.11 	127.007	1.67302 
69 	109.722	125.021	126.893	1.92889 
70 	109.722	125.056	126.972	1.60938 
71 	109.722	124.971	126.963	1.75965 
72 	109.722	124.965	127.022	1.76603 
73 	109.722	124.888	127.007	1.80344 
74 	109.722	124.923	127.007	1.75018 
75 	109.722	124.889	127.04 	1.73274 
76 	109.722	124.777	126.959	1.88061 
77 	109.722	124.825	126.952	1.7233  
78 	109.722	124.722	126.938	1.89075 
79 	109.058	124.727	127.028	1.85745 
80 	109.058	124.71 	126.971	1.88839 
81 	109.058	124.62 	126.874	1.91912 
82 	109.058	124.587	126.874	1.79782 
83 	109.058	124.535	126.935	2.01724 
84 	109.058	124.497	126.863	2.00894 
85 	109.058	124.447	126.902	2.0124  
86 	109.058	124.353	126.91 	2.23704 
87 	109.058	124.385	126.902	2.11845 
88 	109.058	124.335	126.951	2.1207  
89 	109.058	124.301	126.936	2.04646 
90 	109.058	124.237	126.836	2.14755 
91 	109.058	124.258	126.875	2.0833  
92 	109.058	124.253	126.874	2.02837 
93 	109.058	124.209	126.843	2.16617 
94 	107.613	124.108	126.838	2.28895 
95 	107.613	124.134	126.879	2.057   
96 	107.613	124.097	126.735	2.0622  
97 	107.613	124.14 	126.852	1.9525  
98 	107.613	123.954	126.758	2.10396 
99 	107.613	123.937	126.778	2.07483 
100	107.613	123.926	126.797	2.09223 
101	107.613	123.876	126.797	2.18524 
102	107.613	123.803	126.645	2.30194 
103	107.613	123.801	126.769	2.32407 
104	107.613	123.752	126.701	2.19337 
105	107.613	123.757	126.85 	2.17157 
106	107.613	123.695	126.777	2.30065 
107	107.613	123.525	126.695	2.3838  
108	107.613	123.529	126.554	2.23494 
109	107.613	123.562	126.64 	2.2343  
110	107.354	123.524	126.576	2.38221 
111	107.354	123.52 	126.609	2.34881 
112	107.354	123.533	126.646	2.22206 
113	107.354	123.442	126.525	2.27874 
114	107.354	123.416	126.548	2.40459 
115	107.29 	123.359	126.562	2.3858  
116	107.29 	123.284	126.617	2.40843 
117	107.29 	123.3  	126.526	2.30024 
118	107.29 	123.286	126.54 	2.36681 
119	107.29 	123.229	126.624	2.36287 
120	107.29 	123.132	126.615	2.52924 
121	107.29 	123.117	126.444	2.47501 
122	107.29 	123.178	126.438	2.3098  
123	107.29 	123.106	126.707	2.31659 
124	107.29 	122.987	126.318	2.34672 
125	107.29 	122.975	126.454	2.3212  
126	107.29 	122.833	126.305	2.44969 
127	107.015	122.899	126.487	2.44604 
128	106.529	122.861	126.428	2.40825 
129	106.529	122.912	126.498	2.34576 
130	106.529	122.831	126.468	2.38828 
131	106.529	122.767	126.435	2.36242 
132	106.529	122.746	126.087	2.36337 
133	106.529	122.801	126.213	2.31854 
134	106.529	122.781	126.477	2.41534 
135	106.529	122.773	126.469	2.3935  
136	106.529	122.809	126.546	2.26771 
137	106.529	122.727	126.39 	2.30569 
138	106.529	122.661	126.626	2.25903 
139	106.529	122.685	126.451	2.28653 
140	106.529	122.701	126.198	2.19644 
141	106.529	122.689	126.038	2.33123 
142	105.608	122.582	125.876	2.29698 
143	105.608	122.535	126.29 	2.41287 
144	105.608	122.497	126.071	2.2229  
145	105.608	122.531	126.139	2.29054 
146	104.655	122.476	126.027	2.29647 
147	104.655	122.383	125.994	2.1947  
148	104.655	122.253	126.028	2.41575 
149	104.655	122.255	125.936	2.40069 
150	104.655	122.201	125.952	2.37604 
151	104.655	122.216	126.075	2.36102 
152	104.655	122.227	125.84 	2.41158 
153	104.655	122.191	126    	2.3249  
154	104.655	122.161	125.757	2.30429 
155	104.42 	122.184	125.606	2.33956 
156	104.42 	122.17 	125.555	2.20641 
157	104.42 	122.074	125.579	2.34057 
158	102.138	122.06 	125.761	2.56996 
159	102.138	122.015	125.748	2.59632 
160	98.5848	122.014	125.935	2.71346 
161	98.5848	121.987	125.768	2.73157 
162	98.5848	122.073	125.809	2.58968 
163	98.5848	121.906	125.764	2.54725 
164	98.5848	121.882	125.683	2.39697 
165	98.5848	121.895	125.538	2.41457 
166	98.5848	121.785	126.281	2.52315 
167	98.5848	121.776	125.64 	2.45879 
168	98.5848	121.827	125.64 	2.44612 
169	98.5848	121.743	125.627	2.4691  
170	98.5848	121.757	125.603	2.47269 
171	98.5848	121.763	125.603	2.349   
172	98.5848	121.771	125.553	2.26084 
173	98.5848	121.657	125.863	2.43778 
174	98.5848	121.548	125.408	2.63431 
175	98.5848	121.622	125.831	2.59231 
176	98.5848	121.627	125.458	2.48097 
177	98.5848	121.595	125.562	2.42868 
178	98.5848	121.544	125.532	2.45491 
179	98.5848	121.549	126.074	2.52796 
180	98.1409	121.519	125.475	2.51502 
181	98.1409	121.476	125.462	2.64172 
182	98.1409	121.408	125.476	2.56078 
183	98.1409	121.291	125.61 	2.55423 
184	98.1409	121.242	125.563	2.75798 
185	98.1409	121.218	125.509	2.60704 
186	98.1409	121.146	125.436	2.62269 
187	98.1409	121.247	125.436	2.59603 
188	98.1409	121.215	126.043	2.55301 
189	97.3284	121.147	125.46 	2.74589 
190	97.3284	121.17 	125.245	2.85838 
191	97.3284	121.143	125.2  	2.64416 
192	97.3284	121.17 	125.346	2.49936 
193	97.3284	121.193	125.873	2.46949 
194	97.3284	121.16 	125.565	2.51186 
195	97.3284	121.025	125.356	2.7722  
196	97.3284	121.044	125.356	2.62972 
197	97.3284	121.018	125.343	2.61063 
198	97.3284	120.941	125.59 	2.60905 
199	97.3284	120.972	125.034	2.48279 
Result of algorithm run: SUCCESS, 0, 0, 97.328369, 0
