gen	min    	avg    	max    	std     
0  	119.971	126.786	127.303	0.653391
1  	119.971	126.792	127.305	0.591917
2  	119.971	126.75 	127.292	0.653295
3  	119.971	126.76 	127.284	0.601982
4  	119.971	126.72 	127.297	0.72863 
5  	119.971	126.74 	127.286	0.626037
6  	119.971	126.703	127.286	0.677057
7  	119.971	126.669	127.281	0.715958
8  	119.971	126.63 	127.276	0.744952
9  	119.971	126.614	127.293	0.745717
10 	118.361	126.575	127.259	0.856461
11 	118.361	126.6  	127.254	0.775115
12 	117.563	126.56 	127.261	0.869703
13 	116.849	126.566	127.274	0.864545
14 	116.849	126.544	127.258	0.825499
15 	116.849	126.537	127.25 	0.793222
16 	116.849	126.492	127.267	0.922945
17 	116.849	126.523	127.219	0.84563 
18 	116.849	126.428	127.235	0.9479  
19 	116.849	126.459	127.259	0.909093
20 	116.849	126.444	127.258	0.900058
21 	116.849	126.425	127.299	0.965043
22 	116.849	126.349	127.264	1.03778 
23 	116.849	126.395	127.251	0.918208
24 	116.849	126.337	127.245	0.921187
25 	116.849	126.281	127.262	1.00706 
26 	116.84 	126.272	127.233	1.0415  
27 	116.84 	126.292	127.231	0.915589
28 	116.84 	126.224	127.23 	0.959703
29 	116.84 	126.222	127.213	1.00735 
30 	116.84 	126.118	127.19 	1.21696 
31 	116.84 	126.136	127.154	1.1531  
32 	115.927	126.108	127.197	1.13918 
33 	115.927	126.144	127.184	1.05249 
34 	115.927	126.052	127.207	1.18637 
35 	115.927	126.064	127.182	1.11596 
36 	115.927	126.047	127.163	1.16273 
37 	115.927	125.993	127.219	1.08989 
38 	112.518	125.964	127.197	1.31192 
39 	112.518	125.955	127.213	1.27831 
40 	112.518	125.926	127.146	1.24    
41 	112.518	125.919	127.219	1.28422 
42 	112.518	125.819	127.146	1.47323 
43 	112.518	125.827	127.138	1.26947 
44 	112.518	125.821	127.17 	1.20975 
45 	112.518	125.7  	127.099	1.44944 
46 	112.518	125.661	127.149	1.43028 
47 	112.518	125.702	127.17 	1.32593 
48 	112.31 	125.561	127.14 	1.59265 
49 	112.31 	125.598	127.077	1.4751  
50 	112.31 	125.686	127.105	1.29535 
51 	112.31 	125.557	127.129	1.38093 
52 	112.31 	125.639	127.149	1.30127 
53 	112.31 	125.524	127.121	1.40421 
54 	112.31 	125.509	127.061	1.45325 
55 	109.055	125.445	127.13 	1.62316 
56 	109.055	125.346	127.104	1.73929 
57 	109.055	125.377	127.059	1.49793 
58 	109.055	125.412	127.143	1.46939 
59 	109.055	125.401	127.118	1.59665 
60 	109.055	125.326	127.083	1.64861 
61 	109.055	125.327	127.026	1.55382 
62 	109.055	125.339	127.091	1.5844  
63 	99.4564	125.216	127.011	2.00456 
64 	99.4564	125.308	127.022	1.75527 
65 	99.4564	125.289	127.042	1.79058 
66 	99.4564	125.234	126.968	1.8318  
67 	99.4564	125.188	127.113	1.88009 
68 	99.4564	125.123	127.104	1.91414 
69 	99.4564	125.035	127.086	1.93168 
70 	99.4564	125.027	127.004	1.89219 
71 	99.4564	124.913	127.1  	2.25291 
72 	99.4564	124.881	126.938	1.99786 
73 	99.4564	124.945	127.041	1.92649 
74 	99.4564	124.972	126.994	1.97079 
75 	99.4564	124.864	126.855	2.05747 
76 	99.4564	124.821	126.878	2.13051 
77 	99.4564	124.812	126.918	2.13179 
78 	99.4564	124.671	126.925	2.23274 
79 	99.4564	124.68 	126.914	2.114   
80 	99.4564	124.683	126.934	2.10526 
81 	99.4564	124.622	126.856	2.05418 
82 	99.4564	124.607	126.919	2.04104 
83 	99.4564	124.579	126.876	2.31453 
84 	99.4564	124.591	126.95 	2.0123  
85 	99.4564	124.594	126.888	2.16666 
86 	99.4564	124.547	126.8  	2.232   
87 	99.4564	124.454	126.895	2.19501 
88 	99.4564	124.476	126.917	2.1562  
89 	99.4564	124.357	126.801	2.27173 
90 	99.4564	124.373	126.785	2.15558 
91 	99.4564	124.33 	126.742	2.54467 
92 	99.4564	124.327	126.789	2.35432 
93 	99.4564	124.272	126.897	2.1596  
94 	99.4564	124.271	126.733	2.23489 
95 	99.4564	124.217	126.939	2.41821 
96 	99.4564	124.315	126.798	2.28991 
97 	99.4564	124.259	126.779	2.229   
98 	99.4564	124.331	126.782	2.05681 
99 	99.4564	124.236	126.598	2.17037 
100	99.4564	124.16 	126.857	2.20279 
101	99.4564	124.088	126.834	2.15213 
102	96.9694	124.133	126.682	2.42122 
103	84.7545	124.074	126.598	2.7419  
104	84.7545	124.028	126.559	2.5508  
105	84.7545	123.964	126.673	3.04709 
106	84.7545	123.843	126.725	3.28937 
107	84.7545	123.849	126.795	3.3193  
108	84.7545	123.891	126.87 	3.29931 
109	84.7545	123.917	126.673	2.69755 
110	84.7545	123.8  	126.577	2.82923 
111	84.7545	123.919	126.745	2.63714 
112	84.7545	123.807	126.555	2.85976 
113	84.7545	123.824	126.555	2.58549 
114	84.7545	123.71 	126.801	3.10758 
115	84.7545	123.791	126.494	2.56469 
116	84.7545	123.683	126.606	2.72772 
117	84.7545	123.668	126.519	2.57784 
118	84.7545	123.648	126.576	2.71283 
119	84.7545	123.471	126.576	3.13729 
120	84.7545	123.457	126.471	2.75817 
121	84.7545	123.445	126.446	2.72819 
122	84.7545	123.435	126.494	2.63684 
123	84.7545	123.388	126.593	2.72762 
124	84.7545	123.375	126.725	2.73788 
125	84.7545	123.356	126.695	2.79447 
126	84.7545	123.31 	126.652	2.72094 
127	84.7545	123.318	126.589	2.72691 
128	84.7545	123.3  	126.597	2.69729 
129	84.7545	123.265	126.353	2.67794 
130	84.7545	123.234	126.31 	2.69435 
131	84.7545	123.052	126.36 	3.07155 
132	84.7545	122.901	126.694	3.31034 
133	84.7545	122.964	126.582	3.27694 
134	84.7545	123.069	126.349	2.78388 
135	84.7545	123.083	126.148	2.78293 
136	84.7545	123.004	126.397	2.70326 
137	84.7545	123.019	126.397	2.6792  
138	84.7545	122.969	126.418	2.6296  
139	84.7545	122.924	126.187	2.70608 
140	84.7545	122.867	126.163	2.70022 
141	84.7545	122.851	126.226	2.6631  
142	84.7545	122.755	126.418	2.95879 
143	84.7545	122.821	126.085	2.69427 
144	84.7545	122.789	126.187	2.70515 
145	84.7545	122.741	126.187	2.80477 
146	84.7545	122.701	126.512	3.19305 
147	84.7545	122.651	126.168	3.18626 
148	84.7545	122.608	126.374	3.04846 
149	84.7545	122.537	126.496	3.3988  
150	84.7545	122.605	126.009	2.95693 
151	84.7545	122.668	126.076	2.67445 
152	84.7545	122.633	126.19 	2.73896 
153	84.7545	122.591	126.275	2.90352 
154	84.7545	122.6  	126.245	2.74746 
155	84.7545	122.583	126.006	2.73852 
156	84.7545	122.638	125.938	2.7002  
157	84.7545	122.462	126.152	2.76268 
158	84.7545	122.514	126.028	2.75341 
159	84.7545	122.433	125.917	2.73285 
160	84.7545	122.477	125.936	2.72375 
161	84.7545	122.441	125.88 	2.68296 
162	84.7545	122.342	125.796	2.88967 
163	84.7545	122.381	126.107	2.70091 
164	84.7545	122.364	126.077	2.71043 
165	84.7545	122.318	125.957	2.67456 
166	84.7545	122.26 	126.02 	3.14606 
167	84.7545	122.303	126.153	2.74837 
168	84.7545	122.256	126.04 	3.24871 
169	84.7545	122.238	125.842	2.8563  
170	84.7545	122.226	125.761	2.73254 
171	84.7545	122.235	126.026	2.73363 
172	84.7545	122.11 	125.824	2.74732 
173	84.7545	122.134	125.746	2.76649 
174	84.7545	122.156	125.764	2.7988  
175	84.7545	122.143	126.158	2.72567 
176	84.7545	122.042	125.608	2.73529 
177	84.7545	121.928	125.944	2.73065 
178	84.7545	121.877	125.8  	2.94887 
179	84.7545	121.988	125.651	2.81036 
180	84.7545	121.991	125.651	2.83162 
181	84.7545	121.983	125.384	2.75771 
182	84.7545	122.012	125.563	2.72283 
183	84.7545	121.895	125.789	2.97511 
184	84.7545	121.836	125.361	2.85206 
185	84.7545	121.816	125.791	2.84347 
186	84.7545	121.786	125.486	2.91589 
187	84.7545	121.787	126.055	2.92188 
188	84.7545	121.702	125.718	2.90378 
189	84.7545	121.736	125.672	2.78277 
190	84.7545	121.756	125.842	3.09336 
191	84.7545	121.682	126.029	2.77266 
192	84.7545	121.655	126.094	2.83619 
193	84.7545	121.633	125.392	2.84992 
194	84.7545	121.577	125.683	2.75749 
195	84.7545	121.619	125.797	2.71138 
196	84.7545	121.592	125.841	2.71297 
197	84.7545	121.568	125.677	2.77711 
198	84.7545	121.552	125.477	2.75555 
199	84.7545	121.609	125.323	2.63899 
Result of algorithm run: SUCCESS, 0, 0, 84.754462, 0
