gen	min     	avg     	max     	std     
0  	-917.653	-913.711	-913.449	0.364217
1  	-917.653	-913.742	-913.451	0.413387
2  	-922.848	-913.78 	-913.448	0.588941
3  	-922.848	-913.781	-913.448	0.600864
4  	-922.848	-913.762	-913.453	0.534513
5  	-922.848	-913.77 	-913.456	0.556483
6  	-922.848	-913.794	-913.453	0.566783
7  	-922.848	-913.796	-913.451	0.590723
8  	-922.848	-913.804	-913.451	0.568205
9  	-922.848	-913.808	-913.453	0.569991
10 	-922.848	-913.838	-913.455	0.739957
11 	-922.848	-913.848	-913.455	0.675824
12 	-922.848	-913.838	-913.454	0.674946
13 	-922.848	-913.835	-913.453	0.605724
14 	-922.848	-913.86 	-913.452	0.601971
15 	-923.34 	-913.901	-913.452	0.750666
16 	-923.34 	-913.882	-913.451	0.668199
17 	-923.34 	-913.902	-913.449	0.651523
18 	-923.34 	-913.899	-913.449	0.60808 
19 	-923.34 	-913.922	-913.455	0.625459
20 	-923.34 	-913.937	-913.458	0.624662
21 	-923.34 	-913.969	-913.464	0.709749
22 	-923.34 	-913.963	-913.468	0.733162
23 	-923.34 	-913.977	-913.458	0.719936
24 	-923.34 	-914.02 	-913.462	0.837627
25 	-924.427	-914.049	-913.461	0.885675
26 	-924.427	-914.01 	-913.454	0.714913
27 	-924.427	-914.022	-913.459	0.706868
28 	-924.427	-914.058	-913.466	0.811654
29 	-927.993	-914.094	-913.473	1.00519 
30 	-927.993	-914.059	-913.481	0.830989
31 	-927.993	-914.071	-913.471	0.842847
32 	-927.993	-914.119	-913.47 	1.00214 
33 	-927.993	-914.147	-913.469	1.07581 
34 	-927.993	-914.154	-913.465	0.878836
35 	-927.993	-914.175	-913.485	1.012   
36 	-927.993	-914.187	-913.484	1.09759 
37 	-927.993	-914.22 	-913.49 	0.988066
38 	-927.993	-914.236	-913.482	1.06284 
39 	-927.993	-914.258	-913.496	0.980418
40 	-927.993	-914.246	-913.48 	0.930657
41 	-927.993	-914.258	-913.488	0.929612
42 	-927.993	-914.304	-913.484	1.05468 
43 	-927.993	-914.316	-913.497	1.0323  
44 	-927.993	-914.325	-913.496	1.04343 
45 	-927.993	-914.344	-913.5  	1.03356 
46 	-927.993	-914.307	-913.498	0.937837
47 	-927.993	-914.378	-913.509	1.08791 
48 	-928.24 	-914.379	-913.507	1.14822 
49 	-929.772	-914.39 	-913.487	1.2188  
50 	-929.772	-914.416	-913.519	1.27765 
51 	-929.772	-914.437	-913.504	1.25169 
52 	-929.772	-914.439	-913.518	1.09207 
53 	-929.772	-914.504	-913.536	1.17882 
54 	-929.772	-914.487	-913.512	1.23856 
55 	-929.772	-914.516	-913.524	1.24039 
56 	-929.772	-914.506	-913.524	1.15321 
57 	-929.772	-914.508	-913.505	1.18921 
58 	-929.772	-914.585	-913.529	1.19268 
59 	-929.772	-914.571	-913.506	1.2732  
60 	-929.772	-914.546	-913.523	1.09064 
61 	-929.772	-914.543	-913.536	1.1007  
62 	-929.772	-914.594	-913.533	1.28814 
63 	-929.772	-914.652	-913.607	1.33491 
64 	-929.772	-914.652	-913.557	1.31113 
65 	-929.772	-914.647	-913.555	1.28647 
66 	-931.697	-914.712	-913.574	1.44333 
67 	-931.697	-914.735	-913.579	1.32591 
68 	-931.697	-914.731	-913.553	1.35374 
69 	-931.697	-914.79 	-913.557	1.38014 
70 	-931.697	-914.768	-913.575	1.25105 
71 	-931.697	-914.77 	-913.534	1.19652 
72 	-931.697	-914.826	-913.555	1.31036 
73 	-931.697	-914.856	-913.555	1.26824 
74 	-931.697	-914.896	-913.607	1.48887 
75 	-931.697	-914.889	-913.589	1.31473 
76 	-931.697	-914.902	-913.589	1.37356 
77 	-931.697	-914.921	-913.643	1.25411 
78 	-931.697	-914.959	-913.656	1.42808 
79 	-931.697	-914.959	-913.582	1.37938 
80 	-931.697	-914.996	-913.592	1.43485 
81 	-931.697	-914.949	-913.626	1.26547 
82 	-931.697	-915.007	-913.598	1.47259 
83 	-931.697	-914.973	-913.607	1.34703 
84 	-931.703	-915.045	-913.64 	1.52045 
85 	-931.703	-915.09 	-913.58 	1.49284 
86 	-931.703	-915.108	-913.58 	1.5382  
87 	-931.703	-915.098	-913.607	1.37043 
88 	-931.703	-915.067	-913.61 	1.29323 
89 	-931.703	-915.068	-913.653	1.29204 
90 	-931.703	-915.119	-913.643	1.38501 
91 	-931.703	-915.136	-913.713	1.41438 
92 	-931.703	-915.143	-913.589	1.43509 
93 	-931.703	-915.166	-913.699	1.4754  
94 	-931.703	-915.12 	-913.648	1.26083 
95 	-931.703	-915.188	-913.711	1.41801 
96 	-931.703	-915.237	-913.661	1.37716 
97 	-931.703	-915.273	-913.689	1.53374 
98 	-931.703	-915.305	-913.677	1.63431 
99 	-931.703	-915.357	-913.718	1.48745 
100	-931.703	-915.324	-913.658	1.35413 
101	-931.703	-915.349	-913.707	1.49205 
102	-931.703	-915.404	-913.703	1.50358 
103	-931.703	-915.435	-913.603	1.62424 
104	-931.703	-915.423	-913.718	1.54177 
105	-931.703	-915.412	-913.745	1.39859 
106	-931.703	-915.404	-913.709	1.4718  
107	-931.703	-915.354	-913.799	1.34541 
108	-931.703	-915.418	-913.712	1.50399 
109	-931.703	-915.419	-913.783	1.46125 
110	-931.703	-915.388	-913.874	1.32212 
111	-931.703	-915.507	-913.741	1.61604 
112	-931.703	-915.489	-913.852	1.63191 
113	-931.703	-915.525	-913.765	1.53569 
114	-931.703	-915.539	-913.712	1.43405 
115	-931.703	-915.562	-913.756	1.40041 
116	-931.703	-915.596	-913.732	1.51534 
117	-931.703	-915.628	-913.811	1.49507 
118	-931.703	-915.612	-913.753	1.45331 
119	-931.703	-915.683	-913.906	1.53858 
120	-931.703	-915.647	-913.893	1.50989 
121	-931.703	-915.716	-913.87 	1.54454 
122	-931.703	-915.714	-913.879	1.60821 
123	-931.703	-915.714	-913.784	1.44213 
124	-931.703	-915.695	-913.772	1.39951 
125	-931.703	-915.697	-913.917	1.46145 
126	-931.703	-915.767	-913.882	1.57871 
127	-934.508	-915.792	-913.755	1.72102 
128	-934.508	-915.77 	-913.898	1.71579 
129	-934.508	-915.856	-913.899	1.8178  
130	-934.508	-915.835	-913.819	1.54977 
131	-934.508	-915.88 	-913.857	1.78159 
132	-934.508	-915.843	-913.953	1.46384 
133	-934.508	-915.866	-914.009	1.6267  
134	-934.508	-915.867	-913.892	1.74182 
135	-934.508	-915.887	-913.882	1.60004 
136	-935.157	-915.971	-913.961	1.78851 
137	-935.157	-915.965	-913.931	1.64514 
138	-935.157	-915.977	-913.878	1.55878 
139	-935.157	-915.971	-913.895	1.59991 
140	-935.157	-916.031	-913.866	1.60327 
141	-935.157	-916.016	-913.972	1.62662 
142	-935.157	-916.061	-914.007	1.61685 
143	-935.157	-916.027	-914.053	1.55429 
144	-935.157	-916.107	-913.988	1.68237 
145	-935.157	-916.124	-913.988	1.71005 
146	-935.157	-916.133	-914.002	1.74334 
147	-935.157	-916.112	-913.986	1.5912  
148	-935.157	-916.152	-914.021	1.60565 
149	-935.157	-916.134	-914.041	1.56913 
150	-935.157	-916.207	-914.068	1.79476 
151	-935.157	-916.166	-914.005	1.612   
152	-935.157	-916.183	-913.923	1.68246 
153	-935.157	-916.123	-914.044	1.47139 
154	-935.157	-916.162	-913.952	1.55688 
155	-935.157	-916.15 	-913.914	1.56136 
156	-935.157	-916.177	-913.941	1.57307 
157	-935.157	-916.244	-913.944	1.59037 
158	-935.157	-916.302	-914.08 	1.68199 
159	-935.157	-916.343	-914.056	1.61777 
160	-935.157	-916.385	-913.913	1.65059 
161	-935.157	-916.352	-914.001	1.70837 
162	-939.271	-916.344	-914.105	1.83868 
163	-939.271	-916.312	-914.166	1.57005 
164	-939.271	-916.323	-914.163	1.58583 
165	-939.271	-916.366	-914.141	1.8109  
166	-939.271	-916.392	-914.09 	1.80254 
167	-939.271	-916.35 	-913.928	1.71559 
168	-939.271	-916.403	-913.874	1.99119 
169	-939.271	-916.362	-914.042	1.8818  
170	-939.271	-916.381	-914.102	1.72792 
171	-939.271	-916.432	-914.151	1.79105 
172	-939.271	-916.443	-914.134	1.77567 
173	-939.271	-916.433	-914.141	1.76284 
174	-939.271	-916.465	-914.271	1.99948 
175	-939.271	-916.513	-914.257	1.78932 
176	-939.271	-916.503	-914.264	1.71772 
177	-939.271	-916.441	-914.116	1.58165 
178	-939.271	-916.571	-914.138	1.70822 
179	-939.271	-916.572	-914.102	1.66139 
180	-939.271	-916.493	-914.178	1.64581 
181	-940.084	-916.547	-914.105	2.01937 
182	-940.084	-916.565	-914.076	1.93548 
183	-940.084	-916.591	-914.105	1.87085 
184	-940.084	-916.623	-914.29 	2.11791 
185	-940.084	-916.636	-914.158	1.99614 
186	-940.084	-916.663	-914.307	1.93149 
187	-940.084	-916.691	-914.291	1.99806 
188	-940.084	-916.684	-914.314	2.01069 
189	-940.084	-916.699	-914.229	1.95252 
190	-940.084	-916.719	-914.483	2.02671 
191	-941.515	-916.699	-914.348	2.1488  
192	-941.515	-916.691	-914.298	1.91103 
193	-941.515	-916.656	-914.329	1.82349 
194	-941.515	-916.68 	-914.457	2.00421 
195	-941.515	-916.762	-914.215	1.86057 
196	-941.515	-916.728	-914.15 	1.7834  
197	-941.515	-916.702	-914.179	1.70955 
198	-941.515	-916.744	-914.388	1.70106 
199	-941.515	-916.737	-914.268	1.68887 
Result of algorithm run: SUCCESS, 0, 0, -941.514506, 0
