gen	min     	avg     	max     	std     
0  	-915.986	-913.728	-913.446	0.331718
1  	-915.986	-913.729	-913.448	0.336526
2  	-917.364	-913.744	-913.45 	0.384476
3  	-917.364	-913.76 	-913.448	0.427714
4  	-918.517	-913.776	-913.448	0.464866
5  	-918.517	-913.802	-913.444	0.4566  
6  	-920.52 	-913.808	-913.446	0.53174 
7  	-920.52 	-913.835	-913.449	0.642968
8  	-920.52 	-913.83 	-913.454	0.550565
9  	-920.52 	-913.841	-913.457	0.549841
10 	-920.52 	-913.897	-913.457	0.722944
11 	-920.566	-913.887	-913.447	0.596363
12 	-920.923	-913.91 	-913.457	0.670253
13 	-920.923	-913.912	-913.461	0.657762
14 	-920.923	-913.897	-913.454	0.569009
15 	-920.923	-913.921	-913.456	0.608317
16 	-920.923	-913.955	-913.465	0.678511
17 	-920.923	-913.948	-913.466	0.614065
18 	-920.923	-913.96 	-913.468	0.597101
19 	-921.779	-913.994	-913.467	0.691741
20 	-921.779	-914.001	-913.478	0.686312
21 	-921.779	-914.012	-913.454	0.742877
22 	-921.927	-914.043	-913.466	0.821462
23 	-923.579	-914.06 	-913.469	0.802909
24 	-923.579	-914.106	-913.457	0.887173
25 	-923.579	-914.103	-913.461	0.85796 
26 	-923.579	-914.126	-913.466	0.882156
27 	-923.579	-914.146	-913.465	0.825805
28 	-923.579	-914.135	-913.468	0.75555 
29 	-923.579	-914.182	-913.454	0.816414
30 	-923.579	-914.193	-913.502	0.866824
31 	-924.233	-914.225	-913.487	0.941831
32 	-924.233	-914.22 	-913.474	0.967418
33 	-924.233	-914.21 	-913.478	0.878957
34 	-924.233	-914.224	-913.478	0.878791
35 	-924.233	-914.281	-913.467	0.952838
36 	-924.233	-914.299	-913.481	0.946094
37 	-924.553	-914.339	-913.49 	1.0752  
38 	-924.553	-914.345	-913.498	1.01158 
39 	-924.553	-914.329	-913.518	0.845771
40 	-924.553	-914.364	-913.502	0.986405
41 	-924.553	-914.41 	-913.509	1.06589 
42 	-924.553	-914.443	-913.527	1.0401  
43 	-927.62 	-914.421	-913.492	1.04734 
44 	-927.62 	-914.489	-913.529	1.24255 
45 	-927.62 	-914.463	-913.533	1.2387  
46 	-927.62 	-914.463	-913.523	1.01147 
47 	-927.62 	-914.53 	-913.492	1.1223  
48 	-927.62 	-914.565	-913.55 	1.13799 
49 	-927.864	-914.61 	-913.527	1.29156 
50 	-927.864	-914.594	-913.513	1.25804 
51 	-927.864	-914.6  	-913.524	1.28511 
52 	-927.864	-914.63 	-913.549	1.16512 
53 	-927.864	-914.633	-913.538	1.13448 
54 	-927.864	-914.688	-913.538	1.2114  
55 	-927.864	-914.693	-913.55 	1.25962 
56 	-927.864	-914.708	-913.53 	1.28879 
57 	-927.864	-914.745	-913.536	1.22496 
58 	-927.864	-914.747	-913.518	1.30473 
59 	-927.864	-914.781	-913.564	1.28212 
60 	-927.864	-914.789	-913.557	1.28171 
61 	-927.864	-914.798	-913.557	1.27438 
62 	-927.864	-914.789	-913.562	1.14553 
63 	-927.864	-914.826	-913.559	1.2048  
64 	-927.864	-914.861	-913.559	1.27567 
65 	-927.864	-914.883	-913.563	1.32875 
66 	-927.864	-914.886	-913.609	1.25999 
67 	-927.864	-914.95 	-913.605	1.34518 
68 	-927.864	-914.991	-913.605	1.31655 
69 	-927.864	-914.992	-913.617	1.40834 
70 	-927.864	-915.002	-913.591	1.36921 
71 	-927.864	-915.044	-913.607	1.34034 
72 	-927.864	-915.043	-913.665	1.29942 
73 	-927.864	-915.053	-913.636	1.30128 
74 	-927.864	-915.06 	-913.598	1.27304 
75 	-927.864	-915.045	-913.665	1.24163 
76 	-927.864	-915.057	-913.681	1.21384 
77 	-927.864	-915.093	-913.629	1.29554 
78 	-927.864	-915.111	-913.681	1.31133 
79 	-927.864	-915.134	-913.642	1.28676 
80 	-927.864	-915.161	-913.644	1.28902 
81 	-927.864	-915.176	-913.655	1.3756  
82 	-927.864	-915.212	-913.662	1.45608 
83 	-927.864	-915.253	-913.663	1.38638 
84 	-927.864	-915.289	-913.675	1.28962 
85 	-927.864	-915.236	-913.647	1.30827 
86 	-927.864	-915.257	-913.647	1.30155 
87 	-927.864	-915.32 	-913.688	1.36428 
88 	-927.864	-915.358	-913.668	1.44462 
89 	-927.864	-915.381	-913.663	1.4256  
90 	-927.864	-915.392	-913.783	1.3566  
91 	-927.864	-915.437	-913.682	1.39896 
92 	-927.864	-915.465	-913.838	1.53307 
93 	-927.864	-915.486	-913.711	1.43131 
94 	-927.864	-915.573	-913.735	1.45136 
95 	-928.869	-915.538	-913.766	1.60081 
96 	-928.869	-915.548	-913.683	1.466   
97 	-928.869	-915.613	-913.755	1.53181 
98 	-928.869	-915.552	-913.72 	1.44586 
99 	-928.869	-915.578	-913.794	1.40616 
100	-928.869	-915.624	-913.774	1.37389 
101	-928.869	-915.635	-913.656	1.45655 
102	-928.869	-915.659	-913.779	1.43529 
103	-928.869	-915.709	-913.836	1.56728 
104	-928.869	-915.723	-913.728	1.47063 
105	-928.869	-915.749	-913.773	1.54281 
106	-928.869	-915.722	-913.793	1.55878 
107	-928.869	-915.758	-913.733	1.45984 
108	-928.869	-915.847	-913.673	1.47266 
109	-928.869	-915.861	-913.93 	1.4726  
110	-928.869	-915.839	-913.861	1.48154 
111	-929.993	-915.921	-913.851	1.56658 
112	-929.993	-915.922	-913.782	1.46554 
113	-929.993	-915.944	-913.815	1.52132 
114	-929.993	-915.916	-913.92 	1.41791 
115	-929.993	-915.956	-913.956	1.57197 
116	-929.993	-915.92 	-913.947	1.3877  
117	-929.993	-915.964	-913.935	1.41418 
118	-929.993	-915.947	-913.957	1.34078 
119	-929.993	-916.029	-913.951	1.4161  
120	-929.993	-916.03 	-914.011	1.44623 
121	-929.993	-916.067	-913.959	1.48167 
122	-929.993	-916.075	-914.029	1.44047 
123	-929.993	-916.125	-913.978	1.55699 
124	-929.993	-916.149	-914.122	1.51378 
125	-929.993	-916.183	-914.052	1.68522 
126	-929.993	-916.197	-913.998	1.69697 
127	-929.993	-916.172	-914.02 	1.54983 
128	-929.993	-916.199	-914.075	1.495   
129	-929.993	-916.236	-913.927	1.57249 
130	-929.993	-916.246	-914.032	1.5028  
131	-929.993	-916.258	-914.037	1.60072 
132	-929.993	-916.324	-913.946	1.63168 
133	-929.993	-916.348	-914.148	1.61294 
134	-929.993	-916.414	-914.025	1.67065 
135	-930.562	-916.396	-914.093	1.58583 
136	-930.562	-916.424	-914.167	1.65988 
137	-930.562	-916.44 	-914.209	1.60624 
138	-930.562	-916.431	-914.262	1.58829 
139	-930.562	-916.426	-914.302	1.54778 
140	-930.562	-916.455	-914.182	1.56614 
141	-930.562	-916.49 	-914.168	1.66706 
142	-930.562	-916.494	-914.277	1.59738 
143	-930.562	-916.513	-914.207	1.58287 
144	-930.562	-916.513	-914.092	1.62382 
145	-930.562	-916.524	-914.146	1.51444 
146	-930.562	-916.613	-914.116	1.58737 
147	-930.562	-916.61 	-914.22 	1.53634 
148	-930.562	-916.583	-914.144	1.49014 
149	-930.562	-916.605	-914.124	1.51899 
150	-930.562	-916.65 	-914.124	1.63055 
151	-930.562	-916.667	-914.23 	1.6037  
152	-930.562	-916.673	-914.378	1.59554 
153	-930.562	-916.688	-914.287	1.5072  
154	-930.562	-916.689	-914.21 	1.48529 
155	-930.562	-916.734	-914.342	1.71707 
156	-930.626	-916.781	-914.47 	1.72545 
157	-930.626	-916.787	-914.47 	1.58158 
158	-930.626	-916.789	-914.132	1.59601 
159	-930.626	-916.795	-914.35 	1.68561 
160	-930.626	-916.872	-914.526	1.75286 
161	-930.626	-916.826	-914.161	1.55417 
162	-930.626	-916.796	-914.278	1.50072 
163	-930.626	-916.872	-914.394	1.53786 
164	-931.857	-916.926	-914.159	1.65544 
165	-931.857	-916.899	-914.285	1.61139 
166	-931.857	-916.917	-914.239	1.55278 
167	-931.857	-916.93 	-914.459	1.63967 
168	-931.857	-916.921	-914.343	1.59429 
169	-931.857	-916.96 	-914.424	1.60236 
170	-931.857	-916.988	-914.575	1.64696 
171	-931.857	-916.967	-914.52 	1.52326 
172	-931.857	-917.018	-914.458	1.64288 
173	-931.857	-917.036	-914.479	1.59337 
174	-931.857	-917.065	-914.504	1.59849 
175	-931.857	-917.104	-914.357	1.69114 
176	-931.857	-917.139	-914.429	1.69899 
177	-931.857	-917.154	-914.542	1.64787 
178	-931.857	-917.108	-914.422	1.61739 
179	-931.857	-917.143	-914.713	1.65875 
180	-931.857	-917.153	-914.602	1.59167 
181	-931.857	-917.171	-914.543	1.64406 
182	-931.857	-917.16 	-914.797	1.64825 
183	-931.857	-917.172	-914.428	1.6758  
184	-931.857	-917.18 	-914.627	1.67977 
185	-931.857	-917.154	-914.795	1.50303 
186	-931.857	-917.198	-914.518	1.55227 
187	-931.857	-917.199	-914.717	1.55131 
188	-931.857	-917.195	-914.669	1.57417 
189	-931.857	-917.171	-914.926	1.5229  
190	-931.857	-917.175	-914.62 	1.45938 
191	-931.857	-917.182	-914.983	1.56865 
192	-931.857	-917.184	-914.866	1.553   
193	-931.857	-917.232	-914.814	1.46816 
194	-931.857	-917.278	-915.04 	1.5095  
195	-932.296	-917.266	-914.948	1.61462 
196	-932.296	-917.268	-914.908	1.65594 
197	-932.296	-917.309	-914.875	1.64869 
198	-932.296	-917.302	-914.754	1.55725 
199	-932.296	-917.334	-914.777	1.63532 
Result of algorithm run: SUCCESS, 0, 0, -932.296095, 0
