gen	min     	avg     	max     	std     
0  	-916.633	-913.734	-913.441	0.368921
1  	-916.633	-913.735	-913.448	0.349986
2  	-916.633	-913.738	-913.448	0.332487
3  	-916.633	-913.735	-913.451	0.322489
4  	-916.633	-913.735	-913.451	0.331635
5  	-917.448	-913.757	-913.447	0.400639
6  	-917.448	-913.764	-913.457	0.376848
7  	-917.448	-913.787	-913.451	0.396618
8  	-917.448	-913.783	-913.46 	0.386453
9  	-917.448	-913.817	-913.455	0.43466 
10 	-918.065	-913.833	-913.454	0.471893
11 	-918.065	-913.845	-913.45 	0.47029 
12 	-918.148	-913.87 	-913.46 	0.539289
13 	-918.949	-913.89 	-913.453	0.557125
14 	-919.53 	-913.895	-913.46 	0.568393
15 	-919.53 	-913.9  	-913.461	0.536586
16 	-919.53 	-913.921	-913.454	0.56069 
17 	-919.53 	-913.953	-913.46 	0.622353
18 	-919.53 	-913.962	-913.462	0.635003
19 	-919.53 	-913.983	-913.455	0.654346
20 	-919.53 	-913.984	-913.479	0.629761
21 	-919.53 	-913.995	-913.469	0.681632
22 	-919.53 	-914.005	-913.469	0.624912
23 	-919.53 	-914.018	-913.462	0.610949
24 	-919.53 	-914.029	-913.463	0.600627
25 	-920.822	-914.027	-913.465	0.645244
26 	-920.822	-914.072	-913.473	0.730606
27 	-920.822	-914.087	-913.467	0.671344
28 	-920.822	-914.085	-913.468	0.653318
29 	-920.822	-914.095	-913.469	0.67524 
30 	-920.822	-914.109	-913.458	0.747942
31 	-920.822	-914.17 	-913.485	0.731175
32 	-920.822	-914.163	-913.475	0.688552
33 	-920.822	-914.203	-913.474	0.738904
34 	-920.822	-914.226	-913.487	0.730975
35 	-920.822	-914.245	-913.496	0.808093
36 	-920.822	-914.261	-913.468	0.799157
37 	-920.822	-914.274	-913.483	0.838102
38 	-920.822	-914.286	-913.473	0.828864
39 	-920.822	-914.281	-913.486	0.755514
40 	-920.822	-914.326	-913.495	0.809864
41 	-920.822	-914.332	-913.501	0.868668
42 	-925.05 	-914.345	-913.514	0.934129
43 	-925.05 	-914.397	-913.516	0.886259
44 	-925.05 	-914.4  	-913.518	0.996607
45 	-925.05 	-914.443	-913.51 	0.971275
46 	-925.05 	-914.417	-913.53 	0.927853
47 	-925.05 	-914.452	-913.525	1.02912 
48 	-925.05 	-914.504	-913.553	1.04447 
49 	-925.05 	-914.526	-913.509	1.05943 
50 	-925.05 	-914.55 	-913.549	1.11247 
51 	-925.05 	-914.528	-913.512	0.987883
52 	-925.05 	-914.527	-913.536	0.939674
53 	-925.05 	-914.572	-913.537	1.06879 
54 	-925.05 	-914.606	-913.541	1.07362 
55 	-925.05 	-914.62 	-913.542	1.10983 
56 	-925.05 	-914.616	-913.538	1.02337 
57 	-925.05 	-914.642	-913.555	1.09376 
58 	-925.05 	-914.651	-913.53 	1.02768 
59 	-925.05 	-914.648	-913.558	1.0187  
60 	-925.05 	-914.698	-913.547	1.01618 
61 	-925.05 	-914.729	-913.563	1.08564 
62 	-925.05 	-914.775	-913.549	1.07511 
63 	-925.05 	-914.781	-913.598	1.07611 
64 	-925.05 	-914.837	-913.626	1.24453 
65 	-925.05 	-914.834	-913.624	1.11352 
66 	-925.05 	-914.821	-913.649	1.05278 
67 	-925.05 	-914.866	-913.624	1.06194 
68 	-925.05 	-914.881	-913.62 	1.15795 
69 	-925.05 	-914.876	-913.619	1.19672 
70 	-925.05 	-914.92 	-913.525	1.20181 
71 	-925.05 	-914.934	-913.575	1.135   
72 	-925.05 	-914.939	-913.613	1.20124 
73 	-925.05 	-914.961	-913.625	1.22544 
74 	-925.05 	-915.004	-913.599	1.26922 
75 	-925.487	-915.007	-913.668	1.22451 
76 	-925.91 	-914.999	-913.709	1.23221 
77 	-925.91 	-915.036	-913.686	1.18261 
78 	-925.91 	-915.046	-913.676	1.20139 
79 	-925.91 	-915.074	-913.7  	1.15247 
80 	-925.91 	-915.096	-913.654	1.21699 
81 	-925.91 	-915.11 	-913.664	1.17723 
82 	-925.91 	-915.157	-913.721	1.3438  
83 	-925.91 	-915.202	-913.591	1.38054 
84 	-925.91 	-915.193	-913.645	1.26163 
85 	-925.91 	-915.209	-913.637	1.29405 
86 	-925.91 	-915.231	-913.592	1.18588 
87 	-925.91 	-915.269	-913.648	1.21673 
88 	-925.91 	-915.311	-913.658	1.37194 
89 	-925.91 	-915.278	-913.685	1.27358 
90 	-925.91 	-915.354	-913.704	1.35939 
91 	-925.91 	-915.413	-913.751	1.44694 
92 	-925.91 	-915.401	-913.699	1.32867 
93 	-925.91 	-915.384	-913.713	1.25722 
94 	-925.91 	-915.46 	-913.714	1.36453 
95 	-925.91 	-915.523	-913.744	1.39754 
96 	-925.91 	-915.514	-913.782	1.32187 
97 	-925.91 	-915.554	-913.745	1.38776 
98 	-925.91 	-915.595	-913.75 	1.43405 
99 	-925.91 	-915.605	-913.75 	1.40295 
100	-925.91 	-915.619	-913.703	1.42061 
101	-925.91 	-915.678	-913.769	1.3927  
102	-925.91 	-915.662	-913.859	1.34884 
103	-925.91 	-915.66 	-913.803	1.36274 
104	-925.91 	-915.649	-913.85 	1.35015 
105	-925.91 	-915.734	-913.803	1.43711 
106	-925.91 	-915.689	-913.89 	1.36818 
107	-925.91 	-915.704	-913.885	1.45348 
108	-926.05 	-915.692	-913.87 	1.44495 
109	-926.05 	-915.754	-913.788	1.4773  
110	-926.05 	-915.813	-913.919	1.53451 
111	-926.05 	-915.81 	-913.875	1.36563 
112	-926.05 	-915.812	-913.799	1.39051 
113	-926.05 	-915.77 	-913.87 	1.35744 
114	-926.05 	-915.802	-913.883	1.31842 
115	-926.05 	-915.815	-913.947	1.24466 
116	-926.05 	-915.859	-913.947	1.34252 
117	-926.05 	-915.889	-913.918	1.32066 
118	-926.05 	-915.927	-913.942	1.374   
119	-926.05 	-915.958	-913.891	1.4178  
120	-926.05 	-915.952	-913.922	1.38148 
121	-926.257	-916.027	-913.97 	1.50219 
122	-926.257	-916.073	-913.911	1.52116 
123	-926.257	-916.021	-913.901	1.44757 
124	-927.372	-916.021	-913.904	1.51012 
125	-927.372	-916.065	-913.839	1.43306 
126	-927.372	-916.099	-913.914	1.53682 
127	-927.372	-916.112	-913.993	1.47938 
128	-927.372	-916.074	-914.028	1.33385 
129	-927.372	-916.156	-914.087	1.45244 
130	-927.372	-916.231	-914.042	1.57716 
131	-927.372	-916.248	-913.937	1.4569  
132	-927.372	-916.254	-913.96 	1.4633  
133	-927.372	-916.272	-913.852	1.49122 
134	-927.372	-916.29 	-913.885	1.44275 
135	-927.372	-916.315	-913.885	1.45441 
136	-927.372	-916.347	-914.07 	1.51758 
137	-927.372	-916.372	-914.183	1.56241 
138	-927.372	-916.368	-914.196	1.41953 
139	-927.372	-916.407	-914.129	1.48462 
140	-927.372	-916.41 	-914.256	1.45217 
141	-927.372	-916.453	-914.154	1.47462 
142	-927.372	-916.468	-914.137	1.48944 
143	-927.372	-916.48 	-914.078	1.47644 
144	-927.372	-916.493	-914.1  	1.54319 
145	-927.372	-916.471	-914.101	1.48117 
146	-927.372	-916.519	-914.269	1.55473 
147	-927.372	-916.503	-914.085	1.41806 
148	-927.372	-916.535	-914.141	1.36392 
149	-927.372	-916.594	-914.214	1.45869 
150	-927.372	-916.641	-914.265	1.4904  
151	-927.372	-916.648	-914.15 	1.44395 
152	-927.372	-916.672	-914.368	1.44031 
153	-927.372	-916.652	-914.287	1.44344 
154	-927.372	-916.659	-914.258	1.49285 
155	-927.372	-916.658	-914.103	1.46139 
156	-927.372	-916.621	-914.363	1.36534 
157	-928.343	-916.681	-914.337	1.39255 
158	-928.343	-916.677	-914.37 	1.29203 
159	-928.343	-916.73 	-914.318	1.40067 
160	-928.343	-916.778	-914.216	1.42892 
161	-928.343	-916.815	-914.589	1.49163 
162	-928.343	-916.798	-914.4  	1.39333 
163	-928.343	-916.801	-914.488	1.49904 
164	-928.343	-916.826	-914.556	1.32092 
165	-928.343	-916.879	-914.247	1.42587 
166	-928.343	-916.895	-914.398	1.34984 
167	-928.343	-916.886	-914.568	1.4209  
168	-928.343	-916.939	-914.485	1.38266 
169	-928.343	-916.963	-914.485	1.35245 
170	-928.343	-916.947	-914.573	1.33001 
171	-928.343	-917.008	-914.5  	1.45302 
172	-928.343	-917.061	-914.563	1.40877 
173	-928.343	-917.038	-914.64 	1.3895  
174	-928.343	-917.042	-914.618	1.41593 
175	-928.343	-917.047	-914.61 	1.45327 
176	-928.343	-917.109	-914.636	1.44551 
177	-928.778	-917.122	-914.476	1.53921 
178	-928.778	-917.087	-914.689	1.53683 
179	-929.296	-917.116	-914.845	1.56611 
180	-929.296	-917.148	-914.639	1.46239 
181	-929.296	-917.149	-914.685	1.47545 
182	-929.296	-917.186	-914.819	1.48644 
183	-929.296	-917.201	-914.562	1.41792 
184	-929.296	-917.178	-914.691	1.34526 
185	-929.296	-917.213	-914.808	1.37445 
186	-929.296	-917.245	-914.777	1.47909 
187	-929.296	-917.251	-914.807	1.44854 
188	-929.296	-917.271	-914.694	1.44837 
189	-929.296	-917.335	-914.78 	1.45087 
190	-929.296	-917.327	-914.793	1.53072 
191	-929.296	-917.338	-914.699	1.52535 
192	-929.296	-917.346	-914.942	1.52892 
193	-929.296	-917.318	-914.795	1.5028  
194	-929.296	-917.308	-914.776	1.49517 
195	-929.296	-917.318	-914.743	1.42721 
196	-929.296	-917.343	-914.794	1.44174 
197	-929.296	-917.297	-914.747	1.35514 
198	-929.498	-917.341	-914.957	1.46494 
199	-929.498	-917.339	-914.875	1.34881 
Result of algorithm run: SUCCESS, 0, 0, -929.498407, 0
