gen	min    	avg    	max    	std    
0  	12.1289	21.3862	33.5336	3.87675
1  	11.3416	21.4789	35.5742	3.9434 
2  	11.3416	21.3702	33.1467	3.95348
3  	11.3416	21.1269	34.5937	3.74167
4  	11.3416	21.5598	34.0637	3.97055
5  	11.3416	21.4027	33.3899	3.87303
6  	11.3416	21.7156	33.7251	3.8543 
7  	11.3416	21.6773	34.8014	3.96928
8  	11.3416	21.4194	34.4988	3.79935
9  	11.3416	21.7524	34.5569	3.92941
10 	11.3416	21.7891	35.4158	3.94367
11 	11.3416	21.602 	32.1419	3.77094
12 	11.3416	21.6286	31.8412	3.76935
13 	11.3416	22.053 	35.3692	3.77576
14 	11.3416	21.6526	32.9322	3.90489
15 	11.3416	21.7057	33.4519	3.96673
16 	11.3416	21.6213	33.3504	3.78415
17 	11.3416	21.4476	34.0714	3.81359
18 	11.3416	21.6314	34.309 	4.02259
19 	11.3416	21.4854	34.4846	4.09703
20 	11.3416	21.4093	33.5172	3.88349
21 	11.3416	21.3249	34.2865	3.97021
22 	11.3416	21.5836	34.4072	3.99466
23 	11.2301	21.3138	34.0915	3.96417
24 	11.128 	21.4981	33.9385	3.93342
25 	11.128 	21.4505	34.5486	3.86292
26 	11.128 	21.2734	33.2131	3.83372
27 	11.128 	21.4625	35.155 	3.93031
28 	11.128 	21.5509	35.155 	3.97282
29 	11.128 	21.8985	34.0695	3.79693
30 	11.128 	21.725 	33.6754	3.86896
31 	11.128 	21.3618	32.6458	3.80772
32 	11.128 	21.602 	32.3827	3.98697
33 	11.128 	21.1082	31.1723	3.59052
34 	11.128 	21.4219	33.7449	3.85475
35 	11.128 	21.4662	34.4531	3.92915
36 	11.128 	21.4963	32.3662	3.76671
37 	11.128 	21.4975	34.3023	3.91434
38 	10.734 	21.717 	35.0164	4.09738
39 	10.734 	21.8214	34.0275	3.8336 
40 	10.734 	21.4934	33.971 	3.78133
41 	10.734 	21.6051	33.0099	3.81498
42 	10.734 	21.4597	33.6596	3.9344 
43 	10.734 	21.2215	34.0181	3.82871
44 	10.734 	21.1923	33.2321	3.6414 
45 	10.734 	21.7014	35.4759	3.97599
46 	10.734 	21.5439	34.2107	3.8346 
47 	10.734 	21.4711	34.0216	4.03037
48 	10.734 	21.6048	34.4669	3.94141
49 	10.734 	21.5182	32.5706	3.72817
50 	10.734 	21.6888	33.1212	3.69698
51 	10.734 	21.3264	32.2232	3.5733 
52 	10.734 	21.7496	33.4517	3.82714
53 	10.734 	21.6495	32.4399	3.8787 
54 	10.734 	21.17  	32.6184	3.7618 
55 	10.734 	21.6301	36.2526	4.02887
56 	10.734 	21.2287	31.9692	3.76618
57 	10.734 	21.8452	33.5865	3.85729
58 	10.734 	21.6207	34.8267	3.95274
59 	10.734 	21.4815	34.3123	3.93462
60 	10.734 	21.5533	36.9448	4.1463 
61 	10.734 	21.5057	33.2178	3.76724
62 	10.734 	21.4   	34.1332	4.04009
63 	10.734 	21.427 	33.6322	4.1245 
64 	10.734 	21.3237	33.6322	3.96936
65 	10.734 	21.1651	35.975 	3.96977
66 	10.734 	21.6289	33.8191	3.70813
67 	10.734 	21.65  	33.6055	3.9457 
68 	10.734 	21.3081	33.5835	3.9602 
69 	10.734 	21.5769	31.4539	3.88355
70 	10.734 	21.4102	33.455 	3.63504
71 	10.734 	21.2629	32.0459	3.67834
72 	10.734 	21.5352	33.7054	3.96142
73 	10.734 	21.5887	31.8193	3.71046
74 	10.734 	21.43  	32.0636	3.72008
75 	10.734 	21.6724	34.0191	3.93289
76 	10.734 	21.3577	33.8509	3.76564
77 	10.734 	21.8217	33.8758	4.05544
78 	10.734 	21.4276	34.4658	3.84768
79 	10.734 	21.3776	32.9278	3.7775 
80 	10.734 	21.4319	34.0059	3.76214
81 	10.734 	21.4897	33.9585	3.92137
82 	10.734 	21.3745	32.7601	3.86764
83 	10.734 	21.1339	33.965 	3.95007
84 	10.734 	21.4905	35.202 	3.86171
85 	10.734 	21.3507	33.3342	3.8649 
86 	10.734 	21.5655	33.3721	3.90944
87 	10.734 	21.5443	33.1501	3.83149
88 	10.734 	21.1463	32.6571	3.74208
89 	10.734 	21.2582	33.2321	3.78263
90 	10.734 	21.4643	33.6871	3.94823
91 	10.734 	21.4329	33.297 	3.98042
92 	10.734 	21.418 	33.173 	3.59594
93 	10.734 	21.3972	33.2076	3.75523
94 	10.734 	21.4534	35.2121	3.97354
95 	10.734 	21.7719	35.0387	4.29677
96 	10.734 	21.4016	34.4281	3.9383 
97 	10.734 	21.4176	32.5707	3.8564 
98 	10.734 	21.2489	34.6903	3.84906
99 	10.734 	21.2041	31.6701	3.82146
100	10.734 	21.4941	32.4215	3.93357
101	10.734 	21.5126	34.439 	3.93192
102	10.734 	21.3826	33.6617	3.88534
103	10.734 	21.5197	32.7342	3.64834
104	10.734 	21.5569	31.5156	3.93338
105	10.734 	21.309 	33.7947	3.78359
106	10.734 	21.419 	32.4192	3.86684
107	10.734 	21.4683	33.9069	3.94478
108	10.734 	21.6172	35.2913	4.02368
109	10.7173	21.2055	32.9524	3.83698
110	10.7173	21.4889	32.4285	3.78746
111	10.7173	21.3163	32.9832	3.69416
112	10.7173	21.4751	32.8616	3.88734
113	10.7173	21.5103	33.7388	3.9026 
114	10.7173	21.4514	31.425 	3.71235
115	10.7173	21.3915	35.3277	3.64228
116	10.7173	21.4041	32.5595	3.66358
117	10.7173	21.5985	36.4297	3.97263
118	10.7173	21.3816	37.4092	4.22469
119	10.7173	21.5409	36.1587	4.05277
120	10.7173	21.4492	36.1587	3.93709
121	10.7173	21.2857	32.5681	3.8424 
122	10.7173	21.5591	32.703 	3.76074
123	10.7173	21.4179	32.7538	3.81865
124	10.7173	21.1312	33.4688	3.91777
125	10.7173	21.7145	33.0299	3.94887
126	10.6092	21.4426	33.4909	3.75047
127	10.6092	21.324 	32.9464	3.77094
128	10.6092	21.4069	34.1012	3.91513
129	10.6092	21.6255	32.5234	3.84694
130	10.6092	21.7004	34.4264	4.09689
131	10.6092	21.5302	33.5141	3.83668
132	10.6092	21.3609	33.2503	3.949  
133	10.6092	21.6573	33.4122	3.88927
134	10.6092	21.6112	33.8862	4.02999
135	10.6092	21.4633	32.1496	3.80192
136	10.6092	21.1383	31.8547	3.57987
137	10.6092	21.6075	33.6993	3.93762
138	10.6092	21.5045	36.3514	4.30549
139	10.6092	21.3619	33.3611	3.8419 
140	10.6092	21.7023	34.8263	3.81501
141	10.6092	21.3264	34.6504	3.84624
142	10.6092	21.5605	33.8097	4.09185
143	10.6092	21.4257	34.1823	3.93523
144	10.6092	21.3785	31.107 	3.72089
145	10.6092	21.5874	34.0716	3.79397
146	10.6092	21.8763	34.7612	3.84635
147	10.6092	21.7146	33.9561	3.77295
148	10.6092	21.4917	31.8527	3.71379
149	10.6092	21.6915	33.7423	4.06347
150	10.6092	21.704 	32.9205	4.18872
151	10.6092	21.3488	34.5037	3.74746
152	10.6092	21.5626	33.8242	3.84204
153	10.6092	21.7537	33.05  	3.87853
154	10.6092	21.3733	32.1871	3.8374 
155	10.6092	21.6421	33.6488	4.10355
156	10.6092	21.2592	31.9165	3.64436
157	10.6092	21.3732	32.1616	3.76997
158	10.6092	21.5641	32.4803	3.75365
159	10.6092	21.6233	32.5139	3.93472
160	10.6092	21.4384	33.7341	3.66581
161	10.6092	21.3373	33.4916	4.00539
162	10.6092	21.189 	32.822 	3.89428
163	10.6092	21.6301	33.0544	3.96488
164	10.6092	21.5401	32.8627	3.7041 
165	10.6092	21.6503	32.4818	3.94869
166	10.6092	21.399 	32.1153	3.71863
167	10.6092	21.3976	32.0857	3.81943
168	10.6092	21.3299	31.8083	3.78314
169	10.6092	21.8562	33.9457	3.91335
170	10.6092	21.5367	32.93  	3.6714 
171	10.6092	21.3837	35.7056	3.90275
172	10.6092	21.5341	33.1912	3.92402
173	10.6092	21.4457	32.9833	3.7517 
174	10.6092	21.8231	32.7785	3.7225 
175	10.6092	21.503 	36.5127	3.9897 
176	10.6092	21.4169	32.1958	3.77952
177	10.6092	21.3577	33.6773	3.72334
178	10.6092	21.752 	34.1967	4.04675
179	10.6092	21.4038	32.8615	4.06382
180	10.6092	21.4239	33.6956	3.94435
181	10.6092	21.5019	33.0483	3.87048
182	10.6092	21.4693	32.446 	3.91819
183	10.6092	21.4848	32.6071	3.68197
184	10.6092	21.8216	34.7569	3.92974
185	10.6092	21.3581	31.9772	3.74366
186	10.6092	21.3925	33.002 	3.7715 
187	10.6092	21.4485	34.3312	3.89298
188	10.6092	21.4761	33.7953	3.76824
189	10.6092	21.4581	33.3607	3.76861
190	10.6092	21.5846	33.3607	3.96015
191	10.6092	21.4096	33.8282	3.82482
192	10.6092	21.658 	32.2702	3.89891
193	10.6092	21.6661	33.4796	3.96127
194	10.6092	21.439 	33.4516	3.97682
195	10.6092	21.509 	31.9494	3.91906
196	10.6092	21.564 	35.0919	3.88164
197	10.6092	21.4048	33.9699	3.87051
198	10.6092	21.3232	34.8968	4.01318
199	10.6092	21.2262	33.8482	3.80694
Result of algorithm run: SUCCESS, 0, 0, 10.609226, 0
