gen	min    	avg    	max    	std    
0  	1225.21	1833.27	2388.33	204.471
1  	1219.03	1816.77	2412.95	201.705
2  	1169.77	1808.56	2447.41	196.4  
3  	1169.77	1795.26	2406.11	204.055
4  	1169.77	1781.73	2310.88	195.562
5  	1169.77	1766.98	2328.88	204.948
6  	1056.81	1759.99	2405.63	208.551
7  	973.86 	1745.42	2281.35	203.789
8  	973.86 	1732.03	2232.99	200.024
9  	973.86 	1719.93	2376.22	203.172
10 	973.86 	1712.91	2237.16	201.761
11 	973.86 	1699.63	2266.2 	201.073
12 	962.986	1683.29	2247.67	195.189
13 	962.986	1686.94	2217.97	192.645
14 	962.986	1666.86	2267.06	203.023
15 	962.986	1657.11	2217.03	212.248
16 	962.986	1638.55	2260.66	211.14 
17 	962.986	1634.6 	2215.22	209.121
18 	962.986	1617.05	2172.5 	205.221
19 	962.986	1609.55	2214.15	203.65 
20 	962.986	1599.41	2180.28	209.337
21 	962.986	1583.52	2111.77	189.283
22 	962.986	1568.58	2130   	188.637
23 	962.986	1561.34	2086.79	187.266
24 	962.986	1557.01	2146.13	190.443
25 	962.986	1544.76	2002.45	187.307
26 	962.986	1537.63	2067.29	190.641
27 	877.47 	1527.61	2058.28	189.332
28 	877.47 	1513.74	2025.32	190.889
29 	877.47 	1506.21	1950.95	187.217
30 	877.47 	1500.29	2026.89	188.708
31 	838.509	1492.35	2068.23	200.412
32 	838.509	1484.6 	2066.35	194.949
33 	838.509	1472.28	1962.68	188.578
34 	838.509	1467.4 	1982.11	182.404
35 	838.509	1459.21	1949.61	190.89 
36 	838.509	1449.83	1939.53	185.597
37 	838.509	1440.46	1964.81	182.424
38 	838.509	1433.07	1985.32	184.068
39 	838.509	1421.69	1922.22	174.21 
40 	838.509	1413.68	1863.62	170.856
41 	838.509	1409.09	1894.38	172.696
42 	838.509	1391.46	1834.21	166.807
43 	838.509	1382.55	1830.39	166.785
44 	838.509	1376.85	1892.7 	171.649
45 	838.509	1372.27	1859.31	163.477
46 	838.509	1364.03	1848.99	166.487
47 	834.033	1359.84	1858.06	172.54 
48 	834.033	1350.95	1842.92	172.639
49 	834.033	1342   	1750.09	174.483
50 	820.333	1337.15	1875.7 	177.544
51 	820.333	1328.21	1741.01	168.956
52 	820.333	1320.28	1773.56	166.005
53 	820.333	1308.32	1870.24	165.42 
54 	820.333	1303.61	1806.52	169.842
55 	776.164	1294   	1771.84	165.478
56 	776.164	1283.37	1843.11	164.165
57 	776.164	1276.5 	1737.28	174.377
58 	776.164	1275.19	1735.55	175.276
59 	776.164	1268.1 	1730.51	168.168
60 	759.7  	1254.39	1756.81	165.271
61 	759.7  	1253.8 	1697.23	166.823
62 	759.7  	1247.48	1641.45	159.543
63 	759.7  	1236.05	1722.03	162.706
64 	759.7  	1229.84	1659.09	159.934
65 	759.7  	1228.04	1624.13	157.944
66 	759.7  	1220.79	1714.03	155.858
67 	759.7  	1219.71	1803.64	161.702
68 	708.763	1212.81	1681.56	161.198
69 	688.603	1208.7 	1659.3 	164.255
70 	688.603	1201.43	1659.3 	162.312
71 	688.603	1199.81	1632.96	153.269
72 	688.603	1189.69	1624.24	153.11 
73 	688.603	1177.05	1600.97	151.107
74 	688.603	1172.44	1549.89	145.184
75 	688.603	1165.32	1646.39	152.275
76 	688.603	1162.59	1598.23	152.859
77 	688.603	1152.55	1676.19	156.042
78 	688.603	1154.21	1703.08	154.187
79 	688.603	1147.14	1589.91	156.885
80 	688.603	1139.55	1631.05	151.141
81 	688.603	1132.68	1554.12	148.476
82 	688.603	1132.1 	1554.12	145.715
83 	688.603	1125.3 	1518.39	144.2  
84 	688.603	1121.4 	1556.5 	147.868
85 	688.603	1118.47	1498.47	146.261
86 	688.603	1109.6 	1538.51	149.904
87 	688.603	1106.67	1553.51	147.085
88 	688.603	1104.55	1557.4 	148.363
89 	688.603	1106.49	1495.09	145.092
90 	688.603	1095.78	1555.11	136.707
91 	645.889	1089.16	1523.34	140.776
92 	645.889	1082.38	1538.59	140.147
93 	645.889	1076.3 	1482.46	139.262
94 	645.889	1070.67	1441.33	134.448
95 	645.889	1071.03	1539.58	133.321
96 	645.889	1071.36	1456.88	131.507
97 	645.889	1063.9 	1403.15	129.833
98 	645.889	1063   	1437.25	131.418
99 	645.889	1059.71	1490.47	133.79 
100	645.889	1053.5 	1476.48	132.592
101	645.889	1048.65	1414.35	126.894
102	645.889	1049.2 	1367.59	124.309
103	645.889	1042.07	1427.04	129.771
104	645.889	1040.52	1442.17	123.376
105	645.889	1029.01	1435.51	124.303
106	645.889	1027.55	1386.15	119.316
107	645.889	1025.23	1438.18	126.486
108	645.889	1023.26	1383.62	127.534
109	645.889	1014.73	1421.52	126.216
110	645.889	1012.85	1349.04	122.571
111	628.979	1001.5 	1355.88	115.999
112	628.979	1000.88	1350.89	119.703
113	628.979	997.622	1383.14	118.646
114	628.979	995.717	1325.25	122.871
115	628.979	992.476	1322.53	115.609
116	628.979	986.38 	1321.05	114.067
117	628.979	984.593	1326.48	115.75 
118	628.979	983.091	1395.21	119.93 
119	628.979	980.673	1359.23	118.15 
120	628.979	980.668	1352.01	119.754
121	628.979	975.754	1296.76	111.074
122	628.979	969.628	1272.86	113.554
123	628.979	972.55 	1295.03	115.17 
124	628.979	967.538	1311.46	118.102
125	628.979	964.351	1360.66	113.043
126	628.979	962.892	1254.48	111.587
127	628.979	954.274	1294.14	114.726
128	628.979	950.934	1386.65	112.454
129	628.979	946.948	1308.35	105.746
130	628.979	948.475	1300.96	104.039
131	628.979	944.089	1300.96	107.589
132	628.979	943.527	1327.19	107.567
133	628.979	935.896	1235.5 	106.383
134	628.979	933.731	1331.06	109.031
135	628.979	930.929	1204.5 	104.153
136	628.979	927.533	1191.65	103.24 
137	628.979	924.595	1210.55	101.496
138	628.979	921.793	1199.55	98.5962
139	628.979	920.347	1184.93	96.1061
140	628.979	922.1  	1224.98	100.247
141	628.979	915.894	1184.59	98.4678
142	628.979	912.601	1234.97	97.827 
143	628.979	915.3  	1193.12	97.4543
144	628.979	913.137	1251.64	99.488 
145	628.979	909.389	1254.57	99.2931
146	628.979	906.583	1220.29	91.6113
147	628.979	906.929	1204.32	97.7464
148	628.979	902.753	1204.84	96.4658
149	628.979	899.807	1201.49	97.4948
150	628.979	902.309	1209.45	97.6712
151	628.575	897.436	1198.85	100.405
152	628.575	895.287	1214.29	98.2901
153	628.575	891.077	1217.67	93.9088
154	628.575	888.255	1197.58	92.4579
155	628.575	884.556	1157.32	92.9793
156	628.575	888.07 	1178.73	88.1051
157	625.406	882.498	1178.73	90.0147
158	625.406	882.397	1126.57	91.9021
159	625.406	878.134	1188.57	92.3278
160	625.406	878.346	1159.37	90.8114
161	625.406	874.906	1125.77	88.559 
162	625.406	875.148	1161.64	88.4128
163	625.406	874.074	1161.64	88.5278
164	625.406	873.628	1175.93	91.476 
165	625.406	868.206	1121.67	87.9751
166	625.406	869.533	1167.32	83.2161
167	625.406	874.25 	1138.23	83.8764
168	625.406	871.335	1161.5 	85.9539
169	599.295	864.059	1133.73	85.066 
170	599.295	861.826	1119.9 	86.7521
171	599.295	862.054	1092.44	80.5405
172	599.295	861.43 	1128.78	85.4663
173	599.295	859.514	1075.78	78.3312
174	584.996	858.418	1086.28	80.4219
175	584.996	855.756	1137.66	80.8364
176	584.996	855.003	1103.34	78.2206
177	584.996	852.477	1103.34	78.2152
178	584.996	851.077	1066.37	77.5036
179	584.996	851.266	1070.24	75.6075
180	584.996	848.742	1053.17	75.8859
181	584.996	842.942	1103.6 	79.9956
182	584.996	839.389	1088.76	75.9145
183	584.996	840.407	1106.02	79.763 
184	560.208	843.493	1106.35	80.9043
185	560.208	842.777	1114.21	76.5189
186	560.208	839.964	1064.25	79.6406
187	560.208	836.097	1055.19	72.8091
188	560.208	835.818	1124.53	73.771 
189	560.208	835.973	1051.67	75.4045
190	560.208	830.945	1084.59	81.1714
191	560.208	830.511	1050.69	75.7714
192	560.208	831.599	1023.78	74.5142
193	560.208	829.132	1048.58	73.5859
194	560.208	827.775	1026.66	75.5574
195	560.208	831.048	1056.91	71.3228
196	560.208	824.242	1050.08	75.6174
197	560.208	825.006	1061.93	73.1693
198	560.208	826.613	1071.56	75.5632
199	560.208	826.624	1101.21	75.841 
Result of algorithm run: SUCCESS, 0, 0, 560.208205, 0
