gen	min    	avg    	max    	std    
0  	1181.32	1820.05	2341.45	203.897
1  	1018.54	1811.7 	2293.23	207.921
2  	1018.54	1798.49	2293.5 	205.269
3  	1018.54	1780.91	2346.1 	210.74 
4  	1018.54	1775.02	2322.24	207.507
5  	1018.54	1755.95	2350.5 	213.342
6  	1018.54	1740.61	2320.58	202.148
7  	1018.54	1737.72	2365.27	207.063
8  	1018.54	1723.19	2263.7 	197.91 
9  	1018.54	1706.13	2259.41	196.646
10 	1018.54	1703.59	2418.2 	198.443
11 	1018.54	1686.73	2301.87	194.813
12 	1018.54	1677.95	2153.3 	187.594
13 	1018.54	1668.37	2200.43	184.843
14 	1018.54	1662.15	2237.23	185.056
15 	1018.54	1638.27	2158.6 	196.862
16 	1018.54	1632.54	2158.6 	193.852
17 	1018.54	1620.99	2130.54	191.844
18 	1018.54	1618.84	2125.64	194.377
19 	1018.54	1612.34	2133.25	194.836
20 	1018.54	1599.68	2086.36	183.512
21 	1018.54	1591.53	2038.51	190.182
22 	1018.54	1575.44	2057.31	193.004
23 	975.755	1565.21	2058.22	202.117
24 	970.081	1558.09	2064.49	192.334
25 	970.081	1552   	2048.9 	192.342
26 	970.081	1542.68	2105.48	193.917
27 	964.966	1535.37	2051.36	187.117
28 	938.917	1527.38	2003.17	183.775
29 	938.917	1513.19	1939.18	181.42 
30 	938.917	1511.01	2015.45	180.985
31 	938.917	1501.29	2043.43	188.796
32 	938.917	1489.44	2031   	184.749
33 	909.182	1477.57	2017.98	176.326
34 	909.182	1467.44	1948.04	173.434
35 	868.245	1465.47	2051.88	172.492
36 	868.245	1452.36	1974.7 	182.04 
37 	868.245	1446.63	1944.12	180.062
38 	868.245	1435   	1992.8 	184.199
39 	868.245	1419.61	1890.87	174.929
40 	844.321	1419.04	1868.37	181.275
41 	844.321	1398.15	1921.3 	177.724
42 	844.321	1394.35	1998.89	169.127
43 	836.695	1388.2 	1868.84	178.11 
44 	780.563	1384.35	1825.39	167.446
45 	780.563	1376.83	1825.39	161.161
46 	780.563	1372.42	1921.04	170.58 
47 	780.563	1360.01	1921.04	173.817
48 	742.752	1348.99	1809.46	166.517
49 	742.752	1345.82	1902.65	161.102
50 	742.752	1336.37	1920.84	160.838
51 	742.752	1327.07	1847.63	168.364
52 	742.752	1319.12	1800.66	168.438
53 	742.752	1311.81	1732.31	171.66 
54 	742.752	1308.4 	1774.84	172.578
55 	742.752	1298.61	1774.84	170.08 
56 	742.752	1294.06	1774.84	172.836
57 	742.752	1285.66	1735.91	167.319
58 	742.752	1277.47	1697.81	165.477
59 	742.752	1270.88	1693.81	167.93 
60 	742.752	1266.97	1640.35	158.655
61 	742.752	1261.25	1776.48	164.205
62 	742.752	1254.77	1695.77	157.019
63 	742.752	1246.73	1659.8 	166.315
64 	742.752	1243.13	1598.03	154.71 
65 	742.752	1236.93	1697.63	160.294
66 	742.752	1230.1 	1691.39	166.915
67 	742.752	1223.92	1705.62	165.218
68 	742.752	1220.76	1711.12	167.8  
69 	701.412	1212.03	1703.5 	158.549
70 	701.412	1207.17	1719.92	155.954
71 	701.412	1206.24	1698.76	152.042
72 	701.412	1193.45	1578.01	150.985
73 	701.412	1186.46	1621.9 	148.22 
74 	701.412	1181.45	1628.03	145.389
75 	701.412	1179.06	1687.86	153.72 
76 	701.412	1165.6 	1591.28	149.526
77 	656.023	1164.06	1619.99	145.431
78 	656.023	1152.5 	1582.17	146.275
79 	656.023	1151.78	1554.18	140.631
80 	656.023	1150.85	1521.71	140.054
81 	656.023	1146.63	1549.52	141.313
82 	656.023	1144.08	1493.01	142.596
83 	656.023	1132.29	1533.86	140.697
84 	656.023	1131.56	1509.09	142.47 
85 	656.023	1122.76	1552.49	142.468
86 	656.023	1123.95	1537.31	144.93 
87 	656.023	1119.09	1516.07	144.743
88 	656.023	1114.38	1512.87	140.945
89 	656.023	1104.58	1490.33	139.53 
90 	656.023	1096.71	1532.21	139.735
91 	656.023	1094.69	1568.89	139.497
92 	656.023	1089.95	1563.19	140.304
93 	656.023	1086.14	1471.14	136.484
94 	656.023	1076.62	1474.2 	137.6  
95 	656.023	1075.32	1458.39	133.825
96 	656.023	1076.75	1458.39	138.136
97 	656.023	1075.28	1519.4 	141.715
98 	656.023	1068.51	1448.24	133.623
99 	656.023	1073   	1561.34	134.018
100	656.023	1057.43	1517.89	135.533
101	656.023	1055.21	1426.63	131.489
102	656.023	1052.57	1407.54	127.818
103	656.023	1047.59	1366.87	128.015
104	656.023	1046.49	1443.26	124.477
105	647.878	1039.58	1397.28	126.437
106	647.878	1035.09	1420.39	125.048
107	647.878	1030.24	1385.09	123.569
108	647.878	1026.11	1472.59	130.526
109	647.878	1024.51	1431.81	132.028
110	647.878	1021.69	1380.09	129.943
111	647.878	1021.75	1362.85	120.389
112	647.878	1012.32	1354.42	119.388
113	647.878	1008.8 	1338.9 	116.184
114	647.878	1001.11	1400.94	124.973
115	647.878	1002.27	1439.89	122.893
116	647.878	1001.2 	1366.13	124.717
117	647.878	991.445	1340.77	119.724
118	647.878	995.084	1298.12	119.135
119	647.878	989.351	1297.59	115.075
120	647.878	984.04 	1292.52	117.625
121	647.878	978.003	1302.08	114.602
122	647.878	975.57 	1302.08	116.426
123	647.878	976.508	1283.1 	113.254
124	647.878	973.002	1269.82	108.325
125	634.183	968.727	1296.1 	111.503
126	634.183	964.694	1303.15	107.92 
127	634.183	962.455	1274.49	107.851
128	634.183	957.833	1265.9 	101.142
129	634.183	954.026	1340.43	108.068
130	634.183	953.589	1316.89	113.117
131	634.183	949.402	1359.8 	107.11 
132	634.183	950.749	1224.85	102.749
133	634.183	941.271	1267.81	107.999
134	634.183	938.015	1270.47	104.018
135	634.183	937.653	1245.4 	98.6627
136	634.183	930.434	1190.98	99.8768
137	634.183	928.204	1225.75	101.18 
138	634.183	932.482	1231.05	99.8884
139	634.183	927.898	1262.73	98.7195
140	634.183	929.101	1247.85	97.1156
141	610.922	923.46 	1202.12	97.0253
142	610.922	922.258	1290.76	95.8683
143	610.922	921.479	1182.39	98.3505
144	610.922	911.904	1202.76	94.627 
145	610.922	914.96 	1207.89	98.0494
146	610.922	913.544	1183.95	98.5827
147	610.922	908.906	1185.72	96.7499
148	610.922	904.678	1213.55	95.1593
149	610.922	903.427	1210.92	95.4171
150	610.922	900.652	1180.16	92.3193
151	610.922	901.728	1172.59	90.7695
152	609.161	897.843	1210.36	94.2825
153	609.161	895.579	1247.86	96.3601
154	609.161	895.817	1182.08	99.4194
155	609.161	896.248	1188.51	97.8399
156	609.161	893.191	1193.93	91.7272
157	609.161	890.169	1181.28	90.5649
158	609.161	889.387	1178.01	91.0703
159	609.161	883.971	1193.62	93.309 
160	609.161	890.161	1152.5 	90.4625
161	609.161	882.666	1137.03	85.8228
162	609.161	883.333	1191.06	92.3606
163	609.161	884.152	1282.07	91.6595
164	609.161	879.255	1156.8 	91.9813
165	609.161	876.117	1144.93	82.8834
166	609.161	874.3  	1120.52	83.4391
167	609.161	871.459	1136.39	88.2496
168	609.161	870.964	1118.25	88.3841
169	609.161	871.758	1127.21	87.3398
170	609.161	867.625	1093.39	85.7808
171	609.161	865.778	1136.88	86.4908
172	609.161	866.297	1107.76	82.6887
173	609.161	863.26 	1123.93	87.9532
174	609.161	861.755	1127.39	86.5526
175	609.161	865.254	1170.13	87.5937
176	609.161	857.604	1129.01	85.9481
177	609.161	859.186	1121.65	83.384 
178	609.161	855.726	1090.98	81.7029
179	609.161	857.114	1103.85	80.4227
180	609.161	852.302	1093.22	82.6594
181	609.161	851.289	1101.67	82.7859
182	609.161	848.325	1166.02	80.7607
183	609.161	848.635	1095   	79.21  
184	600.628	849.761	1175.4 	80.0176
185	600.628	850.814	1098.37	78.4503
186	600.628	849.084	1089.28	80.8765
187	600.628	844.354	1168.8 	79.7964
188	600.628	841.87 	1076.5 	79.4253
189	600.628	842.619	1082.89	79.3199
190	600.628	841.88 	1109.41	77.7207
191	600.628	842.337	1126.41	83.1297
192	600.628	838.291	1077.48	75.7531
193	600.628	837.075	1077.48	77.0672
194	600.628	832.773	1092.54	80.3883
195	600.628	831.879	1030.24	74.8921
196	600.628	831.713	1091.02	74.7199
197	600.628	830.302	1056.8 	75.1186
198	600.628	829.565	1038.65	72.597 
199	600.628	829.109	1038.65	72.1604
Result of algorithm run: SUCCESS, 0, 0, 600.628407, 0
