gen	min    	avg    	max    	std    
0  	1157.31	1820.56	2423.35	203.095
1  	1157.31	1806.85	2319.19	202.578
2  	1093.35	1795.75	2328.8 	202.782
3  	1093.35	1781.61	2301.38	201.243
4  	1093.35	1769.15	2273.17	204.512
5  	1093.35	1756.41	2230.83	196.955
6  	1093.35	1741.04	2289.24	207.42 
7  	1093.35	1731.2 	2290.34	200.072
8  	1093.35	1718.41	2192.61	204.695
9  	1093.35	1703.07	2270.92	201.254
10 	1050.51	1693.16	2250.61	209.98 
11 	1050.51	1676.74	2218.06	195.892
12 	1050.51	1669.36	2230.31	205.46 
13 	1050.51	1652.57	2263.41	200.323
14 	1050.51	1643.6 	2271.14	200.914
15 	1050.51	1634.76	2177.57	194.161
16 	1050.51	1620.9 	2107.35	193.33 
17 	1050.51	1615.3 	2055.71	187.223
18 	1027.54	1601.5 	2080.25	189.946
19 	1027.54	1594.01	2090.46	187.248
20 	1027.54	1583.86	2119.75	194.586
21 	1027.54	1572.26	2049.01	188.156
22 	970.817	1567.51	2156.24	187.155
23 	970.817	1561.56	2219.27	192.668
24 	970.817	1551.68	2042.76	199.746
25 	970.817	1540.07	2059.03	186.901
26 	970.817	1523.63	2006.73	186.117
27 	970.817	1513.68	2034.74	192.27 
28 	955.208	1504.51	1926.05	186.103
29 	801.774	1497.01	2009.04	195.001
30 	801.774	1484.43	2111.08	188.202
31 	801.774	1478.55	1971.62	183.572
32 	801.774	1474.18	1932.72	185.526
33 	801.774	1464.9 	2020.18	188.863
34 	801.774	1454.23	2000.23	183.127
35 	801.774	1448.86	1903.24	184.195
36 	801.774	1433.82	1918.42	183.936
37 	801.774	1430.5 	1970.48	189.019
38 	801.774	1423.11	1934.39	175.974
39 	801.774	1407.95	1878.95	178.368
40 	801.774	1399.99	1858.05	174.594
41 	801.774	1391.49	1908.53	181.483
42 	801.774	1387.34	1952.7 	180.84 
43 	801.774	1373.16	1921.98	176.972
44 	801.774	1362.98	1880.56	184.443
45 	787.214	1359.36	1891.66	182.405
46 	787.214	1357.83	1838.95	179.02 
47 	787.214	1345.06	1828.36	166.142
48 	787.214	1344.23	1881.49	177.425
49 	787.214	1331.93	1808.56	172.888
50 	787.214	1324.86	1869.31	168.483
51 	787.214	1319.92	1898.12	170.44 
52 	787.214	1308.83	1742.71	169.867
53 	787.214	1306.85	1812.01	157.922
54 	787.214	1297.08	1747.78	163.741
55 	787.214	1292.57	1721.5 	163.268
56 	787.214	1286.86	1707.4 	161.364
57 	787.214	1286.72	1755.87	159.879
58 	787.214	1280.26	1755.87	159.907
59 	787.214	1276.96	1773.63	165.959
60 	787.214	1266.79	1783.87	167.662
61 	787.214	1261.66	1750.12	161.934
62 	787.214	1257.74	1660.67	160.634
63 	787.214	1250.25	1728.56	160.709
64 	787.214	1242.15	1709.46	161.229
65 	749.568	1234.93	1676.51	165.1  
66 	749.568	1228.85	1683.33	159.049
67 	749.568	1220.85	1676.52	162.019
68 	749.568	1214.17	1651.68	160.77 
69 	749.568	1209.53	1630.51	159.097
70 	749.568	1201.39	1685.44	167.788
71 	749.568	1195.51	1671.33	159.389
72 	749.568	1187.17	1672.32	160.864
73 	741.069	1185.61	1687.55	154.037
74 	741.069	1179.68	1699.55	152.957
75 	741.069	1177.92	1674.89	149.565
76 	741.069	1167.43	1626.4 	147.886
77 	741.069	1163.53	1627.87	151.723
78 	713.76 	1156.91	1577.79	148.71 
79 	713.76 	1153.26	1557.64	148.651
80 	713.76 	1150.96	1575.16	144.792
81 	713.76 	1139.47	1591.86	146.48 
82 	713.76 	1135.25	1560.37	141.647
83 	681.118	1131.38	1531.1 	149.062
84 	681.118	1129.76	1682.61	153.193
85 	681.118	1123.11	1485.75	137.244
86 	681.118	1118.94	1566.13	138.825
87 	681.118	1112.84	1559.98	146.209
88 	681.118	1109.91	1532.48	142.514
89 	681.118	1104.16	1527.24	145.999
90 	681.118	1100.06	1517.06	140.94 
91 	681.118	1090.82	1535.58	140.104
92 	669.222	1091.86	1552.03	137.203
93 	669.222	1084.17	1520.43	134.695
94 	669.222	1079.29	1438.66	136.232
95 	669.222	1075.72	1474.12	133.077
96 	669.222	1067.54	1448.61	136.888
97 	669.222	1061.74	1408.17	131.877
98 	669.222	1057.12	1416.05	132.456
99 	669.222	1052.11	1458.23	137.297
100	643.784	1047.33	1403.61	132.955
101	643.784	1037.08	1403.61	130.705
102	643.784	1041.08	1386.17	132.153
103	643.784	1035.44	1525.63	131.339
104	643.784	1029.05	1437.96	127.45 
105	643.784	1024.53	1471.59	128.836
106	643.784	1023.55	1483.16	126.021
107	643.784	1017.74	1475.09	129.375
108	643.784	1013.63	1423.8 	128.121
109	643.784	1010.21	1467.02	125.689
110	643.784	1011.39	1359.71	128.271
111	643.784	1004.99	1391.26	123.045
112	633.188	997.207	1339.67	122.488
113	633.188	994.438	1342.07	122.544
114	633.188	998.443	1307.62	119.823
115	633.188	994.731	1339.9 	118.963
116	633.188	990.016	1268.87	118.636
117	633.188	985.754	1339.44	121.643
118	633.188	982.905	1336.38	125.035
119	633.188	979.303	1354.81	122.604
120	633.188	971.201	1382.62	117.995
121	633.188	966.382	1349.34	114.835
122	633.188	971.331	1400.91	121.228
123	633.188	960.799	1352.18	121.06 
124	633.188	957.105	1432.62	117.729
125	633.188	954.37 	1336.65	113.222
126	612.481	951.946	1282.77	104.635
127	612.481	952.02 	1248.74	104.671
128	612.481	945.877	1245.22	106.012
129	612.481	947.5  	1352.74	106.708
130	583.403	944.772	1265.46	111.164
131	583.403	941.592	1241.32	110.072
132	583.403	940.048	1304.94	113.579
133	583.403	933.851	1284.69	107.066
134	583.403	932.993	1251.76	106.289
135	583.403	931.332	1282.74	104.379
136	583.403	924.741	1278.48	107.893
137	583.403	924.989	1330.32	110.347
138	583.403	924.625	1271.86	105.893
139	583.403	917.702	1267.89	105.609
140	583.403	909.568	1239.08	106.319
141	583.403	913.059	1184.08	103.431
142	583.403	907.842	1241.56	105.234
143	583.403	907.963	1213.99	102.888
144	583.403	906.597	1189.72	102.239
145	583.403	900.656	1196.77	96.4072
146	583.403	900.718	1201.74	101.222
147	583.403	899.443	1236.82	97.5921
148	583.403	898.126	1160.88	98.0849
149	583.403	895.089	1167.2 	95.2775
150	583.403	893.533	1156.32	92.0592
151	583.403	890.47 	1157.73	94.0208
152	583.403	889.205	1157.44	100.502
153	583.403	884.854	1150.88	91.8574
154	583.403	881.589	1171.56	90.5403
155	583.403	878.611	1150.7 	95.637 
156	583.403	877.493	1187.49	91.6421
157	583.403	883.071	1167.63	89.9435
158	583.403	879.634	1165.79	92.2267
159	583.403	873.314	1199.36	90.8522
160	583.403	873.084	1154   	89.8942
161	583.403	874.104	1118.85	90.631 
162	583.403	867.693	1128.88	91.0366
163	583.403	869.583	1123.29	91.6738
164	583.403	870.62 	1162.24	90.735 
165	583.403	867.179	1162.77	88.4826
166	583.403	862.862	1136.57	88.94  
167	583.403	859.301	1111.11	84.6677
168	583.403	856.283	1115.14	83.6292
169	583.403	857.796	1087.45	79.9305
170	579.698	857.146	1094.29	82.9232
171	579.698	853.989	1089.58	82.1219
172	579.698	856.193	1110.98	87.1161
173	579.698	849.614	1126.45	88.0265
174	579.698	847.828	1132.9 	89.6113
175	579.698	849.681	1109.26	84.5493
176	579.698	849.821	1125.06	86.3673
177	579.698	847.306	1134.76	82.9004
178	579.698	845.719	1085.18	83.3248
179	579.698	844.314	1069.29	80.9639
180	579.698	842.236	1064.82	82.5176
181	579.698	837.14 	1169.69	85.2434
182	579.698	836.461	1161.82	84.9253
183	579.698	836.381	1092.68	79.735 
184	579.698	837.961	1105.91	78.3051
185	579.698	834.368	1053.04	81.6033
186	579.698	834.549	1076.41	79.704 
187	579.698	834.365	1093.17	78.1469
188	579.698	833.517	1076.36	77.7614
189	579.698	830.184	1047.63	74.98  
190	579.698	828.948	1048.33	76.4397
191	579.698	828.036	1107.2 	76.0016
192	579.698	826.406	1096.89	76.2814
193	577.127	822.201	1060.65	77.5595
194	577.127	825.155	1101.12	78.1054
195	577.127	822.369	1035.71	74.404 
196	577.127	821.788	1076.82	75.3748
197	577.127	820.698	1061.57	74.967 
198	577.127	822.829	1061.57	75.7226
199	577.127	814.731	1092.67	73.4203
Result of algorithm run: SUCCESS, 0, 0, 577.126981, 0
