gen	min        	avg        	max        	std        
0  	5.91569e+06	3.28436e+07	7.43802e+07	1.29758e+07
1  	5.91569e+06	3.23058e+07	6.77181e+07	1.28037e+07
2  	5.26254e+06	3.19706e+07	6.77799e+07	1.27462e+07
3  	5.26254e+06	3.16313e+07	6.38632e+07	1.26349e+07
4  	3.78255e+06	3.1329e+07 	6.29619e+07	1.25441e+07
5  	3.78255e+06	3.10035e+07	6.22656e+07	1.249e+07  
6  	3.45832e+06	3.07109e+07	6.18439e+07	1.25304e+07
7  	3.45832e+06	3.03228e+07	6.02075e+07	1.24184e+07
8  	3.45832e+06	2.99217e+07	6.11648e+07	1.23556e+07
9  	3.45832e+06	2.9565e+07 	6.26258e+07	1.20635e+07
10 	3.45832e+06	2.90861e+07	6.08162e+07	1.20594e+07
11 	3.45832e+06	2.86962e+07	6.32343e+07	1.19098e+07
12 	3.42439e+06	2.83504e+07	6.00611e+07	1.17354e+07
13 	3.42439e+06	2.81149e+07	5.91163e+07	1.15313e+07
14 	3.42439e+06	2.78492e+07	5.91163e+07	1.14717e+07
15 	2.81913e+06	2.74079e+07	5.73446e+07	1.14667e+07
16 	2.81913e+06	2.71629e+07	5.86157e+07	1.15692e+07
17 	2.81913e+06	2.68393e+07	5.82352e+07	1.1613e+07 
18 	2.7991e+06 	2.65911e+07	5.8775e+07 	1.16645e+07
19 	2.7991e+06 	2.63092e+07	5.82352e+07	1.15909e+07
20 	2.7558e+06 	2.6025e+07 	5.94925e+07	1.15574e+07
21 	2.72208e+06	2.57791e+07	5.89556e+07	1.14897e+07
22 	2.72208e+06	2.55393e+07	5.71631e+07	1.13296e+07
23 	2.72208e+06	2.51378e+07	5.60211e+07	1.12957e+07
24 	2.72208e+06	2.47534e+07	5.59299e+07	1.10654e+07
25 	2.72208e+06	2.45262e+07	5.69289e+07	1.10799e+07
26 	2.72208e+06	2.41953e+07	5.37479e+07	1.10359e+07
27 	2.72208e+06	2.3965e+07 	5.32535e+07	1.09821e+07
28 	2.72208e+06	2.36982e+07	5.20141e+07	1.09192e+07
29 	2.72208e+06	2.34218e+07	5.10982e+07	1.08614e+07
30 	2.72208e+06	2.30803e+07	5.03432e+07	1.06767e+07
31 	2.69218e+06	2.28531e+07	4.98623e+07	1.05977e+07
32 	2.69218e+06	2.26846e+07	4.89323e+07	1.04876e+07
33 	2.68782e+06	2.24183e+07	5.42965e+07	1.06878e+07
34 	2.68782e+06	2.21363e+07	5.37229e+07	1.09259e+07
35 	2.68782e+06	2.19037e+07	5.15508e+07	1.0684e+07 
36 	2.68782e+06	2.17454e+07	5.07596e+07	1.06108e+07
37 	2.68782e+06	2.14756e+07	5.77249e+07	1.07132e+07
38 	2.68782e+06	2.12257e+07	5.76929e+07	1.0663e+07 
39 	2.68782e+06	2.0965e+07 	5.34215e+07	1.03308e+07
40 	2.68782e+06	2.073e+07  	5.71263e+07	1.02872e+07
41 	2.68782e+06	2.0477e+07 	5.21702e+07	9.89556e+06
42 	2.68782e+06	2.02423e+07	5.09581e+07	9.60447e+06
43 	2.68773e+06	2.00303e+07	4.91756e+07	9.51168e+06
44 	2.68773e+06	1.98121e+07	4.81183e+07	9.38018e+06
45 	2.68773e+06	1.96147e+07	4.65354e+07	9.23042e+06
46 	2.68773e+06	1.93834e+07	4.60787e+07	9.1368e+06 
47 	2.68773e+06	1.92246e+07	4.60048e+07	9.05146e+06
48 	2.66575e+06	1.90453e+07	4.31409e+07	8.9535e+06 
49 	2.66575e+06	1.88756e+07	4.31492e+07	8.95381e+06
50 	2.66575e+06	1.86345e+07	4.66658e+07	9.03256e+06
51 	2.66575e+06	1.84484e+07	4.66766e+07	8.98803e+06
52 	2.08165e+06	1.82101e+07	4.73441e+07	9.02065e+06
53 	2.08165e+06	1.79292e+07	4.69896e+07	8.79995e+06
54 	2.08165e+06	1.77881e+07	4.60415e+07	8.75189e+06
55 	1.74201e+06	1.75234e+07	4.41294e+07	8.75121e+06
56 	1.74201e+06	1.72513e+07	4.42294e+07	8.66577e+06
57 	1.74201e+06	1.71349e+07	4.44183e+07	8.79391e+06
58 	1.74201e+06	1.69389e+07	4.40876e+07	8.4976e+06 
59 	1.74201e+06	1.68178e+07	4.23094e+07	8.28154e+06
60 	1.74201e+06	1.66181e+07	4.16674e+07	8.17381e+06
61 	1.74201e+06	1.64563e+07	3.97526e+07	8.21223e+06
62 	1.74201e+06	1.63322e+07	3.93095e+07	8.23384e+06
63 	1.73459e+06	1.62277e+07	3.93287e+07	8.19302e+06
64 	1.73459e+06	1.60854e+07	3.94193e+07	8.10331e+06
65 	1.73363e+06	1.58175e+07	3.92098e+07	8.10608e+06
66 	1.72071e+06	1.55984e+07	3.89391e+07	7.97051e+06
67 	1.72071e+06	1.5418e+07 	4.11967e+07	7.90878e+06
68 	1.72071e+06	1.52796e+07	3.90134e+07	7.8748e+06 
69 	1.72071e+06	1.51539e+07	3.90134e+07	7.79445e+06
70 	1.72071e+06	1.49649e+07	3.90134e+07	7.81951e+06
71 	1.72071e+06	1.48086e+07	3.84847e+07	7.70831e+06
72 	1.72071e+06	1.46183e+07	3.74133e+07	7.53271e+06
73 	1.72071e+06	1.44474e+07	3.74157e+07	7.38749e+06
74 	1.72071e+06	1.4309e+07 	3.69227e+07	7.40813e+06
75 	1.72071e+06	1.41749e+07	3.71003e+07	7.31982e+06
76 	1.72071e+06	1.39921e+07	3.5667e+07 	7.34626e+06
77 	1.72071e+06	1.39079e+07	3.5588e+07 	7.24976e+06
78 	1.72071e+06	1.37236e+07	3.52473e+07	7.11445e+06
79 	1.72071e+06	1.36035e+07	3.43319e+07	7.00703e+06
80 	1.71856e+06	1.34649e+07	3.44754e+07	7.04815e+06
81 	1.71856e+06	1.33336e+07	3.41536e+07	6.91019e+06
82 	1.71856e+06	1.32248e+07	3.27862e+07	6.75372e+06
83 	1.71856e+06	1.30235e+07	3.27068e+07	6.75327e+06
84 	1.71856e+06	1.2906e+07 	3.24772e+07	6.71788e+06
85 	1.71856e+06	1.2751e+07 	3.2309e+07 	6.68244e+06
86 	1.71856e+06	1.26484e+07	3.55159e+07	6.66989e+06
87 	1.71856e+06	1.25034e+07	3.25147e+07	6.68182e+06
88 	1.71856e+06	1.23005e+07	3.20823e+07	6.49519e+06
89 	1.71856e+06	1.21672e+07	3.16564e+07	6.30035e+06
90 	1.71856e+06	1.19915e+07	3.16563e+07	6.16731e+06
91 	1.61082e+06	1.18907e+07	3.12608e+07	6.11021e+06
92 	1.61082e+06	1.17733e+07	3.04746e+07	6.05686e+06
93 	1.61082e+06	1.16514e+07	3.04746e+07	5.96334e+06
94 	1.61082e+06	1.14947e+07	3.1567e+07 	5.9887e+06 
95 	1.60762e+06	1.13768e+07	3.09603e+07	5.88308e+06
96 	1.60762e+06	1.12615e+07	3.09151e+07	5.80237e+06
97 	1.60762e+06	1.11579e+07	2.91795e+07	5.82916e+06
98 	1.60762e+06	1.10615e+07	2.91452e+07	5.84222e+06
99 	1.6076e+06 	1.09113e+07	3.31411e+07	5.80197e+06
100	1.6076e+06 	1.08077e+07	3.07724e+07	5.72792e+06
101	1.6076e+06 	1.07009e+07	2.9145e+07 	5.67923e+06
102	1.6076e+06 	1.05959e+07	2.89711e+07	5.55474e+06
103	1.6076e+06 	1.04816e+07	2.89707e+07	5.45535e+06
104	1.6076e+06 	1.03935e+07	3.08173e+07	5.33974e+06
105	1.6076e+06 	1.03041e+07	3.04493e+07	5.22417e+06
106	1.6076e+06 	1.0199e+07 	2.93067e+07	5.17381e+06
107	1.6076e+06 	1.01316e+07	2.81968e+07	5.16321e+06
108	1.6076e+06 	1.00423e+07	2.81638e+07	5.12885e+06
109	1.6076e+06 	9.98702e+06	2.8164e+07 	5.05762e+06
110	1.46541e+06	9.87692e+06	2.81638e+07	5.02096e+06
111	1.46541e+06	9.74086e+06	2.78168e+07	4.92317e+06
112	1.46541e+06	9.67073e+06	2.68237e+07	4.85144e+06
113	1.46541e+06	9.57387e+06	2.68185e+07	4.7405e+06 
114	1.46504e+06	9.49702e+06	2.57965e+07	4.72291e+06
115	1.46504e+06	9.43088e+06	2.55294e+07	4.58616e+06
116	1.46504e+06	9.35041e+06	2.55287e+07	4.56885e+06
117	1.46504e+06	9.27917e+06	2.36903e+07	4.42468e+06
118	1.46504e+06	9.18083e+06	2.30487e+07	4.29751e+06
119	1.46504e+06	9.08e+06   	2.28014e+07	4.3163e+06 
120	1.46504e+06	8.93598e+06	2.35124e+07	4.25028e+06
121	1.46504e+06	8.87776e+06	2.30678e+07	4.18937e+06
122	1.46504e+06	8.81312e+06	2.3412e+07 	4.10099e+06
123	1.46504e+06	8.71952e+06	2.30881e+07	4.09253e+06
124	1.46504e+06	8.67029e+06	2.22846e+07	4.04109e+06
125	1.46504e+06	8.60244e+06	2.25239e+07	4.04215e+06
126	1.46504e+06	8.5217e+06 	2.2536e+07 	3.95887e+06
127	1.36115e+06	8.46231e+06	2.27764e+07	3.80933e+06
128	1.36115e+06	8.41066e+06	2.23111e+07	3.7133e+06 
129	1.36115e+06	8.33117e+06	2.29544e+07	3.69037e+06
130	1.36115e+06	8.26306e+06	2.25294e+07	3.73418e+06
131	1.35614e+06	8.16975e+06	2.25294e+07	3.68005e+06
132	1.35614e+06	8.03217e+06	2.16455e+07	3.57762e+06
133	1.31954e+06	7.98433e+06	2.09622e+07	3.47721e+06
134	1.31954e+06	7.92604e+06	2.08782e+07	3.4584e+06 
135	1.31938e+06	7.88177e+06	2.08634e+07	3.43151e+06
136	1.31938e+06	7.82185e+06	2.08634e+07	3.31619e+06
137	1.31938e+06	7.74881e+06	2.02922e+07	3.24776e+06
138	1.31938e+06	7.66781e+06	2.08061e+07	3.24379e+06
139	1.31938e+06	7.62402e+06	2.08061e+07	3.15463e+06
140	1.31938e+06	7.59067e+06	1.95029e+07	3.12559e+06
141	1.31938e+06	7.53586e+06	1.8078e+07 	3.05419e+06
142	1.31938e+06	7.49321e+06	1.77917e+07	3.04324e+06
143	1.31938e+06	7.44729e+06	1.76174e+07	3.03656e+06
144	1.31938e+06	7.40393e+06	1.69265e+07	3.002e+06  
145	1.31938e+06	7.3364e+06 	1.72307e+07	2.98968e+06
146	1.31938e+06	7.25827e+06	1.66961e+07	2.90467e+06
147	1.31938e+06	7.19512e+06	1.70708e+07	2.9485e+06 
148	1.31938e+06	7.15322e+06	1.72939e+07	2.92395e+06
149	1.31932e+06	7.09691e+06	1.66549e+07	2.91249e+06
150	1.31932e+06	7.03463e+06	1.66549e+07	2.89259e+06
151	1.31932e+06	6.99569e+06	1.71448e+07	2.81819e+06
152	1.31932e+06	6.93905e+06	1.64647e+07	2.74586e+06
153	1.31932e+06	6.88386e+06	1.72775e+07	2.75264e+06
154	1.31932e+06	6.84664e+06	1.72775e+07	2.73675e+06
155	1.31932e+06	6.7813e+06 	1.68232e+07	2.65483e+06
156	1.31932e+06	6.74182e+06	1.63342e+07	2.57206e+06
157	1.31932e+06	6.69626e+06	1.54266e+07	2.49575e+06
158	1.31932e+06	6.6525e+06 	1.54522e+07	2.45327e+06
159	1.31932e+06	6.62146e+06	1.54519e+07	2.40714e+06
160	1.31932e+06	6.57785e+06	1.44172e+07	2.28666e+06
161	1.31932e+06	6.53883e+06	1.42379e+07	2.24758e+06
162	1.31932e+06	6.50568e+06	1.52663e+07	2.27907e+06
163	1.31932e+06	6.46479e+06	1.40624e+07	2.20389e+06
164	1.30036e+06	6.42432e+06	1.35316e+07	2.14991e+06
165	1.30036e+06	6.41334e+06	1.36751e+07	2.1184e+06 
166	1.30036e+06	6.3878e+06 	1.27668e+07	2.06989e+06
167	1.30036e+06	6.33767e+06	1.27668e+07	2.01312e+06
168	1.30036e+06	6.3035e+06 	1.2748e+07 	1.99725e+06
169	1.30036e+06	6.26292e+06	1.24248e+07	1.95037e+06
170	1.30036e+06	6.21823e+06	1.28999e+07	1.9647e+06 
171	1.30036e+06	6.18311e+06	1.28498e+07	1.92098e+06
172	1.30036e+06	6.13976e+06	1.24856e+07	1.91279e+06
173	1.30036e+06	6.12298e+06	1.24859e+07	1.95684e+06
174	1.30036e+06	6.09949e+06	1.21352e+07	1.93828e+06
175	1.29923e+06	6.06909e+06	1.34505e+07	1.97188e+06
176	1.29923e+06	6.03133e+06	1.23928e+07	1.96488e+06
177	1.29923e+06	5.97432e+06	1.17781e+07	1.88944e+06
178	1.29914e+06	5.95997e+06	1.17908e+07	1.94458e+06
179	1.29914e+06	5.93753e+06	1.21045e+07	1.90858e+06
180	1.2974e+06 	5.91331e+06	1.2128e+07 	1.89535e+06
181	1.29737e+06	5.89434e+06	1.15742e+07	1.81421e+06
182	1.29737e+06	5.88185e+06	1.15742e+07	1.79767e+06
183	1.29737e+06	5.84398e+06	1.15172e+07	1.7691e+06 
184	1.29737e+06	5.8052e+06 	1.13417e+07	1.72867e+06
185	1.29737e+06	5.79113e+06	1.10267e+07	1.71364e+06
186	1.29737e+06	5.7669e+06 	1.08573e+07	1.71989e+06
187	1.29737e+06	5.75231e+06	1.07057e+07	1.6929e+06 
188	973461     	5.73296e+06	1.08476e+07	1.68291e+06
189	917194     	5.71431e+06	1.08476e+07	1.6615e+06 
190	917194     	5.69573e+06	1.03516e+07	1.64517e+06
191	917194     	5.68e+06   	1.02994e+07	1.6379e+06 
192	917194     	5.65809e+06	1.04096e+07	1.60711e+06
193	917194     	5.63739e+06	1.01872e+07	1.6448e+06 
194	917194     	5.61107e+06	1.0068e+07 	1.6526e+06 
195	917194     	5.59175e+06	1.05843e+07	1.62946e+06
196	917194     	5.56439e+06	1.00867e+07	1.65573e+06
197	917194     	5.54146e+06	1.06299e+07	1.64906e+06
198	917194     	5.5264e+06 	1.00684e+07	1.61601e+06
199	917194     	5.50957e+06	9.8126e+06 	1.62948e+06
Result of algorithm run: SUCCESS, 0, 0, 917194.455263, 0
