gen	min        	avg        	max        	std        
0  	7.46376e+06	3.31106e+07	7.23267e+07	1.28314e+07
1  	7.46376e+06	3.26909e+07	6.9062e+07 	1.27969e+07
2  	7.24772e+06	3.22795e+07	6.90615e+07	1.30412e+07
3  	7.24772e+06	3.1886e+07 	6.90221e+07	1.29506e+07
4  	7.24772e+06	3.15357e+07	6.81799e+07	1.28984e+07
5  	4.93372e+06	3.12387e+07	6.75142e+07	1.27335e+07
6  	4.23682e+06	3.08774e+07	6.55703e+07	1.27911e+07
7  	4.23682e+06	3.05277e+07	6.55571e+07	1.26865e+07
8  	4.23682e+06	3.01521e+07	6.50308e+07	1.27046e+07
9  	4.21607e+06	2.97752e+07	6.41285e+07	1.27315e+07
10 	3.87244e+06	2.95523e+07	6.41285e+07	1.27245e+07
11 	3.65847e+06	2.91614e+07	6.41194e+07	1.25798e+07
12 	3.53938e+06	2.88563e+07	6.08478e+07	1.23114e+07
13 	3.53938e+06	2.85395e+07	6.03149e+07	1.24307e+07
14 	3.35124e+06	2.80887e+07	6.041e+07  	1.20129e+07
15 	3.35124e+06	2.77538e+07	5.94587e+07	1.20673e+07
16 	3.35124e+06	2.74722e+07	5.94572e+07	1.20232e+07
17 	3.35124e+06	2.69626e+07	5.94579e+07	1.17985e+07
18 	3.35124e+06	2.67365e+07	5.71841e+07	1.17042e+07
19 	2.99849e+06	2.6259e+07 	5.71627e+07	1.1844e+07 
20 	2.99849e+06	2.59548e+07	5.71563e+07	1.17058e+07
21 	2.99849e+06	2.56585e+07	5.68792e+07	1.14399e+07
22 	2.99849e+06	2.53922e+07	5.59475e+07	1.12533e+07
23 	2.99849e+06	2.50023e+07	5.67805e+07	1.14802e+07
24 	2.99849e+06	2.47714e+07	5.67538e+07	1.14268e+07
25 	2.99849e+06	2.44966e+07	5.25735e+07	1.14487e+07
26 	2.99849e+06	2.41673e+07	5.24738e+07	1.10206e+07
27 	2.99849e+06	2.39064e+07	5.16273e+07	1.0989e+07 
28 	2.98286e+06	2.36727e+07	5.33778e+07	1.10462e+07
29 	2.98285e+06	2.35011e+07	5.19824e+07	1.0777e+07 
30 	2.98285e+06	2.30877e+07	5.21917e+07	1.07811e+07
31 	2.98285e+06	2.2773e+07 	5.21679e+07	1.07769e+07
32 	2.96536e+06	2.25074e+07	5.45174e+07	1.07432e+07
33 	2.96536e+06	2.22488e+07	5.18463e+07	1.05725e+07
34 	2.96536e+06	2.19712e+07	5.18815e+07	1.05924e+07
35 	2.96536e+06	2.1763e+07 	5.25618e+07	1.06167e+07
36 	2.96536e+06	2.14302e+07	5.17818e+07	1.04751e+07
37 	2.96536e+06	2.11654e+07	5.3044e+07 	1.04328e+07
38 	2.96536e+06	2.09587e+07	5.16717e+07	1.03417e+07
39 	2.96536e+06	2.06555e+07	5.10529e+07	1.01405e+07
40 	2.96536e+06	2.04589e+07	5.01021e+07	1.01728e+07
41 	2.96536e+06	2.02871e+07	4.8492e+07 	1.0199e+07 
42 	2.96536e+06	1.99918e+07	4.849e+07  	1.01515e+07
43 	2.96536e+06	1.9806e+07 	4.77351e+07	1.003e+07  
44 	2.96536e+06	1.95437e+07	5.10598e+07	9.73343e+06
45 	2.92456e+06	1.93841e+07	4.73067e+07	9.65487e+06
46 	2.92456e+06	1.90949e+07	4.77464e+07	9.56734e+06
47 	2.92456e+06	1.89648e+07	4.70641e+07	9.66447e+06
48 	2.90597e+06	1.88073e+07	4.7035e+07 	9.61775e+06
49 	2.89546e+06	1.85858e+07	4.61063e+07	9.47566e+06
50 	2.71562e+06	1.83805e+07	4.56823e+07	9.42092e+06
51 	2.59787e+06	1.8178e+07 	4.54258e+07	9.40108e+06
52 	1.88995e+06	1.7956e+07 	4.44378e+07	9.07574e+06
53 	1.88995e+06	1.77463e+07	4.42356e+07	9.0153e+06 
54 	1.88995e+06	1.75168e+07	4.33573e+07	8.9862e+06 
55 	1.88995e+06	1.73168e+07	4.23522e+07	8.7988e+06 
56 	1.85321e+06	1.71557e+07	4.23638e+07	8.74201e+06
57 	1.85315e+06	1.68861e+07	4.37559e+07	8.86403e+06
58 	1.85315e+06	1.67168e+07	4.37577e+07	8.83123e+06
59 	1.85315e+06	1.65521e+07	4.37577e+07	8.69224e+06
60 	1.85315e+06	1.63721e+07	4.80553e+07	8.59401e+06
61 	1.85315e+06	1.6187e+07 	3.94357e+07	8.48793e+06
62 	1.85315e+06	1.60044e+07	3.91881e+07	8.3953e+06 
63 	1.85315e+06	1.58321e+07	4.39838e+07	8.42598e+06
64 	1.85315e+06	1.55475e+07	4.10629e+07	8.02047e+06
65 	1.85315e+06	1.53613e+07	4.10629e+07	7.88413e+06
66 	1.84896e+06	1.52146e+07	4.10629e+07	7.80064e+06
67 	1.84873e+06	1.50152e+07	3.99725e+07	7.58644e+06
68 	1.84873e+06	1.48626e+07	3.94452e+07	7.47563e+06
69 	1.84873e+06	1.47397e+07	3.80051e+07	7.56865e+06
70 	1.84873e+06	1.4582e+07 	3.81547e+07	7.54158e+06
71 	1.84873e+06	1.44181e+07	3.82526e+07	7.57829e+06
72 	1.84873e+06	1.42548e+07	3.84362e+07	7.57699e+06
73 	1.82939e+06	1.41239e+07	3.74297e+07	7.45581e+06
74 	1.82939e+06	1.39647e+07	3.63337e+07	7.22052e+06
75 	1.82939e+06	1.38076e+07	3.63086e+07	7.23406e+06
76 	1.82939e+06	1.36889e+07	3.66638e+07	7.27517e+06
77 	1.82939e+06	1.35192e+07	3.66665e+07	7.11464e+06
78 	1.80659e+06	1.33464e+07	3.59591e+07	6.91074e+06
79 	1.79722e+06	1.32421e+07	3.35201e+07	6.87425e+06
80 	1.79722e+06	1.30911e+07	3.34189e+07	6.72567e+06
81 	1.76369e+06	1.29758e+07	3.33969e+07	6.62209e+06
82 	1.76369e+06	1.28372e+07	3.34251e+07	6.51733e+06
83 	1.76351e+06	1.27496e+07	3.1877e+07 	6.38083e+06
84 	1.76351e+06	1.26467e+07	3.27569e+07	6.36961e+06
85 	1.76351e+06	1.25069e+07	3.48611e+07	6.23932e+06
86 	1.76351e+06	1.23587e+07	3.5534e+07 	6.12515e+06
87 	1.76351e+06	1.22324e+07	3.34109e+07	6.04398e+06
88 	1.76242e+06	1.20919e+07	3.20014e+07	5.9547e+06 
89 	1.76238e+06	1.19936e+07	3.20967e+07	5.94384e+06
90 	1.76238e+06	1.18636e+07	3.21057e+07	5.82873e+06
91 	1.76135e+06	1.17735e+07	3.10384e+07	5.88697e+06
92 	1.75606e+06	1.1579e+07 	3.10107e+07	5.85548e+06
93 	1.75606e+06	1.14747e+07	3.0733e+07 	5.77404e+06
94 	1.75606e+06	1.13534e+07	2.95946e+07	5.66654e+06
95 	1.75606e+06	1.12753e+07	3.19083e+07	5.65702e+06
96 	1.75606e+06	1.11683e+07	3.28899e+07	5.62703e+06
97 	1.75606e+06	1.10684e+07	3.28886e+07	5.5842e+06 
98 	1.75606e+06	1.09707e+07	2.93779e+07	5.4804e+06 
99 	1.75606e+06	1.08976e+07	2.81845e+07	5.50529e+06
100	1.75604e+06	1.07973e+07	2.82284e+07	5.51771e+06
101	1.75604e+06	1.06998e+07	2.80743e+07	5.41401e+06
102	1.75604e+06	1.06227e+07	2.80741e+07	5.40499e+06
103	1.75604e+06	1.05306e+07	2.79657e+07	5.3023e+06 
104	1.75604e+06	1.04325e+07	2.69246e+07	5.27335e+06
105	1.75604e+06	1.03605e+07	2.6308e+07 	5.16001e+06
106	1.75604e+06	1.02589e+07	2.66571e+07	5.09175e+06
107	1.75604e+06	1.01644e+07	2.75651e+07	5.10547e+06
108	1.75604e+06	1.00905e+07	2.74285e+07	5.17139e+06
109	1.75604e+06	9.99991e+06	2.74285e+07	5.0525e+06 
110	1.75604e+06	9.86443e+06	2.66364e+07	4.99865e+06
111	1.75604e+06	9.78628e+06	2.56449e+07	4.88811e+06
112	1.75604e+06	9.70702e+06	2.46916e+07	4.85622e+06
113	1.75604e+06	9.62509e+06	2.69034e+07	4.81259e+06
114	1.75604e+06	9.55391e+06	2.44737e+07	4.65016e+06
115	1.75604e+06	9.46029e+06	2.45429e+07	4.60205e+06
116	1.75604e+06	9.3666e+06 	2.47608e+07	4.55216e+06
117	1.75604e+06	9.3101e+06 	2.45902e+07	4.56213e+06
118	1.74127e+06	9.20549e+06	2.38956e+07	4.39624e+06
119	1.74127e+06	9.11979e+06	2.37533e+07	4.36855e+06
120	1.74127e+06	9.0481e+06 	2.37504e+07	4.29739e+06
121	1.74127e+06	8.9936e+06 	2.36125e+07	4.35163e+06
122	1.74127e+06	8.9071e+06 	2.34129e+07	4.22255e+06
123	1.74127e+06	8.8484e+06 	2.52122e+07	4.22298e+06
124	1.74127e+06	8.72894e+06	2.50155e+07	4.10126e+06
125	1.74127e+06	8.67086e+06	2.47755e+07	4.03648e+06
126	1.74127e+06	8.59375e+06	2.19809e+07	3.96942e+06
127	1.74127e+06	8.50215e+06	2.10703e+07	3.91408e+06
128	1.74127e+06	8.40583e+06	2.09495e+07	3.85824e+06
129	1.74127e+06	8.34818e+06	2.09298e+07	3.77024e+06
130	1.73644e+06	8.2978e+06 	2.05146e+07	3.65086e+06
131	1.73644e+06	8.19316e+06	2.19645e+07	3.55576e+06
132	1.73644e+06	8.12031e+06	2.04118e+07	3.54135e+06
133	1.73644e+06	8.04025e+06	2.03656e+07	3.38369e+06
134	1.73644e+06	7.97848e+06	1.83303e+07	3.3538e+06 
135	1.73644e+06	7.93897e+06	1.81285e+07	3.30196e+06
136	1.73644e+06	7.88995e+06	1.72882e+07	3.26577e+06
137	1.73644e+06	7.83715e+06	1.72946e+07	3.25885e+06
138	1.73644e+06	7.80264e+06	1.75221e+07	3.24183e+06
139	1.73644e+06	7.72767e+06	1.73628e+07	3.16121e+06
140	1.73644e+06	7.68891e+06	1.71972e+07	3.15375e+06
141	1.73644e+06	7.62526e+06	1.65256e+07	3.10559e+06
142	1.73644e+06	7.58409e+06	1.67222e+07	3.08179e+06
143	1.73644e+06	7.52839e+06	1.98941e+07	3.08327e+06
144	1.73644e+06	7.47748e+06	1.81144e+07	3.04809e+06
145	1.73644e+06	7.41097e+06	1.7544e+07 	3.00328e+06
146	1.73644e+06	7.3539e+06 	1.8033e+07 	2.9425e+06 
147	1.73644e+06	7.31695e+06	1.76253e+07	2.88444e+06
148	1.73644e+06	7.28065e+06	1.64213e+07	2.85894e+06
149	1.73644e+06	7.25516e+06	1.62884e+07	2.87013e+06
150	1.73644e+06	7.20944e+06	1.63442e+07	2.87076e+06
151	1.73644e+06	7.17322e+06	1.61495e+07	2.78236e+06
152	1.73607e+06	7.13272e+06	1.64948e+07	2.75139e+06
153	1.73607e+06	7.07058e+06	1.65376e+07	2.70502e+06
154	1.73607e+06	7.00017e+06	1.64177e+07	2.65389e+06
155	1.73607e+06	6.96324e+06	1.60633e+07	2.59086e+06
156	1.73607e+06	6.93943e+06	1.60606e+07	2.54778e+06
157	1.73607e+06	6.89402e+06	1.53195e+07	2.55997e+06
158	1.73607e+06	6.85861e+06	1.57941e+07	2.48753e+06
159	1.73607e+06	6.82152e+06	1.52407e+07	2.52396e+06
160	1.73607e+06	6.77573e+06	1.52362e+07	2.47734e+06
161	1.73607e+06	6.73327e+06	1.61107e+07	2.43668e+06
162	1.73604e+06	6.67862e+06	1.38372e+07	2.3301e+06 
163	1.73604e+06	6.59875e+06	1.39594e+07	2.31854e+06
164	1.73604e+06	6.56602e+06	1.3794e+07 	2.28049e+06
165	1.73604e+06	6.51844e+06	1.39741e+07	2.23284e+06
166	1.73604e+06	6.49202e+06	1.41492e+07	2.22865e+06
167	1.73604e+06	6.46004e+06	1.40713e+07	2.18972e+06
168	1.73604e+06	6.42913e+06	1.31962e+07	2.16718e+06
169	1.73604e+06	6.40769e+06	1.33882e+07	2.12904e+06
170	1.73604e+06	6.38277e+06	1.31889e+07	2.12161e+06
171	1.73604e+06	6.3391e+06 	1.30882e+07	2.09977e+06
172	1.73604e+06	6.31187e+06	1.31226e+07	2.1091e+06 
173	1.73597e+06	6.27971e+06	1.2821e+07 	2.05944e+06
174	1.73597e+06	6.26037e+06	1.28202e+07	2.0293e+06 
175	1.73597e+06	6.22333e+06	1.26987e+07	2.02216e+06
176	1.73597e+06	6.19358e+06	1.31415e+07	2.03835e+06
177	1.73597e+06	6.16561e+06	1.33733e+07	2.01787e+06
178	1.73597e+06	6.13127e+06	1.3242e+07 	1.96891e+06
179	1.73597e+06	6.08241e+06	1.43494e+07	1.97631e+06
180	1.73597e+06	6.0644e+06 	1.327e+07  	1.9297e+06 
181	1.73597e+06	6.04229e+06	1.29504e+07	1.8522e+06 
182	1.73597e+06	6.02099e+06	1.28192e+07	1.77558e+06
183	1.71356e+06	5.99624e+06	1.28192e+07	1.77512e+06
184	1.71356e+06	5.97026e+06	1.13332e+07	1.72989e+06
185	1.69687e+06	5.95825e+06	1.1217e+07 	1.73955e+06
186	1.69687e+06	5.93644e+06	1.10846e+07	1.74233e+06
187	1.69687e+06	5.91248e+06	1.11378e+07	1.72551e+06
188	1.69687e+06	5.89594e+06	1.13452e+07	1.71149e+06
189	1.69687e+06	5.8626e+06 	1.16783e+07	1.68858e+06
190	1.69685e+06	5.84058e+06	1.09313e+07	1.66146e+06
191	1.68739e+06	5.82744e+06	1.09316e+07	1.61809e+06
192	1.68739e+06	5.81158e+06	1.08497e+07	1.64274e+06
193	1.68739e+06	5.80447e+06	1.08497e+07	1.6509e+06 
194	1.68739e+06	5.78695e+06	1.06754e+07	1.64252e+06
195	1.68739e+06	5.77617e+06	1.04607e+07	1.61987e+06
196	1.68739e+06	5.75975e+06	1.04258e+07	1.56832e+06
197	1.68739e+06	5.74004e+06	1.18366e+07	1.58203e+06
198	1.68739e+06	5.72913e+06	1.11754e+07	1.60331e+06
199	1.68739e+06	5.72161e+06	1.1028e+07 	1.57901e+06
Result of algorithm run: SUCCESS, 0, 0, 1687390.050630, 0
