gen	min        	avg        	max        	std        
0  	7.29588e+06	3.31748e+07	6.84026e+07	1.31593e+07
1  	7.29588e+06	3.28107e+07	6.73317e+07	1.31959e+07
2  	6.73803e+06	3.24853e+07	6.47853e+07	1.32077e+07
3  	6.73803e+06	3.1989e+07 	7.67344e+07	1.32807e+07
4  	6.54215e+06	3.15049e+07	6.44952e+07	1.31002e+07
5  	6.54215e+06	3.10614e+07	6.7404e+07 	1.30772e+07
6  	6.54215e+06	3.05565e+07	6.50988e+07	1.30358e+07
7  	6.44123e+06	3.01484e+07	6.4551e+07 	1.2822e+07 
8  	5.35601e+06	2.96766e+07	6.87646e+07	1.27654e+07
9  	5.35601e+06	2.93865e+07	6.45504e+07	1.27954e+07
10 	5.35601e+06	2.90543e+07	6.23375e+07	1.2671e+07 
11 	5.06514e+06	2.87589e+07	6.13332e+07	1.26788e+07
12 	5.052e+06  	2.84582e+07	6.14221e+07	1.27651e+07
13 	4.9244e+06 	2.81302e+07	6.14222e+07	1.27222e+07
14 	4.73944e+06	2.78479e+07	6.14546e+07	1.27481e+07
15 	4.73944e+06	2.74157e+07	6.14552e+07	1.25313e+07
16 	4.72602e+06	2.70524e+07	6.0812e+07 	1.24268e+07
17 	4.72349e+06	2.66679e+07	6.10967e+07	1.23495e+07
18 	4.72349e+06	2.6318e+07 	5.88981e+07	1.18448e+07
19 	4.72349e+06	2.60853e+07	5.70041e+07	1.16677e+07
20 	4.72349e+06	2.56718e+07	5.77222e+07	1.16551e+07
21 	4.72349e+06	2.53921e+07	5.78262e+07	1.16204e+07
22 	4.58906e+06	2.51776e+07	5.78262e+07	1.15049e+07
23 	4.42195e+06	2.49175e+07	5.73216e+07	1.14621e+07
24 	4.03402e+06	2.46642e+07	5.62369e+07	1.13667e+07
25 	2.65223e+06	2.4431e+07 	5.41438e+07	1.11804e+07
26 	2.65223e+06	2.41821e+07	5.41439e+07	1.1158e+07 
27 	2.65223e+06	2.40175e+07	5.33054e+07	1.07925e+07
28 	2.65223e+06	2.38733e+07	5.18002e+07	1.0661e+07 
29 	2.65223e+06	2.35768e+07	5.03361e+07	1.04072e+07
30 	2.65223e+06	2.32494e+07	5.29466e+07	1.03874e+07
31 	2.65223e+06	2.30222e+07	5.02676e+07	1.02592e+07
32 	2.65223e+06	2.27937e+07	5.029e+07  	1.04145e+07
33 	2.64812e+06	2.2421e+07 	4.97515e+07	1.01995e+07
34 	2.64812e+06	2.2237e+07 	4.74417e+07	1.01842e+07
35 	2.63944e+06	2.20871e+07	5.08604e+07	1.00069e+07
36 	2.63944e+06	2.18418e+07	4.78794e+07	1.01557e+07
37 	2.63944e+06	2.1539e+07 	5.27805e+07	1.00375e+07
38 	2.63944e+06	2.13331e+07	5.22053e+07	1.00822e+07
39 	2.63944e+06	2.09944e+07	4.80914e+07	9.85916e+06
40 	2.63944e+06	2.07329e+07	4.80914e+07	9.77055e+06
41 	2.63944e+06	2.03929e+07	4.68865e+07	9.69709e+06
42 	2.63944e+06	2.01741e+07	4.68873e+07	9.46734e+06
43 	2.63905e+06	1.99895e+07	4.67472e+07	9.67569e+06
44 	2.5662e+06 	1.98174e+07	4.46763e+07	9.56368e+06
45 	2.5662e+06 	1.96327e+07	4.36475e+07	9.34877e+06
46 	2.5662e+06 	1.93866e+07	4.87871e+07	9.37336e+06
47 	2.56597e+06	1.92019e+07	4.67847e+07	9.12733e+06
48 	2.56597e+06	1.89119e+07	4.64188e+07	9.29201e+06
49 	2.56597e+06	1.87256e+07	4.64182e+07	9.09354e+06
50 	2.56597e+06	1.85658e+07	4.63765e+07	9.05372e+06
51 	2.56597e+06	1.84241e+07	4.39753e+07	8.92204e+06
52 	2.54558e+06	1.82228e+07	4.25167e+07	8.91445e+06
53 	2.54558e+06	1.79827e+07	4.23289e+07	8.84405e+06
54 	2.26437e+06	1.77408e+07	4.19053e+07	8.74182e+06
55 	2.26437e+06	1.75038e+07	4.35321e+07	8.69342e+06
56 	2.26437e+06	1.72777e+07	4.07339e+07	8.53877e+06
57 	2.26437e+06	1.7147e+07 	3.99729e+07	8.51917e+06
58 	2.26437e+06	1.69835e+07	4.19624e+07	8.42856e+06
59 	2.26437e+06	1.68212e+07	4.19624e+07	8.35661e+06
60 	2.26437e+06	1.6697e+07 	4.17155e+07	8.2571e+06 
61 	2.26437e+06	1.65015e+07	4.20872e+07	8.24435e+06
62 	2.26437e+06	1.63407e+07	4.20751e+07	8.17199e+06
63 	2.26437e+06	1.61208e+07	4.12314e+07	8.16014e+06
64 	2.26437e+06	1.59088e+07	4.19738e+07	8.12466e+06
65 	2.24141e+06	1.56321e+07	4.19318e+07	8.0078e+06 
66 	2.24141e+06	1.5474e+07 	3.96805e+07	7.85123e+06
67 	2.24141e+06	1.53043e+07	3.80783e+07	7.66894e+06
68 	2.23769e+06	1.51696e+07	3.82903e+07	7.72822e+06
69 	2.23769e+06	1.48829e+07	4.33178e+07	7.63471e+06
70 	2.23769e+06	1.47263e+07	3.88421e+07	7.5949e+06 
71 	2.23769e+06	1.45923e+07	4.20812e+07	7.69382e+06
72 	2.23769e+06	1.44571e+07	3.68113e+07	7.5868e+06 
73 	2.23728e+06	1.43046e+07	3.63256e+07	7.53698e+06
74 	2.23728e+06	1.4162e+07 	3.92112e+07	7.47663e+06
75 	2.23728e+06	1.40531e+07	3.88108e+07	7.37886e+06
76 	2.23728e+06	1.39648e+07	3.80066e+07	7.15677e+06
77 	2.18901e+06	1.38571e+07	3.7375e+07 	7.15765e+06
78 	2.18901e+06	1.37e+07   	3.54842e+07	7.08713e+06
79 	2.18901e+06	1.35749e+07	3.42245e+07	7.06698e+06
80 	2.18901e+06	1.34273e+07	3.62968e+07	6.98576e+06
81 	2.18901e+06	1.3307e+07 	3.60594e+07	6.91657e+06
82 	2.18901e+06	1.32025e+07	3.36864e+07	6.73312e+06
83 	2.18901e+06	1.30143e+07	3.3501e+07 	6.61332e+06
84 	2.18901e+06	1.28774e+07	3.3501e+07 	6.66841e+06
85 	2.18807e+06	1.27595e+07	3.34207e+07	6.61629e+06
86 	2.18807e+06	1.26502e+07	3.29609e+07	6.45546e+06
87 	2.18807e+06	1.24694e+07	3.05395e+07	6.24169e+06
88 	2.18807e+06	1.23456e+07	3.08575e+07	6.06923e+06
89 	2.18807e+06	1.22559e+07	3.08486e+07	6.04194e+06
90 	2.188e+06  	1.21482e+07	2.99352e+07	5.89005e+06
91 	2.1874e+06 	1.20512e+07	2.99208e+07	5.79498e+06
92 	2.1874e+06 	1.18987e+07	2.90727e+07	5.62629e+06
93 	2.18468e+06	1.17828e+07	2.88923e+07	5.50184e+06
94 	2.17789e+06	1.16978e+07	2.88923e+07	5.66445e+06
95 	2.17789e+06	1.15729e+07	2.92644e+07	5.62227e+06
96 	2.06007e+06	1.14769e+07	2.91667e+07	5.69244e+06
97 	1.88139e+06	1.13281e+07	2.8644e+07 	5.58858e+06
98 	1.88139e+06	1.11992e+07	2.85023e+07	5.55594e+06
99 	1.81564e+06	1.10614e+07	2.83947e+07	5.45435e+06
100	1.81564e+06	1.09466e+07	2.86776e+07	5.28198e+06
101	1.72129e+06	1.08737e+07	2.88126e+07	5.28877e+06
102	1.72129e+06	1.08194e+07	2.83386e+07	5.29609e+06
103	1.72129e+06	1.07419e+07	3.0425e+07 	5.29958e+06
104	1.72129e+06	1.06143e+07	2.93083e+07	5.20381e+06
105	1.72129e+06	1.05322e+07	2.82949e+07	5.13135e+06
106	1.72129e+06	1.0472e+07 	2.72938e+07	5.08063e+06
107	1.72129e+06	1.03822e+07	2.741e+07  	5.08548e+06
108	1.72129e+06	1.0295e+07 	2.73934e+07	5.1194e+06 
109	1.72129e+06	1.0233e+07 	2.71431e+07	5.08694e+06
110	1.66801e+06	1.01673e+07	2.52269e+07	4.95534e+06
111	1.66801e+06	1.00812e+07	2.69931e+07	5.05341e+06
112	1.66801e+06	1.00084e+07	2.74017e+07	4.99854e+06
113	1.66801e+06	9.9496e+06 	2.56098e+07	4.98494e+06
114	1.66801e+06	9.87217e+06	2.55477e+07	4.86006e+06
115	1.66801e+06	9.78656e+06	2.52814e+07	4.80905e+06
116	1.66801e+06	9.69636e+06	2.55388e+07	4.80169e+06
117	1.66801e+06	9.62974e+06	2.49099e+07	4.70052e+06
118	1.66801e+06	9.53491e+06	2.54732e+07	4.65546e+06
119	1.64812e+06	9.45986e+06	2.70052e+07	4.61526e+06
120	1.64812e+06	9.38025e+06	2.5484e+07 	4.57967e+06
121	1.64812e+06	9.30882e+06	2.39497e+07	4.5351e+06 
122	1.64812e+06	9.2513e+06 	2.51358e+07	4.44369e+06
123	1.64812e+06	9.16757e+06	2.44209e+07	4.40014e+06
124	1.64812e+06	9.09071e+06	2.35013e+07	4.47295e+06
125	1.64812e+06	8.99564e+06	2.36472e+07	4.38071e+06
126	1.64812e+06	8.95254e+06	2.25925e+07	4.38041e+06
127	1.64646e+06	8.88e+06   	2.38155e+07	4.34103e+06
128	1.64646e+06	8.83785e+06	2.36052e+07	4.31236e+06
129	1.64646e+06	8.77098e+06	2.37147e+07	4.18511e+06
130	1.64631e+06	8.69652e+06	2.37151e+07	4.1536e+06 
131	1.64631e+06	8.63726e+06	2.34455e+07	4.12009e+06
132	1.64631e+06	8.56586e+06	2.30472e+07	4.02356e+06
133	1.64631e+06	8.51209e+06	2.3048e+07 	3.932e+06  
134	1.64549e+06	8.43435e+06	2.21379e+07	3.85017e+06
135	1.64549e+06	8.36822e+06	2.21379e+07	3.80143e+06
136	1.64549e+06	8.29995e+06	2.18071e+07	3.74551e+06
137	1.64549e+06	8.24527e+06	2.16185e+07	3.62682e+06
138	1.64529e+06	8.18104e+06	2.08154e+07	3.63748e+06
139	1.64529e+06	8.10535e+06	2.00905e+07	3.50975e+06
140	1.64529e+06	8.04598e+06	2.2346e+07 	3.58488e+06
141	1.64526e+06	7.96387e+06	2.24061e+07	3.49267e+06
142	1.64526e+06	7.89603e+06	2.23682e+07	3.43666e+06
143	1.64526e+06	7.84555e+06	2.18419e+07	3.37476e+06
144	1.64526e+06	7.78709e+06	2.04447e+07	3.3028e+06 
145	1.64526e+06	7.72823e+06	2.10005e+07	3.34409e+06
146	1.64526e+06	7.656e+06  	2.10349e+07	3.3319e+06 
147	1.64526e+06	7.60357e+06	2.10003e+07	3.24142e+06
148	1.64526e+06	7.54887e+06	2.09403e+07	3.16547e+06
149	1.64526e+06	7.46849e+06	1.91215e+07	2.98214e+06
150	1.64526e+06	7.42733e+06	1.87667e+07	2.9484e+06 
151	1.64526e+06	7.34588e+06	1.87046e+07	2.90893e+06
152	1.64526e+06	7.29482e+06	1.87069e+07	2.92434e+06
153	1.64526e+06	7.24811e+06	1.86115e+07	2.85293e+06
154	1.64526e+06	7.21929e+06	1.69248e+07	2.8396e+06 
155	1.64526e+06	7.18181e+06	1.65097e+07	2.86354e+06
156	1.64526e+06	7.1316e+06 	1.65097e+07	2.72932e+06
157	1.64526e+06	7.07796e+06	1.64292e+07	2.63805e+06
158	1.64526e+06	7.02603e+06	1.64292e+07	2.60462e+06
159	1.64526e+06	6.99077e+06	1.57444e+07	2.55126e+06
160	1.64526e+06	6.96097e+06	1.57446e+07	2.49161e+06
161	1.64526e+06	6.89971e+06	1.5587e+07 	2.44321e+06
162	1.64526e+06	6.87469e+06	1.55863e+07	2.40142e+06
163	1.64526e+06	6.83505e+06	1.6216e+07 	2.39191e+06
164	1.64526e+06	6.78718e+06	1.62131e+07	2.35469e+06
165	1.64526e+06	6.73747e+06	1.58576e+07	2.26344e+06
166	1.64526e+06	6.69778e+06	1.65677e+07	2.27926e+06
167	1.64526e+06	6.67465e+06	1.65595e+07	2.28007e+06
168	1.64526e+06	6.63598e+06	1.55416e+07	2.25975e+06
169	1.64526e+06	6.60204e+06	1.39059e+07	2.22551e+06
170	1.64526e+06	6.57037e+06	1.43724e+07	2.16446e+06
171	1.64526e+06	6.54273e+06	1.31204e+07	2.08438e+06
172	1.64526e+06	6.50943e+06	1.29947e+07	2.08796e+06
173	1.64526e+06	6.46461e+06	1.30723e+07	2.09735e+06
174	1.64526e+06	6.42448e+06	1.39436e+07	2.06393e+06
175	1.64526e+06	6.39048e+06	1.44602e+07	2.03152e+06
176	1.64526e+06	6.34215e+06	1.32138e+07	1.97601e+06
177	1.64526e+06	6.3228e+06 	1.31787e+07	2.01656e+06
178	1.64526e+06	6.29984e+06	1.3184e+07 	1.99739e+06
179	1.64525e+06	6.26878e+06	1.28759e+07	1.95525e+06
180	1.64525e+06	6.25243e+06	1.22367e+07	1.96952e+06
181	1.64525e+06	6.22662e+06	1.22613e+07	1.92581e+06
182	1.64525e+06	6.19214e+06	1.21871e+07	1.91719e+06
183	1.64525e+06	6.16088e+06	1.18943e+07	1.91452e+06
184	1.64525e+06	6.14111e+06	1.18672e+07	1.88088e+06
185	1.64525e+06	6.1252e+06 	1.17053e+07	1.84126e+06
186	1.64525e+06	6.10617e+06	1.11811e+07	1.8111e+06 
187	1.64525e+06	6.0802e+06 	1.12223e+07	1.80069e+06
188	1.64525e+06	6.04457e+06	1.20318e+07	1.82546e+06
189	1.64525e+06	6.02753e+06	1.19726e+07	1.80519e+06
190	1.64525e+06	5.98817e+06	1.19327e+07	1.78577e+06
191	1.64525e+06	5.96301e+06	1.14711e+07	1.78535e+06
192	1.64525e+06	5.93314e+06	1.1355e+07 	1.80004e+06
193	1.64525e+06	5.90681e+06	1.12535e+07	1.78775e+06
194	1.64525e+06	5.88738e+06	1.14827e+07	1.77258e+06
195	1.64525e+06	5.86287e+06	1.20184e+07	1.78721e+06
196	1.64525e+06	5.84312e+06	1.19856e+07	1.77544e+06
197	1.64525e+06	5.82719e+06	1.16467e+07	1.73405e+06
198	1.64525e+06	5.79574e+06	1.13597e+07	1.6689e+06 
199	1.64525e+06	5.78982e+06	1.13593e+07	1.662e+06  
Result of algorithm run: SUCCESS, 0, 0, 1645254.760476, 0
