gen	min    	avg    	max    	std    
0  	1110.83	4533.15	10987.9	1908.31
1  	1110.83	4477.23	10850.3	1894.69
2  	1093.35	4421.06	10416.2	1905.34
3  	1093.35	4363.46	11292.3	1881.26
4  	1047.93	4294.97	10278.9	1832.89
5  	1047.93	4241.15	9923.16	1780.83
6  	1047.93	4195.54	10701.4	1755.11
7  	973.692	4161.46	10085.3	1741.3 
8  	973.692	4112.32	10043  	1711.46
9  	932.861	4076.93	9489.75	1700.82
10 	876.405	4045.33	9489.75	1692.32
11 	876.405	4001.64	8751.23	1643.85
12 	876.405	3951.25	8686.29	1654.98
13 	876.405	3893.97	8843.99	1649.62
14 	876.405	3860.83	9275.49	1692.41
15 	876.405	3812.13	8622.42	1608.35
16 	824.675	3777.62	8595.09	1546.85
17 	824.675	3742.94	9129.33	1550.12
18 	814.866	3710.78	9339.28	1581.82
19 	814.866	3670.68	8306.37	1588.99
20 	814.866	3633.85	9044.18	1576.04
21 	814.866	3580.11	9381.39	1566.16
22 	791.729	3543.24	8846.26	1532.25
23 	791.729	3509.67	8444.93	1476.02
24 	791.729	3471.09	8673.28	1470.88
25 	791.729	3447.02	7973.88	1436.19
26 	791.729	3403.89	9363.69	1450.6 
27 	791.729	3362.27	9153.31	1468.34
28 	791.729	3309.75	8577.39	1432.04
29 	791.729	3275   	7584.81	1376.15
30 	746.883	3229.3 	7859.82	1391.16
31 	746.883	3187.08	7740.91	1390.41
32 	746.883	3150.81	8001.99	1391.4 
33 	746.883	3114.44	7444.18	1342.49
34 	746.883	3076.69	7666.84	1346.7 
35 	746.883	3042.37	7447.15	1323.39
36 	746.883	3007.51	7335.89	1306.47
37 	746.883	2962.33	8150.48	1310.91
38 	746.883	2935.5 	7849.68	1304.58
39 	729.529	2911.34	7723.99	1253.13
40 	692.494	2875.59	7543.28	1226.68
41 	692.494	2834.2 	7314.93	1230.12
42 	692.494	2805.05	7941.27	1185.12
43 	662.057	2779.77	7178.91	1155.23
44 	647.481	2750.86	6916.74	1133.96
45 	647.481	2724.87	6475.98	1093.01
46 	600.514	2703.87	6294.56	1131.87
47 	600.514	2668.95	6451.77	1132.18
48 	600.514	2644.58	6364.7 	1116.48
49 	600.514	2620.63	7018.36	1143.55
50 	600.514	2592.88	6899.11	1123.89
51 	600.514	2562.74	6737.4 	1110.61
52 	600.514	2537.18	6548.22	1046.39
53 	553.7  	2510.42	6548.22	1058.43
54 	553.7  	2486.95	6154.72	1027.74
55 	553.7  	2453.55	5854.26	998.563
56 	553.7  	2424.06	5703.28	985.052
57 	553.7  	2406.82	5861.02	945.363
58 	553.7  	2385.57	5700.8 	951.572
59 	553.7  	2366.87	5530.31	934.791
60 	553.7  	2342.66	5742.33	932.612
61 	553.7  	2322.32	5814.96	948.175
62 	553.7  	2298.24	5444.25	914.747
63 	553.7  	2283.1 	5836.27	917.38 
64 	553.7  	2256.74	5798.67	907.799
65 	553.564	2239.95	5883.41	910.616
66 	553.564	2221.04	5562.87	919.501
67 	553.564	2199.06	5411.05	889.399
68 	553.564	2177.94	5411.05	877.914
69 	553.564	2160.43	5540.23	870.988
70 	553.564	2139.99	5492.75	854.341
71 	552.262	2118.51	5500.28	854.01 
72 	552.262	2092.21	5169.06	817.075
73 	552.262	2073.75	5206.31	811.547
74 	552.262	2056.44	5555.92	835.872
75 	552.262	2033.16	4986.97	814.732
76 	552.262	2015.11	4763.01	784.152
77 	552.262	1992   	5010.99	758.725
78 	552.262	1971.56	5498.56	758.567
79 	506.612	1953.54	4816.99	721.224
80 	506.612	1936.61	4650.22	706.944
81 	506.612	1919.94	4500.91	711.097
82 	506.612	1891.92	4413.73	705.701
83 	506.612	1878   	4677.42	695.76 
84 	506.612	1862.88	4788.45	675.426
85 	506.612	1847.16	4403.61	673.737
86 	506.612	1832.44	4281.84	660.381
87 	506.612	1813.16	4252.12	646.229
88 	502.019	1799.36	4008.84	652.117
89 	502.019	1787.01	4490.37	650.458
90 	502.019	1773.14	4025.58	649.797
91 	502.019	1754.95	4063.05	638.195
92 	502.019	1744.85	3796.89	603.294
93 	502.019	1732.87	3775.47	588.559
94 	502.019	1720.26	3830.69	586.097
95 	502.019	1708.57	3657.7 	560.886
96 	502.019	1696.26	3615.6 	557.751
97 	502.019	1685.88	3521.09	569.735
98 	502.019	1674.94	3521.09	555.969
99 	502.019	1657.49	3713.76	554.207
100	502.019	1646.6 	4186.65	554.605
101	502.019	1634.29	4045.5 	561.365
102	455.411	1622.49	3722.05	554.071
103	455.411	1612.1 	3727.53	552.791
104	455.411	1601.41	3743.79	556.844
105	455.411	1592.61	3718.07	529.054
106	455.411	1583.98	3476.86	518.341
107	455.411	1575.53	3477.43	516.049
108	455.411	1562.97	3647.93	499.662
109	449.596	1553.14	3183.17	496.503
110	440.994	1544.19	3159.71	494.671
111	440.994	1533.06	3972.71	502.535
112	428.465	1516.15	3872.62	496.451
113	428.465	1508.43	3548.32	479.157
114	428.465	1495.6 	3598.4 	471.748
115	428.465	1487.3 	3286.01	457.391
116	403.551	1478.77	3383.75	472.354
117	403.551	1471.86	3346.16	460.119
118	403.551	1461.58	3215.96	450.248
119	403.551	1452.15	3140.24	428.323
120	403.551	1442.71	3016.28	427.921
121	403.551	1435.21	2973.78	425.208
122	403.551	1427.94	3115.21	414.404
123	403.551	1416.95	2836.51	406.883
124	403.551	1408.07	2819.33	411.07 
125	353.978	1398.9 	2951.2 	394.432
126	342.562	1388.04	2812.97	389.15 
127	342.562	1380.48	2812.97	389.991
128	342.562	1373.31	2679.65	376.889
129	342.562	1367.35	2601.36	380.038
130	342.562	1361.46	2587.89	362.677
131	342.562	1353.62	2612.17	371.313
132	342.562	1344.21	2633.34	369.309
133	342.562	1337.14	3008.26	379.587
134	296.256	1330.4 	2670.81	366.903
135	296.256	1324.17	2713.26	369.791
136	296.256	1318.18	2684.67	362.953
137	290.169	1311.33	2571.64	358.7  
138	290.169	1302.66	2602.32	339.248
139	290.169	1296.36	2627.79	338.268
140	290.169	1289.79	2589.65	327.917
141	290.169	1283.07	2354.72	325.161
142	266.293	1276.54	2308.93	319.184
143	266.293	1270.04	2654.09	322.337
144	266.293	1264.03	2615.32	330.895
145	266.293	1258.18	2541.08	332.273
146	266.293	1253.21	2483.58	317.497
147	266.293	1243.31	2483.58	308.417
148	266.293	1236.61	2390.95	308.29 
149	266.293	1231.88	2385.47	315.698
150	266.293	1228.8 	2283.85	307.8  
151	266.293	1223.71	2252.49	295.073
152	266.293	1218.61	2180.9 	292.352
153	266.293	1211.8 	2271.07	290.336
154	266.293	1206.31	2135.79	271.778
155	266.293	1201.71	2151.88	279.474
156	266.293	1196.88	1958.12	283.144
157	266.293	1192.7 	2040.6 	274.452
158	266.293	1188.89	2011.69	265.629
159	266.293	1184.96	1979.75	260.535
160	266.293	1181.78	1918.86	256.188
161	266.293	1176.72	1870.12	261.494
162	266.293	1172.48	2014.46	265.143
163	266.293	1168.82	1919.94	252.956
164	266.293	1163.11	2094.55	258.495
165	266.293	1158.35	1924.27	264.367
166	266.293	1155.02	1988.18	262.41 
167	266.293	1151.63	1992.96	257.182
168	266.293	1148.75	1932.99	250.956
169	266.293	1145.1 	1902.23	245.494
170	266.293	1140.62	1867.21	244.248
171	266.293	1136.51	1952.13	242.961
172	266.293	1132.3 	1822.65	233.341
173	266.293	1129.82	1820.87	232.779
174	266.293	1125.37	1718.28	232.635
175	266.293	1123.79	1771.46	237.247
176	266.293	1118.85	1804.43	238.442
177	266.293	1115.19	1811.22	232.102
178	266.293	1112.04	1824.44	232.459
179	231.991	1107.8 	1824.44	233.885
180	231.991	1103.44	1892.43	228.01 
181	231.991	1100.58	1764.67	222.789
182	231.991	1096.98	1705.18	211.955
183	231.991	1093.78	1808.73	217.537
184	231.991	1090.93	1725.37	212.739
185	231.991	1088.38	1700   	208.816
186	231.991	1083.54	1759.74	213.916
187	231.991	1080.11	1701.78	205.931
188	231.991	1078.28	1761.86	213.823
189	231.991	1075.24	1757.6 	210.287
190	231.991	1072.42	1752.31	208.408
191	231.991	1069.86	1640.67	200.818
192	231.991	1067.31	1641.1 	201    
193	231.991	1064.54	1640.77	190.077
194	231.991	1061.76	1640.77	194.491
195	231.991	1059.49	1613.29	196.079
196	231.991	1056.46	1624.74	193.26 
197	231.991	1053.41	1564.77	191.652
198	231.991	1050.3 	1607.97	197.967
199	231.991	1047.8 	1571.39	195.091
Result of algorithm run: SUCCESS, 0, 0, 231.991356, 0
