gen	min    	avg    	max    	std    
0  	996.181	4634.82	11421.5	1972.95
1  	996.181	4590.6 	10487  	1937.13
2  	996.181	4528.13	10979.9	1947.87
3  	994.655	4464.71	10917.8	1912.59
4  	994.655	4418.41	11132.5	1901.44
5  	838.965	4378.02	10359.7	1857.15
6  	838.965	4337.11	10401  	1842.14
7  	838.965	4285.29	9585.76	1786.25
8  	805.918	4245.68	9127.04	1766.79
9  	790.825	4192.63	9247.97	1777.4 
10 	790.825	4142.09	8996.84	1794.7 
11 	790.825	4095.26	9642.96	1760.51
12 	790.825	4037.04	9517.71	1764.09
13 	790.825	3980.29	9185.44	1713.77
14 	790.825	3923.42	8886.07	1601.14
15 	790.825	3869.65	8676.21	1576.42
16 	790.825	3807.34	8348.33	1536.59
17 	790.825	3771.16	8087.45	1503.73
18 	674.656	3731.53	8192.82	1563.44
19 	674.656	3699.12	8349.03	1568.34
20 	674.656	3642.79	8339.18	1563.96
21 	674.656	3610.46	8299.1 	1522.78
22 	674.656	3568.23	7942.54	1516.88
23 	674.656	3520.41	8655.38	1466.11
24 	674.656	3483.52	8116.16	1411.7 
25 	674.656	3455.76	7143.35	1399.04
26 	674.656	3406.92	7354.55	1359.01
27 	674.656	3361.12	7608.49	1379.33
28 	674.656	3325.91	7203.12	1352.47
29 	674.656	3264.89	7944.11	1311.23
30 	674.656	3226.96	8082.89	1348.71
31 	674.656	3194.58	7824.83	1336.31
32 	674.656	3160.47	8372.15	1353.91
33 	674.656	3129.28	7735.82	1329.75
34 	674.656	3097.97	7594.32	1309.61
35 	645.696	3057.87	7408.4 	1314.77
36 	645.696	3017.81	7522.05	1308.58
37 	645.696	2987.41	7581.7 	1285.93
38 	645.696	2953.87	7615.91	1255.87
39 	645.696	2914.74	8024.71	1271.07
40 	645.696	2878   	7416.7 	1234.05
41 	645.696	2845.78	7186.19	1209.05
42 	645.696	2810.6 	6992.38	1179.24
43 	645.696	2784.82	6912.34	1150.21
44 	645.696	2759.32	6912.34	1135.28
45 	383.09 	2735.04	7765.41	1169.97
46 	383.09 	2709.38	6585.46	1107.05
47 	383.09 	2682.53	6285.79	1102.69
48 	383.09 	2655.49	6229.75	1089.35
49 	383.09 	2623.96	6201.18	1055.94
50 	383.09 	2606.03	6303.05	1055.24
51 	383.09 	2581.54	6222.86	1023.68
52 	344.666	2552.22	6201.62	1011.24
53 	344.666	2528.15	6013.73	1018.16
54 	344.666	2498.81	6013.73	1033.72
55 	344.666	2471.75	5989.78	1031.82
56 	344.666	2452.64	5887.47	997.485
57 	344.666	2426.25	5816.4 	1012.41
58 	344.666	2396.73	6146.24	998.699
59 	344.666	2372.98	6146.24	987.292
60 	344.666	2352.53	5656.97	970.041
61 	344.666	2331.58	6045.11	954.288
62 	344.666	2308.25	5937.47	892.16 
63 	344.666	2279.75	5931.55	883.939
64 	344.666	2253.18	5597.39	896.289
65 	344.666	2236.25	5323.2 	908.98 
66 	344.666	2220.42	5422.31	915.417
67 	344.666	2204.16	5513.26	895.246
68 	344.666	2181.13	5830.03	897.016
69 	344.666	2163.69	5673.78	905.328
70 	344.666	2137.52	5609.12	885.288
71 	344.666	2116.12	5609.12	847.876
72 	344.666	2095.29	5047.38	837.511
73 	344.666	2076.88	5009.29	812.914
74 	344.666	2056.06	4709.95	780.94 
75 	344.666	2042.41	4895.92	780.261
76 	344.666	2025.63	4698.68	778.26 
77 	344.666	2011.75	4384.99	761.527
78 	344.666	1992.1 	4758.66	746.165
79 	344.666	1973.4 	4839.1 	738.459
80 	344.666	1957.63	4923.76	752.384
81 	234.58 	1938   	4477.07	707    
82 	234.58 	1926.36	4444.35	717.265
83 	234.58 	1910.76	4581.82	714.382
84 	234.58 	1896.68	4562.05	699.756
85 	234.58 	1877.64	4562.78	689.61 
86 	234.58 	1864.07	4188.84	671.411
87 	234.58 	1848.33	4206.22	655.337
88 	234.58 	1836.67	4282.48	661.354
89 	234.58 	1819.93	4282.48	648.431
90 	234.58 	1806.64	3979.31	618.091
91 	234.58 	1793.55	4119.22	638.694
92 	234.58 	1778.27	4041.93	640.3  
93 	234.58 	1763.59	4163.01	619.174
94 	234.58 	1749.92	4163.01	611.269
95 	234.58 	1735.83	3818.64	598.776
96 	234.58 	1719.66	3834.03	590.161
97 	234.58 	1706.53	4438.1 	602.44 
98 	218.047	1694.57	3716.23	598.334
99 	218.047	1681.09	3714.52	582.845
100	218.047	1672.54	3763.72	590.872
101	218.047	1656.65	3846.65	577.066
102	218.047	1644.9 	3846.65	554.952
103	218.047	1632.9 	3538.87	565.829
104	218.047	1623.2 	3565.11	564.003
105	218.047	1611.77	3626.84	559.392
106	218.047	1599.26	3727.23	531.642
107	218.047	1587.88	3484.93	523.491
108	218.047	1577.76	3333.67	507.677
109	218.047	1565.76	3501.26	515.13 
110	218.047	1557.8 	3315.92	515.662
111	218.047	1542.41	3703.03	524.912
112	218.047	1534.28	3252.09	505.523
113	218.047	1523.39	3200.09	497.359
114	218.047	1513.02	3718.5 	497.561
115	218.047	1499.73	3637.85	468.621
116	218.047	1489.39	3102.78	465.322
117	218.047	1481.98	3094.85	467.494
118	218.047	1472.77	3115.76	455.167
119	218.047	1465.23	3113.25	453.272
120	218.047	1456.3 	3120.27	445.396
121	218.047	1445.29	2987.55	433.753
122	218.047	1435.88	3040.14	428.169
123	218.047	1427.25	2773.25	409.236
124	218.047	1418.41	2812.86	413.892
125	218.047	1409.17	2933.73	410.645
126	218.047	1400.34	2945.74	410.842
127	218.047	1393.76	2865.96	421.941
128	218.047	1384.56	2854.68	422.007
129	211.36 	1377.04	2632.03	405.372
130	211.36 	1367.27	2818.51	399.558
131	211.36 	1361.72	2781.2 	391.357
132	211.36 	1354.36	2804.81	386.807
133	211.36 	1348.16	2639.15	378.604
134	211.36 	1341.03	2923.5 	378.748
135	211.36 	1331.03	2750.2 	377.331
136	211.36 	1323.53	2484.79	366.874
137	211.36 	1315.1 	2505.45	366.477
138	211.36 	1308.51	2407.6 	357.384
139	211.36 	1303.36	2470.63	355.219
140	211.36 	1296.3 	2358.28	342.523
141	211.36 	1289.14	2643.77	341.668
142	211.36 	1280.9 	2501.98	323.64 
143	211.36 	1275.13	2483.39	324.247
144	211.36 	1269.08	2433.86	337.975
145	211.36 	1263.06	2317.87	325.579
146	211.36 	1258.37	2317.87	326.249
147	211.36 	1253.21	2250.47	322.016
148	211.36 	1245.84	2314.3 	316.277
149	211.36 	1240.21	2402.43	318.403
150	211.36 	1237.5 	2179.34	313.643
151	211.36 	1232.13	2179.34	304.993
152	211.36 	1227.21	2197.6 	306.685
153	211.36 	1218.53	2323.67	320.161
154	211.36 	1212.71	2279.39	314.735
155	211.36 	1207.65	2345.06	299.477
156	211.36 	1201.41	2225.3 	292.194
157	211.36 	1195.52	2225.3 	295.285
158	211.36 	1191.01	2070.01	284.33 
159	211.36 	1187.65	2037.23	291.448
160	211.36 	1183.75	2071.81	294.826
161	211.36 	1178.36	2111.59	288.874
162	211.36 	1173.63	2082.85	284.421
163	211.36 	1167.39	2153.51	273.812
164	211.36 	1163.68	2022.74	272.278
165	211.36 	1158.82	2115.46	273.855
166	211.36 	1156.63	2019.6 	267.724
167	211.36 	1151.23	1991.57	269.119
168	211.36 	1147.82	1942.58	256.105
169	211.36 	1142.52	1948.65	253.883
170	211.36 	1137.6 	2043.97	251.416
171	211.36 	1131.66	1947.51	252.123
172	195.345	1128.15	1883.33	245.712
173	195.345	1125.26	1794.36	239.565
174	195.345	1122.71	1713.07	232.625
175	195.345	1119.1 	1825.89	239.885
176	195.345	1116.12	1803.35	240.037
177	195.345	1113.1 	1775.63	244.648
178	195.345	1109.41	1815.79	241.427
179	195.345	1105.9 	1906.75	241.577
180	195.345	1103.31	1812.79	243.724
181	186.414	1101.07	1720.77	243.277
182	186.414	1096.5 	1749.82	243.164
183	186.414	1093.15	1762.47	237.131
184	186.414	1091.73	1783.55	232.092
185	161.331	1089.44	1814.09	233.132
186	161.331	1084.49	1785.62	226.688
187	159.835	1081.23	1664.32	226.443
188	159.835	1079.63	1664.32	226.164
189	159.835	1077.43	1696.59	226.807
190	159.835	1075.56	1722.36	223.876
191	159.835	1071.44	1713.12	225.128
192	159.835	1068.81	1767.9 	226.136
193	159.835	1065.79	1772.26	223.815
194	159.835	1063.55	1722.46	223.409
195	151.295	1059.69	1660.35	222.545
196	151.295	1056.44	1767.36	218.021
197	151.295	1053.76	1660.73	215.399
198	151.295	1050.3 	1740.23	217.329
199	151.295	1047.98	1733.13	216.517
Result of algorithm run: SUCCESS, 0, 0, 151.294602, 0
