gen	min    	avg    	max    	std   
0  	1140.49	4565.08	11204.6	1926.4
1  	1012.83	4518.71	10640.7	1907.07
2  	1012.83	4461.51	11161.4	1888.24
3  	1012.83	4405.01	10367.6	1841.05
4  	1012.83	4352.45	10412.4	1873.82
5  	1012.83	4305.82	10314.4	1874.46
6  	956.14 	4250.83	9934.64	1831.02
7  	928.304	4207.84	10032  	1803.17
8  	928.304	4150.88	9200.2 	1797.07
9  	831.596	4100.83	9554.17	1831.79
10 	640.609	4048.63	9226.46	1792.3 
11 	640.609	4013.66	10304.6	1761.16
12 	570.62 	3974.32	9290.86	1709.83
13 	570.62 	3921.23	9071.48	1686.5 
14 	570.62 	3873.26	9318.27	1725.96
15 	570.62 	3827.47	9700.39	1699.33
16 	570.62 	3794.09	9469.7 	1605.68
17 	570.62 	3738.64	9469.7 	1644.48
18 	570.62 	3689.32	8560.15	1587.74
19 	570.62 	3656.9 	8656.49	1582.99
20 	570.62 	3614.55	8448.56	1586.17
21 	570.62 	3560.74	9859.45	1587.88
22 	570.62 	3512.36	9311.86	1593.74
23 	570.62 	3470.96	9298.39	1548.89
24 	570.62 	3429.41	8777.57	1528.02
25 	570.62 	3396.94	8469.49	1501.88
26 	570.62 	3361.7 	8265.56	1520.54
27 	548.565	3331.55	8062.69	1494.19
28 	548.565	3294.4 	8325.54	1482.38
29 	548.565	3263.53	8764.6 	1523.24
30 	548.565	3211.53	7896.37	1499.07
31 	548.565	3177.32	8141.97	1455.9 
32 	548.565	3153.2 	7721.35	1412.46
33 	548.565	3127.18	7691.45	1381.64
34 	548.565	3091.46	7472.58	1363.9 
35 	548.565	3062.54	7813.74	1349.12
36 	548.565	3025.29	7938.4 	1340.23
37 	548.565	2994.63	8041.39	1328.63
38 	548.565	2959.65	7890.75	1292.21
39 	548.565	2929.76	7640.37	1286.62
40 	548.565	2901.05	7562.55	1285.08
41 	548.565	2869.89	7562.55	1262.5 
42 	548.565	2840.14	7371.66	1260.52
43 	548.565	2815.92	7371.66	1246   
44 	548.565	2789.18	7371.66	1231.83
45 	548.565	2763   	7174.56	1220.2 
46 	548.565	2741.18	6842.89	1224.31
47 	548.565	2711.71	6911.22	1187.51
48 	548.565	2682.39	6618.49	1161.89
49 	548.565	2640.05	6618.49	1141.39
50 	548.565	2608.52	6618.49	1100.81
51 	548.565	2579.19	6183.05	1092.84
52 	548.565	2544.68	6919.91	1088.05
53 	548.565	2520.64	6813.3 	1057.38
54 	548.565	2488.64	6525.41	1045.52
55 	548.565	2461.15	6459.18	1051.28
56 	548.565	2416.15	6357.89	1014.6 
57 	548.565	2392.62	6619.5 	1041.24
58 	548.565	2360.99	6103.97	999.798
59 	548.565	2335.28	6216.45	987.258
60 	548.565	2315.53	5945.62	973.515
61 	548.565	2297.46	5846.71	971.198
62 	548.565	2279.46	5593.85	972.271
63 	548.565	2256   	5681.25	939.499
64 	548.565	2236.97	5510.37	921.446
65 	548.565	2214.33	5838.44	919.238
66 	548.565	2196.83	5638.08	894.141
67 	548.565	2172.42	5425.09	858.938
68 	548.565	2153.97	5569.7 	860.287
69 	548.565	2130.59	5588.79	836.907
70 	548.565	2111.05	5120.36	814.453
71 	548.565	2097.54	4818.58	812.091
72 	548.565	2077.72	5186.23	825.978
73 	548.565	2063   	5295.6 	801.723
74 	548.565	2047.09	5070.79	773.781
75 	548.565	2027.56	4991.78	769.804
76 	548.565	2012.58	4458.61	737.011
77 	548.565	1997.4 	4458.61	734.628
78 	548.565	1976.05	4492.44	742.569
79 	548.565	1959.37	4390.13	737.473
80 	548.565	1938.64	4823.19	726.308
81 	548.565	1914.73	4938.63	707.494
82 	548.565	1895.92	5316.1 	706.41 
83 	548.565	1879.3 	4943.38	711.666
84 	548.565	1866.31	4239.84	708.086
85 	548.565	1847.27	4153.4 	676.517
86 	548.565	1835.15	4278.25	677.495
87 	548.565	1823.37	4201.26	662.636
88 	548.565	1806.12	4235.5 	664.376
89 	548.565	1797.56	4135.11	646.693
90 	548.565	1776.86	4391.41	623.451
91 	548.565	1764.74	4298.37	629.606
92 	483.744	1751.09	3935.58	635.672
93 	483.744	1741.35	3694.59	628.831
94 	483.744	1728.42	3857.53	632.14 
95 	483.744	1717.97	3977.79	596.454
96 	483.744	1704.73	3977.79	592.734
97 	483.744	1692.07	3857.19	583.318
98 	483.744	1681.88	3616.09	577.332
99 	483.744	1669.7 	4058.7 	563.988
100	483.744	1660.28	3651.54	548.086
101	483.744	1649.82	3736.8 	536.222
102	483.744	1635.93	3578.27	527.192
103	483.744	1624.63	3526.02	514.472
104	483.744	1613.24	3327.76	503.671
105	483.744	1602.83	3342.11	491.134
106	483.744	1594.52	3166.55	494.671
107	452.038	1581.44	3361.1 	494.562
108	452.038	1571.02	3361.1 	495.262
109	452.038	1558.22	3901.02	509.701
110	452.038	1546   	3391.52	491.659
111	380.871	1530.44	3574.93	475.314
112	380.871	1515.34	3094.04	463.459
113	380.871	1504.13	3271.57	465.401
114	380.871	1494.07	3322.82	452.596
115	380.871	1483.54	3439.45	453.824
116	380.871	1474.41	3216.56	448.63 
117	378.956	1466   	2979.85	439.41 
118	378.956	1457.9 	3128.33	438.045
119	378.956	1450.13	3185.85	435.622
120	378.956	1442.95	3163.74	428.472
121	378.956	1435.18	2959.97	424.637
122	378.956	1428.35	2764.19	417.78 
123	378.956	1419.76	3093.76	432.147
124	378.956	1411.05	2933.95	420.833
125	378.956	1403.25	3021.92	421.475
126	378.956	1397.32	2829.43	415.982
127	378.956	1389.25	2824.02	406.103
128	378.956	1381.49	2831.57	393.732
129	378.956	1373.67	2690.77	393.823
130	378.956	1368.28	2545.15	364.905
131	378.956	1358.5 	2860.7 	364.224
132	378.956	1351.95	2588.51	356.244
133	378.956	1346.39	2609.29	352.072
134	378.956	1337.72	2765.96	358.144
135	378.956	1328.99	2793.22	365.187
136	378.956	1320.35	2711.17	369.801
137	378.956	1311.71	2641.58	366.059
138	378.956	1303.26	2698.13	342.313
139	378.956	1296.51	2774.86	344.872
140	378.956	1290.47	2518.52	329.868
141	378.956	1285.87	2518.52	336.222
142	378.956	1278.96	2556.11	331.482
143	371.421	1270.69	2910.12	326.851
144	371.421	1263.5 	2866.04	325.52 
145	371.421	1256.49	2758.47	325.73 
146	371.421	1252.03	2646.23	318.589
147	371.421	1246.1 	2527.18	304.778
148	346.662	1241.9 	2270.76	305.393
149	346.662	1236.12	2213.13	304.356
150	346.662	1232.93	2091.54	291.658
151	346.662	1227.5 	2048.5 	289.652
152	346.662	1223.73	2047.5 	294.391
153	346.662	1219.19	2208.54	290.61 
154	346.662	1215.33	2028.67	284.961
155	346.662	1208.31	2175.77	283.479
156	346.662	1203.84	2136.99	290.211
157	346.662	1196.26	2164.8 	291.399
158	346.662	1191.94	2164.8 	278.285
159	346.662	1187.55	1967.38	276.035
160	346.662	1184.36	2058.06	280.252
161	346.662	1181.08	2000.35	276.478
162	346.662	1178.38	2000.35	262.287
163	346.662	1173.49	2237.58	268.363
164	346.662	1168.81	2262.71	264.441
165	346.662	1163.7 	1924.08	257.612
166	346.662	1159.42	2003.51	256.15 
167	346.662	1156.48	2094.12	248.093
168	346.662	1152.5 	1935.43	251.243
169	346.662	1149.87	1943.84	245.065
170	346.662	1145.83	1959.79	248.308
171	346.662	1142.42	2021.06	252.127
172	346.662	1139   	1994.12	242.666
173	346.662	1136.38	1881.66	240.074
174	346.662	1131.79	1981.37	247.808
175	346.662	1127.89	2167.17	243.982
176	346.662	1125.61	1875.3 	236.327
177	346.662	1122.91	2018.95	242.873
178	346.662	1118.77	2016.27	234.813
179	346.662	1115.2 	1826.81	228.573
180	279.037	1112.61	1790.14	228.465
181	279.037	1109.21	1768.37	224.479
182	279.037	1104.55	1887.77	226.597
183	279.037	1102.19	1733.78	218.302
184	279.037	1101.08	1738.27	226.848
185	279.037	1098.73	1853.47	232.187
186	279.037	1095.47	1773.5 	218.329
187	279.037	1091   	1840.89	210.328
188	279.037	1087   	1727.34	214.844
189	279.037	1084.66	1709.72	211.704
190	279.037	1080.68	1725.63	217.304
191	279.037	1078.21	1680.49	216.465
192	279.037	1075.3 	1633.82	215.707
193	235.018	1072.8 	1686.85	215.604
194	235.018	1069.48	1691.91	219.537
195	235.018	1067.77	1642.08	213.522
196	235.018	1064.91	1637.88	206.1  
197	235.018	1061.35	1664.29	201.025
198	235.018	1059.76	1686.95	207.543
199	235.018	1057.14	1688.86	203.461
Result of algorithm run: SUCCESS, 0, 0, 235.018025, 0
