gen	min   	avg    	max    	std    
0  	1736.5	13575.7	33470.9	6346.44
1  	1736.5	13403.3	32730.6	6302.29
2  	1736.5	13266.8	31424.3	6228.03
3  	1736.5	13133.8	32002  	6461.26
4  	1736.5	12918.4	32760.1	6259.07
5  	1736.5	12757.7	32804.1	6481.88
6  	1344.5	12592.5	34226.5	6431.9 
7  	1344.5	12447.7	34603.4	6196.43
8  	1344.5	12247.5	31789.5	6288.13
9  	1344.5	12047.6	31566.2	6270.67
10 	1344.5	11795.4	31682.2	6362.81
11 	1322.53	11571.1	30943.8	6154.23
12 	1322.53	11440  	30716.6	6064.4 
13 	1322.53	11273.4	30549  	6016.53
14 	1322.53	11077  	29824.9	5941.34
15 	1322.53	10874.7	29894  	5826.5 
16 	1082.99	10661.4	29706.3	5734.37
17 	1082.99	10499  	28880.7	5730.35
18 	1082.99	10351.9	28891.8	5720.93
19 	1082.99	10179  	27769.8	5737.99
20 	931.027	10049.6	26930.6	5767.66
21 	931.027	9907.2 	26507.6	5602.22
22 	931.027	9788.77	26684.5	5506.01
23 	931.027	9662.8 	29192.6	5493.95
24 	931.027	9523.31	25591.1	5296.13
25 	931.027	9438.39	25904.1	5203.43
26 	931.027	9320.45	28209.6	5220.76
27 	865.418	9214.79	26447.5	5142.06
28 	865.418	9092.49	27981.1	5409.65
29 	865.418	8945.21	27997.6	5377.19
30 	865.418	8857.55	26879  	5282.78
31 	865.418	8740.81	26142.7	5196.71
32 	865.418	8627.95	26912.7	5152.89
33 	792.909	8442.58	30872  	4955.65
34 	792.909	8308.5 	26036.1	4923.99
35 	792.909	8185.06	27301.1	4932.13
36 	792.909	8088.27	25731.1	4850.08
37 	792.909	7919.1 	23378.8	4800.98
38 	792.909	7798.72	24172.8	4868.63
39 	792.909	7668.61	23658.9	4847.23
40 	792.909	7536.07	21908.1	4686.7 
41 	792.909	7420.96	24836.7	4653.15
42 	792.909	7317.96	22965.8	4672.83
43 	792.909	7216.08	25687.7	4523.18
44 	792.909	7101.72	22233.8	4339.65
45 	792.909	6921.2 	26899.3	4303.74
46 	779.483	6793.96	22896.3	4120.47
47 	779.483	6710.08	19888.3	4150.13
48 	779.483	6625.7 	21643.1	4069.73
49 	779.483	6520.24	21455.6	3966.78
50 	779.483	6434.51	19660.7	4125.57
51 	779.483	6328.72	19708.4	4025.11
52 	779.483	6237.07	21810.7	4112.5 
53 	779.483	6156.75	19567.6	4060.6 
54 	779.483	6051.14	18435  	3860.64
55 	779.483	5958.76	17624.2	3846.24
56 	779.483	5890.7 	16687.9	3687.69
57 	779.483	5771.31	19598.3	3689.17
58 	779.483	5660.87	17289.5	3618.88
59 	779.483	5584.58	20097.2	3650.99
60 	723.984	5463.68	17945.9	3637.19
61 	723.984	5355.63	17798  	3636.48
62 	723.984	5268.93	19298.2	3589.17
63 	723.984	5192.06	16848.8	3488.96
64 	694.239	5115.19	16794.3	3392.65
65 	600.409	5063.78	17144.2	3380.16
66 	600.409	4978   	18620.8	3420.31
67 	573.946	4875.6 	17628  	3348.5 
68 	573.946	4748.03	16593.3	3258.68
69 	573.946	4698.2 	16551.1	3287.96
70 	573.946	4603.61	18914.3	3341.47
71 	573.946	4537.15	17810.4	3126.68
72 	573.946	4475.3 	16797.4	2981.79
73 	573.946	4374.09	15602  	2949.89
74 	573.946	4315.42	15602  	2907.95
75 	573.946	4222.8 	15602  	2901.22
76 	560.604	4161.78	15627.8	2901.49
77 	547.647	4066.52	16472.5	2733.93
78 	547.647	4004.36	15582.9	2690.61
79 	547.647	3955.29	12849.1	2577.22
80 	547.647	3914.78	13297.8	2677.13
81 	547.647	3871.18	13209.6	2584.58
82 	532.156	3807.07	15026  	2585.74
83 	532.156	3768.64	12914.2	2501.62
84 	532.156	3710.19	14508.4	2530.77
85 	532.156	3635.63	12584.6	2450.25
86 	532.156	3587.83	12916.5	2470.05
87 	532.156	3543.92	12586.3	2431.68
88 	459.227	3490.06	12963.2	2443.61
89 	459.227	3426.04	14045.8	2503.07
90 	459.227	3367.49	13153.4	2439.6 
91 	440.162	3310.87	12256.1	2306.65
92 	440.162	3247.75	12411.6	2248.43
93 	440.162	3214.57	11203.9	2162.91
94 	440.162	3170.93	10926.7	2178.17
95 	440.162	3130.25	9928.8 	2110.82
96 	440.162	3086.71	13221.6	2112.8 
97 	440.162	3054.89	10599  	2103.02
98 	440.162	3019.71	13165.1	2187.52
99 	440.162	2979.2 	13341.9	2178.65
100	440.162	2936.15	11925.3	2117.65
101	440.162	2895.39	13724.9	2226.38
102	440.162	2848.47	12021.8	2113.16
103	440.162	2790.35	11813.2	2075.78
104	440.162	2718.81	11577.4	1992.94
105	440.162	2657.04	11474.9	1888.6 
106	440.162	2621.23	9838.23	1847.88
107	400.764	2579.99	9073.33	1753.05
108	400.764	2549.15	10401.2	1768.22
109	400.764	2504.05	9825.47	1768.94
110	400.764	2476.69	9543.81	1698.8 
111	400.764	2451.27	9153.56	1647.39
112	400.764	2415.74	8711.01	1594.48
113	400.764	2389.25	10147.1	1567.48
114	400.764	2351.07	9113.29	1618.84
115	400.764	2321.1 	9214.91	1608.61
116	400.764	2288.75	9124.91	1551.45
117	400.764	2253.48	8350.16	1494.01
118	400.764	2222.87	8534.55	1502.41
119	400.764	2195.7 	8618.14	1432.91
120	400.764	2173.76	8618.14	1430.46
121	400.764	2129.42	8462.57	1360.02
122	400.764	2104.12	8255.69	1353.16
123	400.764	2076.26	7482.02	1356.64
124	400.764	2050.3 	7395.86	1334.09
125	400.764	2019   	7127.51	1285.29
126	400.764	1985.26	7414.31	1237.05
127	400.764	1965.21	6614.81	1222.64
128	400.764	1947.52	6404.74	1208.03
129	400.764	1926.25	6498   	1218.31
130	400.764	1909.35	6297.68	1200.75
131	400.764	1878.8 	8091   	1211.83
132	400.764	1851.01	7337.45	1158.33
133	400.764	1825.06	7357.71	1130.78
134	400.764	1805.12	6603.13	1088.2 
135	400.764	1782.84	7082.51	1090.9 
136	400.764	1763.4 	5989.1 	1015.13
137	385.935	1742.09	5977.47	1016.16
138	385.935	1717.21	5726.07	1023.73
139	381.837	1695.77	5614.69	1007.1 
140	381.837	1678.46	5539.57	982.295
141	381.837	1666.06	5489.16	940.606
142	381.837	1648.74	5114.47	935.4  
143	381.837	1627.34	5882.54	909.361
144	381.837	1611.14	5400.03	906.264
145	381.837	1590.26	5385.48	879.158
146	381.837	1573.71	5387.18	890.519
147	381.837	1559.32	5802.13	889.75 
148	375.281	1540.96	5661.93	871.958
149	375.281	1522.95	5449.55	855.467
150	375.281	1507.78	5075.16	846.105
151	375.281	1487.51	4878.55	828.884
152	375.281	1466.02	4826.35	825.463
153	375.281	1444.85	5183.88	817.802
154	375.281	1428.22	4685.84	775.987
155	375.281	1414.18	4505.14	750.613
156	375.281	1398.13	4360.67	727.235
157	339.11 	1387.35	4276.51	694.969
158	339.11 	1374.45	4459.07	724.967
159	339.11 	1360.31	4496.29	707.324
160	339.11 	1349.5 	4394.64	692.311
161	339.11 	1338.8 	4343.43	677.013
162	339.11 	1327.22	4674.36	680.682
163	339.11 	1317.25	4343.89	663.092
164	339.11 	1307.57	3889.36	668.357
165	339.11 	1294.36	4675.9 	674.724
166	339.11 	1279.06	4578.4 	638.215
167	339.11 	1268.99	3721.54	614.187
168	332.962	1257.92	4352.23	631.769
169	332.962	1248.82	4147.53	623.823
170	332.962	1237.84	4058.41	601.843
171	332.962	1224.58	4332.01	581.894
172	332.962	1215.32	3796.57	568.792
173	332.962	1207.95	3603.97	530.012
174	332.962	1197.62	3547.69	521.438
175	332.962	1180.22	3504.81	504.612
176	332.962	1171.62	3266.39	499.643
177	332.962	1161.85	3521.68	497.387
178	332.962	1151.78	3150.04	471.175
179	332.962	1139.97	2976.71	467.175
180	332.962	1130.96	3230.24	467.648
181	332.962	1123.49	3162.15	447.664
182	301.987	1115.98	3174.89	438.18 
183	301.987	1106.01	3352.77	450.366
184	301.987	1090.96	3451.86	416.418
185	301.987	1083.54	3452.71	414.198
186	301.987	1074.17	3613.49	396.623
187	301.987	1064.59	3197.06	394.643
188	301.987	1054.56	2946.36	387.579
189	301.987	1047.12	2920.64	378.941
190	301.987	1039.5 	2743.94	368.509
191	301.987	1032.34	2735.35	346.696
192	301.987	1025.25	2622.5 	345.493
193	301.987	1016.15	2499.51	337.941
194	301.987	1008.4 	2307.86	321.763
195	301.987	1003.7 	2183.74	316.506
196	301.987	998.9  	2116.93	309.703
197	301.987	989.504	2630.54	311.286
198	301.987	982.659	2465   	309.106
199	301.987	976.144	2153.33	296.833
Result of algorithm run: SUCCESS, 0, 0, 301.986845, 0
