gen	min    	avg    	max    	std    
0  	1818.46	13682.1	33928.6	6478.88
1  	1818.46	13537.5	32990.1	6511.34
2  	1790.83	13275.8	31852.5	6165.78
3  	1790.83	13104.5	31642.7	6281.52
4  	1790.83	12918.4	30744.2	6363.77
5  	1445.08	12640.9	31952.8	6181.2 
6  	1445.08	12474.7	32644.9	5977.2 
7  	1432.54	12303  	30757.4	5860.77
8  	1432.54	12120.8	31566  	6031.68
9  	1432.54	11986.9	29211.3	6016.68
10 	1432.54	11841  	31556.1	5833.32
11 	1432.54	11669  	28297.7	5877.01
12 	1432.54	11484.9	31756  	5866.19
13 	1432.54	11309.5	29514.9	6060.74
14 	1219.35	11116  	29172.5	5836.33
15 	1219.35	10970.2	29303.8	5918.94
16 	1215.38	10771.9	31686  	5692.17
17 	1215.38	10594.1	30001.3	5601.17
18 	1215.38	10450.9	29767  	5588.17
19 	1140.86	10335.2	30639.2	5504.92
20 	1140.86	10169  	28791.1	5501.75
21 	1140.86	10035.6	29244.6	5359.31
22 	1140.86	9872.21	25838.5	5331.59
23 	1140.86	9710.32	27890  	5388.4 
24 	1090.01	9540.09	27890  	5282.15
25 	1090.01	9422.27	26434.3	5125.21
26 	1090.01	9257.45	26784  	5299.59
27 	990.832	9154.25	24615.1	5286.6 
28 	990.832	9026.55	25646.3	5127.54
29 	931.287	8926.02	25048.9	5340.71
30 	931.287	8803.75	24510.3	5211.76
31 	931.287	8594.49	23054.3	5057.66
32 	791.055	8474.77	23603.8	4884.05
33 	791.055	8319.94	23960.9	4714.02
34 	791.055	8160.44	26929.9	4637.29
35 	791.055	8064.38	24552.6	4554.16
36 	791.055	7967.04	23777.7	4612.37
37 	791.055	7849.97	23777.7	4472.72
38 	791.055	7766.89	23650.8	4498.29
39 	791.055	7622.56	20604.5	4367.8 
40 	791.055	7510.81	20498.1	4364.2 
41 	791.055	7386.25	21809.6	4394.48
42 	791.055	7245.44	20179.7	4322.74
43 	791.055	7121.88	20524.4	4341.58
44 	791.055	7020.38	22072  	4397.48
45 	791.055	6920.79	22775.2	4346.19
46 	791.055	6815.94	21076.2	4339.39
47 	707.809	6691.97	23050.6	4381.47
48 	645.118	6597.57	21450.1	4368.01
49 	645.118	6494.35	20001.8	4283.05
50 	645.118	6378.52	18651.3	4236.21
51 	637.489	6285.16	20751.2	4210.57
52 	637.489	6179.69	21559.3	4146.3 
53 	637.489	6085.45	21699.8	4206.94
54 	637.489	5976.22	21292.5	4007.46
55 	637.489	5914.61	20648.5	3982.3 
56 	637.489	5852.66	20648.5	3927.77
57 	637.489	5746.03	19705.4	3655.55
58 	637.489	5669.44	18099.5	3751.09
59 	637.489	5602.83	17812  	3730.18
60 	637.489	5533.01	17385.3	3723.45
61 	637.489	5446.36	17259.7	3710.84
62 	637.489	5376.91	17425.3	3663.51
63 	637.489	5299.2 	17369.2	3565.26
64 	637.489	5210.35	17036.5	3480.67
65 	637.489	5133.58	16424.1	3496.98
66 	637.489	5070.23	18612.9	3571.51
67 	637.489	4960.25	16921.7	3528.1 
68 	637.489	4893.09	19537.3	3522.81
69 	637.489	4786.41	19603.2	3545.24
70 	553.202	4721.65	18415  	3334.25
71 	553.202	4664   	20274.5	3408.65
72 	553.202	4569.18	19729.6	3291.75
73 	517.735	4466.09	18851.1	3156.68
74 	505.503	4397.64	18850.2	3152.75
75 	505.503	4329.64	16489.2	3000.91
76 	505.503	4268.83	15517.1	2980.8 
77 	505.503	4191.56	18238.3	3063.85
78 	504.666	4131.54	14910.4	2949.19
79 	504.666	4062.5 	14862.2	2843.29
80 	504.666	3999.39	15529.1	2737.76
81 	504.666	3913.69	12614.8	2709.94
82 	504.666	3838.86	12194.5	2652.74
83 	504.666	3770.1 	13530.9	2582.65
84 	504.666	3726.18	12722.8	2508.62
85 	504.666	3678.07	12819.8	2570.28
86 	504.666	3626.48	14938.8	2569.61
87 	504.666	3563.5 	14577.2	2446.05
88 	504.666	3491.01	13564.5	2392.65
89 	504.666	3433.49	12216.5	2326.84
90 	504.666	3374.78	12422.1	2381.5 
91 	449.378	3322.73	11367.2	2320.42
92 	449.378	3281.28	14200.3	2341.1 
93 	449.378	3217.07	13045.7	2265.27
94 	449.378	3168.14	12856.9	2228.93
95 	449.378	3108.57	11849.6	2181.07
96 	449.378	3054.99	13685.4	2203.49
97 	418.287	3017.32	11534.2	2183.83
98 	418.287	2976.09	11450.5	2113.79
99 	418.287	2940.95	11408.1	2082.64
100	418.287	2899.5 	11751.9	2061.12
101	418.287	2858.78	12018.9	2058.56
102	418.287	2811.09	10315.4	1997.91
103	418.287	2765.23	10314  	1893.77
104	418.287	2697.81	9401.33	1818.59
105	418.287	2663.15	10090.1	1790.2 
106	418.287	2615.88	10785.3	1822.11
107	418.287	2593.5 	8700.33	1751.13
108	418.287	2556.81	9801.05	1753.32
109	418.287	2527.33	10148.6	1777.59
110	418.287	2494.69	9067.12	1774.12
111	418.287	2467.07	7953.3 	1662.98
112	418.287	2440.39	7979.69	1660.69
113	418.287	2414.26	9118.18	1651.4 
114	418.287	2358.4 	10188.6	1641.43
115	418.287	2319.32	9385.27	1597.97
116	418.287	2293.31	9030.63	1586.12
117	418.287	2254.28	9052.7 	1555.35
118	413.42 	2221   	8096.66	1504.23
119	398.503	2196.49	7713.09	1474.67
120	398.503	2167.18	7713.09	1468.53
121	398.503	2126.13	8361.89	1425.05
122	398.503	2097.21	8156.99	1348.17
123	398.503	2068.49	7053.25	1341.07
124	398.503	2037.21	7060.93	1337.96
125	382.462	2012.27	7176.6 	1339.55
126	382.462	1979.85	7170.6 	1309.04
127	380.951	1957.95	8174.56	1271.26
128	343.575	1927.36	6701.6 	1203.84
129	343.575	1895.36	6110.23	1138.77
130	321.665	1869   	6438.66	1140.63
131	321.665	1844.89	7452.87	1119.77
132	321.665	1827.98	6606.19	1089.52
133	321.665	1793.75	7385.23	1132.68
134	321.665	1777.77	7112.35	1122.9 
135	321.665	1762.67	5916.26	1073.83
136	321.665	1743.99	6557.15	1076.39
137	321.665	1723.67	5826.6 	1070.64
138	321.665	1701.76	6406.7 	1036.8 
139	321.665	1682.68	6332.78	1030.44
140	321.665	1664.61	6324.49	1019.18
141	321.665	1648.34	6751.74	1006.09
142	321.665	1628.96	5792.92	989.094
143	321.665	1613.99	5763.06	943.589
144	321.665	1602.87	5223.72	897.641
145	321.665	1590.12	5223.72	881.611
146	321.665	1575.39	5065.04	861.313
147	321.665	1559.01	4911.66	859.579
148	321.665	1539.96	4950.66	851.416
149	321.665	1522.28	4939.27	832.012
150	321.665	1509.07	4869.86	833.948
151	321.665	1491.16	4865.38	800.57 
152	310.678	1470.99	4615.7 	783.701
153	310.678	1447.76	4761.99	755.795
154	310.678	1431   	4864.99	755.266
155	310.678	1413.71	4471.92	736.813
156	310.678	1391.75	5074.11	707.551
157	310.678	1373.19	4361.58	669.233
158	310.678	1360.77	4273.99	667.224
159	310.678	1347.08	3952.68	683.426
160	266.424	1332.45	3919.45	652.445
161	266.424	1317.37	3904.94	643.329
162	266.424	1307.83	3929.41	642.454
163	266.424	1299.23	4006.74	612.174
164	266.424	1292.34	3763.45	588.028
165	260.821	1275.83	4423.79	601.293
166	259.109	1266.94	3516.77	563.798
167	259.109	1255.3 	4411.79	573.146
168	259.109	1243.48	3567.49	557.547
169	258.617	1225.49	3437.4 	535.557
170	258.617	1216.93	3364.97	520.016
171	243.359	1203.14	3491.07	525.755
172	243.359	1191.47	3388.83	515.27 
173	243.359	1184.49	3268.2 	504.532
174	243.359	1173.49	3240.81	506.333
175	243.359	1163.91	3202.16	497.241
176	243.359	1154.85	3120.04	489.999
177	243.359	1140.87	3099.17	465.321
178	243.359	1130.07	3175.95	461.942
179	243.359	1123   	3041.19	447.471
180	243.359	1115.16	3045.03	445.018
181	243.359	1105.73	2940.41	433.864
182	243.359	1100.13	2795.09	427.307
183	243.359	1093.26	3115.71	432.719
184	243.359	1084.23	2904.04	429.063
185	243.359	1074.54	2741.15	393.469
186	243.359	1066.87	2755.2 	400.971
187	243.359	1058.63	2807.8 	404.365
188	243.359	1051.46	3012.57	394.245
189	243.359	1040.41	2788.14	379.963
190	232.36 	1032.41	2835.53	365.173
191	232.36 	1025.88	2633.1 	356.889
192	232.36 	1019.2 	2533.18	356.381
193	232.36 	1014.12	2572.21	347.53 
194	232.36 	1006.89	2354.78	334.589
195	232.36 	999.6  	2563.91	344.221
196	232.36 	993.25 	2498.1 	318.237
197	232.36 	987.997	2471.83	311.331
198	232.36 	980.399	2203.99	304.941
199	232.36 	972.072	2355.93	310.938
Result of algorithm run: SUCCESS, 0, 0, 232.359791, 0
