gen	min    	avg    	max  	std    
0  	1821.35	13635.8	37739	6653.52
1  	1588.39	13432.7	35732.8	6519.67
2  	1522.47	13235.6	37575.1	6232.91
3  	1522.47	13088.5	33980.3	6173.87
4  	1522.47	12898.3	33980.3	6103.34
5  	1522.47	12720.2	30308.2	6075.73
6  	1522.47	12513.1	34802.9	6415.51
7  	1315.05	12336.4	34875.2	6414.61
8  	990.177	12105.3	33077.2	6526.37
9  	990.177	11958.4	33536.7	6386.87
10 	990.177	11738.2	32806.2	6229.17
11 	990.177	11585.4	32421.7	5962.16
12 	990.177	11434.9	29973  	5965.55
13 	990.177	11256.3	30484.3	5968.19
14 	932.756	11128.4	30734.2	6239.07
15 	932.756	10997.9	34577.9	6038.06
16 	932.756	10754.2	33786  	6100.49
17 	932.756	10592.2	30252.5	5883.99
18 	932.756	10457.5	29141.9	5814.11
19 	932.756	10314.9	28502.5	5553.62
20 	932.756	10177.9	27083.9	5520.38
21 	932.756	10011  	28326.7	5408.32
22 	932.756	9902.83	30215  	5581.07
23 	932.756	9691.9 	26701.3	5563.44
24 	932.756	9569.39	28868.8	5517.77
25 	932.756	9402.86	28868.8	5422.59
26 	932.756	9230.54	28868.8	5214.5 
27 	932.756	9086.84	28248.2	5101.5 
28 	932.756	8982.86	28136.4	5100.5 
29 	932.756	8879.87	25803.9	5141.87
30 	932.756	8732.51	26813  	5200.55
31 	932.756	8572.69	27674.3	5188.03
32 	932.756	8438.05	26467.7	5187.23
33 	932.756	8353.81	25420.3	5124.38
34 	932.756	8246.83	25373.1	4946.48
35 	865.545	8141.79	25093.9	4929.39
36 	865.545	8033.81	23743.4	4758.68
37 	865.545	7886.56	23409.4	4604.58
38 	865.545	7777.2 	23691.9	4499.69
39 	865.545	7697.26	23038  	4652.42
40 	865.545	7556.85	25100.5	4668.37
41 	865.545	7434.57	27550.5	4471.94
42 	865.545	7352.74	20973  	4465.94
43 	865.545	7276.42	21832.4	4641.23
44 	865.545	7163.67	24350  	4654.94
45 	806.778	7064.37	24779.8	4585.13
46 	770.669	6961.74	23901  	4481.46
47 	770.669	6837.47	21530  	4425.2 
48 	770.669	6701.77	21729.4	4382.7 
49 	770.669	6635.08	20786.3	4246.71
50 	770.669	6485.64	22559.1	4288.87
51 	770.669	6410.79	22515.4	4183.7 
52 	770.669	6349.68	22126.6	4272.66
53 	770.669	6228.4 	21001.1	4040.86
54 	770.669	6125.34	22784.6	4077.91
55 	770.669	6020.03	22994.6	4033.54
56 	770.669	5937.29	19627.2	3903.62
57 	770.669	5881.79	19527.3	3772.83
58 	770.669	5803.81	19142.1	3830.61
59 	697.799	5704.94	18380.3	3811.37
60 	697.799	5589.1 	18365.4	3761.54
61 	697.799	5521.35	17683  	3625.43
62 	697.799	5423.48	17269.5	3674.58
63 	697.799	5336.51	20273  	3767.06
64 	697.799	5240.42	17870.2	3702.29
65 	697.799	5173.97	17158.8	3561.53
66 	611.524	5116.06	16998.3	3575.32
67 	594.964	5035.85	17663.1	3570.3 
68 	594.964	4983.81	17156.7	3453.67
69 	594.964	4933.44	17810.5	3524.25
70 	594.964	4828.44	17907.5	3459.71
71 	594.964	4753.02	18192.4	3386.42
72 	594.964	4678.94	19525.6	3292.27
73 	594.964	4611.22	17997.9	3303.98
74 	594.964	4542.91	16591.6	3247.8 
75 	594.964	4471.41	16151.1	3163.83
76 	594.964	4416.89	18186.6	3128.68
77 	594.964	4337.76	17821.1	3121.78
78 	594.964	4268.25	15874.6	3071.9 
79 	544.747	4200.89	15740.8	3018.72
80 	544.747	4146.11	14903.1	2993.47
81 	544.747	4091.09	14126  	2918.98
82 	544.747	4034.69	14105.3	2846.13
83 	544.747	3951.3 	13444  	2801.54
84 	537.484	3904.72	13824.6	2762.77
85 	537.484	3857.44	15059.6	2741.09
86 	537.484	3810.39	14035.8	2629.37
87 	537.484	3741.16	12783.3	2519.25
88 	537.484	3681.41	13055.6	2523.49
89 	461.697	3636.42	12528.7	2478.3 
90 	461.697	3570.38	13598.6	2568.11
91 	461.697	3498.87	13598.6	2490.73
92 	461.697	3458.58	11655.6	2449.3 
93 	461.697	3411.46	11423.5	2381.46
94 	461.697	3364.55	11665.5	2324.22
95 	461.697	3333.67	12144.2	2404.6 
96 	461.697	3260.48	12440.5	2424.61
97 	461.697	3203.73	12085.5	2333.26
98 	461.697	3156.16	12233.3	2262.03
99 	461.697	3113.84	12350.3	2232.37
100	461.697	3072.03	12350.3	2171.13
101	461.697	3026.13	12250.6	2151.6 
102	461.697	2972.67	11716.5	2120.73
103	461.697	2935.66	13332.7	2135.75
104	461.697	2885.99	11688.7	1996.65
105	426.568	2838.46	10805.4	1951.39
106	426.568	2784.33	10205.4	1936.84
107	426.568	2759.21	11080.9	1911.01
108	401.513	2726.29	10374.7	1920.54
109	401.513	2689.82	10595.9	1938.78
110	401.513	2654.9 	9027.82	1834.78
111	401.513	2622.81	10468.4	1827.2 
112	401.513	2581.7 	11205.2	1826.86
113	401.513	2557.98	8984.12	1797.49
114	401.513	2515.3 	9716.07	1765.94
115	387.944	2478.18	10285.1	1774.7 
116	387.944	2450.73	10060.3	1696.04
117	350.605	2415.94	9553.32	1701.31
118	350.605	2390.07	9209.19	1651.07
119	317.518	2367.17	9678.51	1643.48
120	317.518	2339.22	9255.19	1632.15
121	296.511	2308.54	9407.84	1582   
122	296.511	2278.55	9492.71	1536.94
123	296.511	2250.56	8855.24	1463.39
124	296.511	2233.48	7424   	1430.95
125	296.511	2213.02	7519.85	1471.53
126	296.511	2165.17	8315.38	1434.28
127	296.511	2139.3 	7563.81	1413.49
128	296.511	2110.64	7373.97	1358.51
129	296.511	2083.85	7992.75	1372.13
130	285.992	2055.85	7823.17	1331.88
131	285.992	2023.92	7543.17	1355.44
132	285.992	2002.88	7983.06	1334.63
133	285.992	1959.14	6654.27	1281.03
134	280.391	1935.61	7364.06	1251.86
135	280.391	1905.59	7279.33	1225.22
136	280.391	1885.03	6246.23	1203.33
137	280.391	1866.43	5787.73	1191.7 
138	280.391	1838.33	5833.08	1143.51
139	280.391	1818.63	6154.05	1126.05
140	280.391	1803.93	6176.52	1088.48
141	280.391	1782.3 	6065.27	1064.21
142	280.391	1752.98	6693.28	1067.81
143	280.391	1730.04	5958   	1057.53
144	280.391	1704.44	5886.12	1054.75
145	280.391	1687.29	6092.02	1048   
146	280.391	1664.04	6352.51	1028.72
147	280.391	1641.97	6007.55	993.968
148	280.391	1626.7 	5687.07	965.589
149	280.391	1611.98	5562.03	953.114
150	280.391	1597.93	5550.94	949.245
151	280.391	1579.34	6199.36	969.337
152	280.391	1556.56	5559.07	925.871
153	280.391	1537.71	5628.23	898.956
154	280.391	1520.08	5128.82	858.654
155	280.391	1499.31	4869.83	846.269
156	280.391	1475.11	4869.83	830.887
157	280.391	1454.08	4990.57	814.718
158	280.391	1436.21	4972.33	805.269
159	280.391	1419.89	4832.58	759.753
160	280.391	1403.2 	4543.18	735.094
161	280.391	1391.71	4543.18	749.935
162	280.391	1377.29	4875.37	751.077
163	280.391	1362.77	5001.87	729.042
164	280.391	1346.43	4538.76	705.779
165	280.391	1330.9 	4652.29	689.167
166	280.391	1318.21	5563.32	689.578
167	280.391	1306.46	5487.03	689.845
168	280.391	1289.1 	4909.22	649.838
169	280.391	1271.1 	4889.85	627.297
170	280.391	1255.52	4889.85	609.823
171	277.663	1245.15	4188.22	588.439
172	266.959	1219.4 	3683.38	564.432
173	266.959	1201.72	3539.35	534.658
174	266.959	1194.26	3647.87	516.746
175	266.959	1174.87	3458.62	499.888
176	266.959	1162.95	3329.04	491.696
177	262.509	1151.92	3244.94	473.001
178	262.509	1139.78	3149.38	469.888
179	262.509	1131.27	3148.41	463.762
180	262.509	1123.1 	3298.01	444.042
181	262.509	1113.85	3018.59	439.837
182	262.509	1104.27	3356.29	446.507
183	262.509	1095.07	3067.31	417.817
184	262.509	1086.76	2925.81	429.865
185	262.509	1079.21	2910.2 	409.678
186	262.509	1070.14	2889.55	399.392
187	262.509	1062.83	2865.45	385.801
188	262.509	1056.94	2912.38	400.34 
189	262.509	1051.86	2558.33	381.092
190	262.509	1043.68	2547.91	380.222
191	262.509	1035.52	2411.92	365.581
192	262.509	1025.88	2583.68	356.733
193	262.509	1019.93	2411.92	343.254
194	262.509	1013.22	2391.39	343.119
195	262.509	1008.13	2381.96	330.833
196	262.509	1001.61	2484.49	340.761
197	262.509	996.359	2470.36	334.909
198	247.372	990.311	2389.68	326.816
199	247.372	983.345	2290.69	317.871
Result of algorithm run: SUCCESS, 0, 0, 247.372404, 0
