gen	min    	avg   	max    	std    
0  	529.621	783.42	1048.19	85.8925
1  	529.621	782.587	996.797	85.8991
2  	529.621	781.893	992.869	86.6568
3  	528.27 	780.888	997.562	84.6493
4  	528.27 	779.844	979.072	84.5731
5  	528.27 	778.44 	974.759	85.599 
6  	528.27 	776.99 	975.38 	84.7927
7  	528.27 	776.46 	996.038	84.4106
8  	528.27 	775.215	974.806	84.8425
9  	528.27 	774.453	961.664	80.3499
10 	528.27 	773.05 	956.255	81.1768
11 	510.7  	771.707	956.255	82.7871
12 	499.256	770.209	957.196	81.3312
13 	486.385	769.042	957.307	84.078 
14 	437.246	768.56 	967.874	85.6674
15 	437.246	767.93 	965.276	82.5475
16 	437.246	766.617	967.558	82.6829
17 	437.246	765.801	972.649	82.2656
18 	437.246	765.004	938.992	80.8275
19 	437.246	764.706	934.44 	81.6803
20 	437.246	764.592	966.807	79.3643
21 	437.246	763.644	939.847	77.5817
22 	437.246	762.991	950.711	78.0039
23 	437.246	762.19 	940.857	78.9124
24 	437.246	761.15 	958.325	76.4227
25 	437.246	760.303	967.035	78.5238
26 	429.07 	759.033	993.361	80.2104
27 	429.07 	757.786	951.184	80.0848
28 	429.07 	756.428	954.647	81.2535
29 	429.07 	755.131	962.953	79.9611
30 	429.07 	754.35 	954.134	78.1756
31 	429.07 	753.754	953.048	79.2414
32 	425.747	752.919	947.812	78.6825
33 	425.747	751.821	931.121	78.6949
34 	425.747	750.751	956.336	78.4608
35 	425.747	750.04 	930.43 	76.3707
36 	425.747	749.566	920.906	75.3658
37 	425.747	748.991	932.878	76.3647
38 	402.925	748.138	938.166	76.9094
39 	402.925	747.564	921.283	73.0293
40 	402.925	746.968	947.334	72.5516
41 	402.925	746.488	928.844	72.9355
42 	389.925	745.761	911.366	72.7891
43 	389.925	744.501	930.245	72.4581
44 	389.925	743.281	908.602	74.7324
45 	373.983	742.232	910.332	76.2804
46 	373.983	741.188	921.992	78.5757
47 	373.983	740.298	922.392	79.3861
48 	373.983	739.403	970.279	76.891 
49 	373.983	739.226	920.206	74.8051
50 	373.983	738.21 	898.545	72.9991
51 	373.983	737.311	919.283	74.6666
52 	373.983	736.343	905.642	72.9886
53 	373.983	735.391	906.136	73.6059
54 	373.983	734.718	901.983	72.9404
55 	373.983	733.66 	903.194	72.5912
56 	373.983	732.518	875.096	71.0597
57 	373.983	731.68 	907.666	70.8616
58 	373.983	730.996	901.448	71.6629
59 	373.983	729.654	906.656	72.1484
60 	373.983	728.783	901.149	73.3729
61 	373.983	727.656	887.785	71.6201
62 	373.983	727.004	897.5  	73.0563
63 	373.983	726.227	911.368	70.4104
64 	373.983	725.115	896.34 	69.8029
65 	373.983	724.756	884.733	68.6822
66 	373.983	724.617	890.989	70.1858
67 	373.983	723.906	899.458	69.201 
68 	373.983	723.056	894.245	68.426 
69 	373.983	722.44 	902.041	70.7011
70 	370.929	721.363	883.244	73.4344
71 	370.929	720.534	877.673	71.5082
72 	370.929	720.181	928.719	75.2758
73 	370.929	719.9  	919.507	72.9796
74 	370.929	718.895	919.823	71.5854
75 	370.929	718.698	887.078	68.546 
76 	370.929	718.02 	880.879	67.2463
77 	370.929	717.373	911.318	65.4173
78 	370.929	716.993	871.087	64.8959
79 	370.929	716.44 	869.663	66.1703
80 	370.929	715.77 	869.663	67.4499
81 	370.929	715.123	857.975	65.8602
82 	370.929	714.759	857.759	67.1357
83 	370.929	714.184	868.117	64.4781
84 	370.929	713.571	868.117	64.5682
85 	370.929	713.162	882.245	66.4571
86 	370.929	712.516	869.482	67.045 
87 	370.929	711.633	862.083	67.1145
88 	370.929	711.029	866.461	68.091 
89 	370.929	710.347	878.451	66.2271
90 	370.929	709.851	871.087	67.4276
91 	369.458	708.796	858.945	68.2688
92 	369.458	708.496	860.39 	65.4819
93 	369.458	708.048	876.4  	65.1708
94 	369.458	707.695	847.795	63.3019
95 	369.458	707.388	849.265	62.9993
96 	369.458	706.402	861.646	62.1967
97 	369.458	706.126	836.942	62.2462
98 	369.458	706.026	856.268	64.1327
99 	369.458	705.59 	862.478	61.8677
100	367.956	705.168	848.311	63.0651
101	367.956	705.009	836.001	62.0337
102	367.956	704.399	845.7  	61.0113
103	367.956	703.777	870.258	62.2262
104	367.956	703.259	848.066	61.1929
105	367.956	702.503	820.682	60.7112
106	367.956	701.82 	831.279	61.7574
107	367.956	701.014	842.166	61.2529
108	367.956	700.479	833.815	58.1034
109	367.956	700.066	832.458	59.0495
110	367.956	699.512	835.232	58.8399
111	367.956	698.995	847.074	59.5442
112	367.956	698.304	846.15 	60.5859
113	367.75 	697.817	846.15 	61.9621
114	367.75 	697.719	832.286	60.9717
115	367.75 	696.767	835.539	61.1649
116	367.75 	696.92 	819.332	61.9145
117	367.75 	696.188	824.733	59.5886
118	367.75 	695.576	822.441	59.2588
119	367.75 	695.179	807.392	59.1762
120	367.75 	694.862	807.091	58.6652
121	367.75 	694.47 	827.501	59.9366
122	367.75 	694.473	816.475	59.2699
123	367.75 	694.003	831.614	59.045 
124	367.75 	693.4  	828.858	59.9139
125	367.75 	693.226	815.755	59.1637
126	367.75 	692.729	825.628	57.6166
127	367.75 	692.222	823.57 	58.8248
128	367.75 	691.814	815.798	57.8864
129	367.75 	691.016	816.839	58.136 
130	367.75 	690.655	805.872	58.5649
131	367.75 	690.575	812.095	58.5772
132	367.75 	690.418	815.266	57.6801
133	367.75 	689.877	810.444	59.0537
134	367.75 	689.957	811.124	59.9113
135	367.75 	689.446	812.164	58.6052
136	367.75 	689.31 	822.058	60.2469
137	367.75 	689.061	809.975	58.6911
138	367.75 	688.897	816.263	58.6746
139	367.75 	688.61 	812.968	56.6554
140	367.75 	688.3  	809.204	55.1292
141	367.75 	687.858	812.408	55.4862
142	367.75 	687.302	804.52 	55.1563
143	366.327	686.984	804.297	55.0424
144	363.428	687.063	800.662	54.3366
145	363.428	686.669	816.999	55.2082
146	363.428	686.795	796.83 	54.1208
147	363.428	686.42 	811.311	54.9088
148	363.428	685.995	801.745	56.735 
149	363.428	685.892	796.127	56.6913
150	363.428	685.196	796.413	56.7998
151	363.428	685.068	797.125	56.1536
152	363.428	684.605	798.169	53.9852
153	363.428	684.282	802.591	55.2357
154	363.428	684.217	803.858	56.2795
155	363.428	684.246	815.655	56.4958
156	363.428	683.706	796.811	55.9668
157	363.428	683.128	804.787	55.0368
158	363.428	683.04 	813.618	55.5453
159	363.428	682.477	804.263	53.7012
160	363.428	682.506	799.276	54.1106
161	363.428	682.262	799.628	53.3747
162	363.428	682.028	794.726	53.7603
163	363.428	681.928	797.406	55.4287
164	363.428	681.873	800.37 	53.9725
165	363.428	681.737	799.447	53.4284
166	363.428	681.63 	797.574	53.176 
167	363.428	681.198	794.781	54.4388
168	363.428	681.132	793.136	52.6246
169	363.428	680.999	793.136	51.9284
170	363.428	681.008	806.275	51.625 
171	363.428	680.57 	797.817	52.3036
172	363.428	680.614	791.917	52.3618
173	363.428	680.628	797.183	53.7396
174	363.428	680.393	802.782	53.7961
175	363.428	680.396	786.909	54.2347
176	363.428	680.14 	782.13 	52.8988
177	363.428	679.977	784.57 	52.5704
178	363.428	679.572	794.132	53.657 
179	363.428	679.776	795.584	53.4919
180	363.428	679.145	773.203	51.2095
181	363.428	678.905	776.5  	52.4114
182	363.428	678.459	779.858	52.2313
183	363.428	678.255	772.749	52.0537
184	363.428	678.257	773.896	52.6083
185	363.428	678.663	770.561	52.6565
186	363.428	678.287	779.405	52.8118
187	363.428	678.169	778.053	53.8693
188	363.428	678.272	772.057	52.0224
189	363.428	678.332	786.411	52.8526
190	363.428	677.986	807.749	52.8   
191	363.428	677.461	787.246	52.0922
192	363.428	677.532	778.904	50.2701
193	363.428	677.357	778.904	50.3216
194	363.428	676.882	788.164	51.7986
195	359.703	677.033	782.346	52.5491
196	359.703	676.876	781.417	52.9404
197	359.703	676.669	781.185	53.5165
198	359.703	676.746	788.186	51.6851
199	359.703	676.241	801.149	52.175 
Result of algorithm run: SUCCESS, 0, 0, 359.702941, 0
