gen	min   	avg        	max        	std   
0  	564541	2.21333e+06	4.41987e+06	601025
1  	564541	2.19715e+06	4.07444e+06	595569
2  	564541	2.18251e+06	3.58407e+06	575697
3  	564541	2.17317e+06	3.9875e+06 	587973
4  	564541	2.17728e+06	4.25029e+06	575094
5  	564541	2.15519e+06	4.07667e+06	561493
6  	564541	2.13499e+06	4.02462e+06	565059
7  	564541	2.13361e+06	3.91258e+06	575972
8  	564541	2.11187e+06	3.80748e+06	553930
9  	564541	2.09226e+06	3.67114e+06	560748
10 	564541	2.05648e+06	3.67114e+06	568442
11 	564541	2.04387e+06	4.2613e+06 	566129
12 	564541	2.03383e+06	3.6299e+06 	547143
13 	564541	2.01939e+06	3.53478e+06	529209
14 	564541	2.00777e+06	3.80552e+06	515827
15 	527513	1.9916e+06 	3.33672e+06	533265
16 	527513	1.99016e+06	3.25944e+06	531266
17 	527513	1.97567e+06	3.43414e+06	539123
18 	478220	1.96849e+06	3.44422e+06	535268
19 	417344	1.95639e+06	3.59005e+06	532249
20 	417344	1.93357e+06	3.5605e+06 	507275
21 	417344	1.9181e+06 	3.42723e+06	484513
22 	417344	1.90475e+06	3.38016e+06	509561
23 	417344	1.88635e+06	3.31455e+06	490731
24 	417344	1.88086e+06	3.60236e+06	504506
25 	417344	1.86451e+06	3.32353e+06	495998
26 	417344	1.84286e+06	3.16794e+06	498654
27 	417344	1.84152e+06	3.24574e+06	502418
28 	417344	1.822e+06  	3.063e+06  	482758
29 	417344	1.81247e+06	3.29294e+06	491685
30 	417344	1.79975e+06	3.32956e+06	476793
31 	417344	1.79642e+06	3.23282e+06	470303
32 	417344	1.77432e+06	3.17743e+06	478713
33 	351434	1.76749e+06	3.12968e+06	482439
34 	351434	1.75702e+06	3.12968e+06	478822
35 	348003	1.74804e+06	3.31831e+06	472367
36 	332494	1.74435e+06	3.68067e+06	493422
37 	332494	1.72896e+06	3.43317e+06	477536
38 	326997	1.71834e+06	3.08177e+06	471642
39 	326997	1.69994e+06	3.22102e+06	472460
40 	326997	1.68022e+06	3.08093e+06	477215
41 	326997	1.67557e+06	3.05324e+06	477320
42 	326997	1.66406e+06	3.04779e+06	465780
43 	321750	1.65524e+06	2.99865e+06	463718
44 	321750	1.64233e+06	3.17963e+06	460398
45 	321717	1.62637e+06	2.83797e+06	445075
46 	321717	1.623e+06  	2.8867e+06 	453625
47 	321717	1.61877e+06	2.99086e+06	472584
48 	321717	1.59877e+06	3.31242e+06	467350
49 	321717	1.58678e+06	3.01303e+06	453839
50 	321717	1.57176e+06	3.01233e+06	445493
51 	321717	1.57747e+06	2.95574e+06	452234
52 	310453	1.57648e+06	2.81283e+06	447577
53 	310453	1.56936e+06	2.86714e+06	442069
54 	310453	1.55502e+06	2.87154e+06	445130
55 	310453	1.55178e+06	2.87777e+06	428763
56 	310453	1.53914e+06	2.79554e+06	429992
57 	310453	1.52505e+06	2.83159e+06	420990
58 	310453	1.51105e+06	2.86443e+06	429244
59 	310453	1.50062e+06	2.86692e+06	401811
60 	310453	1.49187e+06	2.59983e+06	405435
61 	310453	1.48917e+06	2.64282e+06	419086
62 	310453	1.47461e+06	2.6719e+06 	409398
63 	310453	1.47414e+06	2.70449e+06	414736
64 	310453	1.46944e+06	2.6412e+06 	405102
65 	221643	1.45858e+06	2.81811e+06	403049
66 	221643	1.44294e+06	2.9649e+06 	411497
67 	221643	1.43555e+06	2.80694e+06	398260
68 	197347	1.42828e+06	2.85435e+06	401343
69 	197347	1.41896e+06	2.82101e+06	396676
70 	197347	1.41402e+06	2.43821e+06	388029
71 	197347	1.40508e+06	2.37369e+06	397595
72 	197347	1.40362e+06	2.50465e+06	391697
73 	197347	1.39932e+06	2.71951e+06	394900
74 	197347	1.39007e+06	2.86975e+06	404146
75 	197347	1.37668e+06	2.6733e+06 	389870
76 	197347	1.37266e+06	2.62057e+06	409432
77 	195841	1.35703e+06	2.54378e+06	391234
78 	195841	1.34206e+06	2.66207e+06	368754
79 	195841	1.34554e+06	2.5527e+06 	367032
80 	195841	1.3291e+06 	2.40882e+06	362317
81 	195841	1.32549e+06	2.2871e+06 	366817
82 	195841	1.31809e+06	2.48653e+06	367533
83 	195841	1.30995e+06	2.77673e+06	362653
84 	195841	1.31139e+06	2.68265e+06	374448
85 	195841	1.30068e+06	2.37541e+06	379278
86 	195841	1.28883e+06	2.418e+06  	366096
87 	195841	1.27997e+06	2.29816e+06	362921
88 	195841	1.27664e+06	2.40549e+06	355020
89 	195841	1.26918e+06	2.36062e+06	360721
90 	195841	1.26233e+06	2.27172e+06	355506
91 	195841	1.25409e+06	2.37854e+06	349416
92 	195841	1.25097e+06	2.22348e+06	346484
93 	195841	1.2442e+06 	2.3464e+06 	357491
94 	195841	1.23791e+06	2.2841e+06 	339128
95 	195841	1.22998e+06	2.308e+06  	335435
96 	195841	1.22505e+06	2.11214e+06	318626
97 	195841	1.22581e+06	2.1973e+06 	322077
98 	195841	1.21387e+06	2.25315e+06	328909
99 	195841	1.21044e+06	2.24745e+06	328506
100	195841	1.21837e+06	2.10251e+06	319740
101	195841	1.20527e+06	2.22458e+06	327461
102	195841	1.19628e+06	2.12892e+06	344305
103	195841	1.18819e+06	2.19448e+06	318908
104	195841	1.17284e+06	2.25383e+06	315405
105	195841	1.17786e+06	2.1982e+06 	302064
106	195841	1.17504e+06	2.14478e+06	304178
107	195841	1.17053e+06	2.17441e+06	308061
108	195841	1.16664e+06	2.14847e+06	322384
109	195841	1.15701e+06	2.07673e+06	301676
110	195841	1.14843e+06	2.08943e+06	304684
111	195353	1.1537e+06 	2.12679e+06	296336
112	195353	1.14967e+06	2.03964e+06	301395
113	195353	1.14808e+06	2.00773e+06	311693
114	195353	1.14119e+06	2.13938e+06	295753
115	195353	1.13792e+06	2.04002e+06	293619
116	195353	1.12803e+06	2.08013e+06	309548
117	195353	1.1346e+06 	2.40978e+06	313642
118	195353	1.12389e+06	2.3345e+06 	301448
119	195353	1.12016e+06	2.1258e+06 	285022
120	195353	1.12046e+06	2.01425e+06	296716
121	195353	1.113e+06  	2.07303e+06	282617
122	175642	1.10071e+06	2.00228e+06	268581
123	175642	1.09852e+06	2.00288e+06	253089
124	175642	1.08719e+06	2.00423e+06	249812
125	175642	1.08639e+06	2.03142e+06	260654
126	175642	1.08347e+06	1.94121e+06	257810
127	175642	1.08225e+06	1.99608e+06	263107
128	175642	1.08548e+06	1.87138e+06	259555
129	175642	1.07338e+06	1.92889e+06	248494
130	175642	1.07018e+06	1.95955e+06	254545
131	175642	1.07158e+06	1.92141e+06	252677
132	175642	1.06117e+06	1.82658e+06	249649
133	175642	1.05711e+06	1.94191e+06	239704
134	175642	1.052e+06  	1.79559e+06	245417
135	175642	1.05098e+06	1.86406e+06	245320
136	175642	1.05007e+06	1.90931e+06	236040
137	175642	1.04501e+06	1.90931e+06	242613
138	175642	1.03668e+06	1.88067e+06	253972
139	175642	1.03697e+06	1.8869e+06 	234736
140	175642	1.02839e+06	1.87034e+06	237218
141	175642	1.02923e+06	1.86631e+06	241209
142	175642	1.02963e+06	1.94617e+06	241160
143	175642	1.02313e+06	2.00272e+06	238578
144	175642	1.0262e+06 	1.86776e+06	248019
145	175642	1.02382e+06	1.95584e+06	261210
146	175642	1.01701e+06	1.83871e+06	243827
147	175642	1.01214e+06	1.77384e+06	236786
148	175642	1.01609e+06	1.89332e+06	236465
149	157549	1.00772e+06	1.7973e+06 	235006
150	157549	1.00508e+06	1.69509e+06	213717
151	157549	1.00408e+06	1.73976e+06	213275
152	157549	998201     	1.73856e+06	220660
153	157549	998000     	1.81625e+06	220248
154	157549	996695     	1.7722e+06 	224757
155	156949	999212     	1.74211e+06	227256
156	156949	996311     	1.76746e+06	224521
157	156949	997279     	1.77708e+06	220518
158	156949	992117     	1.67209e+06	215466
159	152172	989520     	1.63483e+06	213253
160	152172	987129     	1.77941e+06	217296
161	152172	982610     	1.70215e+06	218328
162	152172	982936     	1.62799e+06	218544
163	152172	979552     	1.74692e+06	209783
164	152172	978049     	1.63701e+06	207004
165	152172	980934     	1.74444e+06	210718
166	152172	973385     	1.74763e+06	214487
167	152172	972921     	1.63641e+06	213628
168	152172	969221     	1.61249e+06	202481
169	152172	964180     	1.53549e+06	206102
170	152172	965526     	1.68293e+06	214371
171	152172	963315     	1.66833e+06	210415
172	152172	958429     	1.67674e+06	211912
173	152172	955894     	1.60446e+06	212149
174	152172	956303     	1.82022e+06	211039
175	152172	948934     	1.76625e+06	204986
176	152172	945171     	1.62507e+06	210017
177	152172	940374     	1.64382e+06	211540
178	152172	937839     	1.5495e+06 	208782
179	152172	937430     	1.55648e+06	202171
180	152172	942632     	1.808e+06  	207062
181	147613	933792     	1.53191e+06	205201
182	147613	934102     	1.61806e+06	207857
183	137949	937043     	1.49941e+06	207321
184	137949	935494     	1.46415e+06	199760
185	137949	930669     	1.49182e+06	202582
186	137949	927579     	1.5048e+06 	198903
187	137949	926298     	1.46584e+06	193969
188	137949	920644     	1.42373e+06	196167
189	137949	918556     	1.46111e+06	200501
190	137949	917291     	1.33917e+06	191851
191	137949	916571     	1.49819e+06	194860
192	137949	912994     	1.4258e+06 	198859
193	137949	911354     	1.3988e+06 	196221
194	137949	913882     	1.35895e+06	194261
195	137949	912234     	1.33037e+06	198178
196	137949	907332     	1.49131e+06	201413
197	137949	904025     	1.41002e+06	204349
198	137949	904015     	1.32698e+06	200295
199	137949	901790     	1.29547e+06	202317
Result of algorithm run: SUCCESS, 0, 0, 137948.719006, 0
