gen	min   	avg        	max        	std   
0  	841628	2.19424e+06	4.62284e+06	594369
1  	635503	2.16339e+06	3.88543e+06	571321
2  	582694	2.15312e+06	3.90952e+06	570351
3  	582694	2.12921e+06	3.93837e+06	575381
4  	563906	2.11575e+06	4.0553e+06 	565022
5  	563906	2.09859e+06	4.11369e+06	558616
6  	563906	2.08083e+06	3.81745e+06	564514
7  	563906	2.05528e+06	3.99394e+06	569470
8  	563906	2.0436e+06 	4.00718e+06	543615
9  	563906	2.03668e+06	3.92741e+06	529502
10 	563906	2.01887e+06	3.79972e+06	542770
11 	532537	2.00965e+06	3.98465e+06	551481
12 	532537	1.98603e+06	4.17021e+06	549913
13 	532537	1.95954e+06	3.57428e+06	526370
14 	532537	1.94552e+06	3.27895e+06	515673
15 	532537	1.93987e+06	3.30462e+06	526276
16 	532537	1.92651e+06	3.68024e+06	534285
17 	532537	1.90894e+06	3.3384e+06 	504049
18 	532537	1.89218e+06	3.29321e+06	502651
19 	532537	1.88621e+06	3.27244e+06	494897
20 	532537	1.87499e+06	3.46901e+06	514491
21 	429838	1.85325e+06	3.31423e+06	506217
22 	429838	1.84572e+06	3.24455e+06	507550
23 	424076	1.83209e+06	3.27186e+06	485800
24 	424076	1.80853e+06	3.16427e+06	499760
25 	424076	1.80573e+06	3.02274e+06	473833
26 	424076	1.79083e+06	3.19541e+06	486001
27 	424076	1.78339e+06	3.13539e+06	495848
28 	424076	1.78441e+06	3.20708e+06	488172
29 	424076	1.76684e+06	3.15198e+06	466680
30 	424076	1.74481e+06	2.92635e+06	454989
31 	424076	1.71981e+06	2.7626e+06 	447306
32 	312848	1.7132e+06 	2.91374e+06	450840
33 	312848	1.70973e+06	2.97093e+06	475416
34 	312848	1.70875e+06	3.13076e+06	462869
35 	312848	1.68357e+06	2.91229e+06	452853
36 	269482	1.66492e+06	3.12873e+06	464622
37 	269482	1.66583e+06	3.00046e+06	469193
38 	269482	1.64602e+06	3.01473e+06	475329
39 	269482	1.64629e+06	3.00579e+06	463869
40 	269482	1.63366e+06	3.1526e+06 	447202
41 	269482	1.62266e+06	2.87583e+06	448266
42 	269482	1.61519e+06	2.97522e+06	466088
43 	269482	1.59614e+06	2.95158e+06	479128
44 	269482	1.58924e+06	2.95158e+06	482236
45 	269482	1.57386e+06	2.91705e+06	469508
46 	240480	1.55174e+06	2.78601e+06	457316
47 	240480	1.54418e+06	2.83784e+06	458234
48 	240480	1.54497e+06	2.78671e+06	463027
49 	240480	1.52982e+06	2.96781e+06	453014
50 	240480	1.52592e+06	2.72003e+06	444011
51 	240480	1.50422e+06	2.62953e+06	444185
52 	236586	1.49098e+06	2.65685e+06	443328
53 	236586	1.48503e+06	2.63481e+06	454420
54 	236586	1.48591e+06	2.91314e+06	433334
55 	203328	1.47444e+06	2.76785e+06	442715
56 	203328	1.4594e+06 	2.73603e+06	440025
57 	203328	1.44691e+06	2.73127e+06	444251
58 	189590	1.43166e+06	2.71768e+06	422932
59 	189590	1.42327e+06	2.66234e+06	420189
60 	189590	1.423e+06  	2.67189e+06	409131
61 	189590	1.41266e+06	2.50058e+06	396188
62 	189590	1.40256e+06	2.67813e+06	393086
63 	189590	1.39151e+06	2.52724e+06	390755
64 	189590	1.3857e+06 	2.58692e+06	384720
65 	189590	1.37971e+06	2.54414e+06	378477
66 	189590	1.3752e+06 	2.34746e+06	391324
67 	189590	1.36395e+06	2.32865e+06	390193
68 	189590	1.35791e+06	2.54276e+06	379666
69 	189590	1.34931e+06	2.66307e+06	393876
70 	189590	1.33799e+06	2.66183e+06	383996
71 	189590	1.32857e+06	2.66028e+06	388838
72 	189590	1.32256e+06	2.51349e+06	366527
73 	189590	1.31557e+06	2.26054e+06	361878
74 	189590	1.30778e+06	2.50622e+06	369892
75 	189590	1.30081e+06	2.40292e+06	362040
76 	189590	1.29343e+06	2.23364e+06	361800
77 	189590	1.28897e+06	2.41822e+06	364111
78 	189590	1.27815e+06	2.27956e+06	359247
79 	189590	1.28056e+06	2.45141e+06	371961
80 	189590	1.26727e+06	2.32344e+06	356224
81 	189590	1.26793e+06	2.2339e+06 	352315
82 	173995	1.25162e+06	2.2339e+06 	354204
83 	173995	1.24762e+06	2.24709e+06	365221
84 	173995	1.23244e+06	2.2057e+06 	338677
85 	173995	1.2244e+06 	2.16817e+06	329931
86 	173995	1.21909e+06	2.43301e+06	331181
87 	173995	1.21563e+06	2.20157e+06	332671
88 	173995	1.21329e+06	2.09726e+06	320961
89 	173995	1.20983e+06	2.28796e+06	321539
90 	173995	1.20059e+06	2.42086e+06	330764
91 	173995	1.18508e+06	2.23761e+06	307132
92 	173995	1.17913e+06	2.11517e+06	310701
93 	173995	1.17553e+06	2.40207e+06	311071
94 	173995	1.16577e+06	2.10404e+06	304150
95 	173995	1.16696e+06	2.07736e+06	304869
96 	173995	1.15874e+06	2.08256e+06	305253
97 	173995	1.15189e+06	2.11487e+06	292209
98 	173995	1.14929e+06	2.00169e+06	295491
99 	173995	1.14687e+06	2.10392e+06	287272
100	173995	1.13751e+06	2.02726e+06	279623
101	173995	1.13172e+06	2.06587e+06	284653
102	173995	1.1271e+06 	2.23458e+06	285789
103	173995	1.12138e+06	1.97911e+06	274616
104	173995	1.12111e+06	1.9634e+06 	267551
105	173995	1.11502e+06	1.99574e+06	270981
106	173995	1.1123e+06 	1.94672e+06	267450
107	173995	1.10347e+06	1.92429e+06	262358
108	173995	1.09598e+06	2.14421e+06	268658
109	173995	1.09237e+06	1.94177e+06	277528
110	173995	1.08639e+06	2.00534e+06	269821
111	173995	1.08106e+06	2.00642e+06	267409
112	173995	1.07915e+06	1.87814e+06	262384
113	173995	1.07592e+06	1.8594e+06 	260543
114	173995	1.07895e+06	1.92568e+06	246811
115	173995	1.07081e+06	1.90633e+06	258624
116	173995	1.06779e+06	1.99196e+06	268063
117	173995	1.06378e+06	1.95548e+06	257377
118	173995	1.06117e+06	1.90907e+06	252351
119	173995	1.05471e+06	2.07745e+06	252671
120	173995	1.04502e+06	1.8003e+06 	239736
121	173995	1.04213e+06	1.83512e+06	233652
122	173995	1.04052e+06	1.9328e+06 	249129
123	173995	1.0421e+06 	1.83992e+06	243618
124	173995	1.03328e+06	1.8657e+06 	252271
125	173995	1.03314e+06	1.87603e+06	248708
126	173995	1.02815e+06	1.88946e+06	254111
127	173995	1.01852e+06	1.84586e+06	251831
128	173995	1.01563e+06	1.8145e+06 	246741
129	173995	1.01616e+06	1.84551e+06	239668
130	173995	1.01451e+06	1.80113e+06	235657
131	173995	1.00901e+06	1.78267e+06	243159
132	173995	1.00418e+06	1.75338e+06	229038
133	173995	998969     	1.84779e+06	224624
134	173995	1.00002e+06	1.75389e+06	215865
135	173995	994131     	1.86288e+06	217453
136	173995	993182     	1.8135e+06 	216755
137	173995	987581     	1.76971e+06	224499
138	173995	984870     	1.81768e+06	227147
139	173995	973819     	1.81768e+06	235553
140	147351	977026     	1.76022e+06	224986
141	147351	974014     	1.78407e+06	224349
142	147351	971540     	1.79438e+06	223712
143	147351	966280     	1.70078e+06	216530
144	147351	964711     	1.73832e+06	222184
145	142424	958451     	1.71486e+06	221696
146	142424	953263     	1.52791e+06	205531
147	142424	946387     	1.62673e+06	212764
148	142424	947271     	1.62673e+06	211503
149	142424	943913     	1.60918e+06	211362
150	142424	935620     	1.61693e+06	214252
151	142424	932132     	1.595e+06  	214506
152	142424	935226     	1.51389e+06	206805
153	142424	935836     	1.55645e+06	214095
154	142424	933588     	1.7416e+06 	213056
155	142424	926487     	1.43441e+06	205949
156	142424	926750     	1.42685e+06	205425
157	142424	929434     	1.50166e+06	202528
158	142424	929996     	1.73692e+06	209942
159	142424	922421     	1.69952e+06	209404
160	142424	919311     	1.47482e+06	210924
161	142424	918310     	1.49785e+06	206858
162	142424	917878     	1.59773e+06	205880
163	142424	916156     	1.45872e+06	206267
164	133340	913236     	1.40264e+06	205225
165	133340	910053     	1.62854e+06	208286
166	133340	904524     	1.38891e+06	208279
167	133340	903889     	1.53013e+06	203425
168	133340	909703     	1.51403e+06	200467
169	133340	902086     	1.57026e+06	198346
170	133340	894041     	1.55952e+06	206800
171	133340	891455     	1.62568e+06	209580
172	133340	895494     	1.63118e+06	213543
173	130498	892554     	1.53975e+06	212734
174	130498	887988     	1.45889e+06	211553
175	130498	887537     	1.4644e+06 	207747
176	130498	889697     	1.45682e+06	211028
177	130498	882334     	1.45661e+06	214022
178	130498	881398     	1.5705e+06 	214633
179	130498	876221     	1.41106e+06	208401
180	130498	874998     	1.36515e+06	209023
181	130498	871926     	1.42262e+06	206009
182	130498	873102     	1.73078e+06	204957
183	130498	877817     	1.34739e+06	199763
184	130498	869573     	1.38219e+06	201605
185	130498	869435     	1.40986e+06	194009
186	130498	862964     	1.39514e+06	196649
187	130498	864262     	1.19423e+06	193772
188	130498	861113     	1.27858e+06	196684
189	130498	857325     	1.28456e+06	192546
190	130498	860967     	1.27858e+06	194912
191	130498	858063     	1.24968e+06	198917
192	130498	854686     	1.21377e+06	201559
193	130498	854206     	1.37866e+06	203558
194	130498	848047     	1.31234e+06	200867
195	130498	850156     	1.32936e+06	200064
196	130498	843293     	1.3452e+06 	198223
197	130498	845412     	1.28734e+06	198547
198	130498	848196     	1.30743e+06	197375
199	130498	845039     	1.22656e+06	194088
Result of algorithm run: SUCCESS, 0, 0, 130498.185377, 0
