gen	min   	avg        	max        	std   
0  	601971	2.25202e+06	5.04306e+06	612745
1  	599426	2.23302e+06	4.27235e+06	593153
2  	599426	2.19242e+06	3.8535e+06 	573592
3  	599426	2.19057e+06	3.95098e+06	583330
4  	536395	2.18088e+06	4.06817e+06	573987
5  	536395	2.15484e+06	4.07201e+06	580184
6  	536395	2.12406e+06	4.01948e+06	568811
7  	536395	2.10478e+06	4.32224e+06	560887
8  	536395	2.08874e+06	4.11295e+06	558825
9  	536395	2.05911e+06	3.64088e+06	539355
10 	536395	2.05287e+06	3.93724e+06	558732
11 	389513	2.0441e+06 	3.3836e+06 	540954
12 	389513	2.02903e+06	3.59499e+06	553271
13 	389513	2.00426e+06	3.88931e+06	546790
14 	347955	1.98445e+06	4.01248e+06	533298
15 	347955	1.95371e+06	3.88836e+06	541141
16 	347955	1.92965e+06	3.39531e+06	541449
17 	347955	1.92618e+06	3.95712e+06	530790
18 	347955	1.90924e+06	3.86651e+06	543743
19 	347955	1.91818e+06	3.32e+06   	497692
20 	347955	1.89974e+06	3.6337e+06 	509992
21 	347955	1.88263e+06	3.54094e+06	500798
22 	347955	1.87887e+06	3.51515e+06	511776
23 	293046	1.86798e+06	3.17897e+06	506100
24 	293046	1.85712e+06	3.27721e+06	518230
25 	293046	1.84389e+06	3.15582e+06	501604
26 	293046	1.82982e+06	3.25495e+06	493446
27 	293046	1.82266e+06	3.04642e+06	490619
28 	293046	1.80066e+06	3.1328e+06 	488576
29 	293046	1.77785e+06	3.14567e+06	470343
30 	293046	1.77227e+06	3.04643e+06	463806
31 	293046	1.7763e+06 	3.05934e+06	460506
32 	293046	1.75651e+06	3.20002e+06	479613
33 	293046	1.73765e+06	3.03185e+06	495825
34 	293046	1.72343e+06	3.1802e+06 	506467
35 	293046	1.72122e+06	3.16167e+06	511552
36 	293046	1.71231e+06	3.04416e+06	487882
37 	293046	1.70221e+06	3.24785e+06	485477
38 	293046	1.69796e+06	3.26635e+06	490892
39 	293046	1.69199e+06	3.24538e+06	479015
40 	293046	1.68595e+06	3.10767e+06	470959
41 	293046	1.66743e+06	3.03719e+06	458889
42 	293046	1.65942e+06	3.08556e+06	469161
43 	293046	1.64373e+06	3.21886e+06	462908
44 	293046	1.63298e+06	3.06257e+06	451003
45 	293046	1.61949e+06	2.9709e+06 	469760
46 	293046	1.60434e+06	3.00824e+06	448592
47 	293046	1.58973e+06	2.95051e+06	437152
48 	293046	1.57796e+06	2.91773e+06	441893
49 	254231	1.56538e+06	2.83316e+06	438928
50 	254231	1.5617e+06 	2.90902e+06	460827
51 	254231	1.55618e+06	2.84749e+06	440373
52 	254231	1.5397e+06 	2.78507e+06	434790
53 	254231	1.52852e+06	2.9174e+06 	430781
54 	254231	1.52067e+06	2.73378e+06	429174
55 	254231	1.51533e+06	2.76845e+06	420702
56 	254231	1.50403e+06	2.66764e+06	430488
57 	254231	1.50008e+06	3.14714e+06	434869
58 	254231	1.49506e+06	2.898e+06  	407889
59 	254231	1.47709e+06	2.58429e+06	405060
60 	254231	1.47347e+06	2.85693e+06	410489
61 	254231	1.47518e+06	2.53822e+06	418459
62 	254231	1.4631e+06 	2.54757e+06	415978
63 	232312	1.44317e+06	2.6374e+06 	405083
64 	232312	1.44067e+06	2.61765e+06	400669
65 	232312	1.42686e+06	2.6512e+06 	407640
66 	232312	1.42775e+06	2.57226e+06	395147
67 	232312	1.41689e+06	2.3412e+06 	387856
68 	232312	1.39817e+06	2.66765e+06	397742
69 	232312	1.40058e+06	2.75799e+06	411967
70 	232312	1.39125e+06	2.75804e+06	409539
71 	232312	1.37979e+06	2.28475e+06	390182
72 	232312	1.37398e+06	2.33444e+06	385035
73 	232312	1.36589e+06	2.31577e+06	383828
74 	232312	1.35775e+06	2.51325e+06	388184
75 	232312	1.34152e+06	2.32507e+06	380878
76 	232312	1.33543e+06	2.39029e+06	373465
77 	232312	1.32906e+06	2.44447e+06	363804
78 	232312	1.31418e+06	2.46739e+06	366728
79 	232312	1.31679e+06	2.48648e+06	379682
80 	232312	1.31244e+06	2.52106e+06	380822
81 	232312	1.30501e+06	2.56647e+06	383829
82 	232312	1.30067e+06	2.35809e+06	381584
83 	232312	1.29444e+06	2.2948e+06 	360733
84 	232312	1.28057e+06	2.33832e+06	351862
85 	219725	1.28309e+06	2.42038e+06	362884
86 	219725	1.27723e+06	2.52164e+06	364696
87 	219725	1.27422e+06	2.52164e+06	363661
88 	219725	1.2641e+06 	2.32953e+06	356705
89 	197637	1.25674e+06	2.31264e+06	352963
90 	197637	1.24423e+06	2.55491e+06	335465
91 	197637	1.24299e+06	2.18819e+06	335214
92 	197637	1.23659e+06	2.17125e+06	347417
93 	197637	1.23121e+06	2.20491e+06	343224
94 	197637	1.22598e+06	2.29289e+06	347043
95 	197637	1.21848e+06	2.3452e+06 	339526
96 	197637	1.20941e+06	2.39676e+06	331382
97 	197637	1.20601e+06	2.24943e+06	330889
98 	197637	1.19399e+06	2.2782e+06 	327858
99 	197637	1.18043e+06	2.21053e+06	321141
100	197637	1.18371e+06	2.06182e+06	319471
101	196382	1.17833e+06	2.08173e+06	321028
102	196382	1.17708e+06	2.10665e+06	320713
103	196382	1.16714e+06	2.12797e+06	313132
104	196382	1.16019e+06	2.04172e+06	312159
105	196382	1.15425e+06	2.0659e+06 	315745
106	196382	1.14643e+06	2.0382e+06 	316452
107	196382	1.1337e+06 	2.15927e+06	311756
108	196382	1.13015e+06	2.08103e+06	314287
109	192471	1.12939e+06	2.13133e+06	318425
110	180059	1.11526e+06	2.04471e+06	308072
111	180059	1.11774e+06	2.03138e+06	303360
112	180059	1.12126e+06	2.10642e+06	315623
113	180059	1.10783e+06	2.03218e+06	323507
114	180059	1.10267e+06	2.03801e+06	303409
115	180059	1.09272e+06	2.00817e+06	288490
116	180059	1.094e+06  	1.98134e+06	284492
117	180059	1.08994e+06	1.95296e+06	282296
118	180059	1.0886e+06 	1.93432e+06	273952
119	180059	1.08411e+06	1.95692e+06	275285
120	153708	1.08052e+06	1.9385e+06 	276912
121	153708	1.06702e+06	1.96896e+06	273412
122	153708	1.06502e+06	1.90143e+06	275027
123	153708	1.06203e+06	1.90956e+06	264150
124	153708	1.05283e+06	1.99564e+06	258745
125	153708	1.0482e+06 	1.84078e+06	249335
126	153708	1.04638e+06	1.93912e+06	252548
127	153708	1.04467e+06	1.96525e+06	255625
128	153708	1.04481e+06	1.98552e+06	263563
129	153708	1.0367e+06 	1.82936e+06	258474
130	153708	1.03597e+06	1.87767e+06	260238
131	153708	1.03174e+06	1.93162e+06	259226
132	153708	1.02699e+06	1.90585e+06	254046
133	153708	1.01733e+06	1.89102e+06	255848
134	153708	1.02075e+06	1.93237e+06	247490
135	153708	1.01269e+06	1.78124e+06	230182
136	153708	1.00751e+06	1.9472e+06 	250289
137	153708	1.00746e+06	1.92381e+06	257258
138	153708	1.00185e+06	1.86932e+06	254395
139	153708	998714     	1.87618e+06	249063
140	153708	998409     	1.76748e+06	240728
141	153708	992916     	1.82426e+06	246540
142	153708	988028     	1.72659e+06	238933
143	153708	989286     	1.77239e+06	234738
144	153708	985731     	1.80788e+06	220038
145	153708	984987     	1.81905e+06	220498
146	153708	980410     	1.76673e+06	216102
147	153708	978922     	1.66709e+06	224569
148	148554	977362     	1.73033e+06	230849
149	148554	975579     	1.75612e+06	214691
150	148554	969709     	1.71706e+06	219791
151	148554	968925     	1.73227e+06	226223
152	148554	966489     	1.76873e+06	228593
153	148554	965352     	1.80285e+06	239295
154	148554	960592     	2.04667e+06	244109
155	148554	958475     	1.66818e+06	229656
156	148554	957459     	1.75329e+06	236300
157	148554	951280     	1.61844e+06	224735
158	148554	952743     	1.69497e+06	225550
159	148554	947646     	1.69497e+06	219567
160	148554	945331     	1.81598e+06	222195
161	148554	946355     	1.63018e+06	218435
162	148554	938249     	1.60692e+06	217471
163	148554	938678     	1.67576e+06	221306
164	148554	937001     	1.57981e+06	219542
165	148554	931842     	1.63735e+06	218163
166	148554	926081     	1.5281e+06 	215138
167	148554	925811     	1.65709e+06	223198
168	148554	922219     	1.50355e+06	218197
169	148554	926244     	1.57059e+06	221913
170	148554	921137     	1.53478e+06	210308
171	148554	919123     	1.55729e+06	201918
172	148554	916007     	1.41579e+06	206287
173	148554	915507     	1.65826e+06	204857
174	148554	909745     	1.57918e+06	212772
175	148554	906369     	1.75464e+06	213577
176	148554	904277     	1.46065e+06	210473
177	148554	902726     	1.49015e+06	205826
178	148554	904945     	1.51877e+06	206098
179	148554	903495     	1.40795e+06	204236
180	147619	900191     	1.4589e+06 	205034
181	147619	898529     	1.54e+06   	205332
182	147619	891591     	1.43249e+06	209673
183	147619	886656     	1.52894e+06	208214
184	147619	888971     	1.50499e+06	208189
185	147619	886211     	1.40152e+06	205948
186	147619	880920     	1.44049e+06	202099
187	147619	884117     	1.28007e+06	198089
188	147619	882334     	1.37539e+06	201393
189	147619	882461     	1.50773e+06	201460
190	147619	874653     	1.41473e+06	207643
191	147619	879165     	1.29466e+06	200377
192	147619	878110     	1.34421e+06	202535
193	147619	878611     	1.53053e+06	203146
194	147619	874196     	1.3257e+06 	199423
195	147619	873349     	1.3415e+06 	196894
196	147619	874521     	1.29672e+06	200985
197	147619	872711     	1.40973e+06	198628
198	147619	868267     	1.46642e+06	203054
199	147619	862939     	1.39908e+06	200732
Result of algorithm run: SUCCESS, 0, 0, 147619.051348, 0
