gen	min   	avg        	max        	std   
0  	637383	2.14694e+06	3.95575e+06	578160
1  	588058	2.137e+06  	3.95575e+06	592988
2  	394682	2.12613e+06	4.33408e+06	598366
3  	394682	2.10532e+06	3.75731e+06	555006
4  	394682	2.09798e+06	3.93861e+06	567016
5  	394682	2.06316e+06	3.80317e+06	537750
6  	394682	2.04487e+06	3.49252e+06	513210
7  	394682	2.04905e+06	3.52653e+06	513822
8  	394682	2.04012e+06	3.59201e+06	538860
9  	394682	2.01422e+06	3.29418e+06	514169
10 	394682	2.00793e+06	3.5345e+06 	522805
11 	394682	1.9916e+06 	3.6261e+06 	515754
12 	394682	1.97256e+06	3.50742e+06	547569
13 	394682	1.95585e+06	3.30007e+06	536562
14 	394682	1.94764e+06	3.37382e+06	533975
15 	338103	1.92951e+06	3.30521e+06	531024
16 	338103	1.91729e+06	3.35125e+06	515940
17 	338103	1.8876e+06 	3.34352e+06	501502
18 	338103	1.8685e+06 	3.15761e+06	513206
19 	338103	1.86335e+06	3.30278e+06	491146
20 	338103	1.85861e+06	3.26611e+06	504538
21 	338103	1.84777e+06	3.24472e+06	507310
22 	338103	1.83835e+06	3.45023e+06	511779
23 	338103	1.81769e+06	3.26879e+06	493513
24 	338103	1.81756e+06	3.15902e+06	486327
25 	338103	1.80692e+06	3.3174e+06 	488751
26 	338103	1.80529e+06	3.19337e+06	514077
27 	338103	1.78584e+06	3.19152e+06	519674
28 	338103	1.76113e+06	3.2115e+06 	489551
29 	338103	1.75722e+06	3.18649e+06	500901
30 	338103	1.75122e+06	3.04949e+06	507529
31 	338103	1.73491e+06	3.23811e+06	507545
32 	338103	1.71237e+06	3.14838e+06	485018
33 	338103	1.71143e+06	3.21299e+06	491854
34 	338103	1.70664e+06	3.0702e+06 	479994
35 	338103	1.6865e+06 	3.05284e+06	481771
36 	338103	1.67555e+06	3.02933e+06	486283
37 	338103	1.67171e+06	2.98794e+06	471288
38 	329066	1.65965e+06	2.73855e+06	453649
39 	329066	1.64785e+06	2.84895e+06	457869
40 	329066	1.6263e+06 	2.86791e+06	470885
41 	329066	1.62818e+06	2.93804e+06	450838
42 	329066	1.60618e+06	2.93069e+06	445487
43 	329066	1.59291e+06	3.06935e+06	459343
44 	329066	1.57924e+06	3.10451e+06	453991
45 	329066	1.56444e+06	2.91915e+06	462810
46 	329066	1.55162e+06	3.02625e+06	471172
47 	329066	1.55076e+06	2.99092e+06	472455
48 	329066	1.54399e+06	3.06535e+06	464364
49 	329066	1.52866e+06	2.93996e+06	458022
50 	329066	1.51565e+06	2.78884e+06	446547
51 	329066	1.51466e+06	3.04261e+06	438951
52 	329066	1.49891e+06	2.72431e+06	412013
53 	329066	1.49272e+06	2.72431e+06	434602
54 	329066	1.47021e+06	2.90644e+06	437279
55 	329066	1.4662e+06 	3.2104e+06 	424641
56 	329066	1.46445e+06	3.02308e+06	417126
57 	329066	1.45516e+06	2.67335e+06	408298
58 	329066	1.43988e+06	2.79698e+06	402547
59 	329066	1.43382e+06	2.75104e+06	414460
60 	329066	1.41724e+06	2.787e+06  	393082
61 	329066	1.42777e+06	2.46702e+06	396342
62 	315564	1.41379e+06	2.6346e+06 	406854
63 	315564	1.40717e+06	2.6346e+06 	403461
64 	315564	1.41241e+06	2.7447e+06 	406345
65 	315564	1.40054e+06	2.79945e+06	387782
66 	315564	1.38356e+06	3.00062e+06	401848
67 	315564	1.37268e+06	2.44621e+06	379086
68 	315564	1.37015e+06	2.68048e+06	378911
69 	315564	1.36638e+06	2.71517e+06	381357
70 	315564	1.357e+06  	2.51285e+06	382190
71 	315564	1.34693e+06	2.61934e+06	387976
72 	306337	1.33372e+06	2.54665e+06	383628
73 	306337	1.31786e+06	2.49356e+06	375360
74 	306337	1.31434e+06	2.26831e+06	364919
75 	306337	1.30446e+06	2.41337e+06	365028
76 	306337	1.30292e+06	2.27194e+06	363224
77 	306337	1.28768e+06	2.29039e+06	337097
78 	306337	1.28705e+06	2.22944e+06	342097
79 	306337	1.2837e+06 	2.24766e+06	347791
80 	306337	1.28358e+06	2.15937e+06	353798
81 	306337	1.27244e+06	2.20462e+06	357732
82 	306337	1.26468e+06	2.18912e+06	348034
83 	226234	1.2609e+06 	2.33162e+06	349699
84 	226234	1.25471e+06	2.23914e+06	336678
85 	226234	1.24557e+06	2.1587e+06 	341496
86 	226234	1.24025e+06	2.29049e+06	330157
87 	226234	1.2396e+06 	2.12898e+06	325455
88 	226234	1.23377e+06	2.17161e+06	344924
89 	226234	1.22447e+06	2.14257e+06	330985
90 	226234	1.21741e+06	2.36592e+06	338579
91 	226234	1.20638e+06	2.23081e+06	329591
92 	226234	1.21366e+06	2.20733e+06	329522
93 	226234	1.19907e+06	2.17982e+06	319348
94 	226234	1.19737e+06	2.05891e+06	316010
95 	226234	1.19188e+06	2.13647e+06	329756
96 	226234	1.18636e+06	2.17306e+06	323829
97 	226234	1.18627e+06	2.14304e+06	321773
98 	226234	1.18321e+06	2.04734e+06	323882
99 	226234	1.17016e+06	2.14382e+06	312373
100	226234	1.16419e+06	2.11228e+06	306300
101	226234	1.16349e+06	2.11228e+06	306459
102	226234	1.1573e+06 	2.00734e+06	305199
103	226234	1.14758e+06	1.99155e+06	305578
104	226234	1.14791e+06	2.01774e+06	297140
105	226234	1.14649e+06	2.0804e+06 	299822
106	226234	1.13813e+06	2.02107e+06	302566
107	226234	1.12986e+06	1.95141e+06	283254
108	226234	1.11938e+06	2.05502e+06	275624
109	226234	1.12292e+06	2.13392e+06	291127
110	226234	1.11196e+06	2.33847e+06	281955
111	226234	1.11374e+06	2.07464e+06	282023
112	226234	1.11333e+06	2.06758e+06	288192
113	226234	1.10785e+06	2.09649e+06	296212
114	226234	1.09861e+06	1.9996e+06 	284006
115	226234	1.09281e+06	1.97028e+06	269745
116	226234	1.09235e+06	1.98706e+06	273517
117	226234	1.08606e+06	2.07432e+06	275124
118	226234	1.08097e+06	1.94862e+06	278090
119	226234	1.07103e+06	1.88933e+06	262340
120	226234	1.0704e+06 	2.03002e+06	264459
121	226234	1.06462e+06	1.8257e+06 	265363
122	226234	1.05653e+06	2.00206e+06	256582
123	226234	1.05359e+06	2.00206e+06	256217
124	226234	1.0441e+06 	1.95401e+06	247830
125	226234	1.04698e+06	1.87159e+06	272467
126	226234	1.05088e+06	1.92234e+06	270228
127	226234	1.04776e+06	1.87788e+06	255699
128	226234	1.0451e+06 	1.93671e+06	245128
129	226234	1.03998e+06	1.83845e+06	236262
130	226234	1.03515e+06	1.81175e+06	244504
131	226234	1.03562e+06	1.96265e+06	258758
132	226234	1.03561e+06	1.91377e+06	255550
133	226234	1.03217e+06	1.91377e+06	265784
134	226234	1.02712e+06	2.0516e+06 	268369
135	226234	1.0233e+06 	2.00278e+06	268697
136	226234	1.01676e+06	1.99821e+06	255764
137	226234	1.01269e+06	1.98409e+06	232565
138	226234	1.00716e+06	1.76304e+06	234490
139	226234	1.00306e+06	1.88698e+06	243681
140	226234	1.00064e+06	1.89356e+06	240126
141	220291	1.00012e+06	1.74765e+06	248528
142	220291	996899     	1.75182e+06	235070
143	220291	992299     	1.78197e+06	237599
144	220291	990788     	1.78197e+06	232135
145	220291	989680     	1.65119e+06	228050
146	220291	995413     	1.71133e+06	237049
147	220291	989553     	1.75879e+06	228232
148	220291	981698     	1.85144e+06	223743
149	220291	982748     	1.79608e+06	216244
150	220291	976938     	1.60065e+06	212135
151	220291	976746     	1.67973e+06	214738
152	220291	974854     	1.65494e+06	211312
153	220291	974697     	1.85723e+06	213187
154	220291	970419     	1.5127e+06 	201811
155	220291	968580     	1.73537e+06	202944
156	190956	962608     	1.66891e+06	206633
157	190956	965161     	1.64658e+06	210046
158	190956	962783     	1.68567e+06	217332
159	190956	956321     	1.7619e+06 	222573
160	190956	958275     	1.6842e+06 	219876
161	190956	952923     	1.83057e+06	215928
162	190956	950635     	1.64317e+06	206747
163	190956	945708     	1.9705e+06 	224019
164	190956	941174     	1.73577e+06	213369
165	189999	936002     	1.78835e+06	209853
166	189999	933960     	1.49068e+06	206527
167	189999	936147     	1.57551e+06	200465
168	189999	933501     	1.56743e+06	193107
169	189999	933208     	1.60965e+06	196298
170	189999	927445     	1.5989e+06 	204595
171	189999	929309     	1.67136e+06	207246
172	189999	930327     	1.62657e+06	206002
173	189999	922585     	1.70856e+06	197717
174	189999	922485     	1.46091e+06	195212
175	189999	920175     	1.37178e+06	189325
176	189999	920429     	1.44746e+06	192098
177	189999	915931     	1.47041e+06	196439
178	189999	914534     	1.49046e+06	198851
179	189999	910433     	1.45826e+06	199977
180	189999	914203     	1.37075e+06	195193
181	189999	912924     	1.44305e+06	194739
182	189999	905211     	1.46554e+06	198623
183	189999	905444     	1.48627e+06	194532
184	189999	904325     	1.38223e+06	189114
185	189999	904416     	1.60626e+06	193677
186	189999	904159     	1.40438e+06	191270
187	189999	901080     	1.49439e+06	195664
188	189999	898555     	1.31921e+06	191634
189	189999	891837     	1.5892e+06 	200325
190	189999	895563     	1.41212e+06	198582
191	189999	894343     	1.47762e+06	202350
192	189999	892070     	1.41903e+06	196555
193	189999	892301     	1.40112e+06	193378
194	189999	888392     	1.42026e+06	199428
195	189999	887384     	1.27407e+06	196612
196	189999	887514     	1.39082e+06	200359
197	189999	889620     	1.33391e+06	196367
198	189999	885764     	1.39863e+06	193330
199	189999	884100     	1.32724e+06	195470
Result of algorithm run: SUCCESS, 0, 0, 189998.909568, 0
