gen	min    	avg    	max    	std    
0  	1741.48	4622.52	9668.92	1409.82
1  	1501.82	4573.83	10423  	1447.55
2  	1501.82	4522.97	9883.28	1454.71
3  	1266.5 	4439.71	9986.14	1435.52
4  	1266.5 	4353.26	9964.59	1372.82
5  	1266.5 	4308.51	8781.85	1312.16
6  	1266.5 	4320.72	9120.59	1341.79
7  	1266.5 	4294.13	9795.82	1335.68
8  	1266.5 	4274.58	9049.58	1363.2 
9  	1266.5 	4247.54	9369.03	1423.65
10 	1266.5 	4216.93	9041.38	1473.06
11 	1088.34	4175.28	8979.22	1438.49
12 	1069.01	4093.35	8566.17	1384.12
13 	1069.01	4057.3 	8400.36	1376.4 
14 	1069.01	4040.52	9752.89	1420.27
15 	1069.01	4031.23	9161.81	1386.5 
16 	1069.01	3989.58	8807.62	1380.76
17 	1069.01	3964.32	9079.38	1410.41
18 	1069.01	3883.75	10004.9	1361.6 
19 	1069.01	3826.9 	8402.23	1317.45
20 	1069.01	3801.09	7708.72	1292.1 
21 	1069.01	3787.57	7612.73	1229.77
22 	1046.65	3770.56	9417.55	1296.68
23 	1046.65	3687.76	7578.59	1245.38
24 	1046.65	3616.59	8334.6 	1203.96
25 	1046.65	3593.09	8334.6 	1217.56
26 	1046.65	3534.66	8159.62	1179.63
27 	1046.65	3527.11	8408.47	1213.67
28 	928.632	3496.09	8731.76	1174.61
29 	928.632	3502.64	7690.88	1170.85
30 	792.007	3474.27	8447.31	1128.46
31 	792.007	3463.25	6595.05	1132.85
32 	792.007	3427.67	6909.4 	1137.52
33 	792.007	3414.66	7712.68	1166.13
34 	792.007	3368.94	7525.15	1100.71
35 	792.007	3386.42	7003.22	1144.63
36 	792.007	3329.49	6808.61	1103.64
37 	716.651	3330.97	7132.25	1111.23
38 	716.651	3254.66	6464.58	1049.89
39 	716.651	3212.45	6645.67	1048.4 
40 	716.651	3164.26	6408.72	1037.7 
41 	716.651	3181.44	6408.72	1014.56
42 	716.651	3106.61	6416.53	1000.01
43 	716.651	3105.65	6223.35	982.117
44 	716.651	3075.27	6354.08	977.319
45 	716.651	3070.99	7242.76	1012   
46 	716.651	3051.36	6893.62	989.531
47 	716.651	3026.19	6761.86	1033.11
48 	716.651	3021.95	6850.52	985.894
49 	716.651	2990.08	6676.69	1048.58
50 	716.651	2946.6 	7355.24	991.929
51 	716.651	2922.72	6993.18	943.067
52 	716.651	2890.08	6436.64	932.41 
53 	716.651	2877.05	6433.64	925.998
54 	716.651	2845.96	6278.5 	925.578
55 	716.651	2799.08	6047.5 	880.956
56 	716.651	2784.3 	6544.08	905.707
57 	716.651	2748.21	5561.98	874.939
58 	716.651	2731.37	5677.03	870.974
59 	716.651	2698.43	5223.5 	841.259
60 	716.651	2667.67	5515.8 	838.474
61 	716.651	2634.63	5456.94	848.278
62 	716.651	2632.51	5670.4 	853.946
63 	716.651	2597.51	5778.21	872.127
64 	700.561	2583.99	6006.35	862.843
65 	700.561	2582.63	5249.52	825.765
66 	700.561	2562.04	5651.33	868.753
67 	700.561	2530.31	5394.22	857.484
68 	700.561	2536.32	5212.99	801.415
69 	660.827	2508.58	5396.82	832.677
70 	660.827	2489.25	5295.09	797.172
71 	660.827	2482.94	5558.66	793.269
72 	660.827	2473.15	5053.91	764.841
73 	660.827	2451.81	5598.76	782.945
74 	658.419	2433.49	4928.79	777.784
75 	658.419	2397.38	4810.48	732.78 
76 	658.419	2396.55	5616.21	783.163
77 	658.419	2385.58	5097.56	781.071
78 	658.419	2335.03	4660.45	749.659
79 	658.419	2339.47	4977.3 	724.101
80 	658.419	2314.79	4629.14	692.052
81 	658.419	2296.05	4562.59	696.569
82 	658.419	2274.03	4681.74	697.158
83 	658.419	2246.64	4722.47	712.029
84 	658.419	2243.14	4723.12	695.7  
85 	658.419	2245.4 	4637.02	713.386
86 	649.954	2236.41	4990.68	744.376
87 	649.954	2228.21	4990.68	741.783
88 	536.28 	2203.45	4468.34	707.722
89 	536.28 	2181   	4277.85	687.334
90 	536.28 	2153.19	4184.19	658.401
91 	536.28 	2138.66	4288.32	667.291
92 	522.557	2158.9 	4370.2 	693.919
93 	522.557	2134.71	4200.47	663.448
94 	522.557	2124.56	4764.08	649.943
95 	522.557	2108.61	4581.43	658.183
96 	522.557	2101.61	4425.56	656.529
97 	522.557	2087.04	4262.04	643.759
98 	522.557	2053.3 	4609.79	641.392
99 	522.557	2045.07	4209.31	616.69 
100	522.557	2043.29	4333.14	619.166
101	522.557	2024.29	4203.99	616.173
102	522.557	2018.34	4590.6 	626.176
103	499.112	1995.97	4590.6 	618.353
104	499.112	1997.6 	4511.15	614.768
105	499.112	1997.01	4082.01	620.863
106	499.112	1987.05	4474.91	607.159
107	499.112	1940.44	3818.99	572.935
108	499.112	1947.58	3825.74	572.18 
109	499.112	1944.32	3863.67	582.259
110	477.006	1931.93	3863.28	577.001
111	477.006	1925.78	3942.41	583.611
112	477.006	1915.47	3951.47	565.015
113	477.006	1908.28	3843.24	565.752
114	477.006	1883.4 	3710.01	543.504
115	477.006	1870.87	3949.82	558.657
116	477.006	1860.5 	3843.5 	561.081
117	477.006	1837.11	3783.21	545.759
118	477.006	1830.57	3568.33	544.443
119	477.006	1831.65	3451.24	544.668
120	477.006	1824.21	3612.44	545.118
121	477.006	1814.29	3534.59	543.554
122	477.006	1815.98	3519.93	541.936
123	477.006	1812.79	3838.61	557.762
124	477.006	1792.05	3555.69	529.75 
125	477.006	1772.34	3585.84	520.07 
126	477.006	1765.19	3490.43	514.771
127	477.006	1753.45	3507.17	490.312
128	477.006	1742.63	3585.87	482.523
129	477.006	1730.31	3479.42	483.071
130	477.006	1715.99	3745.12	489.801
131	477.006	1709.94	3397.75	481.278
132	477.006	1704.8 	3739.37	497.435
133	477.006	1700.71	3739.37	477.01 
134	477.006	1694.41	3674.22	481.695
135	477.006	1688.46	3579.83	504.182
136	477.006	1687.11	3395.96	500.137
137	477.006	1683.43	3272.78	498.729
138	477.006	1665.85	3323.17	488.05 
139	477.006	1657.62	3314.94	475.121
140	477.006	1644.52	3284.8 	466.073
141	477.006	1647.78	3156.9 	454.433
142	477.006	1630.28	3279.61	460.716
143	477.006	1620.32	3301.09	435.404
144	477.006	1609.97	3315.59	432.868
145	477.006	1599.05	2979.52	446.405
146	477.006	1580.86	2965.93	432.937
147	477.006	1587.14	3006.74	419.808
148	477.006	1580.34	2899.65	415.977
149	477.006	1571.98	3258.21	445.067
150	477.006	1565.91	3017.5 	449.044
151	477.006	1557.16	2891.96	445.917
152	477.006	1562.82	2890.47	445.998
153	477.006	1545.19	3014.66	426.954
154	477.006	1558.59	2889.95	430.721
155	477.006	1543.75	3114.78	417.018
156	477.006	1558.14	3001.36	423.062
157	477.006	1543.69	3141.91	416.977
158	477.006	1535.67	2778.5 	391.19 
159	477.006	1535.07	2847.58	408.427
160	477.006	1524.89	2993.67	409.69 
161	477.006	1512.67	2853.57	393.66 
162	477.006	1511.34	2726.02	387.875
163	477.006	1507.42	2782.47	385.967
164	477.006	1504.29	2752.55	385.686
165	477.006	1490.39	2746.87	380.338
166	477.006	1495.69	2678.22	385.388
167	477.006	1490.26	2680.27	390.01 
168	477.006	1488.81	2627.82	389.566
169	477.006	1481.7 	2546.48	382.254
170	477.006	1472.24	2564.61	364.321
171	477.006	1462.49	2576.24	356.378
172	477.006	1466.07	3002.04	359.634
173	477.006	1453.98	3002.04	371.811
174	477.006	1447.88	2695.27	373.403
175	477.006	1442.45	2595.63	348.76 
176	477.006	1440.6 	2664.05	348.699
177	477.006	1438.34	2787.11	367.713
178	477.006	1436.22	2732.86	347.882
179	477.006	1431.9 	2764.39	356.105
180	477.006	1419.98	2629.88	338.218
181	477.006	1414.16	2392.89	335.544
182	477.006	1414.03	2819.92	346.343
183	477.006	1404.21	2747.54	326.98 
184	477.006	1398.76	2372.96	323.784
185	477.006	1401.39	2272.23	323.372
186	477.006	1396.4 	2659.74	333.047
187	477.006	1390.57	2490.75	340.112
188	477.006	1386.71	2442.21	329.793
189	477.006	1385.77	2442.21	323.988
190	477.006	1388.98	2367.62	329.558
191	477.006	1379.71	2367.62	314.063
192	477.006	1377.64	2475.97	320.713
193	477.006	1373.72	2715.5 	333.791
194	477.006	1367.89	2523.39	318.409
195	477.006	1361.83	2461.64	327.56 
196	477.006	1358.48	2479.56	319.139
197	477.006	1357.45	2395.85	313.485
198	477.006	1351.91	2363.57	317.717
199	477.006	1336.85	2426.7 	312.096
Result of algorithm run: SUCCESS, 0, 0, 477.005969, 0
