gen	min    	avg    	max    	std    
0  	1629.69	4481.76	9613.45	1504.63
1  	1629.69	4465.06	9493.09	1502.36
2  	1438.03	4362.46	8948.3 	1442.89
3  	1401.22	4318.06	9320.24	1462.01
4  	1324.46	4282.08	9573.88	1465.79
5  	1089.44	4224.03	9665.5 	1490.8 
6  	1089.44	4205.03	9803.26	1452.94
7  	1010.13	4173.05	8316.22	1415.9 
8  	1010.13	4099.65	9163.36	1369.49
9  	1010.13	4107.09	9568.02	1416.54
10 	1010.13	4073.25	8907.03	1401.37
11 	1010.13	4051.86	8957.87	1342.9 
12 	1010.13	3975.8 	8349.78	1296.06
13 	1010.13	3938.99	8560.93	1277.7 
14 	1010.13	3902.05	8657.26	1260.81
15 	1010.13	3856.7 	7813.58	1213.01
16 	1010.13	3833.14	8438.48	1214.98
17 	1010.13	3809.81	8438.48	1216.64
18 	1010.13	3798.24	7641.66	1212.31
19 	1010.13	3775.08	8134.77	1200.64
20 	1010.13	3713.34	8259.51	1221.17
21 	991.284	3669.04	8453.44	1248.9 
22 	901.013	3626.07	8436.22	1254.27
23 	901.013	3580.12	8189.81	1201.49
24 	901.013	3577.05	9374.74	1256.39
25 	901.013	3564.09	8523.75	1237.68
26 	901.013	3500.28	7525.53	1194.52
27 	901.013	3490.19	7682.9 	1191.84
28 	901.013	3494.23	7655.02	1159.32
29 	901.013	3423.27	8034.37	1182.98
30 	901.013	3399.27	8019.32	1195.55
31 	901.013	3365.11	7925.46	1157.84
32 	901.013	3340.9 	6857.08	1085.55
33 	901.013	3327.1 	7582.86	1071.15
34 	683.86 	3295.94	7150.75	1041.84
35 	670.642	3258.21	6871.51	1041.1 
36 	670.642	3208.96	7412.83	1055.38
37 	670.642	3173.89	7308.1 	1024.48
38 	670.642	3139.44	7218.45	1036.13
39 	670.642	3138.61	7371.22	1078.59
40 	670.642	3140.6 	6736.54	1098.23
41 	670.642	3104.61	7060.08	1050.3 
42 	670.642	3042.99	6927.15	1007.76
43 	670.642	3024.77	7348.18	998.198
44 	670.642	2995.5 	6589.44	986.586
45 	670.642	2961.83	6196.32	956.707
46 	670.642	2986.57	6058.56	944.703
47 	670.642	2947.56	6170.01	930.645
48 	670.642	2937.48	6979.49	961.265
49 	670.642	2922.78	6299.6 	972.332
50 	670.642	2939.22	6222.59	959.991
51 	670.642	2897.59	5952.53	984.815
52 	670.642	2851.57	6095.28	974.806
53 	670.642	2820.36	6294.82	970.097
54 	670.642	2805.62	5976.38	958.691
55 	670.642	2766.92	5888.31	925.739
56 	670.642	2755.49	6084.99	894.779
57 	670.642	2727.66	6118.93	904.37 
58 	670.642	2715.88	6102.54	900.185
59 	670.642	2697.46	5384.71	890.152
60 	670.642	2673.53	5395.8 	858.822
61 	670.642	2634.43	5801.2 	844.718
62 	670.642	2610.53	5241.1 	872.092
63 	670.642	2609.88	5725.31	865.571
64 	670.642	2601.85	5581.19	865.166
65 	653.078	2581.96	6154.95	876.824
66 	653.078	2556.21	5693.4 	843.108
67 	653.078	2546.46	5910.52	854.372
68 	653.078	2512.05	6099.12	830.542
69 	653.078	2496.32	5715.9 	808.115
70 	653.078	2486.9 	5514.26	796.94 
71 	653.078	2452.09	5560.58	778.443
72 	653.078	2448.54	5196.88	774.743
73 	653.078	2438.65	5151.44	774.223
74 	653.078	2416.72	5250.32	777.114
75 	653.078	2416.75	5037.94	828.134
76 	653.078	2399.47	5383.26	827.976
77 	653.078	2374.55	5508.07	803.488
78 	653.078	2345.91	5038.71	770.325
79 	653.078	2339.77	4960.25	766.267
80 	653.078	2326.88	4691.6 	715.093
81 	653.078	2296.28	4313.28	682.851
82 	611.452	2289.02	4799.71	701.483
83 	611.452	2277.64	4747.35	716.058
84 	611.452	2266.51	4611.05	721.918
85 	525.043	2254.36	4907.62	710.434
86 	525.043	2197.01	4953.26	663.382
87 	525.043	2198.92	4417.86	655.991
88 	525.043	2192.06	4359.19	670.375
89 	525.043	2174.4 	4476.61	674.121
90 	525.043	2170.15	4449.14	656.02 
91 	525.043	2132.38	4601.5 	646.369
92 	525.043	2133.18	4399.82	653.573
93 	525.043	2113.25	4238.58	643.868
94 	525.043	2092.12	4482.8 	652.237
95 	525.043	2078.09	4260.5 	664.003
96 	525.043	2054.06	4049.52	612.393
97 	525.043	2046.24	4113.5 	603.203
98 	525.043	2047.67	4362.67	637.027
99 	525.043	2022.52	4555.73	607.688
100	525.043	2010.25	4333.42	594.942
101	525.043	1999.58	3910.35	590.401
102	525.043	1979.72	4597.16	591.391
103	450.415	1956.14	3808.92	547.062
104	450.415	1954.89	4042.39	576.893
105	450.415	1938.63	3912.55	567.906
106	450.415	1935.63	3654.71	572.547
107	450.415	1936.52	4521.05	571.647
108	450.415	1921.2 	4206.7 	580.779
109	450.415	1918.7 	4079.17	568.285
110	450.415	1895.72	4045.34	588.569
111	450.415	1880.27	4199.59	577.862
112	450.415	1884.28	4199.59	556.887
113	450.415	1899.91	4135.86	574.057
114	450.415	1867.38	3936.67	560.665
115	450.415	1859.73	3691.22	538.894
116	450.415	1861.71	4367.73	550.487
117	450.415	1846.44	4274.38	553.241
118	450.415	1837.99	3900.72	536.597
119	450.415	1829.73	3793.12	530.674
120	450.415	1831.24	3869.09	544.261
121	450.415	1811.57	3661.58	536.56 
122	450.415	1795   	3548.01	527.761
123	450.415	1800.48	3699.57	523.394
124	450.415	1791.78	4122.52	520.085
125	450.415	1773.14	3643.19	495.114
126	450.415	1756.29	3784.77	495.897
127	450.415	1761.18	3444.7 	489.955
128	450.415	1749.81	3935.33	493.828
129	450.415	1740.66	3803.49	498.513
130	450.415	1721.65	3499.06	472.513
131	450.415	1709.34	3720.06	485.404
132	450.415	1707.55	3553.95	474.945
133	450.415	1686.36	3309.91	481.475
134	450.415	1671.86	3210.06	441.867
135	450.415	1661.55	3169.85	439.867
136	450.415	1655.84	3055.15	441.902
137	450.415	1653.52	3549.14	437.526
138	450.415	1660.66	3441.92	461.182
139	438.743	1633.4 	3309.85	443.993
140	438.743	1631.71	3141.74	447.566
141	438.743	1622.75	3153.68	441.237
142	438.743	1620   	3159.37	430.219
143	438.743	1610.86	3165.09	426.185
144	433.451	1612.28	3233.28	443.756
145	433.451	1615.53	3169.87	426.723
146	423.92 	1607.42	3126.7 	418.258
147	415.222	1593.7 	3023.36	414.682
148	415.222	1581.73	2962.12	413.197
149	415.222	1578.11	3039.31	403.558
150	415.222	1561.53	2814.82	410.661
151	415.222	1554.34	3053.23	407.387
152	415.222	1548.72	2694.59	411.691
153	415.222	1541.51	2816.55	405.502
154	415.222	1543.79	3229.49	412.005
155	415.222	1539.14	3035.54	417.038
156	415.222	1518.23	3184.68	397.66 
157	415.222	1505.21	2821.5 	383.553
158	415.222	1494.15	2629.66	383.241
159	415.222	1498.59	2727.3 	388.021
160	415.222	1497.48	2665.94	380.431
161	415.222	1483.56	2699.66	365.518
162	415.222	1490.56	2685.25	369.575
163	415.222	1485.62	2776.66	376.95 
164	415.222	1467.86	2719.52	361.837
165	415.222	1464.52	2800.54	366.226
166	415.222	1464.51	2813.76	378.447
167	415.222	1465.2 	2702.61	372.961
168	415.222	1456.86	2658.56	360.364
169	415.222	1449.51	2581.27	365.426
170	415.222	1435.74	2900.36	347.184
171	415.222	1430.4 	2690.62	347.868
172	415.222	1431.18	2499.47	364.052
173	415.222	1427.86	2571.99	351.549
174	415.222	1427.52	2494.41	354.745
175	415.222	1421   	2675.53	356.191
176	415.222	1435.75	2884.55	374.671
177	415.222	1425.42	2676.78	353.565
178	415.222	1417.16	2708.43	343.489
179	415.222	1407.86	2691.79	344.306
180	399.802	1402.89	2429.08	352.106
181	399.802	1397.85	2526.12	342.82 
182	399.802	1390.12	2533.28	343.191
183	399.802	1382.96	2564.63	345.315
184	399.802	1380.81	2604.64	357.615
185	399.802	1376.41	2402.74	336.365
186	399.802	1363.43	2457.76	322.519
187	380.439	1366.01	2510.05	327.665
188	380.439	1364.34	2510.05	318.371
189	380.439	1357.97	2764.93	309.48 
190	380.439	1351.04	2327.26	318.417
191	380.439	1346.29	2637.87	309.843
192	380.439	1345.6 	2279.95	309.231
193	380.439	1340.67	2279.95	304.707
194	380.439	1337.07	2301.17	315.436
195	380.439	1327.69	2217.13	311.205
196	380.439	1328.08	2521.27	310.448
197	380.439	1323.23	2553.42	316.295
198	380.439	1319.27	2220.69	314.938
199	380.439	1320.2 	2347.64	310.281
Result of algorithm run: SUCCESS, 0, 0, 380.439331, 0
