gen	min   	avg        	max        	std   
0  	401604	1.44548e+06	2.62899e+06	408044
1  	401604	1.42365e+06	2.55969e+06	413693
2  	401604	1.40506e+06	2.88335e+06	417433
3  	401604	1.38598e+06	2.70603e+06	428491
4  	383098	1.36827e+06	2.69811e+06	424411
5  	383098	1.35174e+06	2.64397e+06	426012
6  	309537	1.33503e+06	2.77703e+06	424872
7  	309537	1.32194e+06	2.73363e+06	418181
8  	307579	1.31388e+06	2.72575e+06	422304
9  	307579	1.30029e+06	2.54327e+06	418617
10 	307579	1.2865e+06 	2.46679e+06	401798
11 	307579	1.27099e+06	2.59959e+06	401760
12 	307579	1.25567e+06	2.28462e+06	408931
13 	307579	1.24265e+06	2.42416e+06	415339
14 	307579	1.22437e+06	2.3243e+06 	410638
15 	304900	1.21181e+06	2.42482e+06	395418
16 	249162	1.19539e+06	2.19741e+06	380303
17 	249162	1.17978e+06	2.27963e+06	383946
18 	246452	1.16896e+06	2.15906e+06	385546
19 	246452	1.15501e+06	2.37572e+06	390638
20 	246452	1.14184e+06	2.29503e+06	390858
21 	246452	1.12768e+06	2.21122e+06	387629
22 	246452	1.11307e+06	2.26689e+06	394190
23 	234878	1.09398e+06	2.37184e+06	393764
24 	213737	1.08129e+06	2.05826e+06	378684
25 	187533	1.06959e+06	2.07739e+06	386319
26 	187533	1.05684e+06	2.28984e+06	380291
27 	163979	1.04376e+06	2.1686e+06 	374250
28 	163979	1.02814e+06	2.24753e+06	366826
29 	163979	1.01494e+06	2.16058e+06	358305
30 	163979	1.00349e+06	2.07876e+06	358803
31 	163979	992394     	2.03769e+06	360998
32 	163979	981385     	2.17102e+06	363069
33 	144036	968202     	1.98959e+06	352151
34 	133333	953401     	1.94206e+06	345337
35 	133333	944869     	1.96504e+06	330621
36 	133333	930421     	1.82726e+06	320660
37 	133333	918775     	1.82711e+06	339165
38 	133333	905733     	1.93725e+06	329504
39 	133333	896272     	1.88042e+06	325927
40 	133333	887811     	1.90462e+06	329866
41 	133333	880460     	1.88455e+06	330198
42 	133333	868054     	1.84871e+06	324923
43 	116681	856618     	1.84843e+06	325380
44 	116681	846156     	1.86406e+06	329044
45 	116681	836075     	1.82638e+06	321841
46 	116681	827204     	1.96485e+06	332047
47 	116681	814821     	2.10728e+06	327050
48 	116681	805567     	2.02317e+06	316288
49 	116681	795696     	1.71486e+06	315557
50 	116681	782905     	1.66548e+06	295604
51 	116681	772036     	1.64488e+06	304392
52 	112389	761658     	1.72595e+06	300485
53 	109256	749848     	1.70676e+06	290607
54 	109256	740671     	1.7386e+06 	290372
55 	109256	731629     	1.6486e+06 	290900
56 	109256	719492     	1.62849e+06	289687
57 	109256	711497     	1.54314e+06	274327
58 	109256	701965     	1.52323e+06	270967
59 	109256	695250     	1.6039e+06 	271151
60 	109256	687272     	1.61694e+06	262787
61 	109256	679354     	1.67472e+06	264089
62 	98889.6	669452     	1.56182e+06	256974
63 	98889.6	663028     	1.48137e+06	267642
64 	98889.6	653864     	1.82344e+06	262759
65 	98889.6	647989     	1.63841e+06	257833
66 	98682.9	641907     	1.57401e+06	247834
67 	98682.9	633892     	1.62206e+06	250776
68 	98682.9	624908     	1.51458e+06	241011
69 	82291.6	614992     	1.5021e+06 	245554
70 	82291.6	608529     	1.44824e+06	249189
71 	82291.6	599817     	1.41915e+06	243317
72 	82291.6	592332     	1.57202e+06	243617
73 	82291.6	585986     	1.41134e+06	232830
74 	82291.6	578356     	1.23232e+06	218528
75 	82291.6	570984     	1.24577e+06	219723
76 	82291.6	564913     	1.22369e+06	223586
77 	82291.6	557845     	1.22819e+06	223452
78 	82291.6	549912     	1.27512e+06	217607
79 	82291.6	545326     	1.28158e+06	218612
80 	66376.7	537016     	1.30004e+06	220490
81 	66376.7	531446     	1.19015e+06	211434
82 	66376.7	527188     	1.22969e+06	210871
83 	66376.7	521288     	1.20335e+06	208057
84 	66376.7	516720     	1.14818e+06	206377
85 	66376.7	512053     	1.07906e+06	198273
86 	66376.7	505566     	1.16094e+06	196570
87 	66376.7	501387     	1.1422e+06 	197307
88 	66376.7	496507     	1.07272e+06	192647
89 	66376.7	491385     	1.07348e+06	190711
90 	66376.7	487993     	1.17702e+06	194585
91 	66376.7	480919     	1.24343e+06	193061
92 	66376.7	475414     	1.18587e+06	192102
93 	66376.7	469454     	1.04891e+06	188022
94 	66376.7	466179     	1.02974e+06	188985
95 	66376.7	461808     	1.03529e+06	181551
96 	66376.7	456363     	1.07e+06   	172334
97 	66376.7	451940     	1.01859e+06	175611
98 	66376.7	448371     	1.05248e+06	179425
99 	66376.7	444956     	1.13482e+06	181960
100	66376.7	440573     	1.08527e+06	182042
101	66376.7	434553     	1.1421e+06 	183299
102	66376.7	431382     	1.13716e+06	183561
103	66376.7	426764     	1.00632e+06	173944
104	66376.7	422341     	1.01254e+06	172692
105	66376.7	417869     	1.09513e+06	171821
106	66376.7	414610     	1.09313e+06	171767
107	66376.7	409966     	1.0622e+06 	170078
108	66376.7	406340     	1.06871e+06	164481
109	66376.7	402029     	1.03668e+06	154232
110	66376.7	398541     	957413     	153979
111	66376.7	394389     	974310     	153099
112	62286.2	390721     	1.01626e+06	158316
113	62286.2	387057     	869159     	156515
114	62286.2	383719     	984942     	158618
115	62286.2	380731     	901660     	149530
116	62167.7	377217     	879594     	147889
117	59459.3	374515     	877456     	145812
118	59459.3	372315     	879044     	144580
119	45066.1	369425     	911698     	145971
120	44743.2	365819     	880586     	144529
121	44743.2	363065     	827555     	139724
122	44743.2	359923     	776893     	133605
123	44743.2	356912     	898353     	134053
124	44732.5	354234     	798673     	134979
125	44732.5	352084     	778226     	133133
126	44732.5	348193     	774658     	135689
127	44732.5	344717     	749456     	134357
128	44732.5	341932     	787716     	134431
129	44732.5	339172     	811657     	130186
130	44732.5	335471     	754339     	128740
131	44732.5	333037     	887601     	128384
132	44732.5	330518     	888750     	125042
133	44732.5	327724     	858222     	126575
134	36092.8	323518     	766849     	124163
135	35878.1	319345     	822160     	122250
136	34831.1	316298     	817675     	122979
137	34831.1	314154     	757656     	122760
138	34831.1	311236     	712912     	117335
139	34831.1	308536     	717599     	114960
140	34831.1	306054     	706545     	111131
141	34831.1	303572     	674378     	111040
142	34831.1	300334     	724794     	110499
143	34831.1	298245     	652827     	105936
144	34831.1	295467     	664584     	106911
145	34831.1	293884     	701399     	106654
146	34831.1	292245     	699227     	106678
147	34831.1	289917     	670775     	105811
148	34831.1	286927     	760682     	107376
149	34831.1	284571     	725894     	104744
150	34831.1	282430     	735862     	103908
151	34831.1	280072     	681321     	104305
152	34248.9	277530     	663852     	103380
153	34248.9	276005     	654526     	100354
154	34248.9	274378     	660000     	102255
155	34248.9	272845     	599010     	98400.3
156	34248.9	271309     	592017     	94124.7
157	34248.9	268888     	610476     	93980.9
158	34248.9	267038     	610476     	91825.7
159	34248.9	265030     	590462     	93407.5
160	34248.9	263196     	587281     	94875.3
161	34248.9	260948     	605337     	93600.1
162	34248.9	259258     	575848     	88799.5
163	34248.9	257231     	550284     	89226.3
164	34248.9	255472     	557879     	90689.8
165	34248.9	253645     	622755     	88489.1
166	34248.9	251496     	536643     	85203.3
167	34248.9	249822     	609057     	87433.1
168	34248.9	247087     	607212     	81956.2
169	34248.9	245624     	505308     	83077.6
170	34248.9	244064     	503397     	78147.7
171	34248.9	242983     	531714     	81522.3
172	34248.9	241262     	498317     	79779.4
173	34248.9	239867     	485963     	78376.1
174	34248.9	237888     	510495     	78227.8
175	34248.9	236022     	507161     	77469.6
176	34248.9	234466     	537708     	75613.5
177	34248.9	232593     	510616     	75693.9
178	34248.9	231373     	474224     	74049.7
179	32206.9	230349     	479341     	72205.6
180	32206.9	228666     	481852     	68876.8
181	32206.9	227438     	514148     	68781.2
182	30238.5	226178     	502746     	69349.5
183	30238.5	225042     	444316     	68030.8
184	30238.5	224345     	485182     	66971.4
185	30238.5	223061     	452363     	68034.7
186	30238.5	221773     	511709     	69147.6
187	30238.5	220571     	474298     	67162.3
188	30238.5	219251     	489301     	66218.5
189	30238.5	218341     	528974     	64832.6
190	30238.5	217347     	469452     	64098.7
191	30238.5	216611     	470430     	64074.6
192	30238.5	215526     	474617     	62915.3
193	30238.5	214658     	415727     	61187.8
194	30238.5	213707     	416657     	59221.2
195	30238.5	213284     	425504     	60690.6
196	30238.5	212253     	468066     	62754.8
197	30238.5	211577     	429592     	60789.8
198	30238.5	210384     	416536     	59849.1
199	30238.5	209422     	409914     	56754.2
Result of algorithm run: SUCCESS, 0, 0, 30238.477194, 0
