gen	min   	avg        	max        	std   
0  	394714	1.44701e+06	2.80166e+06	423054
1  	394714	1.43109e+06	2.90997e+06	441146
2  	394714	1.41342e+06	2.81114e+06	453615
3  	394714	1.40201e+06	2.67805e+06	445508
4  	394714	1.38466e+06	2.67536e+06	429994
5  	300337	1.37055e+06	2.67818e+06	434094
6  	300337	1.35424e+06	2.50767e+06	409720
7  	298166	1.33625e+06	2.47224e+06	394900
8  	252484	1.31965e+06	2.29893e+06	407581
9  	204087	1.30627e+06	2.47459e+06	410821
10 	204087	1.29141e+06	2.70735e+06	427318
11 	204087	1.27804e+06	2.61815e+06	425688
12 	204087	1.26186e+06	2.6095e+06 	423015
13 	204087	1.24282e+06	2.71616e+06	424922
14 	201567	1.22929e+06	2.41743e+06	419545
15 	191460	1.21649e+06	2.38416e+06	411003
16 	191460	1.20365e+06	2.38416e+06	420243
17 	191460	1.19142e+06	2.42174e+06	411188
18 	191460	1.17975e+06	2.61784e+06	410911
19 	174564	1.16703e+06	2.46364e+06	412368
20 	174564	1.15208e+06	2.35509e+06	395422
21 	174564	1.13864e+06	2.32477e+06	395312
22 	174564	1.12824e+06	2.31099e+06	382791
23 	174564	1.11751e+06	2.30746e+06	371322
24 	115858	1.1103e+06 	2.14797e+06	365696
25 	115858	1.09789e+06	2.23739e+06	363261
26 	115858	1.08441e+06	2.17905e+06	366348
27 	115858	1.07339e+06	2.2339e+06 	363260
28 	115858	1.06113e+06	2.22427e+06	366134
29 	115858	1.049e+06  	2.10697e+06	359935
30 	115858	1.03511e+06	2.20669e+06	360490
31 	115858	1.02274e+06	2.06901e+06	351510
32 	115858	1.01302e+06	2.01014e+06	348339
33 	115858	1.00226e+06	2.09443e+06	353987
34 	115858	989545     	1.98746e+06	348012
35 	115858	979049     	2.19808e+06	354939
36 	115858	970616     	1.98488e+06	344926
37 	115858	960444     	1.98234e+06	346311
38 	115858	948393     	2.10522e+06	346977
39 	115858	937184     	2.01106e+06	327258
40 	115858	928406     	1.89528e+06	335149
41 	115858	917375     	1.88125e+06	325812
42 	115858	906499     	1.85508e+06	327172
43 	115858	897530     	1.86095e+06	329428
44 	110881	886515     	2.02463e+06	343782
45 	110881	873937     	1.99933e+06	334947
46 	110881	860096     	1.99356e+06	322376
47 	110881	847179     	1.99008e+06	323598
48 	110881	837130     	2.15737e+06	317959
49 	110881	824807     	1.90691e+06	309262
50 	110881	814192     	1.94493e+06	307639
51 	110881	804878     	1.94493e+06	314954
52 	110881	792411     	1.82652e+06	311922
53 	110881	783628     	1.76169e+06	307959
54 	104013	775939     	1.81705e+06	309437
55 	104013	765944     	1.72492e+06	299232
56 	104013	756666     	1.74261e+06	288950
57 	104013	746403     	1.84153e+06	305157
58 	104013	736360     	1.66121e+06	296994
59 	104013	728209     	1.64108e+06	293957
60 	104013	718941     	1.64108e+06	293252
61 	104013	709251     	1.5574e+06 	286803
62 	104013	700591     	1.5447e+06 	277980
63 	104013	692513     	1.51251e+06	274267
64 	104013	686937     	1.51253e+06	266746
65 	104013	678891     	1.43837e+06	270029
66 	104013	671351     	1.58694e+06	270189
67 	104013	663909     	1.48087e+06	261698
68 	104013	656334     	1.44461e+06	244263
69 	104013	648595     	1.35277e+06	247133
70 	104013	642343     	1.40456e+06	250953
71 	104013	635188     	1.44482e+06	255246
72 	104013	630924     	1.45536e+06	251578
73 	104013	625042     	1.46505e+06	246452
74 	104013	618339     	1.49943e+06	259568
75 	104013	611400     	1.45763e+06	260190
76 	104013	602522     	1.45364e+06	263392
77 	104013	594865     	1.74899e+06	250473
78 	104013	589022     	1.5772e+06 	243081
79 	104013	582947     	1.45611e+06	241721
80 	95796.7	577354     	1.43687e+06	235275
81 	95796.7	571127     	1.38557e+06	234588
82 	95796.7	566951     	1.42555e+06	231832
83 	95796.7	561762     	1.33491e+06	233871
84 	95796.7	556132     	1.21406e+06	228893
85 	95796.7	549585     	1.29329e+06	225103
86 	95796.7	544394     	1.32964e+06	225198
87 	95796.7	536542     	1.2289e+06 	219190
88 	95796.7	530495     	1.26255e+06	211568
89 	78264.5	525034     	1.25516e+06	210275
90 	78264.5	520375     	1.14545e+06	206576
91 	78264.5	516430     	1.14545e+06	205807
92 	78264.5	510605     	1.23895e+06	203148
93 	78264.5	506249     	1.24356e+06	209959
94 	78264.5	501514     	1.20485e+06	204386
95 	78264.5	496554     	1.19008e+06	203136
96 	78264.5	492179     	1.1561e+06 	198621
97 	78264.5	486043     	1.29101e+06	203706
98 	78264.5	480266     	1.1032e+06 	201121
99 	78264.5	475009     	1.33464e+06	201915
100	78264.5	471133     	1.2837e+06 	197216
101	78264.5	467055     	1.21071e+06	189920
102	78264.5	460768     	1.17417e+06	189708
103	69335.7	457641     	1.04662e+06	191486
104	69335.7	452704     	1.1008e+06 	191347
105	69335.7	446836     	1.33814e+06	190202
106	69335.7	442550     	1.03204e+06	185234
107	69335.7	436880     	1.27119e+06	180775
108	69335.7	432828     	1.0211e+06 	171915
109	69335.7	429503     	1.02463e+06	169545
110	69335.7	425559     	975338     	173835
111	69335.7	418919     	975370     	175432
112	69335.7	415407     	971109     	176862
113	66292.8	411703     	971109     	170597
114	66292.8	408366     	988225     	169686
115	66292.8	403078     	985293     	164671
116	66292.8	399719     	966370     	166548
117	65186.4	394571     	995601     	163213
118	65186.4	390392     	978280     	161112
119	65186.4	385904     	869734     	156063
120	64363  	381554     	907600     	160647
121	64363  	377714     	891000     	161971
122	64363  	374156     	905757     	163512
123	64363  	370365     	938321     	158235
124	64363  	366095     	825864     	146455
125	64363  	362913     	792631     	143725
126	64363  	360026     	829469     	147518
127	64363  	356507     	921222     	146790
128	64363  	351547     	998359     	144110
129	64363  	348320     	919676     	140128
130	64363  	344534     	889733     	136457
131	64363  	341911     	791228     	135451
132	64363  	339259     	825448     	131810
133	64363  	336035     	790870     	132409
134	64363  	332456     	802238     	126128
135	64363  	329332     	757621     	128642
136	64363  	325702     	850926     	125603
137	64363  	323072     	744077     	124020
138	60027.8	320499     	744077     	125697
139	60027.8	316970     	729610     	122908
140	60027.8	313351     	747175     	120180
141	60027.8	310491     	702398     	119289
142	60027.8	308124     	727950     	117137
143	60027.8	304942     	708822     	115189
144	60027.8	302350     	689679     	110754
145	60027.8	299586     	646774     	112993
146	60027.8	297027     	780672     	113694
147	59885  	295254     	706451     	110793
148	59885  	293495     	706451     	112223
149	59885  	290727     	681269     	113198
150	59885  	288870     	667310     	110629
151	59885  	286119     	658784     	112580
152	59885  	284946     	658784     	110689
153	59885  	282825     	660191     	104339
154	59885  	279562     	659650     	103911
155	59885  	277082     	613070     	101952
156	59885  	275067     	600345     	99742.1
157	59885  	272822     	608642     	96831.5
158	59885  	271444     	603271     	97237.6
159	59885  	269488     	580692     	94626.2
160	59885  	268459     	598875     	94301.6
161	59885  	266332     	643796     	95865.9
162	59885  	263839     	642898     	94157.7
163	59885  	261509     	617598     	91403.3
164	59885  	260072     	587919     	89029.2
165	59885  	258534     	617400     	88897.7
166	58362.2	256735     	684180     	88365.6
167	58362.2	254175     	633438     	88728  
168	58362.2	253083     	598780     	86330.5
169	58362.2	251442     	550953     	84211.5
170	58362.2	250306     	582270     	87878.2
171	58362.2	248811     	554783     	87115.3
172	58362.2	247741     	526994     	85034.5
173	58362.2	245789     	581317     	85379.8
174	58362.2	244205     	589581     	83030.2
175	58362.2	242658     	531893     	78409  
176	58362.2	241092     	636566     	80456.6
177	58362.2	239991     	518255     	78150.4
178	58362.2	238339     	558817     	77727.6
179	58362.2	236535     	509844     	75231  
180	55972.9	235089     	503570     	75733.8
181	55972.9	234236     	530461     	74506  
182	55972.9	232431     	519686     	75470.3
183	55972.9	230035     	545869     	67730.6
184	55972.9	229085     	456628     	68274.1
185	55972.9	227845     	466373     	68456.3
186	55972.9	227182     	457719     	67165.6
187	55972.9	226083     	450518     	66616.7
188	55972.9	225214     	480383     	67871.2
189	55972.9	224121     	451296     	66713.9
190	55972.9	223044     	473746     	67171.4
191	55972.9	221606     	491118     	68150.2
192	55972.9	220088     	474654     	65372.8
193	55972.9	219075     	446059     	62503.4
194	55972.9	218018     	439193     	61416.1
195	55972.9	217159     	456084     	61836  
196	55972.9	216153     	457367     	59703.1
197	55972.9	215100     	490756     	61932.3
198	55972.9	214281     	452131     	59009.6
199	55972.9	213303     	448065     	59569.8
Result of algorithm run: SUCCESS, 0, 0, 55972.933238, 0
