gen	min   	avg   	max        	std   
0  	244470	832275	2.03369e+06	307825
1  	208844	812461	2.00862e+06	315953
2  	208844	793322	1.96297e+06	314733
3  	117296	780125	2.19074e+06	320746
4  	117296	764553	1.95683e+06	314065
5  	117296	749511	1.76842e+06	307848
6  	117296	738671	2.23351e+06	310039
7  	117296	711252	2.06468e+06	301478
8  	103013	691498	1.85609e+06	291466
9  	103013	690497	1.84576e+06	295899
10 	103013	661638	1.60855e+06	267964
11 	103013	651032	1.55272e+06	268999
12 	103013	628769	1.69244e+06	260060
13 	103013	626133	1.65666e+06	269817
14 	103013	608617	1.72822e+06	268884
15 	91544.3	589420	1.74136e+06	249634
16 	91544.3	580691	1.50735e+06	255317
17 	79556.2	570154	1.33999e+06	239230
18 	79556.2	562119	1.78184e+06	244643
19 	79556.2	549222	1.51599e+06	230726
20 	79556.2	545720	1.51599e+06	232228
21 	79556.2	534472	1.54579e+06	231840
22 	79556.2	528237	1.44804e+06	239589
23 	79556.2	511683	1.49621e+06	220992
24 	79556.2	512189	1.6532e+06 	248763
25 	79556.2	494619	1.43643e+06	226719
26 	79556.2	488865	1.45751e+06	233836
27 	79556.2	470491	1.33462e+06	202055
28 	79556.2	455124	1.33462e+06	204932
29 	79556.2	447309	1.25877e+06	207892
30 	79556.2	450822	1.40108e+06	213009
31 	79556.2	426456	1.29508e+06	189012
32 	55622.1	421605	1.01445e+06	183230
33 	53905.1	411371	1.14781e+06	187536
34 	53905.1	409315	1.2248e+06 	189107
35 	53905.1	401435	1.16062e+06	195449
36 	43272.7	392745	1.26817e+06	192096
37 	43272.7	375382	1.22203e+06	182745
38 	43272.7	371859	1.29047e+06	189320
39 	43272.7	362536	974622     	182917
40 	37058.5	352017	1.14783e+06	173279
41 	36668.4	334667	895941     	154046
42 	36668.4	331710	828621     	154040
43 	36668.4	324609	1.13393e+06	160524
44 	23876.8	324831	1.04306e+06	164438
45 	23876.8	317916	888756     	154515
46 	23876.8	315289	978068     	156614
47 	23055.3	304977	826031     	143530
48 	23055.3	299252	1.11859e+06	146190
49 	23055.3	295598	1.0916e+06 	144649
50 	23055.3	292781	877865     	144040
51 	23055.3	284654	857923     	143011
52 	23055.3	277853	824135     	143692
53 	23055.3	269442	823067     	139048
54 	23055.3	265082	903602     	144165
55 	18791.1	259999	861425     	139945
56 	18791.1	255534	888066     	143069
57 	18791.1	254947	915910     	141369
58 	12446.6	250830	706346     	127660
59 	12446.6	246054	708007     	126581
60 	12446.6	241612	741785     	126949
61 	12446.6	231059	817177     	123654
62 	12446.6	225687	723875     	117567
63 	12446.6	219467	799163     	121602
64 	12446.6	214910	723463     	119062
65 	8530.92	211686	710818     	116670
66 	8530.92	205396	752130     	119494
67 	8530.92	198564	732239     	111577
68 	8530.92	198156	732239     	115317
69 	8530.92	188682	711189     	104124
70 	8530.92	187137	587657     	102707
71 	8530.92	182147	612520     	102189
72 	8530.92	178936	566987     	101270
73 	8530.92	172239	563430     	98448.3
74 	7379.21	171598	673224     	97610.6
75 	7379.21	163909	638002     	96309.1
76 	7379.21	163239	620248     	97233  
77 	7379.21	156871	502132     	89273.9
78 	7116.72	156365	503364     	88281.7
79 	7116.72	153597	510810     	92548.9
80 	7116.72	149540	704113     	90472.6
81 	7116.72	147758	577701     	90255  
82 	5345.48	145421	588209     	91267.8
83 	5345.48	145183	532537     	89875.4
84 	5345.48	138603	538756     	87303  
85 	5345.48	134771	517543     	81231.8
86 	5345.48	132759	491359     	83427.1
87 	5345.48	129817	479861     	77354.4
88 	5345.48	126102	472980     	72808.1
89 	5345.48	123764	485147     	77342.6
90 	5345.48	121162	431946     	73272.5
91 	5345.48	116910	455240     	69303.1
92 	5345.48	116708	561492     	72436.1
93 	5345.48	110066	359915     	60086.6
94 	5345.48	109631	324404     	62181.3
95 	5345.48	107405	355810     	62350.3
96 	4710.14	106479	368025     	60801.8
97 	4710.14	106115	400486     	64074.6
98 	4710.14	103353	343550     	60403.7
99 	4710.14	103056	400885     	62852.2
100	4710.14	100293	400885     	63481.6
101	4710.14	98099.8	357368     	61824.6
102	4710.14	94460.6	423934     	62668.7
103	4710.14	91819.6	390561     	56978.4
104	4710.14	90549  	475285     	58176.3
105	3389.52	89666.6	290677     	57200.6
106	3389.52	88606.9	355921     	59699.2
107	3389.52	85212.6	355921     	54441.2
108	3389.52	83175.5	351242     	54688.9
109	3389.52	81573.4	350919     	55292.5
110	3389.52	79311.3	294314     	50489.2
111	3389.52	79180.6	282777     	51252.6
112	3265.64	77841.3	267868     	49897.1
113	3235.26	76475.7	269628     	47951.2
114	3235.26	73336.4	257182     	45361.8
115	3235.26	73399.3	252128     	47705.4
116	3235.26	70745.5	246833     	45264.5
117	3235.26	70534.4	272217     	46147.4
118	3235.26	69947  	283312     	47017.2
119	3235.26	69262.8	275683     	47520.1
120	3010.79	66510.2	254873     	43994.7
121	2970.67	63332.2	272108     	40578.8
122	2970.67	62528  	269790     	42334.4
123	2970.67	63046.3	270615     	42490  
124	2970.67	60511.6	290160     	40300.3
125	2970.67	58576.3	208044     	38475.1
126	2970.67	58291.9	223371     	40210.9
127	2393.57	57731.5	239125     	38583.2
128	2078.67	56857.7	218904     	37902.4
129	2078.67	55727.1	201093     	36971.7
130	2078.67	55152.6	218079     	37896.6
131	2078.67	53624  	208188     	35585.3
132	2078.67	51502.1	242946     	34063.4
133	2078.67	50617.6	247827     	36497.6
134	1671.85	49619.7	204910     	34851.2
135	1671.85	49567.1	203205     	35438.5
136	1671.85	48227.2	218813     	34841.3
137	1671.85	48153.6	230806     	35558.3
138	1671.85	47458.4	223013     	34901  
139	1671.85	46168  	270461     	33261.1
140	1671.85	45539.9	235134     	34071.8
141	1671.85	43452.8	175249     	29812.1
142	1671.85	42676.6	175063     	29401.6
143	1671.85	42652.2	171240     	29694.4
144	1671.85	41310.3	159069     	27815.7
145	1671.85	40698.2	151477     	28686.4
146	1671.85	39447.1	187514     	28199  
147	1671.85	39343  	204361     	29381.2
148	1671.85	38867.4	165381     	29533.4
149	1671.85	38439.1	178260     	29719.6
150	1589.92	37584.8	175645     	29994.9
151	1589.92	37313.8	164242     	29885.8
152	1589.92	36070.2	262755     	29273.3
153	1589.92	34893.1	154320     	25287.7
154	1589.92	34278  	161850     	25706.8
155	1589.92	33598.3	144551     	25421.1
156	1353.77	33013.1	157158     	25363.7
157	1353.77	31420  	131656     	23508.5
158	1353.77	30861.1	129628     	22143  
159	1353.77	30888.9	132951     	22482.1
160	1353.77	30363.5	142326     	23131.9
161	1353.77	29447.2	140895     	21544  
162	1250.28	28537.1	124194     	21523.8
163	1250.28	28158.3	147339     	22223.9
164	1250.28	27740.7	147339     	22115.5
165	1250.28	27208.9	133857     	21964.9
166	1250.28	27000.3	157724     	22118.4
167	1250.28	26848.1	128210     	21700.2
168	1250.28	25841.7	127351     	20269.2
169	1250.28	25188.6	110316     	19237.4
170	1250.28	24491.3	115817     	18167.3
171	1250.28	24273.1	123802     	17803  
172	1250.28	23734.7	88172.5    	17283  
173	1250.28	23948.1	107583     	18697.5
174	1250.28	23299.1	109748     	17749.8
175	1250.28	22854.4	102774     	17233.3
176	1250.28	22340.8	113821     	17722.5
177	1204.33	22042.7	111303     	17610.8
178	1204.33	21588.8	113939     	16547  
179	1204.33	21437.5	97804.8    	16603.4
180	1204.33	21125.9	112311     	16923.4
181	1204.33	20984.3	146615     	18435.8
182	1204.33	19872.7	101361     	15942.5
183	1204.33	19523  	97269.4    	15574.2
184	1204.33	19719  	95647.4    	16186.1
185	1204.33	18952.2	88748.1    	14750.9
186	1204.33	18839.6	94080.4    	14937.7
187	1204.33	18697.7	94080.4    	15315.8
188	1183.6 	18032.9	94444.4    	15018.6
189	1183.6 	17849.9	91671.2    	14806.6
190	1183.6 	17422.8	67766.4    	13918.4
191	1183.6 	17145.5	89611.7    	13669.9
192	1183.6 	16694.8	89432      	13127.8
193	1183.6 	16413.7	76720.7    	13051.1
194	1183.6 	16131.6	76222.2    	13197  
195	1183.6 	16034.2	83131.2    	13484  
196	1183.6 	15842.1	74124.9    	13033.4
197	1183.6 	15228  	94789.2    	12081.5
198	1183.6 	14844.2	83531.8    	11297.8
199	1183.6 	14579  	88807.4    	11178.9
Result of algorithm run: SUCCESS, 0, 0, 1183.600689, 0
