/usr/lib/python2.7/site-packages/deap/tools/_hypervolume/pyhv.py:33: ImportWarning: Falling back to the python version of hypervolume module. Expect this to be very slow.
  "module. Expect this to be very slow.", ImportWarning)
(5, 2006, 'EastJapan')
gen	min    	avg     	max     	std    
0  	-407100	-15411.8	-5052.83	26343.2
1  	-211206	-14698.7	-4996.99	19853  
2  	-204182	-14620.1	-4964.48	18248.7
3  	-172548	-14340  	-4964.48	16643.1
4  	-147010	-14248.1	-4880.12	15024.4
5  	-135763	-14041.8	-4880.12	14131.9
6  	-129433	-13945.9	-4880.12	12985.6
7  	-98786.6	-14084.7	-4880.12	11863.6
8  	-98780.1	-14017.8	-4847.94	11517.6
9  	-98780.1	-14147.3	-4847.94	11677.6
10 	-98782  	-14521.6	-4847.94	12080  
11 	-76635.1	-14521.3	-4847.94	11833.2
12 	-78474.7	-14675  	-4847.94	11592.6
13 	-243046 	-14902.4	-4847.94	15007  
14 	-219199 	-15052.2	-4847.94	14513.5
15 	-84855  	-14821.7	-4762.98	12048.8
16 	-98932.7	-15080.2	-4762.98	12226.2
17 	-98376  	-15089.6	-4762.98	12136.3
18 	-74305.2	-15100  	-4762.98	11792.7
19 	-79488.5	-15087.5	-4762.98	11634.2
20 	-74316.6	-15216.3	-4615.65	11322.2
21 	-78459.6	-15267.5	-4615.65	11213.2
22 	-78466.4	-15278.3	-4615.65	11161  
23 	-78384.3	-15282.7	-4615.65	11073.8
24 	-80936.6	-15180.3	-4368.4 	10737  
25 	-78035.2	-15094.1	-4368.4 	10337.3
26 	-83140.1	-15161.7	-4368.4 	10537.6
27 	-83651.6	-15239.2	-4368.4 	10268.4
28 	-69609.6	-15356.1	-4368.4 	10347.5
29 	-179908 	-15663.7	-4368.4 	12617.1
30 	-90376.1	-15565.1	-4368.4 	10917.9
31 	-121839 	-15996.4	-4368.4 	12423.8
32 	-110541 	-16069.9	-4368.4 	11612.2
33 	-104977 	-16221.9	-4368.4 	11874.4
34 	-81082.6	-16168.4	-4368.4 	10951.4
35 	-77578.7	-16194.5	-4368.4 	10760.1
36 	-68365.4	-16380.1	-4368.4 	10750.6
37 	-71148.3	-16383.1	-4368.4 	10872.9
38 	-72214.2	-16283  	-4368.4 	10705.6
39 	-67053.3	-16284  	-4368.4 	10750.6
40 	-67347.9	-16473.6	-4368.4 	10903.9
41 	-85195.7	-16775.8	-4368.4 	11425.6
42 	-86489.2	-17020  	-4368.4 	11497  
43 	-82796.3	-17225.6	-4368.4 	11802.4
44 	-80966.4	-17308.2	-4368.4 	11795.8
45 	-143770 	-17759.7	-4368.4 	13181.9
46 	-98360.1	-17767.7	-4368.4 	12563.6
47 	-100273 	-17799.3	-4368.4 	12518.4
48 	-98054.6	-17853.3	-4368.4 	12271.9
49 	-101838 	-18032.6	-4368.4 	12761.3
50 	-94112.1	-18041.9	-4368.4 	12464.2
51 	-97841.5	-18038  	-4368.4 	12461.7
52 	-96539  	-18000  	-4368.4 	11948.7
53 	-96539  	-18172.2	-4368.4 	12155.1
54 	-81818.3	-18083.7	-4368.4 	11428.6
55 	-78492.8	-18112.7	-4368.4 	11233  
56 	-77777.4	-18356.5	-4368.4 	11716.3
57 	-77457.1	-18542.7	-4368.4 	11778.3
58 	-74347.5	-18707  	-4368.4 	11889.3
59 	-80097.2	-18902.4	-4368.4 	12179.8
60 	-67151  	-18831.4	-4364.8 	11953.1
61 	-72564.6	-18827.9	-4364.8 	12048.6
62 	-71598.5	-18887.8	-4364.8 	11974.8
63 	-73870.3	-19132.2	-4364.8 	12189.3
64 	-75803.2	-19135.1	-4364.8 	12194.7
65 	-75803.2	-19114.7	-4364.8 	11973.4
66 	-75996.5	-19211.3	-4364.8 	12025.1
67 	-70450.6	-19304.8	-4364.8 	11833.8
68 	-83189.9	-19603.8	-4364.8 	12070.1
69 	-84988.3	-19623.3	-4364.8 	11728.8
70 	-83970.3	-19728.9	-4364.8 	11729.8
71 	-77156.8	-19977.2	-4364.8 	11743.7
72 	-85245.8	-20301.3	-4364.8 	12608  
73 	-81923.1	-20322.5	-4364.8 	12502  
74 	-81693.8	-20442.7	-4364.8 	12684.8
75 	-97145.4	-20521.5	-4364.8 	12933.7
76 	-96984.3	-20582.8	-4364.8 	13247.6
77 	-96984.3	-20647.2	-4364.8 	13654.4
78 	-90943.8	-20809.8	-4364.8 	13257.3
79 	-97323.7	-20908.9	-4364.8 	13189.7
80 	-93561.6	-21097.8	-4364.8 	13289  
81 	-92743.8	-21154.1	-4364.8 	13219.6
82 	-90594.7	-21131.5	-4364.8 	13076.7
83 	-81094.7	-21155.4	-4364.8 	12584.9
84 	-71906.2	-21204.2	-4364.8 	12092.7
85 	-72275.3	-21412.5	-4364.8 	12188.9
86 	-83954  	-21726.8	-4364.8 	12858.8
87 	-95201.8	-22272.4	-4333.78	13796.7
88 	-101061 	-22392.2	-4333.78	13971  
89 	-101871 	-22451.4	-4333.78	14078.5
90 	-134447 	-22966.4	-4333.78	15686.8
91 	-117981 	-22971.4	-4333.78	15166.6
92 	-123441 	-23295.6	-4333.78	15258.6
93 	-96095.4	-23289.3	-4333.78	15078.4
94 	-113957 	-23823  	-4333.78	16154.8
95 	-127627 	-24180  	-4333.78	17610  
96 	-121652 	-24100.8	-4333.78	16600.7
97 	-95357.9	-24018.1	-4333.78	15855.8
98 	-105581 	-24059.4	-4333.78	15873.1
99 	-90903  	-23938.9	-4333.78	15259.7
100	-99923.3	-23745  	-4333.78	14680.4
101	-97932.5	-23793.5	-4333.78	14164.8
102	-96316.8	-23649  	-4333.78	14406.4
103	-83368.5	-23933.5	-4333.78	14167  
104	-83119.9	-23867.1	-4333.78	14154.4
105	-93969.5	-23823  	-4333.78	13887.9
106	-93957.2	-24087.8	-4333.78	14669.4
107	-98831.8	-24347  	-4333.78	15144.9
108	-102639 	-24414.8	-4333.78	14998.4
109	-101017 	-24343  	-4333.78	14210.9
110	-89641.2	-24776.4	-4333.78	14934.8
111	-86478.4	-24801.3	-4333.78	14492.9
112	-87566.6	-25035.3	-4333.78	14875.9
113	-80183.3	-24999.4	-4333.78	14214.6
114	-79924.3	-25018.3	-4333.78	14144.9
115	-84699.9	-25202.2	-4333.78	14539.1
116	-84486.4	-25171.4	-4333.78	14554.7
117	-219734 	-25961.6	-4333.78	18487.6
118	-172314 	-25778.6	-4333.78	17162.4
119	-133740 	-25780.7	-4333.78	16172.6
120	-134954 	-25856  	-4333.78	16444.4
121	-136437 	-25964.6	-4333.78	16871.2
122	-105639 	-26084.7	-4333.78	16224  
123	-93991.7	-26032.3	-4333.78	16100.3
124	-105982 	-26159.7	-4333.78	16642.7
125	-109286 	-26098.9	-4333.78	16270.3
126	-97760.8	-26261.3	-4333.78	16348.6
127	-97199.1	-26426.3	-4333.78	15569.7
128	-80545.1	-26514  	-4333.78	15070  
129	-152388 	-27074.1	-4333.78	16654.7
130	-90472.6	-27064.4	-4333.78	16274.9
131	-89900.1	-26981.3	-4333.78	15924.7
132	-108562 	-27327.3	-4333.78	17602.1
133	-108959 	-27351.1	-4333.78	17515.8
134	-108210 	-27469.8	-4333.78	17650.4
135	-89984.3	-27555.8	-4333.78	16505.2
136	-95981.9	-27617  	-4333.78	16788.2
137	-96040.9	-27862.1	-4333.78	17038.5
138	-95911.3	-28058.9	-4333.78	16971.3
139	-109164 	-28373.5	-4333.78	18008.9
140	-108618 	-28324.4	-4333.78	17452.3
141	-135299 	-28711  	-4333.78	18093.4
142	-107936 	-28645.7	-4333.78	18018  
143	-109262 	-28752.8	-4333.78	17557.5
144	-113439 	-28603.5	-4333.78	17796.1
145	-107092 	-28626.2	-4333.78	17644.6
146	-116597 	-29114.8	-4333.78	18465.7
147	-106242 	-29374.3	-4333.78	18411.6
148	-112147 	-29490.3	-4333.78	18619.9
149	-143450 	-30076.8	-4333.78	19586  
150	-151093 	-30088.3	-4333.78	19792.1
151	-116826 	-30342.1	-4333.78	19649  
152	-157798 	-30665.2	-4333.78	20777.9
153	-141530 	-30604.8	-4333.78	20871.3
154	-113328 	-30783.9	-4333.78	20401.4
155	-143173 	-31057.2	-4333.78	20662.5
156	-170555 	-31395.8	-4333.78	21965.2
157	-153328 	-31218.4	-4333.78	20757.1
158	-153519 	-31403.1	-4333.78	21086.3
159	-118484 	-31409.6	-4333.78	20604  
160	-127555 	-31520.3	-4333.78	21014.3
161	-126255 	-31437.3	-4333.78	21300.4
162	-136289 	-31691.5	-4333.78	20961.8
163	-131060 	-31628  	-4333.78	21471  
164	-126926 	-31712  	-4333.78	21212.8
165	-171136 	-32060.5	-4333.78	22232.7
166	-188866 	-32410.2	-4166.77	22742.6
167	-148344 	-32219.1	-4166.77	21446.3
168	-152782 	-32327.2	-4166.77	20863.9
169	-140341 	-32515.9	-4166.77	20784.6
170	-137886 	-32518.3	-4166.77	20439  
171	-137886 	-32514.6	-4166.77	19936  
172	-142378 	-32845.5	-4166.77	20906.6
173	-643803 	-34121.3	-4166.77	34194.8
174	-462730 	-34441.8	-4166.77	30178  
175	-213675 	-34462.6	-4166.77	25319.1
176	-216664 	-34262.6	-4166.77	25271.7
177	-203730 	-33884.8	-4166.77	24597.8
178	-200228 	-33886.2	-4166.77	24610  
179	-212935 	-34329.6	-4166.77	25185.6
180	-199407 	-34165.5	-4166.77	23945.6
181	-199407 	-34541.1	-4166.77	24218.1
182	-146517 	-34401.3	-4158.63	23450.6
183	-148373 	-34407.3	-4158.63	23190.1
184	-150239 	-35115.4	-4158.63	24900.1
185	-155021 	-35088.1	-4158.63	24181.7
186	-152556 	-35043.4	-4158.63	23668.8
187	-193623 	-35150.4	-4158.63	23811.4
188	-149413 	-35009.7	-4158.63	23300.8
189	-149785 	-34801.6	-4158.63	22950.1
190	-144929 	-34651.2	-4158.63	22969.3
191	-121494 	-34518.9	-4158.63	21335.2
192	-186556 	-34573.1	-4158.63	22380  
193	-140490 	-34807.4	-4158.63	22215.3
194	-165043 	-34895.9	-4158.63	22673.6
195	-219529 	-35415.2	-4125.96	24644.7
196	-219658 	-35468.6	-4125.96	25066  
197	-145878 	-35132.8	-4125.96	22433.9
198	-1.27072e+06	-37753.9	-4125.96	59277.1
199	-148338     	-35191.5	-4125.96	22426.4
Result of algorithm run: SUCCESS, 0, 0, -16310175.957582, 0
