/usr/lib/python2.7/site-packages/deap/tools/_hypervolume/pyhv.py:33: ImportWarning: Falling back to the python version of hypervolume module. Expect this to be very slow.
  "module. Expect this to be very slow.", ImportWarning)
(5, 2006, 'EastJapan')
gen	min    	avg     	max     	std    
0  	-778993	-14659.3	-4719.25	38274.2
1  	-305899	-13276.6	-4719.25	17178.4
2  	-174484	-12977.9	-4719.25	12525.6
3  	-134651	-12705.8	-4719.25	10332.5
4  	-74023.8	-12407.9	-4719.25	8411.8 
5  	-72084.7	-12660.6	-4719.25	8854.58
6  	-74071.1	-12782.7	-4719.25	9085.14
7  	-75349.3	-12919.8	-4703.14	9377.69
8  	-73998.3	-13142.9	-4703.14	9513.5 
9  	-68908.6	-13068.5	-4703.14	8900.62
10 	-66377.9	-13211.6	-4703.14	8639.02
11 	-64673.8	-13387  	-4703.14	9075.52
12 	-63809.8	-13442  	-4703.14	8966.94
13 	-66379.1	-13574  	-4703.14	9113.23
14 	-67586.7	-13709.4	-4703.14	9307.37
15 	-65493.3	-13652.8	-4703.14	9059.21
16 	-64740.3	-13750.1	-4703.14	8955.22
17 	-65541.3	-13705.5	-4703.14	8902.91
18 	-64806.3	-13737  	-4703.14	8689.08
19 	-66454.3	-13769.2	-4703.14	8558.17
20 	-85191.8	-14238.9	-4703.14	9477.15
21 	-132672 	-14976  	-4703.14	12003.4
22 	-104420 	-15004.4	-4703.14	11225  
23 	-105864 	-15103  	-4703.14	11443.7
24 	-107412 	-15087.6	-4703.14	11114.8
25 	-88883.3	-15164.1	-4703.14	10678.4
26 	-81625.4	-15241  	-4703.14	10313.4
27 	-71144.3	-15189.4	-4703.14	9659.37
28 	-67370.9	-15196.6	-4703.14	9539.23
29 	-65877.4	-15242.6	-4703.14	9570.52
30 	-60985.3	-15266.6	-4703.14	9251.29
31 	-60409.9	-15341  	-4703.14	9080.25
32 	-60731.2	-15473  	-4703.14	9298.34
33 	-67027  	-15643.5	-4703.14	9509.53
34 	-60714.4	-15607  	-4703.14	9550.97
35 	-60601.9	-15620.6	-4703.14	9398.64
36 	-66465  	-15846.9	-4703.14	9507.12
37 	-59843.2	-16105.5	-4703.14	9845.73
38 	-68879.7	-16263.7	-4703.14	10388.9
39 	-63480.5	-16259.2	-4703.14	10003.8
40 	-66273.8	-16351.6	-4703.14	9854.53
41 	-80616.4	-16486.7	-4703.14	10643.6
42 	-77949.3	-16520.2	-4703.14	9905.51
43 	-78013.8	-16927.6	-4633.79	10596  
44 	-78201.5	-17036.6	-4633.79	10473.4
45 	-64446.5	-16997.3	-4633.79	10396.9
46 	-98043.3	-17023.7	-4633.79	10644.9
47 	-67464.4	-16878.9	-4633.79	9941.45
48 	-60651.7	-16959.8	-4633.79	9648.45
49 	-60369.5	-16944.5	-4633.79	9557.65
50 	-66575.6	-16997.6	-4633.79	9843.27
51 	-77666.7	-17137.8	-4633.79	10022.5
52 	-68181.3	-17503.9	-4633.79	10589.4
53 	-62397.3	-17552.9	-4633.79	10404.4
54 	-144209 	-17823  	-4633.79	11899.4
55 	-121094 	-17904.6	-4633.79	11523.2
56 	-120811 	-17895.7	-4633.79	11280.8
57 	-126780 	-18220.3	-4633.79	12489.2
58 	-101977 	-18102.1	-4633.79	11888.4
59 	-90635.4	-18252.9	-4633.79	11599.4
60 	-89083.2	-18416.6	-4633.79	11376.2
61 	-90350.6	-18432.4	-4633.79	10901.7
62 	-82822  	-18749.8	-4633.79	10920.8
63 	-82902.3	-19019.2	-4633.79	11398.5
64 	-82902.3	-19077.5	-4633.79	11843.3
65 	-75569.1	-19078.9	-4633.79	11452.4
66 	-295904 	-20148.6	-4632.16	18537.5
67 	-596560 	-21441.5	-4632.16	31476.2
68 	-272394 	-20498.6	-4632.16	18294.9
69 	-238527 	-20438.3	-4632.16	17597.1
70 	-199483 	-20168.8	-4632.16	14780.3
71 	-202751 	-20244.5	-4632.16	15271.8
72 	-88533.2	-19986  	-4632.16	12681.4
73 	-88940.2	-20181.4	-4632.16	12733.3
74 	-89507.9	-20271.7	-4632.16	12996.3
75 	-81938.5	-20237.8	-4632.16	12375.6
76 	-74129.2	-20250.2	-4632.16	12212.2
77 	-209121 	-20705.4	-4632.16	15095.5
78 	-87107.7	-20616.1	-4632.16	13115.8
79 	-139566 	-21091  	-4632.16	14397.3
80 	-87390.7	-20826.3	-4632.16	12919.6
81 	-76794  	-20933.5	-4632.16	12436.3
82 	-149334 	-21079  	-4632.16	13592.6
83 	-158369 	-21073.5	-4632.16	13566.4
84 	-94800.5	-21019.2	-4632.16	12462.7
85 	-94152.9	-21130.2	-4632.16	13171.5
86 	-101142 	-21323.3	-4632.16	13158.3
87 	-94282.8	-21542.4	-4632.16	13277  
88 	-94584.5	-21672.9	-4632.16	12996.2
89 	-85015.8	-21689.6	-4632.16	12692.9
90 	-93007.2	-21917.1	-4632.16	13765.5
91 	-93007.2	-22145.1	-4632.16	13818.1
92 	-96638.3	-22399.8	-4632.16	14134.4
93 	-85644.6	-22461.1	-4632.16	13219.4
94 	-74844.2	-22552.4	-4632.16	13313.3
95 	-92256  	-22793.1	-4632.16	13972.8
96 	-125467 	-22850.7	-4632.16	14400.3
97 	-94538.6	-22701.7	-4632.16	13845.7
98 	-85792.5	-22805  	-4632.16	13286.9
99 	-112767 	-22917.5	-4632.16	13749.3
100	-112767 	-23222.7	-4632.16	14180.1
101	-105107 	-23259  	-4632.16	14067.9
102	-96979.3	-23267.9	-4630.16	13335.7
103	-92348.6	-23485.9	-4630.16	13677.3
104	-155405 	-23814.6	-4630.16	14899.2
105	-156471 	-24087.7	-4630.16	15781.6
106	-130076 	-24007.5	-4630.16	15025.2
107	-91427.4	-24006.4	-4630.16	14210.3
108	-88694.4	-23923.5	-4630.16	14119.6
109	-88694.4	-23788.3	-4630.16	13518.7
110	-109836 	-24015.3	-4630.16	13756.2
111	-94694.9	-24079.9	-4630.16	13782.3
112	-143724 	-24548.4	-4630.16	15177.4
113	-100980 	-24370.6	-4630.16	14679.6
114	-96348.8	-24435.6	-4630.16	14666.4
115	-96212.4	-24278.1	-4630.16	13916.2
116	-79239.5	-24127.7	-4630.16	13252.1
117	-94719.4	-24459  	-4630.16	14031.8
118	-99629.8	-24498.9	-4630.16	14208.7
119	-127537 	-24657.4	-4630.16	15193.3
120	-128594 	-24635  	-4630.16	15196.3
121	-125858 	-24891.2	-4630.16	15573.1
122	-103517 	-25144.1	-4630.16	14953.5
123	-107747 	-25102.2	-4630.16	15152.4
124	-86489.7	-25106.6	-4630.16	15098.2
125	-105187 	-25451.8	-4630.16	15595.2
126	-105187 	-25439  	-4630.16	15595  
127	-110963 	-25296.9	-4630.16	15057.5
128	-107067 	-25477.1	-4630.16	15184.1
129	-108051 	-25768.4	-4630.16	16215.6
130	-104501 	-25773.8	-4630.16	15816.6
131	-114753 	-26098.8	-4630.16	16268.6
132	-114753 	-26561.1	-4630.16	15985  
133	-111008 	-26850.4	-4630.16	16412.2
134	-158625 	-27187.7	-4630.16	17734.9
135	-158625 	-27318.3	-4630.16	17743.5
136	-151184 	-27450.2	-4630.16	17223.9
137	-139765 	-27749.9	-4630.16	18046.1
138	-128145 	-27742.8	-4630.16	17135.9
139	-260464 	-28474  	-4630.16	20333.8
140	-121066 	-28204.6	-4630.16	18003.7
141	-128556 	-28342.1	-4630.16	18116.9
142	-547740 	-30175.2	-4630.16	31798.8
143	-258965 	-29112.3	-4630.16	21342.3
144	-194665 	-29323.1	-4630.16	20733  
145	-206899 	-29434.3	-4630.16	21871.7
146	-150018 	-29316.6	-4630.16	20292.5
147	-142141 	-29297.2	-4630.16	20385  
148	-139606 	-29106  	-4630.16	20159.1
149	-145413 	-29221.1	-4630.16	20483.1
150	-145919 	-29131.9	-4630.16	18735.2
151	-465472 	-30599.7	-4630.16	29970.7
152	-306612 	-30096.9	-4630.16	23585  
153	-304480 	-31478  	-4630.16	27268.8
154	-375367 	-32974.2	-4630.16	33232  
155	-302881 	-32602.7	-4630.16	30717  
156	-249559 	-32051.3	-4630.16	26264.1
157	-249514 	-32143.4	-4630.16	26684.4
158	-229811 	-31789  	-4630.16	25347.6
159	-200818 	-31674.5	-4630.16	25132.8
160	-174805 	-31538.2	-4630.16	22430.7
161	-166232 	-31279.1	-4630.16	21085.3
162	-158879 	-31224.7	-4630.16	20696.1
163	-209371 	-32305.7	-4567.83	23063.4
164	-171199 	-32420.5	-4567.83	22422  
165	-152578 	-32162.5	-4567.83	22030.9
166	-142868 	-32105  	-4567.83	22408.7
167	-151799 	-32287.5	-4567.83	22673  
168	-139360 	-32571.5	-4567.83	22471.1
169	-136819 	-32458.3	-4567.83	22810.7
170	-137040 	-32552.9	-4567.83	22897.3
171	-144944 	-32785.3	-4567.83	22418.9
172	-145417 	-32314.1	-4567.83	21836.3
173	-146155 	-32620.6	-4567.83	22159.9
174	-142781 	-32421.5	-4567.83	21391.2
175	-130590 	-32275.7	-4567.83	20793.4
176	-165380 	-32751  	-4567.83	21779.1
177	-165647 	-32746.8	-4567.83	21989.8
178	-154483 	-32889.5	-4567.83	22124.9
179	-160372 	-33228.8	-4567.83	23369.8
180	-151108 	-33544.2	-4567.83	23849.1
181	-192960 	-33797.8	-4567.83	24463.5
182	-143921 	-33715.4	-4567.83	22485.2
183	-119644 	-33614.4	-4567.83	20840  
184	-126384 	-33589.1	-4567.83	21017.2
185	-123866 	-33273.7	-4567.83	20705  
186	-135154 	-33772.8	-4567.83	21450.2
187	-139445 	-33679.1	-4567.83	21125.9
188	-151825 	-33770.2	-4567.83	21890.8
189	-130415 	-33775.3	-4567.83	21034.9
190	-143312 	-33759.3	-4567.83	21324.3
191	-154413 	-33822.4	-4567.83	21670.3
192	-135199 	-33887.5	-4567.83	21647.2
193	-130674 	-33989.9	-4567.83	20694.6
194	-120177 	-34083.8	-4567.83	19882.4
195	-120185 	-34051.7	-4567.83	20210  
196	-126903 	-34247.1	-4567.83	20485.4
197	-136517 	-34278.2	-4567.83	20475.9
198	-117331 	-34284.6	-4567.83	20612.9
199	-131771 	-34646.2	-4567.83	21553  
Result of algorithm run: SUCCESS, 0, 0, -23131514.291885, 0
