% function evaluation | noise-free fitness - Fopt (3.590000000000e+01) | best noise-free fitness - Fopt | measured fitness | best measured fitness | x1 | x2...
1 +1.964858174e+06 +1.964858174e+06 +1.964894074e+06 +1.964894074e+06
14 +1.318291309e+06 +1.318291309e+06 +1.318327209e+06 +1.318327209e+06
85 +9.445390608e+05 +9.445390608e+05 +9.445749608e+05 +9.445749608e+05
901 +6.231416724e+05 +6.231416724e+05 +6.231775724e+05 +6.231775724e+05
1539 +2.955984828e+05 +2.955984828e+05 +2.956343828e+05 +2.956343828e+05
2706 +1.940777817e+05 +1.940777817e+05 +1.941136817e+05 +1.941136817e+05
2793 +1.111863636e+05 +1.111863636e+05 +1.112222636e+05 +1.112222636e+05
3500 +8.541708783e+04 +8.541708783e+04 +8.545298783e+04 +8.545298783e+04
4413 +6.233321370e+04 +6.233321370e+04 +6.236911370e+04 +6.236911370e+04
5324 +3.921966911e+04 +3.921966911e+04 +3.925556911e+04 +3.925556911e+04
5684 +1.444363210e+04 +1.444363210e+04 +1.447953210e+04 +1.447953210e+04
6793 +8.731301769e+03 +8.731301769e+03 +8.767201769e+03 +8.767201769e+03
7454 +5.385757353e+03 +5.385757353e+03 +5.421657353e+03 +5.421657353e+03
7592 +3.612360444e+03 +3.612360444e+03 +3.648260444e+03 +3.648260444e+03
7847 +1.984104389e+03 +1.984104389e+03 +2.020004389e+03 +2.020004389e+03
8088 +4.707747075e+02 +4.707747075e+02 +5.066747075e+02 +5.066747075e+02
10071 +3.965953477e+02 +3.965953477e+02 +4.324953477e+02 +4.324953477e+02
18071 +2.468201143e+02 +2.468201143e+02 +2.827201143e+02 +2.827201143e+02
