% function evaluation | noise-free fitness - Fopt (3.590000000000e+01) | best noise-free fitness - Fopt | measured fitness | best measured fitness | x1 | x2...
1 +1.888196064e+06 +1.888196064e+06 +1.888231964e+06 +1.888231964e+06
6 +1.235254533e+06 +1.235254533e+06 +1.235290433e+06 +1.235290433e+06
161 +7.506842626e+05 +7.506842626e+05 +7.507201626e+05 +7.507201626e+05
1449 +5.975452601e+05 +5.975452601e+05 +5.975811601e+05 +5.975811601e+05
5440 +3.295131909e+05 +3.295131909e+05 +3.295490909e+05 +3.295490909e+05
15565 +2.038135507e+05 +2.038135507e+05 +2.038494507e+05 +2.038494507e+05
16821 +9.194462125e+04 +9.194462125e+04 +9.198052125e+04 +9.198052125e+04
20914 +3.332801060e+04 +3.332801060e+04 +3.336391060e+04 +3.336391060e+04
23526 +2.432109503e+04 +2.432109503e+04 +2.435699503e+04 +2.435699503e+04
