% function evaluation | noise-free fitness - Fopt (3.590000000000e+01) | best noise-free fitness - Fopt | measured fitness | best measured fitness | x1 | x2...
1 +1.070444129e+06 +1.070444129e+06 +1.070480029e+06 +1.070480029e+06
92 +9.555672800e+05 +9.555672800e+05 +9.556031800e+05 +9.556031800e+05
948 +4.786374266e+05 +4.786374266e+05 +4.786733266e+05 +4.786733266e+05
1948 +3.696728649e+05 +3.696728649e+05 +3.697087649e+05 +3.697087649e+05
2461 +2.280195820e+05 +2.280195820e+05 +2.280554820e+05 +2.280554820e+05
2930 +1.318775940e+05 +1.318775940e+05 +1.319134940e+05 +1.319134940e+05
4249 +7.000127950e+04 +7.000127950e+04 +7.003717950e+04 +7.003717950e+04
5360 +5.118543197e+04 +5.118543197e+04 +5.122133197e+04 +5.122133197e+04
5673 +3.761655742e+04 +3.761655742e+04 +3.765245742e+04 +3.765245742e+04
6745 +1.639587356e+04 +1.639587356e+04 +1.643177356e+04 +1.643177356e+04
7277 +7.959486740e+03 +7.959486740e+03 +7.995386740e+03 +7.995386740e+03
8456 +4.201497062e+03 +4.201497062e+03 +4.237397062e+03 +4.237397062e+03
8507 +3.569653693e+03 +3.569653693e+03 +3.605553693e+03 +3.605553693e+03
9207 +2.402682378e+03 +2.402682378e+03 +2.438582378e+03 +2.438582378e+03
10175 +1.454622659e+03 +1.454622659e+03 +1.490522659e+03 +1.490522659e+03
10596 +4.213021538e+02 +4.213021538e+02 +4.572021538e+02 +4.572021538e+02
12638 +3.936232695e+02 +3.936232695e+02 +4.295232695e+02 +4.295232695e+02
18862 +2.403330106e+02 +2.403330106e+02 +2.762330106e+02 +2.762330106e+02
