% function evaluation | noise-free fitness - Fopt (3.590000000000e+01) | best noise-free fitness - Fopt | measured fitness | best measured fitness | x1 | x2...
1 +1.944924464e+06 +1.944924464e+06 +1.944960364e+06 +1.944960364e+06
9 +1.539616050e+06 +1.539616050e+06 +1.539651950e+06 +1.539651950e+06
80 +9.708323739e+05 +9.708323739e+05 +9.708682739e+05 +9.708682739e+05
652 +6.243742203e+05 +6.243742203e+05 +6.244101203e+05 +6.244101203e+05
3133 +3.197879050e+05 +3.197879050e+05 +3.198238050e+05 +3.198238050e+05
6371 +2.457773568e+05 +2.457773568e+05 +2.458132568e+05 +2.458132568e+05
6709 +1.241555999e+05 +1.241555999e+05 +1.241914999e+05 +1.241914999e+05
14170 +9.257420846e+04 +9.257420846e+04 +9.261010846e+04 +9.261010846e+04
15449 +1.441238700e+04 +1.441238700e+04 +1.444828700e+04 +1.444828700e+04
20813 +5.404744854e+03 +5.404744854e+03 +5.440644854e+03 +5.440644854e+03
