% function evaluation | noise-free fitness - Fopt (3.590000000000e+01) | best noise-free fitness - Fopt | measured fitness | best measured fitness | x1 | x2...
1 +1.189823932e+06 +1.189823932e+06 +1.189859832e+06 +1.189859832e+06
122 +9.965060092e+05 +9.965060092e+05 +9.965419092e+05 +9.965419092e+05
14241 +5.876057215e+05 +5.876057215e+05 +5.876416215e+05 +5.876416215e+05
23474 +3.754961943e+05 +3.754961943e+05 +3.755320943e+05 +3.755320943e+05
24175 +1.644302097e+05 +1.644302097e+05 +1.644661097e+05 +1.644661097e+05
26428 +1.294197956e+05 +1.294197956e+05 +1.294556956e+05 +1.294556956e+05
28549 +6.299626152e+04 +6.299626152e+04 +6.303216152e+04 +6.303216152e+04
34484 +2.106598982e+04 +2.106598982e+04 +2.110188982e+04 +2.110188982e+04
38261 +1.454726776e+04 +1.454726776e+04 +1.458316776e+04 +1.458316776e+04
