% function evaluation | noise-free fitness - Fopt (3.590000000000e+01) | best noise-free fitness - Fopt | measured fitness | best measured fitness | x1 | x2...
1 +2.376708126e+06 +2.376708126e+06 +2.376744026e+06 +2.376744026e+06
7 +1.341496086e+06 +1.341496086e+06 +1.341531986e+06 +1.341531986e+06
24885 +7.860258454e+05 +7.860258454e+05 +7.860617454e+05 +7.860617454e+05
26117 +5.262932221e+05 +5.262932221e+05 +5.263291221e+05 +5.263291221e+05
27424 +2.790000158e+05 +2.790000158e+05 +2.790359158e+05 +2.790359158e+05
28309 +2.138412727e+05 +2.138412727e+05 +2.138771727e+05 +2.138771727e+05
28575 +1.290182764e+05 +1.290182764e+05 +1.290541764e+05 +1.290541764e+05
31693 +5.571016001e+04 +5.571016001e+04 +5.574606001e+04 +5.574606001e+04
34444 +3.390601137e+04 +3.390601137e+04 +3.394191137e+04 +3.394191137e+04
