% function evaluation | noise-free fitness - Fopt (3.590000000000e+01) | best noise-free fitness - Fopt | measured fitness | best measured fitness | x1 | x2...
1 +2.014799827e+06 +2.014799827e+06 +2.014835727e+06 +2.014835727e+06
7 +1.129219030e+06 +1.129219030e+06 +1.129254930e+06 +1.129254930e+06
82 +6.082686922e+05 +6.082686922e+05 +6.083045922e+05 +6.083045922e+05
8127 +3.483702763e+05 +3.483702763e+05 +3.484061763e+05 +3.484061763e+05
11291 +1.952768388e+05 +1.952768388e+05 +1.953127388e+05 +1.953127388e+05
13694 +1.432031201e+05 +1.432031201e+05 +1.432390201e+05 +1.432390201e+05
18438 +9.996541367e+04 +9.996541367e+04 +1.000013137e+05 +1.000013137e+05
20470 +3.928444724e+04 +3.928444724e+04 +3.932034724e+04 +3.932034724e+04
21658 +2.072254211e+04 +2.072254211e+04 +2.075844211e+04 +2.075844211e+04
