% function evaluation | noise-free fitness - Fopt (3.590000000000e+01) | best noise-free fitness - Fopt | measured fitness | best measured fitness | x1 | x2...
1 +2.016816354e+06 +2.016816354e+06 +2.016852254e+06 +2.016852254e+06
13 +1.304428585e+06 +1.304428585e+06 +1.304464485e+06 +1.304464485e+06
280 +8.537754917e+05 +8.537754917e+05 +8.538113917e+05 +8.538113917e+05
517 +5.857251112e+05 +5.857251112e+05 +5.857610112e+05 +5.857610112e+05
2302 +2.791829474e+05 +2.791829474e+05 +2.792188474e+05 +2.792188474e+05
2961 +2.470880418e+05 +2.470880418e+05 +2.471239418e+05 +2.471239418e+05
3759 +1.427701837e+05 +1.427701837e+05 +1.428060837e+05 +1.428060837e+05
4822 +7.963398720e+04 +7.963398720e+04 +7.966988720e+04 +7.966988720e+04
5148 +6.003389780e+04 +6.003389780e+04 +6.006979780e+04 +6.006979780e+04
5627 +3.911368638e+04 +3.911368638e+04 +3.914958638e+04 +3.914958638e+04
6137 +2.032942903e+04 +2.032942903e+04 +2.036532903e+04 +2.036532903e+04
6687 +1.374566435e+04 +1.374566435e+04 +1.378156435e+04 +1.378156435e+04
7336 +8.123081441e+03 +8.123081441e+03 +8.158981441e+03 +8.158981441e+03
8168 +6.029406577e+03 +6.029406577e+03 +6.065306577e+03 +6.065306577e+03
9000 +1.637466449e+03 +1.637466449e+03 +1.673366449e+03 +1.673366449e+03
9013 +8.383028200e+02 +8.383028200e+02 +8.742028200e+02 +8.742028200e+02
10099 +3.772095582e+02 +3.772095582e+02 +4.131095582e+02 +4.131095582e+02
13252 +2.456531174e+02 +2.456531174e+02 +2.815531174e+02 +2.815531174e+02
