% function evaluation | noise-free fitness - Fopt (3.590000000000e+01) | best noise-free fitness - Fopt | measured fitness | best measured fitness | x1 | x2...
1 +2.203051769e+06 +2.203051769e+06 +2.203087669e+06 +2.203087669e+06
30 +1.567006697e+06 +1.567006697e+06 +1.567042597e+06 +1.567042597e+06
344 +9.597735564e+05 +9.597735564e+05 +9.598094564e+05 +9.598094564e+05
1225 +4.280639432e+05 +4.280639432e+05 +4.280998432e+05 +4.280998432e+05
2076 +3.740377976e+05 +3.740377976e+05 +3.740736976e+05 +3.740736976e+05
4859 +2.199532828e+05 +2.199532828e+05 +2.199891828e+05 +2.199891828e+05
7178 +1.524304048e+05 +1.524304048e+05 +1.524663048e+05 +1.524663048e+05
10648 +9.437592767e+04 +9.437592767e+04 +9.441182767e+04 +9.441182767e+04
11715 +6.206749255e+04 +6.206749255e+04 +6.210339255e+04 +6.210339255e+04
