% function evaluation | noise-free fitness - Fopt (3.590000000000e+01) | best noise-free fitness - Fopt | measured fitness | best measured fitness | x1 | x2...
1 +2.431708860e+06 +2.431708860e+06 +2.431744760e+06 +2.431744760e+06
6 +1.551992016e+06 +1.551992016e+06 +1.552027916e+06 +1.552027916e+06
19 +5.849723025e+05 +5.849723025e+05 +5.850082025e+05 +5.850082025e+05
1606 +3.636450910e+05 +3.636450910e+05 +3.636809910e+05 +3.636809910e+05
2666 +2.457636094e+05 +2.457636094e+05 +2.457995094e+05 +2.457995094e+05
2975 +1.533466592e+05 +1.533466592e+05 +1.533825592e+05 +1.533825592e+05
4077 +8.780795946e+04 +8.780795946e+04 +8.784385946e+04 +8.784385946e+04
4506 +6.177918152e+04 +6.177918152e+04 +6.181508152e+04 +6.181508152e+04
5341 +3.852224997e+04 +3.852224997e+04 +3.855814997e+04 +3.855814997e+04
5778 +1.798964890e+04 +1.798964890e+04 +1.802554890e+04 +1.802554890e+04
6045 +9.062725230e+03 +9.062725230e+03 +9.098625230e+03 +9.098625230e+03
6768 +5.150596433e+03 +5.150596433e+03 +5.186496433e+03 +5.186496433e+03
7007 +3.708990144e+03 +3.708990144e+03 +3.744890144e+03 +3.744890144e+03
8176 +1.621474427e+03 +1.621474427e+03 +1.657374427e+03 +1.657374427e+03
8366 +9.809167269e+02 +9.809167269e+02 +1.016816727e+03 +1.016816727e+03
9705 +4.525151703e+02 +4.525151703e+02 +4.884151703e+02 +4.884151703e+02
13021 +3.948854207e+02 +3.948854207e+02 +4.307854207e+02 +4.307854207e+02
