% function evaluation | noise-free fitness - Fopt (3.590000000000e+01) | best noise-free fitness - Fopt | measured fitness | best measured fitness | x1 | x2...
1 +2.680064786e+06 +2.680064786e+06 +2.680100686e+06 +2.680100686e+06
2 +1.643366644e+06 +1.643366644e+06 +1.643402544e+06 +1.643402544e+06
4 +1.372615713e+06 +1.372615713e+06 +1.372651613e+06 +1.372651613e+06
13 +9.648106810e+05 +9.648106810e+05 +9.648465810e+05 +9.648465810e+05
660 +5.977166002e+05 +5.977166002e+05 +5.977525002e+05 +5.977525002e+05
1565 +3.199571984e+05 +3.199571984e+05 +3.199930984e+05 +3.199930984e+05
2554 +1.877067868e+05 +1.877067868e+05 +1.877426868e+05 +1.877426868e+05
3394 +1.196762851e+05 +1.196762851e+05 +1.197121851e+05 +1.197121851e+05
3677 +7.623662022e+04 +7.623662022e+04 +7.627252022e+04 +7.627252022e+04
4976 +6.304782237e+04 +6.304782237e+04 +6.308372237e+04 +6.308372237e+04
5577 +3.232981719e+04 +3.232981719e+04 +3.236571719e+04 +3.236571719e+04
6222 +1.852601467e+04 +1.852601467e+04 +1.856191467e+04 +1.856191467e+04
7068 +1.088217990e+04 +1.088217990e+04 +1.091807990e+04 +1.091807990e+04
7360 +9.983462073e+03 +9.983462073e+03 +1.001936207e+04 +1.001936207e+04
7627 +1.048021355e+03 +1.048021355e+03 +1.083921355e+03 +1.083921355e+03
8854 +6.175303902e+02 +6.175303902e+02 +6.534303902e+02 +6.534303902e+02
13174 +3.967268292e+02 +3.967268292e+02 +4.326268292e+02 +4.326268292e+02
