% function evaluation | noise-free fitness - Fopt (3.590000000000e+01) | best noise-free fitness - Fopt | measured fitness | best measured fitness | x1 | x2...
1 +2.552316396e+06 +2.552316396e+06 +2.552352296e+06 +2.552352296e+06
3 +2.036910023e+06 +2.036910023e+06 +2.036945923e+06 +2.036945923e+06
10 +1.394575827e+06 +1.394575827e+06 +1.394611727e+06 +1.394611727e+06
648 +8.760457145e+05 +8.760457145e+05 +8.760816145e+05 +8.760816145e+05
28417 +5.850970054e+05 +5.850970054e+05 +5.851329054e+05 +5.851329054e+05
30503 +3.855715206e+05 +3.855715206e+05 +3.856074206e+05 +3.856074206e+05
30561 +1.597769468e+05 +1.597769468e+05 +1.598128468e+05 +1.598128468e+05
33073 +1.276857625e+05 +1.276857625e+05 +1.277216625e+05 +1.277216625e+05
34242 +6.374980711e+04 +6.374980711e+04 +6.378570711e+04 +6.378570711e+04
34399 +5.817083641e+04 +5.817083641e+04 +5.820673641e+04 +5.820673641e+04
