% function evaluation | noise-free fitness - Fopt (9.294000000000e+01) | best noise-free fitness - Fopt | measured fitness | best measured fitness | x1 | x2...
1 +6.082510395e+03 +6.082510395e+03 +6.175450395e+03 +6.175450395e+03
2 +2.947904951e+03 +2.947904951e+03 +3.040844951e+03 +3.040844951e+03
12 +2.468825012e+03 +2.468825012e+03 +2.561765012e+03 +2.561765012e+03
61 +1.159726528e+03 +1.159726528e+03 +1.252666528e+03 +1.252666528e+03
704 +9.613036772e+02 +9.613036772e+02 +1.054243677e+03 +1.054243677e+03
5592 +5.404175778e+02 +5.404175778e+02 +6.333575778e+02 +6.333575778e+02
8142 +3.304179569e+02 +3.304179569e+02 +4.233579569e+02 +4.233579569e+02
10573 +2.340878431e+02 +2.340878431e+02 +3.270278431e+02 +3.270278431e+02
23154 +1.495773769e+02 +1.495773769e+02 +2.425173769e+02 +2.425173769e+02
