% function evaluation | noise-free fitness - Fopt (9.294000000000e+01) | best noise-free fitness - Fopt | measured fitness | best measured fitness | x1 | x2...
1 +6.866964227e+03 +6.866964227e+03 +6.959904227e+03 +6.959904227e+03
2 +3.887809598e+03 +3.887809598e+03 +3.980749598e+03 +3.980749598e+03
39 +2.464033281e+03 +2.464033281e+03 +2.556973281e+03 +2.556973281e+03
80 +1.400251708e+03 +1.400251708e+03 +1.493191708e+03 +1.493191708e+03
1333 +8.721740629e+02 +8.721740629e+02 +9.651140629e+02 +9.651140629e+02
3087 +6.249411959e+02 +6.249411959e+02 +7.178811959e+02 +7.178811959e+02
6911 +3.630722067e+02 +3.630722067e+02 +4.560122067e+02 +4.560122067e+02
10210 +2.326792502e+02 +2.326792502e+02 +3.256192502e+02 +3.256192502e+02
15726 +1.570918181e+02 +1.570918181e+02 +2.500318181e+02 +2.500318181e+02
30798 +9.551871209e+01 +9.551871209e+01 +1.884587121e+02 +1.884587121e+02
