% function evaluation | noise-free fitness - Fopt (-5.494000000000e+01) | best noise-free fitness - Fopt | measured fitness | best measured fitness | x1 | x2...
1 +1.436091256e+08 +1.436091256e+08 +1.436090706e+08 +1.436090706e+08
2 +8.431938797e+07 +8.431938797e+07 +8.431933303e+07 +8.431933303e+07
3 +3.894701226e+07 +3.894701226e+07 +3.894695732e+07 +3.894695732e+07
5 +2.509976659e+07 +2.509976659e+07 +2.509971165e+07 +2.509971165e+07
19 +1.351206003e+07 +1.351206003e+07 +1.351200509e+07 +1.351200509e+07
107 +9.681208979e+06 +9.681208979e+06 +9.681154039e+06 +9.681154039e+06
1396 +6.068093152e+06 +6.068093152e+06 +6.068038212e+06 +6.068038212e+06
2772 +3.703452447e+06 +3.703452447e+06 +3.703397507e+06 +3.703397507e+06
5470 +2.325675990e+06 +2.325675990e+06 +2.325621050e+06 +2.325621050e+06
8808 +1.513000644e+06 +1.513000644e+06 +1.512945704e+06 +1.512945704e+06
14740 +9.932708503e+05 +9.932708503e+05 +9.932159103e+05 +9.932159103e+05
19726 +5.653342615e+05 +5.653342615e+05 +5.652793215e+05 +5.652793215e+05
28495 +3.930528905e+05 +3.930528905e+05 +3.929979505e+05 +3.929979505e+05
