% function evaluation | noise-free fitness - Fopt (-5.494000000000e+01) | best noise-free fitness - Fopt | measured fitness | best measured fitness | x1 | x2...
1 +3.685462701e+07 +3.685462701e+07 +3.685457207e+07 +3.685457207e+07
16 +2.149937441e+07 +2.149937441e+07 +2.149931947e+07 +2.149931947e+07
124 +7.234355895e+06 +7.234355895e+06 +7.234300955e+06 +7.234300955e+06
137 +4.105371394e+06 +4.105371394e+06 +4.105316454e+06 +4.105316454e+06
1194 +3.166961680e+06 +3.166961680e+06 +3.166906740e+06 +3.166906740e+06
4113 +2.327949130e+06 +2.327949130e+06 +2.327894190e+06 +2.327894190e+06
8704 +1.297989498e+06 +1.297989498e+06 +1.297934558e+06 +1.297934558e+06
10464 +8.889942237e+05 +8.889942237e+05 +8.889392837e+05 +8.889392837e+05
15916 +5.701292507e+05 +5.701292507e+05 +5.700743107e+05 +5.700743107e+05
21270 +3.427764670e+05 +3.427764670e+05 +3.427215270e+05 +3.427215270e+05
31530 +2.497663792e+05 +2.497663792e+05 +2.497114392e+05 +2.497114392e+05
