% function evaluation | noise-free fitness - Fopt (-5.494000000000e+01) | best noise-free fitness - Fopt | measured fitness | best measured fitness | x1 | x2...
1 +4.679802506e+07 +4.679802506e+07 +4.679797012e+07 +4.679797012e+07
2 +2.505743189e+07 +2.505743189e+07 +2.505737695e+07 +2.505737695e+07
17 +1.577311560e+07 +1.577311560e+07 +1.577306066e+07 +1.577306066e+07
505 +9.975857154e+06 +9.975857154e+06 +9.975802214e+06 +9.975802214e+06
1066 +4.514156335e+06 +4.514156335e+06 +4.514101395e+06 +4.514101395e+06
1257 +3.684309945e+06 +3.684309945e+06 +3.684255005e+06 +3.684255005e+06
2571 +2.295741683e+06 +2.295741683e+06 +2.295686743e+06 +2.295686743e+06
4102 +1.361278939e+06 +1.361278939e+06 +1.361223999e+06 +1.361223999e+06
5830 +8.630186283e+05 +8.630186283e+05 +8.629636883e+05 +8.629636883e+05
6481 +6.252813486e+05 +6.252813486e+05 +6.252264086e+05 +6.252264086e+05
9891 +3.826922369e+05 +3.826922369e+05 +3.826372969e+05 +3.826372969e+05
15576 +2.472861008e+05 +2.472861008e+05 +2.472311608e+05 +2.472311608e+05
