% function evaluation | noise-free fitness - Fopt (7.627000000000e+01) | best noise-free fitness - Fopt | measured fitness | best measured fitness | x1 | x2...
1 +1.070147909e+06 +1.070147909e+06 +1.070224179e+06 +1.070224179e+06
9 +7.245809598e+05 +7.245809598e+05 +7.246572298e+05 +7.246572298e+05
21 +3.677453898e+05 +3.677453898e+05 +3.678216598e+05 +3.678216598e+05
27 +9.878497701e+02 +9.878497701e+02 +1.064119770e+03 +1.064119770e+03
391 +4.593186150e+02 +4.593186150e+02 +5.355886150e+02 +5.355886150e+02
5089 +3.482785178e+02 +3.482785178e+02 +4.245485178e+02 +4.245485178e+02
57747 +2.472161578e+02 +2.472161578e+02 +3.234861578e+02 +3.234861578e+02
187209 +1.501169017e+02 +1.501169017e+02 +2.263869017e+02 +2.263869017e+02
280216 +9.595503812e+01 +9.595503812e+01 +1.722250381e+02 +1.722250381e+02
