/usr/lib/python2.7/site-packages/deap/tools/_hypervolume/pyhv.py:33: ImportWarning: Falling back to the python version of hypervolume module. Expect this to be very slow.
  "module. Expect this to be very slow.", ImportWarning)
gen	min   	avg        	max        	std        
0  	133239	2.11935e+07	9.64936e+07	1.81071e+07
1  	109512	2.11078e+07	8.45317e+07	1.77979e+07
2  	109512	2.10444e+07	8.6088e+07 	1.78125e+07
3  	109512	2.07669e+07	8.30756e+07	1.7382e+07 
4  	109512	2.07937e+07	7.92267e+07	1.74385e+07
5  	109512	2.05698e+07	7.88653e+07	1.708e+07  
6  	109512	2.04661e+07	7.72536e+07	1.68042e+07
7  	109512	2.0246e+07 	7.50609e+07	1.67728e+07
8  	90166.3	2.02974e+07	7.52662e+07	1.6726e+07 
9  	70843.7	2.02171e+07	7.50609e+07	1.66503e+07
10 	64478.3	2.03391e+07	7.53163e+07	1.7273e+07 
11 	64478.3	2.01148e+07	8.11416e+07	1.7243e+07 
12 	64478.3	2.02449e+07	7.54836e+07	1.70561e+07
13 	64478.3	2.00455e+07	8.11101e+07	1.70489e+07
14 	64478.3	1.99547e+07	7.54222e+07	1.68047e+07
15 	64478.3	1.98046e+07	7.80892e+07	1.68164e+07
16 	64478.3	1.96746e+07	8.69261e+07	1.71281e+07
17 	64478.3	1.96619e+07	8.1045e+07 	1.7346e+07 
18 	64478.3	1.96257e+07	8.1478e+07 	1.7739e+07 
19 	64478.3	1.97447e+07	8.1478e+07 	1.79236e+07
20 	64478.3	1.98818e+07	8.58491e+07	1.80162e+07
21 	60085.3	1.98198e+07	8.20828e+07	1.78794e+07
22 	60085.3	1.94032e+07	7.95774e+07	1.73932e+07
23 	60085.3	1.94113e+07	8.1049e+07 	1.74724e+07
24 	60085.3	1.92778e+07	8.1049e+07 	1.72225e+07
25 	60085.3	1.90683e+07	7.67043e+07	1.6724e+07 
26 	60085.3	1.92621e+07	7.76927e+07	1.71748e+07
27 	43374.3	1.88281e+07	8.12183e+07	1.63882e+07
28 	43374.3	1.8914e+07 	7.76927e+07	1.64897e+07
29 	43374.3	1.8629e+07 	7.59057e+07	1.61806e+07
30 	43374.3	1.85573e+07	7.46743e+07	1.6152e+07 
31 	43374.3	1.85075e+07	7.60628e+07	1.60595e+07
32 	43374.3	1.85448e+07	7.78694e+07	1.61157e+07
33 	43374.3	1.85687e+07	8.49277e+07	1.61819e+07
34 	43374.3	1.8387e+07 	8.88292e+07	1.65194e+07
35 	42378.9	1.8216e+07 	8.22613e+07	1.62378e+07
36 	42378.9	1.81034e+07	8.45315e+07	1.60053e+07
37 	42378.9	1.80227e+07	8.14695e+07	1.60384e+07
38 	42378.9	1.79628e+07	8.26054e+07	1.63253e+07
39 	42378.9	1.81265e+07	8.1492e+07 	1.62928e+07
40 	42378.9	1.80009e+07	7.9186e+07 	1.59353e+07
41 	42378.9	1.77271e+07	8.02754e+07	1.56271e+07
42 	42378.9	1.73241e+07	7.46629e+07	1.54025e+07
43 	41102.5	1.73285e+07	7.46629e+07	1.54104e+07
44 	41102.5	1.72006e+07	8.40279e+07	1.55763e+07
45 	41102.5	1.69975e+07	7.57182e+07	1.52155e+07
46 	41102.5	1.71589e+07	7.59778e+07	1.56537e+07
47 	41102.5	1.71726e+07	7.45732e+07	1.57296e+07
48 	39928  	1.74055e+07	7.6986e+07 	1.61611e+07
49 	39928  	1.75202e+07	7.27299e+07	1.60386e+07
50 	39928  	1.7352e+07 	7.74121e+07	1.58883e+07
51 	39928  	1.73677e+07	7.76788e+07	1.57036e+07
52 	39928  	1.71037e+07	7.71882e+07	1.54859e+07
53 	39928  	1.7063e+07 	7.71882e+07	1.51677e+07
54 	39928  	1.7082e+07 	7.37051e+07	1.55581e+07
55 	39928  	1.70471e+07	7.97284e+07	1.54989e+07
56 	39928  	1.71842e+07	7.7111e+07 	1.5552e+07 
57 	39928  	1.68376e+07	7.7111e+07 	1.49442e+07
58 	39928  	1.6808e+07 	7.37142e+07	1.52159e+07
59 	36499.4	1.66956e+07	7.30828e+07	1.50324e+07
60 	36499.4	1.67249e+07	7.30828e+07	1.52038e+07
61 	36499.4	1.667e+07  	7.30833e+07	1.51308e+07
62 	36499.4	1.65162e+07	7.68682e+07	1.54966e+07
63 	36499.4	1.64254e+07	7.7983e+07 	1.56144e+07
64 	36499.4	1.64256e+07	7.74219e+07	1.57797e+07
65 	36499.4	1.6331e+07 	8.44783e+07	1.5945e+07 
66 	36499.4	1.62567e+07	8.2165e+07 	1.57185e+07
67 	9348.88	1.58787e+07	7.80625e+07	1.48886e+07
68 	9348.88	1.58128e+07	7.80625e+07	1.49674e+07
69 	9348.88	1.60909e+07	7.41623e+07	1.52946e+07
70 	9348.88	1.60047e+07	7.58996e+07	1.53254e+07
71 	9348.88	1.58168e+07	7.77816e+07	1.5069e+07 
72 	9348.88	1.57588e+07	7.20928e+07	1.47863e+07
73 	9348.88	1.58488e+07	7.9085e+07 	1.50031e+07
74 	9348.88	1.5762e+07 	7.9085e+07 	1.49183e+07
75 	9348.88	1.55182e+07	7.6489e+07 	1.43856e+07
76 	9348.88	1.55378e+07	7.03415e+07	1.41607e+07
77 	9348.88	1.55449e+07	7.47904e+07	1.42787e+07
78 	9348.88	1.56007e+07	7.70806e+07	1.43097e+07
79 	9348.88	1.55557e+07	7.20689e+07	1.42431e+07
80 	9348.88	1.53582e+07	7.20689e+07	1.38724e+07
81 	9348.88	1.52673e+07	6.93051e+07	1.35595e+07
82 	9348.88	1.55668e+07	6.9768e+07 	1.42268e+07
83 	9348.88	1.5629e+07 	7.46839e+07	1.44097e+07
84 	9348.88	1.55406e+07	7.4227e+07 	1.45978e+07
85 	9348.88	1.5481e+07 	8.63396e+07	1.48488e+07
86 	9348.88	1.53925e+07	7.73823e+07	1.49619e+07
87 	9348.88	1.53423e+07	7.58355e+07	1.47217e+07
88 	9348.88	1.51273e+07	7.58355e+07	1.42742e+07
89 	9348.88	1.47993e+07	7.42934e+07	1.37859e+07
90 	9348.88	1.49315e+07	7.42934e+07	1.41965e+07
91 	9348.88	1.50202e+07	7.36554e+07	1.39646e+07
92 	9348.88	1.48202e+07	7.62957e+07	1.38805e+07
93 	9348.88	1.48314e+07	7.42314e+07	1.41125e+07
94 	9348.88	1.47442e+07	7.0401e+07 	1.35364e+07
95 	9348.88	1.47574e+07	7.35032e+07	1.38376e+07
96 	9291.78	1.47302e+07	6.89557e+07	1.33864e+07
97 	9291.78	1.46802e+07	7.21631e+07	1.36456e+07
98 	9291.78	1.4627e+07 	7.27809e+07	1.40103e+07
99 	9291.78	1.43919e+07	7.01261e+07	1.33041e+07
100	9291.78	1.45196e+07	7.03094e+07	1.35885e+07
101	9291.78	1.44083e+07	7.03094e+07	1.32825e+07
102	9291.78	1.43446e+07	7.18161e+07	1.32692e+07
103	9291.78	1.45684e+07	7.18793e+07	1.39478e+07
104	9291.78	1.42701e+07	7.35486e+07	1.3447e+07 
105	9291.78	1.43465e+07	7.35486e+07	1.38791e+07
106	9291.78	1.43947e+07	7.35486e+07	1.39458e+07
107	9291.78	1.43183e+07	7.35486e+07	1.35922e+07
108	9291.78	1.43042e+07	7.35486e+07	1.36095e+07
109	9291.78	1.389e+07  	7.57679e+07	1.335e+07  
110	9291.78	1.37765e+07	7.55347e+07	1.31427e+07
111	9291.78	1.35812e+07	7.54096e+07	1.30794e+07
112	9291.78	1.34809e+07	7.53906e+07	1.29279e+07
113	9291.78	1.34219e+07	7.53906e+07	1.27358e+07
114	9291.78	1.34126e+07	7.1685e+07 	1.26041e+07
115	9291.78	1.34141e+07	7.14384e+07	1.28369e+07
116	9291.78	1.33447e+07	7.14384e+07	1.31543e+07
117	9291.78	1.33751e+07	7.14384e+07	1.30266e+07
118	9291.78	1.32348e+07	7.63945e+07	1.26117e+07
119	9291.78	1.31299e+07	7.59805e+07	1.2715e+07 
120	8163.44	1.31227e+07	7.35707e+07	1.28295e+07
121	8163.44	1.32089e+07	7.23868e+07	1.26785e+07
122	8163.44	1.32292e+07	7.20891e+07	1.30197e+07
123	8163.44	1.35565e+07	7.54197e+07	1.33523e+07
124	8163.44	1.35167e+07	7.14168e+07	1.36407e+07
125	8163.44	1.35698e+07	7.75839e+07	1.36743e+07
126	8163.44	1.32953e+07	7.38498e+07	1.30476e+07
127	8163.44	1.31306e+07	7.38498e+07	1.29497e+07
128	8163.44	1.28892e+07	7.28055e+07	1.25181e+07
129	8163.44	1.27379e+07	6.88333e+07	1.19129e+07
130	8163.44	1.28086e+07	6.99566e+07	1.23472e+07
131	8163.44	1.26114e+07	6.10785e+07	1.1838e+07 
132	8163.44	1.28641e+07	7.04142e+07	1.26619e+07
133	8163.44	1.29068e+07	6.90654e+07	1.2022e+07 
134	8163.44	1.26346e+07	6.90654e+07	1.15467e+07
135	8163.44	1.2409e+07 	6.35121e+07	1.11217e+07
136	8163.44	1.22748e+07	6.76435e+07	1.14084e+07
137	8163.44	1.22486e+07	6.56826e+07	1.16686e+07
138	8163.44	1.21662e+07	7.30481e+07	1.15895e+07
139	8163.44	1.21291e+07	6.56826e+07	1.1445e+07 
140	8163.44	1.19951e+07	6.59381e+07	1.10839e+07
141	8163.44	1.20455e+07	6.97031e+07	1.14822e+07
142	8163.44	1.18755e+07	7.56018e+07	1.1642e+07 
143	8163.44	1.1476e+07 	7.26395e+07	1.08751e+07
144	8163.44	1.15879e+07	7.09023e+07	1.097e+07  
145	8163.44	1.18821e+07	7.06221e+07	1.17043e+07
146	8163.44	1.17842e+07	6.85614e+07	1.12506e+07
147	8163.44	1.17207e+07	6.65475e+07	1.106e+07  
148	8163.44	1.15864e+07	6.76608e+07	1.07491e+07
149	8163.44	1.15644e+07	6.40783e+07	1.04167e+07
150	8163.44	1.1862e+07 	6.26648e+07	1.08021e+07
151	8163.44	1.21448e+07	6.06848e+07	1.11026e+07
152	8163.44	1.21778e+07	7.12666e+07	1.12571e+07
153	8163.44	1.22187e+07	7.16043e+07	1.14169e+07
154	8163.44	1.22324e+07	6.71067e+07	1.11402e+07
155	8163.44	1.20205e+07	6.71067e+07	1.14931e+07
156	8163.44	1.21317e+07	6.79185e+07	1.16648e+07
157	8163.44	1.17968e+07	6.33664e+07	1.09966e+07
158	8163.44	1.20799e+07	6.90168e+07	1.14637e+07
159	8163.44	1.18155e+07	7.20882e+07	1.1314e+07 
160	8163.44	1.16502e+07	6.9771e+07 	1.109e+07  
161	8163.44	1.18242e+07	6.85514e+07	1.15229e+07
162	8163.44	1.14766e+07	6.85514e+07	1.10543e+07
163	8163.44	1.16714e+07	6.30099e+07	1.09859e+07
164	8163.44	1.15253e+07	6.16147e+07	1.08121e+07
165	8163.44	1.16309e+07	6.68794e+07	1.10024e+07
166	8163.44	1.14723e+07	7.0882e+07 	1.09926e+07
167	8163.44	1.13955e+07	6.80379e+07	1.07272e+07
168	8163.44	1.14064e+07	6.2796e+07 	1.05553e+07
169	8163.44	1.10188e+07	5.95034e+07	1.02536e+07
170	8163.44	1.11587e+07	6.45241e+07	1.07351e+07
171	8163.44	1.10497e+07	5.78582e+07	1.01458e+07
172	8163.44	1.09037e+07	6.18344e+07	1.02676e+07
173	8163.44	1.08682e+07	6.2034e+07 	1.03174e+07
174	8163.44	1.08414e+07	6.84675e+07	1.05513e+07
175	8163.44	1.06613e+07	6.70345e+07	1.05149e+07
176	8163.44	1.06009e+07	6.2034e+07 	1.04416e+07
177	8163.44	1.06914e+07	6.09917e+07	1.06187e+07
178	8163.44	1.07249e+07	6.572e+07  	1.05304e+07
179	8163.44	1.08715e+07	5.9631e+07 	1.04391e+07
180	8163.44	1.1003e+07 	6.39324e+07	1.07742e+07
181	8163.44	1.07346e+07	6.64086e+07	1.01275e+07
182	8163.44	1.08371e+07	6.59269e+07	1.02215e+07
183	8163.44	1.08809e+07	6.77216e+07	1.07446e+07
184	8163.44	1.08014e+07	6.54534e+07	1.08859e+07
185	8163.44	1.0732e+07 	7.41277e+07	1.09839e+07
186	8163.44	1.05219e+07	7.17151e+07	1.08427e+07
187	8163.44	1.03366e+07	7.10792e+07	1.0326e+07 
188	8163.44	1.04775e+07	6.13597e+07	1.03862e+07
189	8163.44	1.03297e+07	6.07615e+07	1.03172e+07
190	8163.44	1.03461e+07	6.35375e+07	1.02532e+07
191	8163.44	1.01118e+07	6.05575e+07	9.72331e+06
192	8163.44	9.9221e+06 	5.85046e+07	9.61627e+06
193	8163.44	9.97042e+06	5.95766e+07	9.64009e+06
194	8163.44	9.73232e+06	5.95766e+07	9.5386e+06 
195	8163.44	9.73899e+06	6.28221e+07	9.50498e+06
196	8163.44	9.77027e+06	5.99649e+07	9.27662e+06
197	8163.44	9.75443e+06	6.38121e+07	9.24547e+06
198	8163.44	9.57108e+06	5.4846e+07 	8.62618e+06
199	8163.44	9.76365e+06	6.00844e+07	9.11541e+06
200	8163.44	9.67273e+06	6.94314e+07	8.824e+06  
201	8163.44	1.02248e+07	6.94314e+07	9.90461e+06
202	8163.44	1.01281e+07	6.94314e+07	9.55472e+06
203	8163.44	9.92772e+06	6.37228e+07	9.45078e+06
204	8163.44	9.95437e+06	6.37228e+07	9.33401e+06
205	8163.44	9.91748e+06	5.85311e+07	8.99568e+06
206	8163.44	1.02118e+07	6.39963e+07	9.46469e+06
207	8163.44	1.01814e+07	5.57943e+07	9.52355e+06
208	8163.44	9.89205e+06	5.5565e+07 	9.27348e+06
209	8163.44	9.95184e+06	5.99261e+07	9.48326e+06
210	8163.44	9.92238e+06	6.54651e+07	9.41585e+06
211	5259.08	9.90102e+06	5.38088e+07	9.37782e+06
212	5130.56	9.94672e+06	5.22547e+07	9.20209e+06
213	5130.56	9.90484e+06	5.12328e+07	9.12895e+06
214	5130.56	9.91434e+06	5.48866e+07	9.3987e+06 
215	5130.56	9.62627e+06	5.48866e+07	9.07607e+06
216	5130.56	9.59901e+06	5.84133e+07	9.09059e+06
217	5130.56	9.5089e+06 	5.5715e+07 	8.97427e+06
218	5130.56	9.39173e+06	5.11197e+07	8.69027e+06
219	5130.56	9.22968e+06	4.70959e+07	8.43188e+06
220	5130.56	9.3581e+06 	5.87774e+07	8.61212e+06
221	5130.56	9.30572e+06	5.26236e+07	8.50708e+06
222	5130.56	9.30194e+06	6.37501e+07	8.59567e+06
223	5130.56	9.46026e+06	5.58143e+07	8.60162e+06
224	5130.56	9.57692e+06	7.07009e+07	9.18573e+06
225	5130.56	9.67079e+06	6.23222e+07	9.15753e+06
226	5130.56	9.68406e+06	6.07342e+07	9.13626e+06
227	5130.56	9.67398e+06	6.10501e+07	9.18751e+06
228	4474.59	9.67982e+06	6.10501e+07	8.97165e+06
229	4474.59	9.47469e+06	7.18712e+07	8.88729e+06
230	4474.59	9.30409e+06	5.42424e+07	8.49067e+06
231	4474.59	9.35436e+06	5.42424e+07	8.57352e+06
232	4474.59	9.3216e+06 	5.57991e+07	8.72767e+06
233	4474.59	9.2526e+06 	5.53299e+07	8.42046e+06
234	4474.59	9.08083e+06	5.74273e+07	8.57755e+06
235	4474.59	9.01202e+06	5.6709e+07 	8.20051e+06
236	4474.59	9.17316e+06	5.46811e+07	8.48701e+06
237	4474.59	9.10562e+06	5.75171e+07	8.44747e+06
238	4474.59	8.97995e+06	5.5186e+07 	8.14772e+06
239	4474.59	9.15793e+06	5.42588e+07	8.52269e+06
240	4474.59	9.22902e+06	5.71801e+07	8.69289e+06
241	4474.59	9.15461e+06	6.03673e+07	8.81976e+06
242	4474.59	8.82535e+06	5.71801e+07	8.04342e+06
243	4474.59	8.62813e+06	4.73754e+07	7.55669e+06
244	4474.59	8.55723e+06	4.65774e+07	7.96176e+06
245	4474.59	8.83211e+06	4.86611e+07	8.05147e+06
246	4474.59	8.93063e+06	4.98177e+07	8.20945e+06
247	4474.59	8.7215e+06 	4.98177e+07	8.22039e+06
248	4474.59	8.52835e+06	5.85947e+07	7.79282e+06
249	4474.59	8.48593e+06	5.85947e+07	7.93658e+06
250	4474.59	8.39498e+06	4.7921e+07 	7.79743e+06
251	4474.59	8.59724e+06	5.32782e+07	8.01854e+06
252	4474.59	8.43949e+06	4.56374e+07	8.13619e+06
253	4474.59	8.36072e+06	4.69019e+07	8.12964e+06
254	4474.59	8.24277e+06	4.13578e+07	7.70517e+06
255	4474.59	8.22574e+06	5.97359e+07	7.96624e+06
256	4203.36	8.29642e+06	5.97359e+07	7.86267e+06
257	4203.36	8.3469e+06 	4.88712e+07	7.78361e+06
258	4203.36	8.42555e+06	5.80091e+07	7.72619e+06
259	4203.36	8.7087e+06 	5.0332e+07 	8.03691e+06
260	4203.36	8.79453e+06	5.69051e+07	8.34016e+06
261	4203.36	8.60976e+06	5.44548e+07	7.88435e+06
262	4203.36	8.42855e+06	4.92933e+07	7.87542e+06
263	4203.36	8.46288e+06	4.90352e+07	7.94857e+06
264	4203.36	8.19654e+06	5.06269e+07	7.66695e+06
265	4203.36	8.14491e+06	5.94337e+07	7.766e+06  
266	4203.36	8.26819e+06	6.49364e+07	8.15147e+06
267	4203.36	7.90363e+06	4.91242e+07	7.29272e+06
268	4203.36	7.95738e+06	6.27399e+07	7.70511e+06
269	4203.36	8.00531e+06	5.27098e+07	7.66598e+06
270	4203.36	7.82346e+06	6.56216e+07	7.65931e+06
271	4203.36	7.87725e+06	6.18047e+07	7.60558e+06
272	4203.36	7.88113e+06	6.23652e+07	7.69313e+06
273	4203.36	7.9406e+06 	4.90953e+07	7.25561e+06
274	4203.36	8.03517e+06	5.20484e+07	7.40826e+06
275	4203.36	7.84038e+06	4.74665e+07	7.28517e+06
276	4203.36	7.82413e+06	4.10999e+07	7.2291e+06 
277	4203.36	7.60392e+06	4.10416e+07	7.23551e+06
278	4203.36	7.77134e+06	4.40697e+07	7.20587e+06
279	4203.36	7.58911e+06	4.66414e+07	7.12218e+06
280	4203.36	7.67385e+06	3.83736e+07	7.02005e+06
281	4203.36	7.69813e+06	3.65262e+07	7.01425e+06
282	2322.91	7.59202e+06	3.8024e+07 	6.92209e+06
283	2322.91	7.7316e+06 	5.54273e+07	7.18619e+06
284	2322.91	7.83483e+06	4.83622e+07	7.08344e+06
285	2322.91	8.01645e+06	5.12323e+07	7.31435e+06
286	2322.91	7.97771e+06	4.72254e+07	7.22862e+06
287	2322.91	7.8204e+06 	5.42549e+07	7.36897e+06
288	2322.91	7.6034e+06 	4.75897e+07	7.12205e+06
289	2322.91	7.62961e+06	4.72254e+07	6.86955e+06
290	2322.91	7.85523e+06	3.97974e+07	7.06756e+06
291	2322.91	7.82792e+06	3.92104e+07	7.0145e+06 
292	2322.91	8.02932e+06	4.19652e+07	7.35136e+06
293	2322.91	7.76074e+06	3.99983e+07	7.07726e+06
294	2322.91	7.73119e+06	4.04735e+07	7.09428e+06
295	2322.91	7.49161e+06	3.69887e+07	6.61191e+06
296	2322.91	7.29687e+06	3.69887e+07	6.1851e+06 
297	2322.91	7.30866e+06	3.77248e+07	6.37443e+06
298	2322.91	7.45121e+06	3.6625e+07 	6.50859e+06
299	2322.91	7.33646e+06	4.26919e+07	6.46719e+06
300	2322.91	7.24758e+06	4.1847e+07 	6.31956e+06
301	2322.91	7.14094e+06	3.93894e+07	6.23317e+06
302	2322.91	7.23051e+06	3.93894e+07	6.35315e+06
303	2322.91	7.37359e+06	3.9335e+07 	6.53028e+06
304	2322.91	7.3489e+06 	3.98104e+07	6.60843e+06
305	2322.91	7.29101e+06	4.07771e+07	6.49801e+06
306	2322.91	7.31121e+06	3.72716e+07	6.376e+06  
307	2322.91	7.28162e+06	4.18877e+07	6.40116e+06
308	2322.91	7.43629e+06	4.18877e+07	6.72724e+06
309	2322.91	7.40678e+06	4.76355e+07	6.77224e+06
310	2322.91	7.3648e+06 	4.92764e+07	6.85764e+06
311	2322.91	7.36629e+06	5.41941e+07	7.06937e+06
312	2322.91	7.43177e+06	4.42989e+07	7.0065e+06 
313	2322.91	7.34873e+06	5.92116e+07	6.83606e+06
314	2322.91	7.3666e+06 	4.01375e+07	6.74573e+06
315	2322.91	7.32227e+06	3.86918e+07	6.65747e+06
316	2322.91	7.38389e+06	3.88512e+07	6.5954e+06 
317	2322.91	7.38942e+06	3.88512e+07	6.78833e+06
318	2322.91	7.38153e+06	4.46979e+07	6.81375e+06
319	2322.91	7.34972e+06	4.29943e+07	6.87937e+06
320	2322.91	7.39031e+06	4.29943e+07	6.66787e+06
321	2322.91	7.47677e+06	4.24987e+07	6.58996e+06
322	2322.91	7.40176e+06	4.5894e+07 	6.74377e+06
323	2322.91	7.22762e+06	3.77881e+07	6.55343e+06
324	2322.91	7.08412e+06	3.773e+07  	6.3987e+06 
325	2322.91	7.22565e+06	3.56805e+07	6.51261e+06
326	2322.91	7.00526e+06	4.20453e+07	6.39589e+06
327	2322.91	7.12622e+06	5.41164e+07	6.6755e+06 
328	2322.91	7.1352e+06 	4.26783e+07	6.70582e+06
329	2322.91	7.23415e+06	4.26783e+07	6.91997e+06
330	2322.91	7.41883e+06	4.5608e+07 	7.04331e+06
331	2322.91	7.33053e+06	3.81394e+07	6.9746e+06 
332	2322.91	7.28183e+06	3.90739e+07	6.97182e+06
333	2322.91	7.10694e+06	3.90739e+07	6.78131e+06
334	2322.91	7.2822e+06 	4.80567e+07	7.08736e+06
335	2322.91	7.15328e+06	4.30351e+07	6.96899e+06
336	2322.91	7.14929e+06	4.50337e+07	6.96235e+06
337	2322.91	7.1188e+06 	3.99564e+07	6.63029e+06
338	2322.91	7.11679e+06	3.63071e+07	6.67949e+06
339	2322.91	7.05726e+06	3.61317e+07	6.57059e+06
340	2322.91	7.06031e+06	3.48004e+07	6.42229e+06
341	2322.91	7.06125e+06	4.22837e+07	6.47768e+06
342	2322.91	7.13054e+06	3.7959e+07 	6.35402e+06
343	2322.91	7.40449e+06	3.69409e+07	6.75304e+06
344	2322.91	7.4709e+06 	4.56764e+07	6.85306e+06
345	2322.91	7.18074e+06	4.19625e+07	6.54964e+06
346	2322.91	7.23536e+06	3.9064e+07 	6.73087e+06
347	2322.91	7.19872e+06	3.4363e+07 	6.45e+06   
348	2322.91	7.1634e+06 	3.78146e+07	6.43014e+06
349	2322.91	7.20501e+06	3.77124e+07	6.48933e+06
350	2322.91	7.23046e+06	4.68729e+07	6.58563e+06
351	2322.91	7.23333e+06	4.27851e+07	6.64343e+06
352	2322.91	7.18882e+06	4.74141e+07	6.60323e+06
353	2322.91	7.19602e+06	3.85355e+07	6.49481e+06
354	2322.91	7.35556e+06	4.20923e+07	6.78679e+06
355	2322.91	7.41742e+06	4.77919e+07	7.13419e+06
356	2322.91	7.18752e+06	4.20923e+07	6.76842e+06
357	2322.91	7.17817e+06	4.20923e+07	6.996e+06  
358	2322.91	7.29849e+06	4.20923e+07	7.21923e+06
359	2322.91	7.3402e+06 	4.16991e+07	7.20637e+06
360	2322.91	7.32425e+06	4.03411e+07	7.0168e+06 
361	2322.91	7.27122e+06	3.98632e+07	7.07017e+06
362	2322.91	7.28082e+06	4.2711e+07 	6.97822e+06
363	2322.91	7.09632e+06	3.91015e+07	6.81743e+06
364	2322.91	7.18449e+06	3.73042e+07	6.75003e+06
365	2322.91	7.34353e+06	4.72193e+07	6.95238e+06
366	2322.91	7.34115e+06	3.65946e+07	6.78132e+06
367	2322.91	7.35058e+06	3.8561e+07 	6.90196e+06
368	2322.91	7.37961e+06	3.8561e+07 	6.8999e+06 
369	2322.91	7.27533e+06	3.81447e+07	6.72786e+06
370	2322.91	7.15492e+06	3.57207e+07	6.58039e+06
371	2322.91	7.05676e+06	3.57207e+07	6.57296e+06
372	2322.91	7.01915e+06	3.68614e+07	6.54489e+06
373	2322.91	6.99375e+06	4.09497e+07	6.66118e+06
374	2322.91	6.81447e+06	3.77156e+07	6.45269e+06
375	2322.91	6.81909e+06	3.68135e+07	6.28091e+06
376	2322.91	6.81161e+06	3.43218e+07	6.1309e+06 
377	2322.91	6.87205e+06	3.5268e+07 	6.4072e+06 
378	2322.91	6.97136e+06	3.87756e+07	6.56093e+06
379	2322.91	6.83891e+06	3.87756e+07	6.73723e+06
380	2322.91	7.02076e+06	4.09124e+07	6.88307e+06
381	2322.91	6.82898e+06	3.92566e+07	6.49114e+06
382	2322.91	6.82557e+06	3.85206e+07	6.59658e+06
383	2271.23	6.76643e+06	3.6949e+07 	6.46395e+06
384	2271.23	6.83879e+06	4.40038e+07	6.86327e+06
385	2271.23	6.81764e+06	4.82834e+07	6.70512e+06
386	2271.23	6.88602e+06	4.2411e+07 	6.6382e+06 
387	2271.23	6.66216e+06	3.78063e+07	6.40342e+06
388	2271.23	6.79648e+06	4.5355e+07 	6.49416e+06
389	2271.23	6.75202e+06	4.12675e+07	6.51569e+06
390	2271.23	6.77808e+06	4.43426e+07	6.47527e+06
391	2271.23	6.67956e+06	3.96149e+07	6.25236e+06
392	2271.23	6.81673e+06	3.83439e+07	6.40501e+06
393	2271.23	7.02854e+06	4.50416e+07	6.635e+06  
394	2271.23	7.03712e+06	3.60392e+07	6.40721e+06
395	2271.23	7.13126e+06	3.93654e+07	6.79327e+06
396	2271.23	6.97335e+06	3.55505e+07	6.4155e+06 
397	2271.23	6.90427e+06	3.59844e+07	6.43113e+06
398	2271.23	7.04563e+06	4.85164e+07	6.69713e+06
399	2271.23	6.88659e+06	3.3963e+07 	6.40045e+06
400	2271.23	7.02407e+06	3.3963e+07 	6.61618e+06
401	2271.23	7.12742e+06	3.74967e+07	6.8593e+06 
402	2271.23	7.01122e+06	3.54436e+07	6.64672e+06
403	2271.23	6.93147e+06	5.90125e+07	6.66285e+06
404	2271.23	7.10151e+06	4.20527e+07	6.98913e+06
405	2271.23	7.10083e+06	4.04742e+07	6.75509e+06
406	2271.23	7.03163e+06	3.69799e+07	6.56154e+06
407	2271.23	7.07595e+06	3.4441e+07 	6.49915e+06
408	2271.23	7.31282e+06	4.60165e+07	6.84042e+06
409	2271.23	7.25676e+06	4.39796e+07	6.97353e+06
410	2271.23	7.17638e+06	4.286e+07  	6.76205e+06
411	2271.23	7.12537e+06	4.18787e+07	6.73655e+06
412	2271.23	7.16458e+06	4.18787e+07	6.74477e+06
413	2271.23	7.02706e+06	4.58993e+07	6.66485e+06
414	2271.23	6.70772e+06	3.79691e+07	6.2045e+06 
415	2271.23	6.74849e+06	4.27236e+07	6.49928e+06
416	2271.23	6.82488e+06	3.664e+07  	6.43953e+06
417	2271.23	6.76855e+06	3.57024e+07	6.22064e+06
418	2271.23	6.76832e+06	3.29013e+07	6.09275e+06
419	2271.23	6.60722e+06	3.90501e+07	6.02715e+06
420	2271.23	6.65479e+06	4.09144e+07	6.27223e+06
421	2271.23	6.47443e+06	4.09144e+07	6.11319e+06
422	2271.23	6.46431e+06	3.90647e+07	6.13363e+06
423	2271.23	6.5954e+06 	3.73927e+07	6.48338e+06
424	2271.23	6.58018e+06	3.40783e+07	6.3534e+06 
425	2271.23	6.61215e+06	3.86635e+07	6.45706e+06
426	2271.23	6.45944e+06	3.89378e+07	6.16857e+06
427	2271.23	6.41529e+06	3.89378e+07	6.06148e+06
428	2271.23	6.46421e+06	3.89378e+07	6.2613e+06 
429	2271.23	6.47771e+06	3.89378e+07	6.21014e+06
430	2271.23	6.50892e+06	3.92795e+07	6.34534e+06
431	2271.23	6.6149e+06 	4.22805e+07	6.43497e+06
432	2271.23	6.42061e+06	3.70667e+07	6.29617e+06
433	2271.23	6.57738e+06	3.62366e+07	6.29372e+06
434	2271.23	6.63474e+06	4.23978e+07	6.3227e+06 
435	2271.23	6.66011e+06	4.05895e+07	6.2903e+06 
436	2271.23	6.75154e+06	3.58861e+07	6.39697e+06
437	2271.23	6.65742e+06	3.49933e+07	6.16678e+06
438	2271.23	6.82049e+06	3.47974e+07	6.31904e+06
439	2271.23	6.73938e+06	4.40441e+07	6.41212e+06
440	2271.23	6.65606e+06	4.08947e+07	6.34636e+06
441	2271.23	6.79017e+06	4.06951e+07	6.60217e+06
442	2271.23	6.71036e+06	3.93221e+07	6.48141e+06
443	2271.23	6.7499e+06 	3.83945e+07	6.37995e+06
444	2271.23	6.77759e+06	4.19829e+07	6.51369e+06
445	2271.23	6.72646e+06	3.98304e+07	6.37227e+06
446	2271.23	6.73296e+06	3.7597e+07 	6.44726e+06
447	2271.23	6.75176e+06	4.39307e+07	6.40434e+06
448	2271.23	6.66098e+06	4.39307e+07	6.2797e+06 
449	2271.23	6.56897e+06	4.30014e+07	6.49181e+06
450	2271.23	6.571e+06  	4.57414e+07	6.48836e+06
451	2271.23	6.56854e+06	3.59273e+07	6.50837e+06
452	2271.23	6.50421e+06	3.59273e+07	6.33422e+06
453	2271.23	6.57929e+06	3.49345e+07	6.32144e+06
454	2271.23	6.40088e+06	3.92338e+07	6.14385e+06
455	2271.23	6.56723e+06	4.69326e+07	6.60779e+06
456	2271.23	6.48361e+06	3.66948e+07	6.26415e+06
457	2271.23	6.4855e+06 	3.66219e+07	6.14263e+06
458	2271.23	6.46966e+06	3.79565e+07	5.99727e+06
459	2271.23	6.61214e+06	3.51128e+07	5.99977e+06
460	2271.23	6.57275e+06	3.45172e+07	5.95513e+06
461	2271.23	6.4944e+06 	3.67793e+07	6.12003e+06
462	2271.23	6.42115e+06	3.39271e+07	5.95945e+06
463	1626.27	6.39129e+06	3.07813e+07	5.99892e+06
464	1626.27	6.43541e+06	3.39055e+07	5.99465e+06
465	1626.27	6.16869e+06	3.56151e+07	5.89896e+06
466	1626.27	6.24912e+06	3.57842e+07	6.01189e+06
467	1626.27	6.24752e+06	3.57842e+07	5.99721e+06
468	1626.27	6.2747e+06 	3.33294e+07	5.90363e+06
469	1626.27	6.38596e+06	2.9331e+07 	5.84031e+06
470	1626.27	6.46864e+06	3.46484e+07	6.11194e+06
471	1626.27	6.46126e+06	3.2011e+07 	6.00147e+06
472	1626.27	6.55586e+06	3.66594e+07	6.35233e+06
473	1626.27	6.42408e+06	3.4211e+07 	6.32148e+06
474	1626.27	6.46708e+06	3.61734e+07	6.54909e+06
475	1626.27	6.21726e+06	3.40701e+07	6.27093e+06
476	1626.27	6.15647e+06	3.50705e+07	6.24059e+06
477	1626.27	6.24341e+06	3.64297e+07	6.16257e+06
478	1626.27	6.20362e+06	3.38994e+07	5.84458e+06
479	1596.48	6.22373e+06	3.38994e+07	5.74512e+06
480	1596.48	6.2019e+06 	3.20122e+07	5.78013e+06
481	1596.48	6.32925e+06	4.0619e+07 	6.06331e+06
482	1596.48	6.35712e+06	3.77361e+07	6.10095e+06
483	1596.48	6.49719e+06	3.99797e+07	6.15699e+06
484	1596.48	6.43854e+06	3.72296e+07	6.16031e+06
485	1596.48	6.43271e+06	3.41749e+07	5.9356e+06 
486	1596.48	6.39029e+06	3.40209e+07	5.94411e+06
487	1596.48	6.43361e+06	3.59676e+07	6.07786e+06
488	1596.48	6.26862e+06	3.13332e+07	5.8009e+06 
489	1596.48	6.35841e+06	3.0679e+07 	6.03009e+06
490	1596.48	6.51786e+06	3.45434e+07	6.34488e+06
491	1596.48	6.47102e+06	3.36711e+07	6.04216e+06
492	1596.48	6.56749e+06	3.1095e+07 	6.1345e+06 
493	1596.48	6.42744e+06	3.1095e+07 	5.96211e+06
494	1596.48	6.36133e+06	3.1095e+07 	5.85704e+06
495	1596.48	6.17034e+06	3.09743e+07	5.59224e+06
496	1596.48	6.23912e+06	3.73855e+07	5.74481e+06
497	1596.48	6.37832e+06	3.48426e+07	5.94538e+06
498	1596.48	6.29848e+06	3.04819e+07	5.91356e+06
499	1596.48	6.32652e+06	3.30461e+07	6.06273e+06
-54.93999999
