/usr/lib/python2.7/site-packages/deap/tools/_hypervolume/pyhv.py:33: ImportWarning: Falling back to the python version of hypervolume module. Expect this to be very slow.
  "module. Expect this to be very slow.", ImportWarning)
gen	min   	avg        	max        	std       
0  	212941	1.96464e+07	8.43025e+07	1.7057e+07
1  	212941	1.94649e+07	8.20999e+07	1.68769e+07
2  	212941	1.95179e+07	8.61901e+07	1.72077e+07
3  	142599	1.90652e+07	7.95095e+07	1.65141e+07
4  	142599	1.88605e+07	8.34006e+07	1.67589e+07
5  	142599	1.90119e+07	8.08198e+07	1.6998e+07 
6  	142599	1.9036e+07 	8.05628e+07	1.68534e+07
7  	86300.6	1.89404e+07	7.75428e+07	1.65646e+07
8  	86300.6	1.89712e+07	7.79492e+07	1.6657e+07 
9  	86300.6	1.8791e+07 	8.25814e+07	1.63569e+07
10 	86300.6	1.88185e+07	7.96535e+07	1.64584e+07
11 	86300.6	1.8853e+07 	7.57253e+07	1.64416e+07
12 	86300.6	1.88066e+07	7.74215e+07	1.68467e+07
13 	86300.6	1.88999e+07	7.43795e+07	1.70241e+07
14 	86300.6	1.87788e+07	7.43795e+07	1.6734e+07 
15 	86300.6	1.87398e+07	7.59468e+07	1.70919e+07
16 	80276.9	1.87429e+07	7.39687e+07	1.68487e+07
17 	80276.9	1.86111e+07	7.39078e+07	1.66194e+07
18 	80276.9	1.85249e+07	7.48361e+07	1.67288e+07
19 	80276.9	1.85339e+07	7.62414e+07	1.67534e+07
20 	80276.9	1.85804e+07	7.71383e+07	1.6938e+07 
21 	80276.9	1.87387e+07	8.02278e+07	1.72708e+07
22 	80276.9	1.87563e+07	7.87425e+07	1.73477e+07
23 	80276.9	1.87136e+07	8.52644e+07	1.73949e+07
24 	80276.9	1.82374e+07	7.87425e+07	1.68493e+07
25 	80276.9	1.81115e+07	7.64836e+07	1.63301e+07
26 	80276.9	1.82012e+07	7.79445e+07	1.65973e+07
27 	80276.9	1.8104e+07 	7.79445e+07	1.65421e+07
28 	80276.9	1.77556e+07	7.64469e+07	1.63676e+07
29 	80276.9	1.74455e+07	7.56783e+07	1.59562e+07
30 	80276.9	1.7449e+07 	7.47729e+07	1.57804e+07
31 	36434  	1.73386e+07	8.28156e+07	1.57432e+07
32 	36434  	1.72816e+07	8.50385e+07	1.57436e+07
33 	36434  	1.73164e+07	7.62862e+07	1.57116e+07
34 	36434  	1.70709e+07	7.22914e+07	1.52691e+07
35 	36434  	1.70447e+07	7.93118e+07	1.57548e+07
36 	36434  	1.70804e+07	7.59261e+07	1.56116e+07
37 	36434  	1.70563e+07	7.40164e+07	1.55359e+07
38 	36434  	1.67412e+07	7.4996e+07 	1.51501e+07
39 	36079.9	1.67534e+07	7.4996e+07 	1.49132e+07
40 	36079.9	1.64976e+07	7.4996e+07 	1.47809e+07
41 	36079.9	1.64341e+07	7.40733e+07	1.48209e+07
42 	36079.9	1.63321e+07	6.98655e+07	1.4869e+07 
43 	36079.9	1.61961e+07	7.73524e+07	1.47469e+07
44 	36079.9	1.62977e+07	7.17162e+07	1.49623e+07
45 	36079.9	1.63075e+07	7.50242e+07	1.48225e+07
46 	36079.9	1.62775e+07	8.05886e+07	1.5184e+07 
47 	36079.9	1.64708e+07	7.73653e+07	1.52653e+07
48 	33882.8	1.62886e+07	7.45008e+07	1.53659e+07
49 	33882.8	1.61858e+07	7.36052e+07	1.5214e+07 
50 	33882.8	1.61875e+07	7.3305e+07 	1.49657e+07
51 	33882.8	1.5989e+07 	9.10481e+07	1.52945e+07
52 	33882.8	1.59613e+07	7.79995e+07	1.5128e+07 
53 	33882.8	1.60653e+07	7.31947e+07	1.51055e+07
54 	33882.8	1.60129e+07	7.31947e+07	1.48971e+07
55 	33882.8	1.61903e+07	7.17707e+07	1.51477e+07
56 	33882.8	1.59947e+07	7.83915e+07	1.51257e+07
57 	33882.8	1.60553e+07	7.41887e+07	1.54429e+07
58 	33882.8	1.59521e+07	8.21013e+07	1.55833e+07
59 	33882.8	1.60893e+07	7.35482e+07	1.51054e+07
60 	33882.8	1.58256e+07	7.20263e+07	1.49977e+07
61 	33882.8	1.55094e+07	7.05414e+07	1.42221e+07
62 	33882.8	1.56546e+07	7.44908e+07	1.47072e+07
63 	33882.8	1.55447e+07	7.61704e+07	1.49513e+07
64 	32060.1	1.55867e+07	7.69261e+07	1.50214e+07
65 	32060.1	1.5406e+07 	7.64133e+07	1.4892e+07 
66 	32060.1	1.51141e+07	7.4256e+07 	1.44532e+07
67 	32060.1	1.51197e+07	7.47938e+07	1.43664e+07
68 	32060.1	1.51387e+07	7.29845e+07	1.45646e+07
69 	32060.1	1.52424e+07	7.18316e+07	1.48819e+07
70 	32060.1	1.52396e+07	8.03986e+07	1.49756e+07
71 	32060.1	1.50897e+07	7.22703e+07	1.42972e+07
72 	32060.1	1.4977e+07 	8.57025e+07	1.44292e+07
73 	32060.1	1.46317e+07	7.40341e+07	1.38481e+07
74 	32060.1	1.43935e+07	7.73912e+07	1.35792e+07
75 	32060.1	1.45533e+07	7.62296e+07	1.35956e+07
76 	32060.1	1.45795e+07	7.62296e+07	1.37055e+07
77 	32060.1	1.4283e+07 	7.37995e+07	1.32643e+07
78 	32060.1	1.44711e+07	7.81841e+07	1.34066e+07
79 	32060.1	1.45026e+07	7.22993e+07	1.35292e+07
80 	32060.1	1.44017e+07	7.22993e+07	1.37501e+07
81 	32060.1	1.41722e+07	7.24642e+07	1.34301e+07
82 	32060.1	1.45572e+07	7.1535e+07 	1.38885e+07
83 	32060.1	1.43541e+07	7.33631e+07	1.32016e+07
84 	32060.1	1.41935e+07	6.73219e+07	1.29515e+07
85 	32060.1	1.42844e+07	7.14343e+07	1.35073e+07
86 	32060.1	1.39888e+07	6.91392e+07	1.32448e+07
87 	32060.1	1.38872e+07	7.66284e+07	1.30321e+07
88 	32060.1	1.37557e+07	7.43786e+07	1.27702e+07
89 	32060.1	1.39689e+07	7.3043e+07 	1.31931e+07
90 	32060.1	1.41042e+07	7.72073e+07	1.3497e+07 
91 	32060.1	1.39791e+07	7.00107e+07	1.32904e+07
92 	27621.4	1.38583e+07	6.75711e+07	1.31895e+07
93 	27621.4	1.37212e+07	7.08749e+07	1.30387e+07
94 	27621.4	1.36496e+07	7.08749e+07	1.33351e+07
95 	27621.4	1.36515e+07	6.8508e+07 	1.3209e+07 
96 	27621.4	1.32397e+07	6.8508e+07 	1.23555e+07
97 	27621.4	1.31292e+07	6.97533e+07	1.21967e+07
98 	27621.4	1.28853e+07	6.35264e+07	1.19466e+07
99 	27621.4	1.29178e+07	7.0972e+07 	1.20484e+07
100	27621.4	1.29438e+07	6.73176e+07	1.22769e+07
101	27621.4	1.27159e+07	7.10584e+07	1.22064e+07
102	27621.4	1.26377e+07	7.10584e+07	1.20436e+07
103	27621.4	1.2706e+07 	7.45932e+07	1.25962e+07
104	27621.4	1.26299e+07	7.19005e+07	1.23003e+07
105	27621.4	1.26156e+07	7.25229e+07	1.20466e+07
106	27621.4	1.28124e+07	7.84094e+07	1.23682e+07
107	16755.3	1.3006e+07 	7.82486e+07	1.27142e+07
108	16755.3	1.30775e+07	7.58977e+07	1.26972e+07
109	16755.3	1.32004e+07	7.3234e+07 	1.3043e+07 
110	16755.3	1.30089e+07	7.07977e+07	1.27081e+07
111	16755.3	1.28578e+07	7.01459e+07	1.28242e+07
112	16755.3	1.27333e+07	7.01459e+07	1.25416e+07
113	16755.3	1.25438e+07	7.36836e+07	1.23976e+07
114	16755.3	1.23549e+07	7.56545e+07	1.21788e+07
115	16755.3	1.23058e+07	6.95138e+07	1.20288e+07
116	16755.3	1.20827e+07	7.61563e+07	1.21634e+07
117	16755.3	1.21049e+07	7.6388e+07 	1.19537e+07
118	16755.3	1.19891e+07	7.27365e+07	1.14511e+07
119	16755.3	1.21373e+07	7.27365e+07	1.18411e+07
120	16755.3	1.20936e+07	6.68132e+07	1.16431e+07
121	16755.3	1.21582e+07	6.53814e+07	1.19011e+07
122	16755.3	1.20438e+07	7.21293e+07	1.18101e+07
123	16755.3	1.18226e+07	6.93011e+07	1.15924e+07
124	16755.3	1.19624e+07	6.47463e+07	1.17187e+07
125	16755.3	1.17807e+07	6.45494e+07	1.1325e+07 
126	16755.3	1.19044e+07	7.02691e+07	1.15279e+07
127	16755.3	1.18825e+07	7.02691e+07	1.19675e+07
128	16755.3	1.18577e+07	6.86155e+07	1.18398e+07
129	16755.3	1.16635e+07	6.57517e+07	1.14706e+07
130	16755.3	1.1534e+07 	6.34991e+07	1.11527e+07
131	16755.3	1.18926e+07	6.34991e+07	1.19629e+07
132	16755.3	1.16932e+07	6.61327e+07	1.15625e+07
133	16755.3	1.17273e+07	7.33881e+07	1.19402e+07
134	16755.3	1.17681e+07	7.18499e+07	1.16413e+07
135	16755.3	1.17289e+07	6.56752e+07	1.18361e+07
136	16755.3	1.14414e+07	6.70787e+07	1.16024e+07
137	16755.3	1.13815e+07	6.53892e+07	1.16189e+07
138	16755.3	1.12508e+07	6.51329e+07	1.11503e+07
139	16755.3	1.15286e+07	7.30042e+07	1.15206e+07
140	16755.3	1.13842e+07	6.33267e+07	1.08725e+07
141	16755.3	1.13251e+07	6.12002e+07	1.08067e+07
142	16755.3	1.11629e+07	6.00388e+07	1.05709e+07
143	16755.3	1.12179e+07	6.97039e+07	1.09799e+07
144	16755.3	1.10931e+07	6.35542e+07	1.07907e+07
145	16755.3	1.0948e+07 	5.75001e+07	1.05288e+07
146	16755.3	1.08446e+07	6.56424e+07	1.06465e+07
147	16755.3	1.08475e+07	6.87248e+07	1.13049e+07
148	16755.3	1.06835e+07	6.87248e+07	1.07575e+07
149	12560.6	1.07399e+07	7.29157e+07	1.09471e+07
150	12560.6	1.07508e+07	6.96967e+07	1.09632e+07
151	12560.6	1.05362e+07	6.49662e+07	1.06463e+07
152	12560.6	1.05477e+07	5.98055e+07	1.02481e+07
153	12560.6	1.07505e+07	6.15e+07   	1.08196e+07
154	12560.6	1.07985e+07	6.45914e+07	1.09855e+07
155	12560.6	1.09472e+07	6.51209e+07	1.08907e+07
156	12560.6	1.10565e+07	6.94217e+07	1.12427e+07
157	12560.6	1.0986e+07 	7.21838e+07	1.1e+07    
158	12560.6	1.10048e+07	7.00515e+07	1.08766e+07
159	12560.6	1.07525e+07	6.70641e+07	1.06974e+07
160	12560.6	1.06288e+07	6.5007e+07 	1.06908e+07
161	12560.6	1.05419e+07	6.44053e+07	1.04225e+07
162	12560.6	1.06042e+07	6.16405e+07	1.05191e+07
163	12560.6	1.04955e+07	6.37171e+07	1.06019e+07
164	6332.29	1.03605e+07	6.37603e+07	1.04964e+07
165	6332.29	1.01855e+07	6.15552e+07	1.01685e+07
166	6332.29	1.02751e+07	6.703e+07  	9.96896e+06
167	6332.29	1.02645e+07	6.37792e+07	1.01352e+07
168	6332.29	1.01303e+07	6.15552e+07	9.90925e+06
169	6332.29	1.01947e+07	6.3219e+07 	1.0169e+07 
170	6332.29	1.01218e+07	6.36696e+07	1.00795e+07
171	6332.29	9.93112e+06	6.12163e+07	9.48006e+06
172	6332.29	9.74142e+06	5.95107e+07	9.1733e+06 
173	6332.29	9.85344e+06	6.16107e+07	9.06697e+06
174	6332.29	9.9825e+06 	5.85726e+07	9.2569e+06 
175	6332.29	9.79392e+06	5.85407e+07	9.00711e+06
176	6332.29	9.81863e+06	5.74859e+07	9.30752e+06
177	6085.58	9.82736e+06	6.0548e+07 	9.57322e+06
178	6085.58	9.88689e+06	5.69233e+07	9.25424e+06
179	6085.58	9.85781e+06	5.53171e+07	9.15518e+06
180	6085.58	9.67252e+06	5.77308e+07	9.13669e+06
181	6085.58	9.64001e+06	5.33453e+07	9.07002e+06
182	6085.58	9.44646e+06	5.32191e+07	8.83482e+06
183	6085.58	9.54903e+06	5.13469e+07	9.02055e+06
184	6085.58	9.54865e+06	5.21869e+07	9.01234e+06
185	6085.58	9.5981e+06 	5.93043e+07	9.13213e+06
186	6085.58	9.37027e+06	5.93043e+07	8.94683e+06
187	6085.58	9.48375e+06	5.98798e+07	9.43886e+06
188	6085.58	9.3987e+06 	5.95948e+07	9.25559e+06
189	6085.58	9.5022e+06 	6.57946e+07	9.5042e+06 
190	6085.58	9.66635e+06	6.57946e+07	9.65196e+06
191	6085.58	9.52246e+06	6.2611e+07 	9.19798e+06
192	6085.58	9.46865e+06	6.2611e+07 	8.87371e+06
193	6085.58	9.66001e+06	6.13751e+07	9.21907e+06
194	6085.58	9.68545e+06	7.12035e+07	9.78844e+06
195	6085.58	9.6127e+06 	5.94628e+07	9.52519e+06
196	6085.58	9.41343e+06	5.66383e+07	9.15653e+06
197	6085.58	9.41175e+06	5.92527e+07	9.35488e+06
198	6085.58	9.33249e+06	5.15455e+07	9.24686e+06
199	6085.58	9.43871e+06	5.70688e+07	9.70681e+06
200	6085.58	9.29816e+06	5.70688e+07	9.13683e+06
201	6085.58	9.17308e+06	5.64365e+07	8.87667e+06
202	6085.58	8.99302e+06	5.70078e+07	8.82468e+06
203	6085.58	9.05704e+06	5.70078e+07	8.88524e+06
204	6085.58	9.25137e+06	5.49704e+07	8.66654e+06
205	6085.58	9.44313e+06	5.82649e+07	9.51669e+06
206	6085.58	9.45877e+06	6.11534e+07	9.43255e+06
207	6067.97	9.07001e+06	5.16212e+07	8.8273e+06 
208	6067.97	9.11811e+06	5.14891e+07	8.67009e+06
209	6067.97	9.31476e+06	7.55926e+07	9.14462e+06
210	6067.97	8.99744e+06	6.26428e+07	8.86906e+06
211	6067.97	9.09379e+06	6.26428e+07	9.25632e+06
212	6067.97	8.99374e+06	6.45053e+07	9.2759e+06 
213	6067.97	8.93651e+06	6.26428e+07	8.86746e+06
214	6067.97	8.50013e+06	5.36187e+07	8.40006e+06
215	6067.97	8.68375e+06	5.36187e+07	8.60707e+06
216	6067.97	8.51706e+06	4.89885e+07	8.35393e+06
217	6067.97	8.42557e+06	4.37304e+07	8.18458e+06
218	6067.97	8.38282e+06	5.45591e+07	8.38598e+06
219	6067.97	8.27357e+06	5.03654e+07	7.85536e+06
220	6067.97	8.27832e+06	4.57988e+07	7.81239e+06
221	6067.97	8.43407e+06	5.17734e+07	7.99785e+06
222	6067.97	8.42517e+06	5.13723e+07	7.87315e+06
223	6067.97	8.58436e+06	6.17593e+07	8.17045e+06
224	6067.97	8.59667e+06	5.75633e+07	8.04951e+06
225	6067.97	8.47213e+06	6.70228e+07	8.394e+06  
226	6067.97	8.5067e+06 	5.75633e+07	8.32203e+06
227	6067.97	8.49273e+06	5.35562e+07	8.41088e+06
228	6067.97	8.52247e+06	5.45908e+07	8.41307e+06
229	6067.97	8.54204e+06	5.45908e+07	8.17164e+06
230	6067.97	8.5288e+06 	5.27354e+07	8.47842e+06
231	6067.97	8.6872e+06 	5.00609e+07	8.49016e+06
232	6067.97	8.59297e+06	5.23405e+07	8.48576e+06
233	6067.97	8.26478e+06	5.23405e+07	8.13909e+06
234	6067.97	8.55013e+06	6.04358e+07	8.81383e+06
235	6067.97	8.58181e+06	6.04358e+07	9.01354e+06
236	6067.97	8.30226e+06	5.61966e+07	8.68863e+06
237	6067.97	8.35547e+06	5.3917e+07 	8.58483e+06
238	6067.97	8.0462e+06 	6.10622e+07	8.36303e+06
239	6067.97	8.00355e+06	5.53172e+07	7.6066e+06 
240	6067.97	8.03839e+06	5.59153e+07	7.80559e+06
241	6067.97	8.00603e+06	4.6703e+07 	7.67004e+06
242	6067.97	7.93956e+06	5.07157e+07	7.78871e+06
243	6067.97	7.89136e+06	4.85015e+07	7.62687e+06
244	6067.97	8.05737e+06	4.68816e+07	7.42331e+06
245	6067.97	8.17139e+06	4.68816e+07	7.74645e+06
246	6067.97	8.01368e+06	5.43505e+07	7.38784e+06
247	6067.97	7.98654e+06	4.48975e+07	7.4005e+06 
248	6067.97	7.70417e+06	4.14295e+07	7.21795e+06
249	6067.97	7.70758e+06	4.14295e+07	6.97044e+06
250	6067.97	7.69081e+06	4.34094e+07	7.12612e+06
251	6067.97	7.63566e+06	4.21613e+07	6.95954e+06
252	6067.97	7.69257e+06	4.6389e+07 	7.07389e+06
253	6067.97	7.79793e+06	5.21993e+07	7.46228e+06
254	6067.97	7.69483e+06	4.53236e+07	7.45445e+06
255	6067.97	7.57247e+06	4.56451e+07	7.02935e+06
256	6067.97	7.9228e+06 	4.53236e+07	7.30206e+06
257	6067.97	7.82824e+06	4.53236e+07	7.13264e+06
258	6067.97	7.69992e+06	4.31363e+07	7.12724e+06
259	6067.97	7.81505e+06	3.75705e+07	7.08e+06   
260	6067.97	7.89315e+06	3.88402e+07	7.24652e+06
261	6067.97	7.69743e+06	4.63617e+07	7.07357e+06
262	6067.97	7.72653e+06	5.20955e+07	7.18761e+06
263	6067.97	7.76233e+06	4.5036e+07 	7.09127e+06
264	6067.97	7.58781e+06	3.57938e+07	7.15484e+06
265	6067.97	7.64666e+06	4.35515e+07	7.24147e+06
266	6067.97	7.5547e+06 	3.9764e+07 	7.21061e+06
267	6067.97	7.32924e+06	4.52769e+07	7.1344e+06 
268	6052.09	7.48756e+06	4.4727e+07 	7.1116e+06 
269	6052.09	7.37227e+06	4.03963e+07	6.89447e+06
270	6052.09	7.54942e+06	3.97735e+07	7.13368e+06
271	6052.09	7.29702e+06	5.06456e+07	7.17999e+06
272	6052.09	7.39189e+06	4.40202e+07	6.87717e+06
273	6052.09	7.50529e+06	3.88581e+07	7.07203e+06
274	6052.09	7.42947e+06	4.71608e+07	7.30704e+06
275	6052.09	7.40146e+06	4.18826e+07	6.85158e+06
276	6052.09	7.50574e+06	3.76789e+07	6.82471e+06
277	6052.09	7.62885e+06	4.39618e+07	7.06222e+06
278	6052.09	7.58932e+06	4.38996e+07	6.99918e+06
279	6052.09	7.47925e+06	4.26254e+07	7.00159e+06
280	6052.09	7.61005e+06	4.26254e+07	7.31425e+06
281	6052.09	7.71036e+06	4.26254e+07	7.39576e+06
282	6052.09	7.68899e+06	4.56984e+07	7.27442e+06
283	6052.09	7.72942e+06	4.95074e+07	7.19943e+06
284	6052.09	7.79109e+06	4.59644e+07	6.97799e+06
285	6052.09	8.07855e+06	4.95777e+07	7.28268e+06
286	6052.09	8.00078e+06	5.00322e+07	7.36433e+06
287	6052.09	8.11037e+06	6.71076e+07	8.01373e+06
288	6052.09	8.10271e+06	5.47006e+07	7.99392e+06
289	6052.09	8.07434e+06	4.941e+07  	7.99183e+06
290	6052.09	7.86758e+06	4.79752e+07	7.71845e+06
291	6052.09	7.62831e+06	3.96382e+07	7.26937e+06
292	6052.09	7.69377e+06	3.33818e+07	7.04886e+06
293	6052.09	7.68895e+06	3.93496e+07	7.1301e+06 
294	6052.09	7.85316e+06	4.66404e+07	7.43841e+06
295	6052.09	7.76653e+06	5.11475e+07	7.5114e+06 
296	6052.09	7.58731e+06	4.50432e+07	7.07297e+06
297	6052.09	7.57258e+06	4.36831e+07	7.25497e+06
298	6052.09	7.30348e+06	4.36831e+07	6.7397e+06 
299	6052.09	7.23317e+06	3.64783e+07	6.54378e+06
300	6052.09	7.30864e+06	4.30161e+07	6.58962e+06
301	6052.09	7.33546e+06	4.12628e+07	6.59673e+06
302	6052.09	7.3948e+06 	4.03897e+07	6.61706e+06
303	6052.09	7.40105e+06	3.8903e+07 	6.59729e+06
304	6052.09	7.41448e+06	4.19859e+07	6.62037e+06
305	6052.09	7.30346e+06	4.19859e+07	6.46837e+06
306	6052.09	7.31591e+06	3.81412e+07	6.55719e+06
307	6052.09	7.27384e+06	3.8602e+07 	6.40852e+06
308	6052.09	7.36676e+06	4.47567e+07	6.5796e+06 
309	6052.09	7.25487e+06	4.22573e+07	6.60319e+06
310	6052.09	7.30701e+06	4.6358e+07 	6.69615e+06
311	6052.09	7.24022e+06	4.18658e+07	6.50548e+06
312	6052.09	7.00509e+06	3.83065e+07	6.38228e+06
313	6052.09	6.99578e+06	3.83065e+07	6.3106e+06 
314	6052.09	6.86288e+06	3.37344e+07	6.23813e+06
315	6052.09	7.0349e+06 	3.40685e+07	6.17313e+06
316	6052.09	7.09583e+06	3.28653e+07	6.25002e+06
317	6052.09	7.22288e+06	4.01256e+07	6.65335e+06
318	6052.09	7.48075e+06	3.95929e+07	6.86138e+06
319	6052.09	7.44441e+06	4.0467e+07 	6.60204e+06
320	6052.09	7.35727e+06	4.34339e+07	6.67811e+06
321	6052.09	7.18797e+06	4.83147e+07	6.53627e+06
322	6052.09	7.05795e+06	3.96669e+07	6.38648e+06
323	6052.09	7.01116e+06	3.54819e+07	6.42597e+06
324	6052.09	6.91892e+06	4.36166e+07	6.42218e+06
325	6052.09	6.78015e+06	3.30946e+07	6.25632e+06
326	6052.09	6.99404e+06	4.19289e+07	6.59026e+06
327	6052.09	7.07575e+06	4.10669e+07	6.62983e+06
328	6052.09	6.94239e+06	4.69891e+07	6.58704e+06
329	6052.09	7.07831e+06	4.69891e+07	6.71617e+06
330	6052.09	7.1471e+06 	4.69891e+07	6.99219e+06
331	6052.09	7.28029e+06	4.52115e+07	7.2736e+06 
332	6052.09	7.16785e+06	4.00944e+07	6.89405e+06
333	6052.09	7.44308e+06	4.6758e+07 	7.08946e+06
334	6052.09	7.30419e+06	4.6758e+07 	7.1524e+06 
335	6052.09	7.13559e+06	4.6758e+07 	6.96605e+06
336	6052.09	6.98923e+06	4.94311e+07	6.95467e+06
337	6052.09	6.95222e+06	4.36834e+07	6.90357e+06
338	6052.09	6.96275e+06	3.78484e+07	6.61347e+06
339	6052.09	6.7291e+06 	3.43709e+07	6.3437e+06 
340	6052.09	6.74268e+06	4.03799e+07	6.31834e+06
341	6052.09	6.81976e+06	3.43709e+07	6.31799e+06
342	6052.09	6.86261e+06	4.29368e+07	6.29017e+06
343	6052.09	6.81578e+06	4.15376e+07	6.52263e+06
344	6052.09	6.92634e+06	4.15376e+07	6.63415e+06
345	6052.09	6.76894e+06	3.9318e+07 	6.61205e+06
346	6052.09	6.69521e+06	3.84849e+07	6.34771e+06
347	6052.09	6.74318e+06	3.36788e+07	6.39521e+06
348	6052.09	6.64021e+06	3.27871e+07	6.07337e+06
349	6052.09	6.60601e+06	3.72704e+07	6.02112e+06
350	6052.09	6.69972e+06	3.72704e+07	6.16481e+06
351	6052.09	6.6254e+06 	4.15307e+07	6.30936e+06
352	6052.09	6.78681e+06	3.98491e+07	6.48769e+06
353	6052.09	6.86595e+06	4.04639e+07	6.59693e+06
354	6052.09	6.96863e+06	3.59214e+07	6.29362e+06
355	6052.09	6.67072e+06	3.53336e+07	5.9873e+06 
356	6052.09	6.79362e+06	3.43577e+07	6.08175e+06
357	6052.09	6.81657e+06	3.93364e+07	6.30145e+06
358	6052.09	6.66431e+06	4.14159e+07	6.17527e+06
359	6052.09	6.63113e+06	3.40048e+07	5.98681e+06
360	6052.09	6.5564e+06 	3.63604e+07	5.96834e+06
361	6052.09	6.40861e+06	3.54411e+07	5.99237e+06
362	6052.09	6.65073e+06	3.67384e+07	6.13071e+06
363	6052.09	6.73966e+06	3.67384e+07	6.47852e+06
364	6052.09	6.7532e+06 	3.70308e+07	6.5273e+06 
365	6052.09	6.88113e+06	4.28199e+07	6.71167e+06
366	6052.09	6.86807e+06	3.91038e+07	6.44745e+06
367	6052.09	6.93242e+06	4.05298e+07	6.71113e+06
368	6052.09	6.81948e+06	4.68425e+07	6.71197e+06
369	6052.09	6.71988e+06	3.84489e+07	6.53633e+06
370	6052.09	6.54536e+06	4.1324e+07 	6.3469e+06 
371	6052.09	6.61691e+06	3.99856e+07	6.4223e+06 
372	6052.09	6.66301e+06	4.18042e+07	6.46987e+06
373	6052.09	6.67033e+06	4.09169e+07	6.34435e+06
374	6052.09	6.66806e+06	4.09169e+07	6.41248e+06
375	6052.09	6.70664e+06	4.2146e+07 	6.33496e+06
376	6052.09	6.67056e+06	3.49893e+07	6.19436e+06
377	6052.09	6.61004e+06	3.18355e+07	6.24087e+06
378	6052.09	6.65268e+06	3.25492e+07	6.41267e+06
379	6052.09	6.59021e+06	4.31506e+07	6.7204e+06 
380	6052.09	6.41778e+06	4.0931e+07 	6.53658e+06
381	6052.09	6.43588e+06	4.78275e+07	6.55554e+06
382	6052.09	6.32761e+06	4.78275e+07	6.41089e+06
383	6052.09	6.31595e+06	3.94588e+07	6.36902e+06
384	6052.09	6.28803e+06	3.80196e+07	6.19479e+06
385	6052.09	6.31769e+06	3.48931e+07	6.04598e+06
386	6052.09	6.34558e+06	3.7528e+07 	6.02281e+06
387	6052.09	6.40788e+06	3.25881e+07	5.86343e+06
388	6052.09	6.64397e+06	3.19689e+07	6.04318e+06
389	6052.09	6.61009e+06	3.58078e+07	6.00092e+06
390	6052.09	6.52146e+06	2.85854e+07	5.77471e+06
391	6052.09	6.39486e+06	3.64096e+07	5.58819e+06
392	6052.09	6.34887e+06	2.88216e+07	5.53707e+06
393	6052.09	6.32366e+06	2.88216e+07	5.57872e+06
394	6052.09	6.22509e+06	3.40545e+07	5.51277e+06
395	6052.09	6.21826e+06	3.34903e+07	5.729e+06  
396	6052.09	6.31303e+06	2.85003e+07	5.76632e+06
397	6052.09	6.40969e+06	3.8753e+07 	5.94488e+06
398	6052.09	6.38258e+06	4.09819e+07	5.87864e+06
399	6052.09	6.42562e+06	3.75348e+07	5.918e+06  
400	6052.09	6.46207e+06	3.3027e+07 	5.93987e+06
401	6052.09	6.52934e+06	3.82474e+07	6.14713e+06
402	6052.09	6.69186e+06	4.19652e+07	6.25499e+06
403	6052.09	6.66321e+06	3.82474e+07	5.93967e+06
404	6052.09	6.56925e+06	3.52728e+07	5.85002e+06
405	6052.09	6.54693e+06	3.24195e+07	5.84069e+06
406	6052.09	6.72627e+06	3.24195e+07	6.09365e+06
407	6052.09	6.84842e+06	3.61036e+07	6.49903e+06
408	6052.09	6.69428e+06	3.58042e+07	6.241e+06  
409	6052.09	6.68466e+06	3.25742e+07	6.44035e+06
410	6052.09	6.73419e+06	3.71448e+07	6.79097e+06
411	6052.09	6.79719e+06	3.47091e+07	6.69528e+06
412	6052.09	6.78696e+06	3.47009e+07	6.56688e+06
413	6052.09	6.63077e+06	4.37658e+07	6.49845e+06
414	6052.09	6.59958e+06	4.21559e+07	6.63133e+06
415	6052.09	6.37902e+06	3.68792e+07	6.25776e+06
416	6052.09	6.50273e+06	3.36719e+07	6.17979e+06
417	6052.09	6.34044e+06	3.62088e+07	5.97438e+06
418	6052.09	6.28476e+06	3.45108e+07	6.09053e+06
419	6052.09	6.43324e+06	3.95503e+07	6.30408e+06
420	6052.09	6.22387e+06	3.90912e+07	6.24719e+06
421	6052.09	6.15265e+06	4.04902e+07	6.01339e+06
422	6052.09	6.19163e+06	3.74744e+07	5.90863e+06
423	6052.09	6.20999e+06	3.45108e+07	5.87595e+06
424	6052.09	6.13387e+06	3.40613e+07	5.88535e+06
425	6052.09	6.19694e+06	3.84854e+07	5.92637e+06
426	6052.09	6.3784e+06 	4.21296e+07	6.12389e+06
427	6052.09	6.41657e+06	4.20914e+07	6.01122e+06
428	6052.09	6.32653e+06	3.42316e+07	5.68804e+06
429	6052.09	6.32814e+06	3.27368e+07	5.72359e+06
430	6052.09	6.34695e+06	4.40021e+07	5.95442e+06
431	6052.09	6.26171e+06	3.89681e+07	6.06377e+06
432	6052.09	6.48997e+06	4.61646e+07	6.22623e+06
433	6052.09	6.38465e+06	3.27508e+07	6.05808e+06
434	6052.09	6.37899e+06	3.25164e+07	5.80853e+06
435	6052.09	6.26879e+06	3.4896e+07 	5.93496e+06
436	6052.09	6.14152e+06	3.67047e+07	5.84716e+06
437	6052.09	6.41185e+06	3.77454e+07	6.16771e+06
438	6052.09	6.40393e+06	3.50485e+07	6.02946e+06
439	6052.09	6.29478e+06	3.39086e+07	5.93768e+06
440	6052.09	6.03486e+06	3.4395e+07 	5.53653e+06
441	6052.09	5.97067e+06	3.28928e+07	5.56805e+06
442	6052.09	6.15681e+06	3.59623e+07	5.94208e+06
443	6052.09	6.36241e+06	3.68178e+07	6.24443e+06
444	6052.09	6.18108e+06	3.43459e+07	6.07229e+06
445	6052.09	6.20812e+06	3.64669e+07	5.98934e+06
446	6052.09	6.28963e+06	3.45247e+07	6.08076e+06
447	6052.09	6.15896e+06	3.26392e+07	5.91157e+06
448	6052.09	6.09574e+06	3.04466e+07	5.86796e+06
449	6052.09	6.06524e+06	4.25296e+07	5.86963e+06
450	6052.09	6.05272e+06	3.87247e+07	5.81316e+06
451	6052.09	6.17872e+06	3.5396e+07 	5.6665e+06 
452	6052.09	5.94658e+06	3.51679e+07	5.46045e+06
453	6052.09	6.00308e+06	3.55862e+07	5.62994e+06
454	6052.09	5.94717e+06	3.51679e+07	5.4687e+06 
455	6052.09	5.84965e+06	3.45234e+07	5.51222e+06
456	6052.09	5.90439e+06	3.45234e+07	5.57277e+06
457	6052.09	5.82172e+06	3.41426e+07	5.5017e+06 
458	6052.09	5.58736e+06	2.92841e+07	5.24997e+06
459	6052.09	5.6634e+06 	4.59819e+07	5.48552e+06
460	6052.09	5.76026e+06	3.4253e+07 	5.36283e+06
461	6052.09	5.65527e+06	2.88622e+07	5.11646e+06
462	6052.09	5.85138e+06	3.39391e+07	5.35987e+06
463	6052.09	5.90759e+06	3.09438e+07	5.40476e+06
464	6052.09	5.8674e+06 	3.4404e+07 	5.51356e+06
465	6052.09	5.77049e+06	2.69345e+07	5.04607e+06
466	6052.09	5.79365e+06	3.18976e+07	5.25064e+06
467	6052.09	5.79844e+06	3.46302e+07	5.34192e+06
468	6052.09	5.88434e+06	3.44938e+07	5.42235e+06
469	6052.09	5.93593e+06	3.40258e+07	5.615e+06  
470	6052.09	6.06082e+06	3.44625e+07	5.72285e+06
471	6052.09	6.12831e+06	3.27761e+07	5.76509e+06
472	6052.09	6.19797e+06	3.89258e+07	6.0145e+06 
473	6052.09	6.28447e+06	3.74921e+07	6.17664e+06
474	6052.09	6.2148e+06 	3.42107e+07	6.11265e+06
475	6052.09	6.074e+06  	3.41688e+07	6.02309e+06
476	6052.09	5.94898e+06	3.41688e+07	5.95567e+06
477	6052.09	5.82412e+06	3.26409e+07	5.78476e+06
478	6052.09	5.87694e+06	3.68357e+07	5.77288e+06
479	6052.09	5.80109e+06	3.45367e+07	5.65855e+06
480	6052.09	5.78498e+06	3.34988e+07	5.61529e+06
481	6052.09	5.93411e+06	3.34988e+07	5.7728e+06 
482	6052.09	5.89079e+06	3.12698e+07	5.71694e+06
483	6052.09	5.82258e+06	4.03774e+07	5.89744e+06
484	6052.09	5.89676e+06	3.57131e+07	5.71408e+06
485	6052.09	5.89154e+06	3.70607e+07	5.81191e+06
486	6052.09	5.63668e+06	3.71921e+07	5.5317e+06 
487	6052.09	5.68235e+06	3.27544e+07	5.54935e+06
488	6052.09	5.78314e+06	3.05816e+07	5.64561e+06
489	6052.09	5.71473e+06	2.99315e+07	5.37446e+06
490	6052.09	5.68974e+06	3.15831e+07	5.30765e+06
491	6052.09	5.76304e+06	2.76229e+07	5.28907e+06
492	6052.09	5.93877e+06	2.92113e+07	5.7363e+06 
493	6052.09	6.07637e+06	4.19182e+07	6.24239e+06
494	6052.09	6.13233e+06	4.1626e+07 	5.99827e+06
495	6052.09	6.04197e+06	3.15047e+07	5.82357e+06
496	6052.09	5.98665e+06	3.09714e+07	5.61898e+06
497	6052.09	5.89976e+06	3.18876e+07	5.6736e+06 
498	6052.09	5.71522e+06	3.58666e+07	5.57331e+06
499	6052.09	5.79373e+06	3.58666e+07	5.65755e+06
-54.93999999
