/usr/lib/python2.7/site-packages/deap/tools/_hypervolume/pyhv.py:33: ImportWarning: Falling back to the python version of hypervolume module. Expect this to be very slow.
  "module. Expect this to be very slow.", ImportWarning)
gen	min    	avg        	max       	std        
0  	141.995	5.47563e+06	4.2657e+07	6.70117e+06
1  	141.995	5.36113e+06	3.82436e+07	6.53661e+06
2  	141.995	5.3761e+06 	3.64698e+07	6.44362e+06
3  	141.995	5.43442e+06	4.01941e+07	6.6649e+06 
4  	141.995	5.18428e+06	3.6237e+07 	6.26608e+06
5  	141.995	5.13157e+06	3.22439e+07	6.4521e+06 
6  	141.995	5.38754e+06	3.40958e+07	6.45164e+06
7  	141.995	5.4057e+06 	3.70579e+07	6.53694e+06
8  	141.995	5.30036e+06	3.42109e+07	6.47735e+06
9  	141.995	5.43199e+06	3.5252e+07 	6.69121e+06
10 	141.995	5.32382e+06	3.9675e+07 	6.71309e+06
11 	141.995	5.43313e+06	3.9675e+07 	6.839e+06  
12 	141.995	5.45727e+06	3.81194e+07	6.68971e+06
13 	141.995	5.34188e+06	3.66401e+07	6.48097e+06
14 	141.995	5.33975e+06	2.96393e+07	6.21666e+06
15 	141.995	5.39996e+06	4.34567e+07	6.53869e+06
16 	141.995	5.25065e+06	3.29656e+07	6.28757e+06
17 	141.995	5.10568e+06	3.63151e+07	6.1117e+06 
18 	141.995	4.92397e+06	3.63151e+07	6.13521e+06
19 	136.514	4.90156e+06	3.53051e+07	6.00555e+06
20 	136.514	4.87308e+06	3.27553e+07	5.81448e+06
21 	136.514	4.99632e+06	3.0101e+07 	5.96637e+06
22 	136.514	4.95245e+06	3.0101e+07 	5.80612e+06
23 	119.288	5.03876e+06	3.02073e+07	5.88006e+06
24 	119.288	4.96591e+06	3.18157e+07	5.91314e+06
25 	119.288	4.93954e+06	3.7483e+07 	6.21948e+06
26 	119.288	4.90825e+06	3.7483e+07 	6.26601e+06
27 	119.288	4.95219e+06	3.49036e+07	6.22074e+06
28 	119.288	4.99289e+06	3.49036e+07	6.12831e+06
29 	119.288	5.08995e+06	3.49036e+07	6.19749e+06
30 	119.288	5.22712e+06	3.49036e+07	6.32009e+06
31 	119.288	5.27553e+06	3.21645e+07	6.33053e+06
32 	119.288	5.12443e+06	4.0733e+07 	6.48735e+06
33 	119.288	4.9585e+06 	4.0733e+07 	6.45827e+06
34 	119.288	5.0163e+06 	3.94814e+07	6.52973e+06
35 	119.288	5.0544e+06 	4.37891e+07	6.64598e+06
36 	119.288	4.84525e+06	4.20295e+07	6.33406e+06
37 	119.288	4.89375e+06	3.82674e+07	6.35831e+06
38 	119.288	4.9951e+06 	3.80389e+07	6.46013e+06
39 	119.288	4.99761e+06	3.50472e+07	6.31869e+06
40 	118.279	5.03613e+06	3.67302e+07	6.31124e+06
41 	118.279	5.14136e+06	4.19998e+07	6.584e+06  
42 	118.279	5.09269e+06	4.08315e+07	6.64427e+06
43 	118.279	5.09735e+06	3.98724e+07	6.52953e+06
44 	118.279	4.98831e+06	3.51781e+07	6.41195e+06
45 	118.279	5.19913e+06	3.97615e+07	6.53693e+06
46 	118.279	5.13247e+06	3.16086e+07	6.56249e+06
47 	118.279	5.15294e+06	3.4443e+07 	6.73953e+06
48 	118.279	5.3633e+06 	4.20723e+07	6.92411e+06
49 	118.279	5.40295e+06	4.28117e+07	6.79035e+06
50 	118.279	5.14752e+06	4.06908e+07	6.36073e+06
51 	118.279	5.01154e+06	4.06908e+07	6.35684e+06
52 	118.279	5.01634e+06	4.06908e+07	6.17773e+06
53 	118.279	4.98264e+06	3.79446e+07	6.13562e+06
54 	118.279	4.89733e+06	4.20477e+07	6.14897e+06
55 	107.787	4.92131e+06	3.5162e+07 	6.20626e+06
56 	107.787	4.80799e+06	3.78789e+07	6.16356e+06
57 	107.787	4.77696e+06	4.20781e+07	6.29012e+06
58 	107.787	4.96571e+06	4.20781e+07	6.5067e+06 
59 	107.787	4.76545e+06	4.43576e+07	6.3426e+06 
60 	107.787	4.83523e+06	3.50961e+07	6.18123e+06
61 	107.787	4.89547e+06	3.28856e+07	6.21332e+06
62 	107.787	4.74607e+06	3.27557e+07	5.80406e+06
63 	107.787	4.84725e+06	2.97067e+07	5.90314e+06
64 	107.787	4.89013e+06	2.97067e+07	5.90498e+06
65 	107.787	5.09704e+06	3.36595e+07	6.12061e+06
66 	107.787	5.19048e+06	3.36595e+07	6.41154e+06
67 	107.787	5.23203e+06	3.32449e+07	6.40927e+06
68 	107.787	5.43408e+06	3.32449e+07	6.59169e+06
69 	107.787	5.52844e+06	4.32314e+07	6.78636e+06
70 	107.787	5.40396e+06	3.71744e+07	6.69077e+06
71 	107.787	5.26801e+06	3.67431e+07	6.74119e+06
72 	107.787	5.42512e+06	3.85558e+07	6.92741e+06
73 	107.787	5.33085e+06	3.9803e+07 	6.92613e+06
74 	107.787	5.32485e+06	3.631e+07  	6.5978e+06 
75 	107.787	5.2678e+06 	5.71699e+07	6.7217e+06 
76 	107.787	5.16602e+06	3.61146e+07	6.41107e+06
77 	107.787	5.32692e+06	4.26635e+07	6.52235e+06
78 	107.787	5.25967e+06	4.85579e+07	6.58164e+06
79 	107.787	5.37737e+06	4.85579e+07	6.65823e+06
80 	107.787	5.30913e+06	4.41128e+07	6.65815e+06
81 	107.787	5.47101e+06	3.80231e+07	6.7365e+06 
82 	107.787	5.35667e+06	3.32479e+07	6.54758e+06
83 	107.787	5.45452e+06	4.37353e+07	6.49413e+06
84 	107.787	5.43977e+06	3.93029e+07	6.48274e+06
85 	107.787	5.43782e+06	4.59189e+07	6.74632e+06
86 	107.787	5.31239e+06	3.40524e+07	6.39887e+06
87 	107.787	5.27458e+06	3.77536e+07	6.33149e+06
88 	107.787	5.16121e+06	3.3116e+07 	6.37159e+06
89 	107.787	5.0168e+06 	4.25849e+07	6.24148e+06
90 	107.787	5.03471e+06	2.95612e+07	5.98083e+06
91 	107.787	5.09216e+06	3.0556e+07 	6.20018e+06
92 	107.787	4.94762e+06	3.07467e+07	6.11436e+06
93 	107.787	4.91125e+06	3.07467e+07	6.08092e+06
94 	107.787	4.93325e+06	3.06081e+07	6.15802e+06
95 	107.787	4.78695e+06	3.37993e+07	6.06897e+06
96 	107.787	4.65798e+06	4.7067e+07 	6.10407e+06
97 	107.787	4.82187e+06	3.95688e+07	6.41972e+06
98 	107.787	4.93779e+06	4.68643e+07	6.45263e+06
99 	107.787	4.98473e+06	4.03094e+07	6.41676e+06
100	107.787	4.90882e+06	3.85345e+07	6.30426e+06
101	107.787	4.84135e+06	4.01818e+07	6.1752e+06 
102	107.787	4.83707e+06	3.48612e+07	6.20208e+06
103	107.787	4.78204e+06	4.19136e+07	6.32138e+06
104	107.787	4.72533e+06	4.53275e+07	6.36963e+06
105	107.787	4.70212e+06	3.68428e+07	5.90465e+06
106	107.787	4.85378e+06	3.39306e+07	6.02779e+06
107	107.787	4.95672e+06	3.79885e+07	6.20243e+06
108	107.787	4.97523e+06	3.40067e+07	6.07679e+06
109	107.787	4.82877e+06	4.7614e+07 	6.30004e+06
110	107.787	4.86932e+06	3.82069e+07	5.9755e+06 
111	107.787	5.15703e+06	3.89935e+07	6.59218e+06
112	107.787	5.27471e+06	3.89935e+07	6.73818e+06
113	107.787	5.13452e+06	3.95254e+07	6.37634e+06
114	107.787	5.08982e+06	3.90679e+07	6.28545e+06
115	107.787	5.24298e+06	3.59818e+07	6.56547e+06
116	107.787	5.02283e+06	4.47178e+07	6.44589e+06
117	107.787	5.0792e+06 	3.77187e+07	6.23008e+06
118	107.787	5.06381e+06	3.10079e+07	6.09291e+06
119	107.787	5.06409e+06	3.0559e+07 	6.18898e+06
120	107.787	5.05547e+06	4.22869e+07	6.57121e+06
121	107.787	5.04482e+06	3.53486e+07	6.49745e+06
122	107.787	5.10555e+06	3.48757e+07	6.30648e+06
123	107.787	4.94374e+06	3.78503e+07	6.16297e+06
124	107.787	4.88813e+06	3.59247e+07	6.13403e+06
125	107.787	4.87022e+06	3.71938e+07	6.18461e+06
126	107.787	5.12383e+06	4.68956e+07	6.60696e+06
127	107.787	5.07571e+06	4.28645e+07	6.51075e+06
128	107.787	5.15479e+06	3.80263e+07	6.47365e+06
129	107.787	5.02235e+06	3.68734e+07	6.23902e+06
130	107.787	5.03063e+06	3.4078e+07 	6.1332e+06 
131	107.787	5.06094e+06	3.29773e+07	6.02602e+06
132	107.787	4.93408e+06	3.29773e+07	6.06828e+06
133	107.787	4.81332e+06	3.54235e+07	6.16342e+06
134	107.787	4.8704e+06 	4.77509e+07	6.36423e+06
135	107.787	4.84378e+06	3.72085e+07	6.24695e+06
136	107.787	4.89506e+06	3.88757e+07	6.23352e+06
137	107.787	4.82529e+06	3.87649e+07	6.23795e+06
138	107.787	4.68148e+06	3.14281e+07	5.86397e+06
139	107.787	4.57041e+06	3.32512e+07	5.69007e+06
140	107.787	4.74885e+06	3.32512e+07	5.77431e+06
141	107.787	4.77338e+06	3.24252e+07	5.87745e+06
142	107.787	4.77144e+06	3.96772e+07	5.99934e+06
143	107.787	4.70287e+06	3.50377e+07	6.02837e+06
144	107.787	4.71252e+06	3.6504e+07 	6.20255e+06
145	107.787	4.71159e+06	3.6504e+07 	6.14726e+06
146	107.787	4.58752e+06	3.63917e+07	6.20162e+06
147	107.787	4.56254e+06	3.63917e+07	6.03099e+06
148	107.787	4.5101e+06 	3.4952e+07 	5.95531e+06
149	107.787	4.45448e+06	4.77275e+07	6.11925e+06
150	107.787	4.57872e+06	4.29443e+07	6.08521e+06
151	107.787	4.52226e+06	4.29443e+07	5.95332e+06
152	107.787	4.61097e+06	4.05225e+07	5.73646e+06
153	107.787	4.56726e+06	3.13101e+07	5.65481e+06
154	107.787	4.62488e+06	3.48999e+07	5.60757e+06
155	107.787	4.69169e+06	3.05509e+07	5.62571e+06
156	107.787	4.71359e+06	2.98949e+07	5.65709e+06
157	107.787	4.70507e+06	3.02195e+07	5.66755e+06
158	107.787	4.62295e+06	2.98949e+07	5.56894e+06
159	107.787	4.71146e+06	3.48895e+07	5.89312e+06
160	107.787	4.71597e+06	4.24396e+07	6.20428e+06
161	107.787	4.67119e+06	3.55682e+07	5.87093e+06
162	107.787	4.65888e+06	3.13919e+07	5.76738e+06
163	107.787	4.77881e+06	3.72864e+07	5.96896e+06
164	107.787	4.7584e+06 	3.85407e+07	5.94233e+06
165	107.787	4.70666e+06	3.32194e+07	5.88809e+06
166	107.787	4.54812e+06	4.14421e+07	5.78798e+06
167	107.787	4.51922e+06	2.84204e+07	5.5486e+06 
168	107.787	4.60402e+06	4.2929e+07 	5.96429e+06
169	107.787	4.67537e+06	3.38099e+07	5.93625e+06
170	107.787	4.56525e+06	3.17757e+07	5.54192e+06
171	107.787	4.57277e+06	3.87014e+07	5.80393e+06
172	107.787	4.64507e+06	3.6086e+07 	5.77022e+06
173	107.787	4.56927e+06	3.46061e+07	5.86022e+06
174	107.787	4.57205e+06	3.06258e+07	5.68895e+06
175	107.787	4.62682e+06	2.91931e+07	5.63621e+06
176	107.787	4.6001e+06 	3.583e+07  	5.80459e+06
177	107.787	4.335e+06  	3.36299e+07	5.4966e+06 
178	107.787	4.49959e+06	3.09291e+07	5.65895e+06
179	107.787	4.7574e+06 	3.35942e+07	6.01682e+06
180	107.787	4.55768e+06	3.72199e+07	5.92486e+06
181	107.787	4.498e+06  	3.14676e+07	5.81956e+06
182	107.787	4.5214e+06 	3.12504e+07	5.78359e+06
183	107.787	4.54938e+06	3.12504e+07	5.79983e+06
184	107.787	4.5263e+06 	3.10457e+07	5.78226e+06
185	107.787	4.48443e+06	3.09473e+07	5.81295e+06
186	107.787	4.53944e+06	3.71338e+07	5.88848e+06
187	107.457	4.65759e+06	3.71338e+07	6.0636e+06 
188	107.457	4.54465e+06	4.08712e+07	6.1703e+06 
189	107.457	4.51418e+06	4.55495e+07	5.95329e+06
190	107.457	4.43783e+06	3.63613e+07	5.66675e+06
191	107.457	4.36128e+06	3.2959e+07 	5.72411e+06
192	107.457	4.39038e+06	3.41788e+07	5.71482e+06
193	107.457	4.36158e+06	3.61475e+07	5.56676e+06
194	107.457	4.43367e+06	3.61475e+07	5.61421e+06
195	107.457	4.38312e+06	3.94811e+07	5.6059e+06 
196	107.457	4.28473e+06	3.15982e+07	5.67028e+06
197	107.457	4.31325e+06	3.0508e+07 	5.59126e+06
198	107.457	4.40795e+06	3.74194e+07	5.79848e+06
199	107.457	4.28051e+06	3.17575e+07	5.49057e+06
200	107.457	4.27922e+06	3.17575e+07	5.48739e+06
201	107.457	4.21531e+06	2.76831e+07	5.28872e+06
202	107.457	4.23608e+06	4.08185e+07	5.775e+06  
203	107.457	4.30165e+06	4.00234e+07	6.05052e+06
204	107.457	4.53359e+06	3.98007e+07	6.07417e+06
205	107.457	4.5183e+06 	3.84527e+07	5.77337e+06
206	107.457	4.69453e+06	3.76627e+07	5.93206e+06
207	107.457	4.74033e+06	3.4249e+07 	5.91993e+06
208	107.457	4.78968e+06	3.37829e+07	5.78777e+06
209	107.457	4.64081e+06	3.83616e+07	5.72663e+06
210	107.457	4.64264e+06	3.49087e+07	5.79471e+06
211	107.457	4.59141e+06	3.58099e+07	5.68545e+06
212	107.457	4.7366e+06 	3.58099e+07	5.80937e+06
213	107.457	4.7059e+06 	2.87541e+07	5.55418e+06
214	107.457	4.71624e+06	2.87541e+07	5.5238e+06 
215	107.457	4.71954e+06	3.95133e+07	5.88533e+06
216	107.457	4.41493e+06	3.39979e+07	5.66596e+06
217	107.457	4.64924e+06	3.6852e+07 	5.87951e+06
218	107.457	4.73793e+06	3.5052e+07 	5.9251e+06 
219	107.457	4.64818e+06	3.48095e+07	5.82263e+06
220	107.457	4.69808e+06	3.52375e+07	5.84801e+06
221	107.457	4.61597e+06	3.29732e+07	5.80528e+06
222	107.457	4.66898e+06	3.29732e+07	5.75784e+06
223	107.457	4.53402e+06	2.87112e+07	5.38292e+06
224	107.457	4.65305e+06	3.34666e+07	5.70851e+06
225	107.457	4.61535e+06	2.81515e+07	5.68001e+06
226	107.457	4.5591e+06 	3.7253e+07 	5.71814e+06
227	107.457	4.44071e+06	3.3517e+07 	5.65347e+06
228	107.457	4.42435e+06	4.37519e+07	5.79817e+06
229	107.457	4.48794e+06	3.94227e+07	5.84456e+06
230	105.069	4.64904e+06	3.94227e+07	6.08299e+06
231	105.069	4.64285e+06	3.94227e+07	6.14369e+06
232	105.069	4.60995e+06	3.94227e+07	6.28648e+06
233	105.069	4.64409e+06	3.94227e+07	6.2625e+06 
234	105.069	4.59475e+06	3.69941e+07	6.27088e+06
235	105.069	4.53637e+06	4.1762e+07 	6.06364e+06
236	105.069	4.48969e+06	3.8627e+07 	5.78318e+06
237	105.069	4.50879e+06	3.39741e+07	5.81467e+06
238	105.069	4.54647e+06	3.39741e+07	5.85352e+06
239	105.069	4.62614e+06	4.82348e+07	6.2593e+06 
240	105.069	4.61564e+06	4.42488e+07	6.26948e+06
241	105.069	4.50249e+06	4.07689e+07	6.20689e+06
242	105.069	4.32359e+06	4.3557e+07 	5.95919e+06
243	105.069	4.4889e+06 	4.3557e+07 	6.51465e+06
244	105.069	4.43144e+06	4.31872e+07	6.2591e+06 
245	105.069	4.47223e+06	4.24935e+07	6.21489e+06
246	105.069	4.50612e+06	4.66623e+07	6.05828e+06
247	105.069	4.32762e+06	3.49902e+07	5.723e+06  
248	105.069	4.2384e+06 	3.41366e+07	5.51017e+06
249	105.069	4.19086e+06	3.41691e+07	5.33143e+06
250	105.069	4.16219e+06	3.17795e+07	5.28504e+06
251	105.069	4.10267e+06	2.98321e+07	5.44651e+06
252	105.069	4.11527e+06	2.91608e+07	5.25721e+06
253	105.069	4.201e+06  	3.08583e+07	5.39289e+06
254	105.069	4.12245e+06	3.12349e+07	5.412e+06  
255	105.069	4.10317e+06	3.75143e+07	5.66205e+06
256	105.069	4.05362e+06	3.26709e+07	5.4319e+06 
257	105.069	3.88999e+06	2.96945e+07	5.12745e+06
258	105.069	4.00301e+06	2.75696e+07	5.07595e+06
259	105.069	4.03287e+06	3.0885e+07 	5.15885e+06
260	105.069	3.94348e+06	2.71003e+07	5.0859e+06 
261	105.069	3.91559e+06	2.83736e+07	5.0069e+06 
262	105.069	3.92772e+06	2.61544e+07	4.86057e+06
263	105.069	4.10037e+06	3.21432e+07	4.9868e+06 
264	105.069	4.18318e+06	3.15447e+07	5.11338e+06
265	105.069	4.18527e+06	2.61944e+07	5.08365e+06
266	105.069	4.18887e+06	2.92324e+07	5.16706e+06
267	105.069	4.00006e+06	2.774e+07  	4.92426e+06
268	105.069	4.11933e+06	2.86489e+07	5.00584e+06
269	105.069	4.18205e+06	2.86489e+07	5.08402e+06
270	105.069	4.05908e+06	2.58269e+07	4.93692e+06
271	105.069	4.12735e+06	3.89996e+07	5.13723e+06
272	105.069	4.08071e+06	3.24264e+07	5.04393e+06
273	105.069	4.15758e+06	2.72673e+07	5.28962e+06
274	105.069	4.09617e+06	2.68777e+07	5.24884e+06
275	105.069	4.00985e+06	2.91542e+07	5.29468e+06
276	105.069	4.10802e+06	2.90409e+07	5.47878e+06
277	105.069	3.95589e+06	3.32541e+07	5.32005e+06
278	105.069	3.93918e+06	3.8046e+07 	5.33471e+06
279	105.069	4.04463e+06	3.3465e+07 	5.35425e+06
280	105.069	4.02692e+06	4.0854e+07 	5.36056e+06
281	105.069	4.12205e+06	3.3982e+07 	5.41493e+06
282	105.069	4.14573e+06	3.3982e+07 	5.39895e+06
283	105.069	4.17676e+06	3.54753e+07	5.70581e+06
284	105.069	4.1052e+06 	3.49368e+07	5.63164e+06
285	105.069	4.03382e+06	3.33743e+07	5.48282e+06
286	105.069	4.0488e+06 	3.33743e+07	5.44042e+06
287	105.069	4.20731e+06	3.33743e+07	5.64655e+06
288	105.069	4.27586e+06	4.34143e+07	5.87191e+06
289	105.069	4.25341e+06	3.74822e+07	5.7717e+06 
290	105.069	4.11534e+06	3.10722e+07	5.41347e+06
291	105.069	4.08505e+06	4.17504e+07	5.52432e+06
292	105.069	4.16521e+06	2.75242e+07	5.36496e+06
293	105.069	4.1536e+06 	2.75415e+07	5.37249e+06
294	105.069	4.05993e+06	2.9709e+07 	5.23833e+06
295	105.069	4.05698e+06	3.11937e+07	5.35139e+06
296	105.069	4.12195e+06	3.15646e+07	5.41814e+06
297	105.069	4.24435e+06	3.46645e+07	5.68797e+06
298	105.069	4.23838e+06	3.0465e+07 	5.61876e+06
299	105.069	4.14328e+06	3.20071e+07	5.46088e+06
300	105.069	4.15488e+06	2.81139e+07	5.35323e+06
301	105.069	4.09162e+06	2.84996e+07	5.22099e+06
302	105.069	4.12546e+06	2.94988e+07	5.30491e+06
303	105.069	3.97168e+06	2.94988e+07	5.15314e+06
304	105.069	3.79991e+06	2.98012e+07	5.08384e+06
305	105.069	3.82294e+06	3.04468e+07	5.15952e+06
306	105.069	3.93512e+06	3.53494e+07	5.31139e+06
307	105.069	3.92442e+06	3.40741e+07	5.26477e+06
308	105.069	4.12058e+06	3.27036e+07	5.44614e+06
309	105.069	4.05778e+06	3.15843e+07	5.49944e+06
310	105.069	3.84613e+06	2.76806e+07	5.16238e+06
311	105.069	3.84973e+06	2.77448e+07	5.13404e+06
312	105.069	3.97036e+06	2.71429e+07	5.06816e+06
313	105.069	3.82056e+06	2.66139e+07	4.95013e+06
314	105.069	3.7417e+06 	2.57497e+07	4.7123e+06 
315	105.069	3.68266e+06	2.84946e+07	4.58731e+06
316	105.069	3.667e+06  	3.13538e+07	4.89657e+06
317	105.069	3.63846e+06	2.52416e+07	4.76792e+06
318	105.069	3.80133e+06	2.52416e+07	4.80787e+06
319	105.069	3.92489e+06	2.88014e+07	5.15584e+06
320	105.069	4.13966e+06	3.02245e+07	5.3596e+06 
321	105.069	4.17415e+06	2.94525e+07	5.34856e+06
322	105.069	4.10179e+06	2.94525e+07	5.23763e+06
323	105.069	3.9366e+06 	2.81621e+07	4.92203e+06
324	105.069	3.95715e+06	3.14841e+07	5.06297e+06
325	105.069	3.73685e+06	2.98204e+07	4.76242e+06
326	105.069	3.67311e+06	2.35606e+07	4.5609e+06 
327	105.069	3.67629e+06	2.38077e+07	4.49562e+06
328	105.069	3.66059e+06	2.53954e+07	4.56757e+06
329	105.069	3.60343e+06	2.8032e+07 	4.65778e+06
330	105.069	3.62918e+06	2.7036e+07 	4.701e+06  
331	105.069	3.68554e+06	3.02557e+07	4.76151e+06
332	105.069	3.77359e+06	2.45057e+07	4.71014e+06
333	105.069	3.63599e+06	2.41447e+07	4.65882e+06
334	104.008	3.8332e+06 	3.25964e+07	5.09313e+06
335	104.008	3.81826e+06	2.65193e+07	4.92373e+06
336	104.008	4.01919e+06	2.66545e+07	5.16405e+06
337	104.008	4.03198e+06	3.36264e+07	5.28754e+06
338	104.008	3.96187e+06	3.18091e+07	5.11226e+06
339	104.008	4.16103e+06	3.22545e+07	5.54447e+06
340	104.008	4.05357e+06	3.07983e+07	5.45784e+06
341	104.008	4.11497e+06	2.92508e+07	5.3272e+06 
342	104.008	4.17657e+06	3.58238e+07	5.57201e+06
343	104.008	4.2147e+06 	3.88743e+07	5.55973e+06
344	104.008	4.24975e+06	3.7957e+07 	5.59694e+06
345	104.008	4.22245e+06	3.56094e+07	5.49521e+06
346	104.008	4.21226e+06	3.47312e+07	5.5354e+06 
347	104.008	3.9966e+06 	3.48317e+07	5.16377e+06
348	104.008	4.09188e+06	3.31554e+07	5.28831e+06
349	104.008	4.14069e+06	3.12859e+07	5.20624e+06
350	104.008	4.23185e+06	2.90008e+07	5.26723e+06
351	104.008	4.18612e+06	3.22419e+07	5.2405e+06 
352	104.008	4.17633e+06	3.11519e+07	5.15999e+06
353	104.008	4.20272e+06	3.25726e+07	5.54353e+06
354	104.008	4.08877e+06	3.17382e+07	5.53512e+06
355	104.008	3.99318e+06	3.65822e+07	5.59001e+06
356	104.008	3.96929e+06	3.5378e+07 	5.39323e+06
357	104.008	3.90477e+06	3.3999e+07 	5.4228e+06 
358	104.008	3.91808e+06	3.08498e+07	5.17759e+06
359	104.008	3.8758e+06 	2.92206e+07	4.98533e+06
360	104.008	3.87335e+06	3.01719e+07	5.07247e+06
361	104.008	3.76218e+06	2.92206e+07	5.11835e+06
362	104.008	3.85025e+06	2.84159e+07	5.13592e+06
363	104.008	3.76797e+06	2.91073e+07	4.90319e+06
364	104.008	3.73477e+06	4.57721e+07	5.1118e+06 
365	104.008	3.79325e+06	3.2997e+07 	5.17492e+06
366	104.008	3.72989e+06	3.74441e+07	5.14686e+06
367	104.008	3.66101e+06	3.37253e+07	4.96029e+06
368	104.008	3.73582e+06	3.31433e+07	4.988e+06  
369	104.008	3.73137e+06	2.85186e+07	4.92091e+06
370	104.008	3.85885e+06	3.26547e+07	5.00089e+06
371	104.008	3.88578e+06	2.85186e+07	4.98941e+06
372	104.008	3.94327e+06	3.30943e+07	5.16657e+06
373	104.008	3.94269e+06	3.06983e+07	5.03577e+06
374	104.008	3.93589e+06	3.40459e+07	5.21055e+06
375	104.008	3.90126e+06	3.1593e+07 	5.02034e+06
376	104.008	3.90451e+06	3.28629e+07	5.10959e+06
377	104.008	4.13065e+06	3.58513e+07	5.36302e+06
378	104.008	3.96085e+06	3.28629e+07	5.22078e+06
379	104.008	3.98906e+06	3.17492e+07	5.40746e+06
380	104.008	3.85363e+06	3.22864e+07	5.25473e+06
381	104.008	4.06975e+06	3.6411e+07 	5.46808e+06
382	104.008	3.88239e+06	3.96889e+07	5.25093e+06
383	104.008	3.8851e+06 	3.00331e+07	5.08788e+06
384	104.008	3.75913e+06	3.00331e+07	5.09802e+06
385	104.008	3.6745e+06 	2.829e+07  	4.84943e+06
386	104.008	3.62917e+06	2.61884e+07	4.59294e+06
387	104.008	3.55087e+06	2.54612e+07	4.52347e+06
388	104.008	3.59497e+06	2.50261e+07	4.37006e+06
389	104.008	3.55459e+06	2.76177e+07	4.45398e+06
390	104.008	3.66691e+06	2.71204e+07	4.68054e+06
391	104.008	3.64482e+06	2.63368e+07	4.60659e+06
392	104.008	3.65706e+06	2.78446e+07	4.75874e+06
393	104.008	3.78495e+06	3.63509e+07	5.03768e+06
394	104.008	3.79213e+06	2.71673e+07	4.89182e+06
395	104.008	3.71438e+06	2.71673e+07	4.87507e+06
396	104.008	3.60514e+06	2.68581e+07	4.56225e+06
397	96.0328	3.58661e+06	2.47798e+07	4.47666e+06
398	96.0328	3.58059e+06	2.79637e+07	4.70465e+06
399	96.0328	3.69745e+06	2.91413e+07	4.80966e+06
400	96.0328	3.85434e+06	2.83507e+07	5.05444e+06
401	96.0328	3.68864e+06	3.69624e+07	4.96869e+06
402	96.0328	3.68909e+06	2.9674e+07 	4.81903e+06
403	96.0328	3.71592e+06	2.53985e+07	4.80554e+06
404	96.0328	3.70939e+06	3.18773e+07	4.8048e+06 
405	96.0328	3.77417e+06	2.53985e+07	4.72076e+06
406	96.0328	3.69214e+06	3.20887e+07	4.74109e+06
407	96.0328	3.81322e+06	3.21212e+07	4.81139e+06
408	96.0328	3.7826e+06 	3.21212e+07	4.8216e+06 
409	96.0328	3.87238e+06	3.13751e+07	4.92544e+06
410	96.0328	3.85858e+06	2.87338e+07	4.88161e+06
411	96.0328	3.91036e+06	2.8568e+07 	5.05433e+06
412	96.0328	3.72265e+06	2.79169e+07	4.94375e+06
413	96.0328	3.8849e+06 	2.66342e+07	5.00088e+06
414	96.0328	4.06049e+06	3.76796e+07	5.28411e+06
415	96.0328	4.00098e+06	2.82403e+07	5.08128e+06
416	96.0328	3.95453e+06	3.331e+07  	5.17553e+06
417	96.0328	3.84897e+06	2.77609e+07	5.08057e+06
418	96.0328	4.078e+06  	3.25809e+07	5.35835e+06
419	96.0328	4.01255e+06	3.25809e+07	5.42175e+06
420	96.0328	3.91815e+06	3.14924e+07	5.1558e+06 
421	96.0328	3.88351e+06	3.04712e+07	4.97679e+06
422	96.0328	3.95232e+06	3.12019e+07	4.99343e+06
423	96.0328	3.81069e+06	3.12019e+07	5.00432e+06
424	96.0328	4.01247e+06	3.40895e+07	5.4423e+06 
425	96.0328	4.06109e+06	3.10626e+07	5.28641e+06
426	96.0328	4.02303e+06	3.10626e+07	5.24299e+06
427	96.0328	4.0388e+06 	2.72235e+07	5.12052e+06
428	96.0328	3.86653e+06	2.86378e+07	4.70595e+06
429	96.0328	3.80883e+06	2.6054e+07 	4.60802e+06
430	96.0328	3.84701e+06	2.67459e+07	4.78924e+06
431	96.0328	3.80243e+06	3.01517e+07	4.79283e+06
432	96.0328	3.73569e+06	2.92667e+07	4.91061e+06
433	96.0328	3.87867e+06	3.56913e+07	5.20965e+06
434	96.0328	3.86576e+06	3.29947e+07	5.21788e+06
435	96.0328	3.83743e+06	2.83599e+07	5.02087e+06
436	96.0328	3.78364e+06	2.82347e+07	5.00861e+06
437	96.0328	3.73873e+06	3.00647e+07	4.88543e+06
438	96.0328	3.7549e+06 	2.96744e+07	4.94577e+06
439	96.0328	3.76526e+06	3.17918e+07	5.05414e+06
440	96.0328	3.87349e+06	2.70797e+07	5.16073e+06
441	96.0328	4.02954e+06	2.93155e+07	5.30508e+06
442	96.0328	4.01724e+06	3.16121e+07	5.3105e+06 
443	96.0328	4.08614e+06	3.07195e+07	5.42616e+06
444	96.0328	4.08501e+06	3.3698e+07 	5.34333e+06
445	96.0328	4.09307e+06	3.3698e+07 	5.53033e+06
446	96.0328	4.22361e+06	3.59884e+07	5.71111e+06
447	96.0328	4.25346e+06	3.00293e+07	5.45845e+06
448	96.0328	4.04689e+06	3.00293e+07	5.26646e+06
449	96.0328	4.14136e+06	2.94724e+07	5.25378e+06
450	96.0328	4.1085e+06 	2.88012e+07	5.11212e+06
451	96.0328	3.96211e+06	2.85697e+07	4.9364e+06 
452	96.0328	3.83849e+06	3.17495e+07	4.94845e+06
453	96.0328	3.84517e+06	3.0127e+07 	4.92926e+06
454	96.0328	3.87099e+06	3.0127e+07 	4.90531e+06
455	96.0328	3.77009e+06	2.95469e+07	4.88358e+06
456	96.0328	3.77458e+06	2.96516e+07	5.10489e+06
457	96.0328	3.59867e+06	2.85376e+07	5.00754e+06
458	96.0328	3.65186e+06	3.15323e+07	4.97722e+06
459	96.0328	3.73981e+06	3.06807e+07	5.12252e+06
460	96.0328	3.71776e+06	2.80577e+07	4.79719e+06
461	96.0328	3.69189e+06	2.88629e+07	4.85881e+06
462	96.0328	3.74577e+06	3.69921e+07	5.00844e+06
463	96.0328	3.53961e+06	3.41335e+07	4.82252e+06
464	96.0328	3.67637e+06	3.41335e+07	5.09239e+06
465	96.0328	3.65479e+06	3.20911e+07	4.87485e+06
466	96.0328	3.68359e+06	3.38854e+07	4.87185e+06
467	96.0328	3.74724e+06	2.94843e+07	4.78568e+06
468	96.0328	3.80377e+06	2.94843e+07	4.81385e+06
469	96.0328	3.72972e+06	2.94843e+07	4.73823e+06
470	96.0328	3.77187e+06	2.74643e+07	4.73067e+06
471	96.0328	3.88674e+06	2.68376e+07	4.90768e+06
472	96.0328	3.79109e+06	2.7647e+07 	5.00437e+06
473	96.0328	3.68762e+06	2.67406e+07	4.77337e+06
474	96.0328	3.76734e+06	2.81556e+07	4.92199e+06
475	96.0328	3.79273e+06	2.9268e+07 	5.0864e+06 
476	96.0328	3.80348e+06	2.9268e+07 	5.00056e+06
477	96.0328	3.8109e+06 	2.83388e+07	5.06709e+06
478	96.0328	3.75687e+06	2.80357e+07	5.01816e+06
479	96.0328	3.76966e+06	4.14738e+07	5.38085e+06
480	96.0328	3.69634e+06	4.14738e+07	5.24473e+06
481	96.0328	3.6032e+06 	2.90419e+07	4.9382e+06 
482	96.0328	3.684e+06  	3.17862e+07	5.05607e+06
483	96.0328	3.66001e+06	3.17862e+07	4.99949e+06
484	96.0328	3.60222e+06	2.95457e+07	4.91874e+06
485	96.0328	3.50553e+06	2.5293e+07 	4.6565e+06 
486	96.0328	3.5207e+06 	2.67758e+07	4.71852e+06
487	96.0328	3.6179e+06 	2.71473e+07	4.95002e+06
488	96.0328	3.58901e+06	3.27164e+07	4.848e+06  
489	96.0328	3.52212e+06	2.71473e+07	4.58091e+06
490	96.0328	3.53795e+06	2.71473e+07	4.52703e+06
491	96.0328	3.51358e+06	2.79975e+07	4.4561e+06 
492	96.0328	3.64373e+06	3.1736e+07 	4.85255e+06
493	96.0328	3.68307e+06	3.0186e+07 	4.90775e+06
494	96.0328	3.69457e+06	2.69362e+07	4.79186e+06
495	96.0328	3.76734e+06	4.1275e+07 	4.92118e+06
496	96.0328	3.75322e+06	3.87861e+07	5.09253e+06
497	96.0328	3.68857e+06	3.6308e+07 	5.02691e+06
498	96.0328	3.51814e+06	2.83892e+07	4.54785e+06
499	96.0328	3.50234e+06	2.66708e+07	4.53964e+06
76.27000001
