/usr/lib/python2.7/site-packages/deap/tools/_hypervolume/pyhv.py:33: ImportWarning: Falling back to the python version of hypervolume module. Expect this to be very slow.
  "module. Expect this to be very slow.", ImportWarning)
gen	min        	avg        	max        	std        
0  	1.37027e+07	3.48755e+08	7.81743e+09	6.15921e+08
1  	1.37027e+07	3.49265e+08	6.8692e+09 	5.77877e+08
2  	1.37027e+07	3.4371e+08 	6.8692e+09 	5.66155e+08
3  	1.37027e+07	3.33946e+08	5.89887e+09	5.29595e+08
4  	1.37027e+07	3.27915e+08	6.08568e+09	4.78718e+08
5  	1.37027e+07	3.09669e+08	3.25472e+09	4.09256e+08
6  	1.37027e+07	3.09928e+08	4.43013e+09	4.50993e+08
7  	1.08456e+07	3.09455e+08	4.17364e+09	4.55976e+08
8  	1.08456e+07	3.09161e+08	4.17364e+09	4.55834e+08
9  	1.08456e+07	3.08098e+08	3.42732e+09	4.41181e+08
10 	9.54954e+06	3.06161e+08	3.42732e+09	4.38844e+08
11 	9.54954e+06	3.13902e+08	4.54115e+09	4.53787e+08
12 	9.54954e+06	3.26878e+08	4.54115e+09	5.07818e+08
13 	9.54954e+06	3.36057e+08	5.70302e+09	5.48861e+08
14 	9.54954e+06	3.28511e+08	5.61863e+09	5.09334e+08
15 	9.54954e+06	3.27957e+08	5.61863e+09	5.12794e+08
16 	9.54954e+06	3.33101e+08	4.7143e+09 	5.04668e+08
17 	9.54954e+06	3.20806e+08	4.53643e+09	4.60868e+08
18 	9.54954e+06	3.18177e+08	4.57436e+09	4.64747e+08
19 	9.54954e+06	3.22403e+08	3.54091e+09	4.58021e+08
20 	8.39253e+06	3.33862e+08	5.88603e+09	5.67621e+08
21 	8.39253e+06	3.10638e+08	5.33545e+09	4.87513e+08
22 	8.39253e+06	3.31521e+08	1.02539e+10	6.52092e+08
23 	8.39253e+06	3.14871e+08	6.74839e+09	5.19332e+08
24 	8.39253e+06	3.1946e+08 	5.54101e+09	4.7988e+08 
25 	8.39253e+06	3.08637e+08	3.73422e+09	4.30744e+08
26 	8.39253e+06	3.19701e+08	4.15714e+09	4.62968e+08
27 	8.39253e+06	3.22607e+08	4.62303e+09	4.96661e+08
28 	8.39253e+06	3.34857e+08	4.62303e+09	5.29318e+08
29 	8.39253e+06	3.36391e+08	4.62303e+09	5.37961e+08
30 	4.80224e+06	3.24988e+08	4.93977e+09	5.22976e+08
31 	4.80224e+06	3.21394e+08	4.93977e+09	5.19982e+08
32 	4.80224e+06	3.20971e+08	8.56054e+09	5.75436e+08
33 	4.80224e+06	3.23094e+08	6.29544e+09	5.31589e+08
34 	4.80224e+06	3.11341e+08	4.46873e+09	4.88734e+08
35 	4.80224e+06	2.98281e+08	6.59775e+09	4.83943e+08
36 	4.73507e+06	2.93212e+08	5.60771e+09	4.6322e+08 
37 	4.73507e+06	2.89423e+08	2.92094e+09	4.0209e+08 
38 	4.73507e+06	3.09535e+08	4.65728e+09	4.92291e+08
39 	4.73507e+06	3.00101e+08	4.65728e+09	4.57594e+08
40 	4.73507e+06	3.21693e+08	8.30157e+09	5.81483e+08
41 	4.73507e+06	3.17262e+08	4.30801e+09	4.96877e+08
42 	4.73507e+06	2.87735e+08	4.30801e+09	4.25074e+08
43 	4.73507e+06	2.89122e+08	3.09144e+09	4.21484e+08
44 	4.73507e+06	2.83238e+08	3.70631e+09	4.27626e+08
45 	4.73507e+06	2.84012e+08	3.70631e+09	4.27233e+08
46 	4.73507e+06	2.96359e+08	4.2403e+09 	4.94227e+08
47 	4.73507e+06	2.89833e+08	4.86276e+09	4.89768e+08
48 	4.57573e+06	2.95594e+08	4.86276e+09	5.09e+08   
49 	4.57573e+06	2.87209e+08	4.72446e+09	4.68833e+08
50 	4.57573e+06	3.09501e+08	6.80376e+09	5.76559e+08
51 	4.57573e+06	2.91691e+08	4.3961e+09 	4.71657e+08
52 	4.57573e+06	2.94185e+08	4.3961e+09 	4.87439e+08
53 	4.57573e+06	3.02231e+08	4.3961e+09 	5.00332e+08
54 	4.57573e+06	3.07269e+08	6.43611e+09	5.60801e+08
55 	4.57573e+06	2.82541e+08	6.43611e+09	4.64863e+08
56 	4.5326e+06 	2.76873e+08	3.47523e+09	4.11814e+08
57 	4.08441e+06	2.73092e+08	2.84844e+09	3.65248e+08
58 	4.08441e+06	2.75138e+08	5.54931e+09	4.44732e+08
59 	4.08441e+06	2.75588e+08	5.61703e+09	4.45089e+08
60 	4.08441e+06	2.86945e+08	3.93242e+09	4.58167e+08
61 	4.08441e+06	2.78467e+08	3.72836e+09	4.35324e+08
62 	4.06998e+06	2.58747e+08	3.65238e+09	3.62698e+08
63 	3.57687e+06	2.49135e+08	2.73646e+09	3.20638e+08
64 	3.57687e+06	2.70229e+08	2.89686e+09	3.67276e+08
65 	3.57687e+06	2.72172e+08	2.86878e+09	3.94195e+08
66 	3.57687e+06	2.77362e+08	3.16107e+09	4.15013e+08
67 	3.57687e+06	2.825e+08  	3.31425e+09	4.23347e+08
68 	3.57687e+06	2.7856e+08 	3.87258e+09	4.28795e+08
69 	3.57687e+06	2.68395e+08	3.76604e+09	3.94506e+08
70 	3.57687e+06	2.54169e+08	3.37777e+09	3.42529e+08
71 	3.57687e+06	2.69739e+08	4.22286e+09	4.05319e+08
72 	3.57687e+06	2.74876e+08	3.5749e+09 	4.0315e+08 
73 	3.57687e+06	2.69042e+08	4.39504e+09	4.01765e+08
74 	3.57687e+06	2.68244e+08	4.39504e+09	4.11798e+08
75 	3.57687e+06	2.85075e+08	5.31929e+09	4.92571e+08
76 	3.57687e+06	2.7155e+08 	4.36775e+09	4.30139e+08
77 	3.57687e+06	2.67247e+08	4.74299e+09	4.09346e+08
78 	3.57687e+06	2.73675e+08	4.74299e+09	4.65019e+08
79 	3.57687e+06	2.76132e+08	4.50451e+09	4.68745e+08
80 	3.57687e+06	2.68922e+08	4.4757e+09 	4.29373e+08
81 	3.57687e+06	2.7357e+08 	4.19303e+09	4.45096e+08
82 	3.57687e+06	2.80198e+08	4.19303e+09	4.39835e+08
83 	3.57687e+06	2.76207e+08	4.28168e+09	4.34661e+08
84 	3.57687e+06	2.76077e+08	5.26754e+09	4.62103e+08
85 	3.57687e+06	2.76661e+08	5.38739e+09	4.59084e+08
86 	3.57687e+06	2.90029e+08	5.38739e+09	5.06142e+08
87 	3.57687e+06	2.93945e+08	4.39542e+09	5.07143e+08
88 	3.57687e+06	3.00249e+08	6.54645e+09	5.63805e+08
89 	3.57687e+06	2.82562e+08	6.18657e+09	5.1234e+08 
90 	3.57687e+06	2.75347e+08	6.38231e+09	4.89112e+08
91 	3.57687e+06	2.41471e+08	2.38821e+09	3.09039e+08
92 	3.57687e+06	2.55374e+08	4.49403e+09	3.90994e+08
93 	3.57687e+06	2.43592e+08	4.13324e+09	3.6584e+08 
94 	3.57687e+06	2.63785e+08	4.6078e+09 	4.26378e+08
95 	3.57687e+06	2.51076e+08	4.14557e+09	3.71564e+08
96 	3.57687e+06	2.58009e+08	4.14557e+09	4.11032e+08
97 	3.57687e+06	2.61688e+08	4.15859e+09	4.15588e+08
98 	3.57687e+06	2.68985e+08	7.57279e+09	4.93431e+08
99 	3.57687e+06	2.51882e+08	5.31262e+09	4.01578e+08
100	3.57687e+06	2.5056e+08 	3.12691e+09	3.64612e+08
101	3.57687e+06	2.40079e+08	3.12691e+09	3.22493e+08
102	3.57687e+06	2.50546e+08	4.43081e+09	3.80141e+08
103	3.57687e+06	2.56525e+08	3.76631e+09	3.97634e+08
104	3.57687e+06	2.45529e+08	3.87417e+09	3.71194e+08
105	3.57687e+06	2.4667e+08 	4.43474e+09	4.04475e+08
106	3.57687e+06	2.41263e+08	2.95755e+09	3.67991e+08
107	2.90909e+06	2.62546e+08	1.36913e+10	6.09609e+08
108	2.90909e+06	2.41721e+08	2.56001e+09	3.41026e+08
109	2.90909e+06	2.48935e+08	3.78833e+09	3.73983e+08
110	2.90909e+06	2.43054e+08	3.79481e+09	3.64381e+08
111	2.79906e+06	2.49643e+08	5.10475e+09	3.99782e+08
112	2.79906e+06	2.3745e+08 	2.95001e+09	3.34519e+08
113	2.79906e+06	2.37275e+08	3.27546e+09	3.51069e+08
114	2.79906e+06	2.38117e+08	3.99496e+09	3.63267e+08
115	2.79906e+06	2.35125e+08	3.37046e+09	3.47133e+08
116	2.79906e+06	2.34985e+08	3.37046e+09	3.62697e+08
117	2.79906e+06	2.31878e+08	2.99243e+09	3.36604e+08
118	2.79906e+06	2.22625e+08	3.04017e+09	3.31412e+08
119	2.79906e+06	2.17366e+08	3.1315e+09 	3.08356e+08
120	2.79906e+06	2.21151e+08	3.00625e+09	3.36247e+08
121	2.79906e+06	2.12748e+08	2.85154e+09	3.06222e+08
122	2.79906e+06	2.17792e+08	2.85154e+09	3.23025e+08
123	2.40433e+06	2.18954e+08	2.75759e+09	3.29468e+08
124	2.40433e+06	2.17721e+08	2.55004e+09	3.11341e+08
125	2.40433e+06	2.13482e+08	4.13821e+09	3.24858e+08
126	2.40433e+06	2.25729e+08	3.17061e+09	3.38075e+08
127	2.40433e+06	2.23663e+08	2.97316e+09	3.36203e+08
128	2.40433e+06	2.17318e+08	2.8233e+09 	3.20258e+08
129	2.40433e+06	2.2978e+08 	2.8233e+09 	3.6564e+08 
130	2.40433e+06	2.38236e+08	4.73855e+09	4.10101e+08
131	2.40433e+06	2.22744e+08	4.11314e+09	3.43063e+08
132	2.4025e+06 	2.19104e+08	4.50851e+09	3.63431e+08
133	1.6997e+06 	2.17653e+08	3.57521e+09	3.29305e+08
134	1.6997e+06 	2.09871e+08	2.94965e+09	2.97221e+08
135	1.6997e+06 	2.14149e+08	3.12733e+09	3.04201e+08
136	1.6997e+06 	2.15707e+08	3.72052e+09	3.19738e+08
137	1.6997e+06 	2.07654e+08	2.71753e+09	2.89704e+08
138	1.6997e+06 	2.1281e+08 	3.33633e+09	3.36132e+08
139	1.6997e+06 	2.17141e+08	4.72015e+09	3.74909e+08
140	1.6997e+06 	2.20053e+08	4.17586e+09	3.73591e+08
141	1.6997e+06 	2.18382e+08	4.07677e+09	3.51772e+08
142	1.6997e+06 	2.07994e+08	3.43127e+09	3.18066e+08
143	1.6997e+06 	2.05865e+08	2.94307e+09	2.94585e+08
144	1.6997e+06 	2.08498e+08	2.94307e+09	2.90043e+08
145	1.6997e+06 	2.14106e+08	2.91107e+09	3.07329e+08
146	1.6997e+06 	2.13419e+08	3.34319e+09	3.1402e+08 
147	1.6997e+06 	2.12551e+08	3.74386e+09	3.18941e+08
148	1.6997e+06 	2.12013e+08	3.68356e+09	3.28648e+08
149	1.55284e+06	2.21755e+08	4.47585e+09	3.73521e+08
150	1.55284e+06	2.1865e+08 	4.09449e+09	3.67799e+08
151	1.55284e+06	2.10985e+08	2.98813e+09	3.25968e+08
152	1.55284e+06	2.06221e+08	3.48247e+09	3.22113e+08
153	1.55284e+06	2.03608e+08	3.48247e+09	2.97475e+08
154	1.55284e+06	2.14345e+08	5.44296e+09	3.92886e+08
155	1.55284e+06	2.0841e+08 	4.6099e+09 	3.61402e+08
156	1.55284e+06	2.0173e+08 	4.51953e+09	3.40405e+08
157	1.55284e+06	2.05701e+08	4.51953e+09	3.41299e+08
158	1.55284e+06	2.15879e+08	6.33892e+09	3.95039e+08
159	1.55284e+06	2.04916e+08	4.17752e+09	3.41942e+08
160	1.55284e+06	1.98331e+08	3.84369e+09	3.25623e+08
161	1.55284e+06	1.9681e+08 	3.84369e+09	3.28512e+08
162	1.55284e+06	1.81376e+08	3.46251e+09	2.66875e+08
163	1.55284e+06	1.79638e+08	2.61054e+09	2.41921e+08
164	1.55284e+06	1.76054e+08	2.0375e+09 	2.21603e+08
165	1.55284e+06	1.85766e+08	2.20273e+09	2.5116e+08 
166	1.55284e+06	1.84401e+08	2.45218e+09	2.36276e+08
167	1.55284e+06	1.85292e+08	2.45218e+09	2.43123e+08
168	1.55284e+06	1.86031e+08	2.48621e+09	2.42425e+08
169	1.55284e+06	1.80462e+08	2.44328e+09	2.25409e+08
170	1.55284e+06	1.86729e+08	3.73211e+09	2.87781e+08
171	1.37599e+06	1.87123e+08	3.74121e+09	2.83007e+08
172	1.37599e+06	1.92638e+08	3.74121e+09	3.02739e+08
173	1.37599e+06	1.90938e+08	2.99359e+09	2.73917e+08
174	1.37599e+06	1.96487e+08	3.80624e+09	3.1291e+08 
175	1.37599e+06	2.08234e+08	6.07096e+09	3.8577e+08 
176	1.37599e+06	1.89493e+08	2.08919e+09	2.51565e+08
177	1.37599e+06	1.8304e+08 	2.08919e+09	2.31834e+08
178	1.37599e+06	1.82618e+08	3.96536e+09	2.55307e+08
179	1.37599e+06	1.83244e+08	2.431e+09  	2.47807e+08
180	1.37599e+06	1.88548e+08	2.15289e+09	2.56496e+08
181	1.37599e+06	1.95781e+08	2.54029e+09	2.97886e+08
182	1.37599e+06	1.94834e+08	2.50706e+09	2.91054e+08
183	1.37599e+06	1.93053e+08	2.62439e+09	2.9003e+08 
184	1.01748e+06	1.90325e+08	4.33847e+09	3.084e+08  
185	1.01748e+06	1.77329e+08	2.62439e+09	2.45403e+08
186	1.01748e+06	1.73259e+08	1.85768e+09	2.19489e+08
187	1.01748e+06	1.78665e+08	2.01824e+09	2.34672e+08
188	1.01748e+06	1.8744e+08 	3.14649e+09	2.79914e+08
189	1.01748e+06	1.83895e+08	2.18377e+09	2.4782e+08 
190	1.01748e+06	1.79649e+08	2.31257e+09	2.38868e+08
191	1.01748e+06	1.82184e+08	2.24335e+09	2.52527e+08
192	1.01748e+06	1.83521e+08	2.6304e+09 	2.57241e+08
193	1.01748e+06	1.85988e+08	2.6304e+09 	2.79147e+08
194	1.01748e+06	1.95343e+08	2.56032e+09	3.01855e+08
195	1.01748e+06	1.92595e+08	3.04932e+09	2.86569e+08
196	1.01748e+06	1.96562e+08	3.63399e+09	3.35176e+08
197	1.01748e+06	1.79637e+08	2.42587e+09	2.62036e+08
198	1.01748e+06	1.81752e+08	2.46343e+09	2.65148e+08
199	1.01748e+06	1.79212e+08	2.46343e+09	2.57557e+08
200	1.01748e+06	1.86376e+08	3.89043e+09	2.92887e+08
201	1.01748e+06	1.89863e+08	3.89043e+09	3.17454e+08
202	1.01748e+06	1.75391e+08	2.22189e+09	2.53469e+08
203	1.01748e+06	1.75911e+08	3.6237e+09 	2.83732e+08
204	1.01748e+06	1.75656e+08	3.6237e+09 	2.83607e+08
205	1.01748e+06	1.8866e+08 	4.265e+09  	3.65115e+08
206	1.01748e+06	1.78572e+08	3.6237e+09 	3.08508e+08
207	1.01748e+06	1.82361e+08	5.62739e+09	3.65919e+08
208	1.01748e+06	1.66749e+08	4.30479e+09	2.89387e+08
209	1.01748e+06	1.63899e+08	3.04392e+09	2.38641e+08
210	1.01748e+06	1.62628e+08	2.27205e+09	2.2308e+08 
211	1.01748e+06	1.60741e+08	2.27205e+09	2.08857e+08
212	1.01748e+06	1.69752e+08	2.84813e+09	2.4096e+08 
213	1.01748e+06	1.64061e+08	2.34883e+09	2.30305e+08
214	1.01748e+06	1.66623e+08	3.01525e+09	2.51118e+08
215	1.01748e+06	1.69074e+08	2.30843e+09	2.45494e+08
216	1.01748e+06	1.69151e+08	2.33116e+09	2.40137e+08
217	1.01748e+06	1.72144e+08	2.80798e+09	2.47918e+08
218	1.01748e+06	1.67079e+08	2.67722e+09	2.36014e+08
219	1.01748e+06	1.66169e+08	2.17388e+09	2.14273e+08
220	1.01748e+06	1.67532e+08	1.73678e+09	2.20803e+08
221	1.01748e+06	1.72853e+08	4.03757e+09	2.6224e+08 
222	1.01748e+06	1.74486e+08	2.52258e+09	2.47693e+08
223	1.01748e+06	1.69728e+08	2.06794e+09	2.33846e+08
224	1.01748e+06	1.87524e+08	4.54171e+09	3.25217e+08
225	1.01748e+06	1.85962e+08	3.99581e+09	3.12126e+08
226	1.01748e+06	1.8376e+08 	2.63642e+09	2.90234e+08
227	1.01748e+06	1.98968e+08	4.18282e+09	3.82115e+08
228	1.01748e+06	1.85576e+08	3.5043e+09 	3.2663e+08 
229	1.01748e+06	1.74184e+08	3.5043e+09 	2.82929e+08
230	1.01748e+06	1.71099e+08	2.54233e+09	2.44555e+08
231	906456     	1.73586e+08	2.7102e+09 	2.71422e+08
232	906456     	1.69715e+08	2.21014e+09	2.33131e+08
233	906456     	1.66921e+08	3.22942e+09	2.64406e+08
234	906456     	1.52611e+08	2.0858e+09 	1.96087e+08
235	903578     	1.4599e+08 	2.0858e+09 	1.80058e+08
236	903578     	1.49635e+08	2.18107e+09	1.9861e+08 
237	903578     	1.53595e+08	3.72722e+09	2.25633e+08
238	903578     	1.60318e+08	2.50482e+09	2.3261e+08 
239	903578     	1.5734e+08 	2.12976e+09	2.2767e+08 
240	903578     	1.56198e+08	2.0493e+09 	2.1681e+08 
241	903578     	1.56093e+08	1.95712e+09	2.12747e+08
242	903578     	1.52539e+08	2.60998e+09	2.11063e+08
243	903578     	1.50782e+08	2.60998e+09	2.09172e+08
244	903578     	1.51095e+08	2.53333e+09	2.20462e+08
245	903578     	1.4671e+08 	2.75695e+09	2.10044e+08
246	903578     	1.45635e+08	2.84042e+09	1.96836e+08
247	903578     	1.51785e+08	1.73883e+09	1.95174e+08
248	903578     	1.5411e+08 	2.56572e+09	2.22934e+08
249	903578     	1.52555e+08	3.18719e+09	2.23156e+08
250	903578     	1.47528e+08	3.18719e+09	2.15842e+08
251	903578     	1.41836e+08	1.8859e+09 	1.85978e+08
252	903578     	1.45785e+08	2.18441e+09	2.00322e+08
253	903578     	1.48005e+08	2.07577e+09	1.97382e+08
254	903578     	1.48279e+08	2.03838e+09	1.92811e+08
255	903578     	1.52101e+08	2.03838e+09	2.08298e+08
256	903578     	1.46629e+08	1.73943e+09	1.91915e+08
257	903578     	1.42912e+08	1.95223e+09	1.82453e+08
258	903578     	1.43528e+08	1.77513e+09	1.8439e+08 
259	903578     	1.47845e+08	1.80532e+09	1.87977e+08
260	903578     	1.46181e+08	1.77513e+09	1.78124e+08
261	903578     	1.47313e+08	1.54698e+09	1.83927e+08
262	903578     	1.436e+08  	1.42412e+09	1.69746e+08
263	903578     	1.4742e+08 	1.54193e+09	1.75435e+08
264	903578     	1.58147e+08	2.33094e+09	2.22231e+08
265	903578     	1.57886e+08	2.23168e+09	2.26631e+08
266	903578     	1.51596e+08	2.23168e+09	2.05905e+08
267	903578     	1.53148e+08	2.49374e+09	2.17734e+08
268	903578     	1.51948e+08	2.23168e+09	2.13746e+08
269	903578     	1.59844e+08	4.39194e+09	2.6229e+08 
270	903578     	1.53092e+08	2.10363e+09	2.04968e+08
271	903578     	1.56747e+08	2.23361e+09	2.2106e+08 
272	903578     	1.52613e+08	1.81938e+09	1.98406e+08
273	903578     	1.55641e+08	1.81938e+09	2.08221e+08
274	883398     	1.59574e+08	1.81938e+09	2.23752e+08
275	883398     	1.51854e+08	4.89521e+09	2.59546e+08
276	883398     	1.52975e+08	2.57179e+09	2.29076e+08
277	883398     	1.57529e+08	2.3607e+09 	2.34095e+08
278	883398     	1.53673e+08	2.79096e+09	2.19498e+08
279	883398     	1.5934e+08 	3.36611e+09	2.42212e+08
280	883398     	1.648e+08  	4.58827e+09	2.80647e+08
281	883398     	1.5456e+08 	2.82056e+09	2.27615e+08
282	883398     	1.49257e+08	2.85728e+09	2.14955e+08
283	883398     	1.44774e+08	2.74961e+09	2.04991e+08
284	883398     	1.43407e+08	2.46534e+09	1.96511e+08
285	883398     	1.47113e+08	2.95326e+09	2.25525e+08
286	586255     	1.48638e+08	2.20561e+09	2.24799e+08
287	586255     	1.50013e+08	2.21913e+09	2.30608e+08
288	586255     	1.53574e+08	2.20561e+09	2.39678e+08
289	586255     	1.50926e+08	2.06689e+09	2.30782e+08
290	586255     	1.47725e+08	1.97942e+09	2.22992e+08
291	586255     	1.47612e+08	2.20486e+09	2.29094e+08
292	586255     	1.45625e+08	2.20486e+09	2.17656e+08
293	586255     	1.47927e+08	3.84781e+09	2.61864e+08
294	586255     	1.51533e+08	3.28898e+09	2.59878e+08
295	315762     	1.43437e+08	2.07704e+09	2.04266e+08
296	315762     	1.47143e+08	2.07704e+09	2.22979e+08
297	315762     	1.51816e+08	2.65133e+09	2.35241e+08
298	315762     	1.50809e+08	1.99897e+09	2.09709e+08
299	315762     	1.49476e+08	2.13563e+09	2.1777e+08 
300	196212     	1.4704e+08 	2.13563e+09	2.13633e+08
301	196212     	1.45106e+08	1.99704e+09	2.01343e+08
302	196212     	1.40071e+08	1.8422e+09 	1.87224e+08
303	196212     	1.35698e+08	1.36352e+09	1.62242e+08
304	196212     	1.33144e+08	1.23796e+09	1.6174e+08 
305	196212     	1.31053e+08	1.85195e+09	1.727e+08  
306	196212     	1.29492e+08	1.39266e+09	1.59899e+08
307	196212     	1.37438e+08	3.82172e+09	2.37942e+08
308	196212     	1.31527e+08	2.67525e+09	1.7828e+08 
309	196212     	1.38965e+08	2.29593e+09	2.03582e+08
310	196212     	1.4091e+08 	2.92834e+09	2.21844e+08
311	196212     	1.39459e+08	2.28536e+09	2.04506e+08
312	196212     	1.41731e+08	3.55281e+09	2.32215e+08
313	196212     	1.37555e+08	1.89013e+09	1.91868e+08
314	196212     	1.32603e+08	2.25618e+09	1.86427e+08
315	196212     	1.38783e+08	2.6235e+09 	2.19711e+08
316	196072     	1.35186e+08	2.25618e+09	2.07002e+08
317	196072     	1.36922e+08	3.38417e+09	2.17056e+08
318	196072     	1.37988e+08	3.11254e+09	2.41156e+08
319	196072     	1.3255e+08 	3.20754e+09	2.28068e+08
320	196072     	1.33878e+08	3.11254e+09	2.32773e+08
321	196072     	1.33576e+08	2.74712e+09	2.1964e+08 
322	196072     	1.3057e+08 	2.04471e+09	1.82648e+08
323	196072     	1.28603e+08	1.42093e+09	1.55652e+08
324	196072     	1.24812e+08	1.42093e+09	1.49315e+08
325	196072     	1.26545e+08	1.2823e+09 	1.51738e+08
326	196072     	1.27622e+08	1.30293e+09	1.52405e+08
327	196072     	1.26341e+08	1.35405e+09	1.57333e+08
328	196072     	1.20578e+08	1.12922e+09	1.33065e+08
329	196072     	1.21496e+08	1.82192e+09	1.39807e+08
330	196072     	1.21627e+08	1.43327e+09	1.43299e+08
331	196072     	1.20755e+08	1.52266e+09	1.45546e+08
332	196072     	1.24679e+08	1.48762e+09	1.5812e+08 
333	196072     	1.29608e+08	2.19538e+09	1.74593e+08
334	196072     	1.32646e+08	2.59507e+09	1.89581e+08
335	196072     	1.35164e+08	2.74734e+09	2.22439e+08
336	196072     	1.41427e+08	3.29493e+09	2.8152e+08 
337	196072     	1.30848e+08	3.2673e+09 	2.28977e+08
338	196072     	1.25025e+08	1.8699e+09 	1.75175e+08
339	196072     	1.31693e+08	2.68089e+09	2.21074e+08
340	196072     	1.29981e+08	2.65205e+09	2.15487e+08
341	196072     	1.31411e+08	2.52632e+09	2.03863e+08
342	196072     	1.22446e+08	1.35667e+09	1.50757e+08
343	196072     	1.16004e+08	1.35667e+09	1.32406e+08
344	191887     	1.1684e+08 	1.25679e+09	1.32156e+08
345	191887     	1.21128e+08	1.73952e+09	1.60388e+08
346	191887     	1.23909e+08	2.24096e+09	1.73521e+08
347	191887     	1.28739e+08	2.98063e+09	1.96209e+08
348	191887     	1.27353e+08	1.97057e+09	1.76263e+08
349	191887     	1.30028e+08	1.67327e+09	1.83289e+08
350	191887     	1.3124e+08 	2.319e+09  	1.92563e+08
351	191887     	1.30142e+08	2.319e+09  	1.91154e+08
352	191887     	1.25216e+08	2.80345e+09	1.84248e+08
353	191887     	1.25524e+08	2.58857e+09	1.95938e+08
354	191887     	1.30936e+08	2.62174e+09	2.14042e+08
355	191887     	1.2274e+08 	1.80846e+09	1.57113e+08
356	191887     	1.18674e+08	1.33431e+09	1.36798e+08
357	191887     	1.17164e+08	1.50165e+09	1.44215e+08
358	191887     	1.19119e+08	1.49023e+09	1.48284e+08
359	191887     	1.1729e+08 	1.27066e+09	1.41395e+08
360	191887     	1.20743e+08	1.23131e+09	1.49675e+08
361	191887     	1.17654e+08	1.20969e+09	1.41807e+08
362	191887     	1.23009e+08	1.39231e+09	1.55232e+08
363	191887     	1.28426e+08	1.50021e+09	1.74216e+08
364	191887     	1.32316e+08	1.39231e+09	1.80746e+08
365	191887     	1.30632e+08	1.33672e+09	1.72991e+08
366	191887     	1.24724e+08	1.17105e+09	1.5523e+08 
367	191887     	1.26946e+08	1.59151e+09	1.62756e+08
368	191887     	1.30714e+08	3.07531e+09	2.09603e+08
369	191887     	1.24951e+08	3.07531e+09	1.9499e+08 
370	191887     	1.23805e+08	3.1165e+09 	1.93674e+08
371	191887     	1.17684e+08	1.03985e+09	1.33901e+08
372	191887     	1.10863e+08	1.00454e+09	1.17759e+08
373	191887     	1.14825e+08	1.50634e+09	1.40085e+08
374	191887     	1.15359e+08	1.30148e+09	1.39506e+08
375	191887     	1.16282e+08	2.00287e+09	1.54919e+08
376	191887     	1.16038e+08	2.2449e+09 	1.55655e+08
377	191887     	1.17946e+08	3.41345e+09	1.9524e+08 
378	191887     	1.18935e+08	2.6748e+09 	1.88711e+08
379	191887     	1.19052e+08	2.53831e+09	1.69797e+08
380	191887     	1.16586e+08	2.53831e+09	1.5713e+08 
381	191887     	1.1531e+08 	1.21341e+09	1.46312e+08
382	191887     	1.13137e+08	1.1042e+09 	1.34908e+08
383	191887     	1.16199e+08	1.82941e+09	1.43294e+08
384	191887     	1.17102e+08	1.1042e+09 	1.39535e+08
385	191887     	1.14236e+08	1.0851e+09 	1.29089e+08
386	191887     	1.14936e+08	1.42997e+09	1.35119e+08
387	191887     	1.13255e+08	1.32458e+09	1.28001e+08
388	191887     	1.16145e+08	1.70872e+09	1.47148e+08
389	191887     	1.12743e+08	1.47862e+09	1.30948e+08
390	191887     	1.12207e+08	1.47687e+09	1.33789e+08
391	191887     	1.07918e+08	1.04275e+09	1.13268e+08
392	191887     	1.07503e+08	1.13353e+09	1.15064e+08
393	191887     	1.05388e+08	9.95817e+08	1.07597e+08
394	191887     	1.05751e+08	9.95817e+08	1.07592e+08
395	191887     	1.05736e+08	9.95817e+08	1.0973e+08 
396	191887     	1.08367e+08	7.70984e+08	1.11688e+08
397	191887     	1.07355e+08	8.90978e+08	1.10312e+08
398	191887     	1.06827e+08	8.32687e+08	1.10011e+08
399	191887     	1.07619e+08	8.88661e+08	1.11753e+08
400	191887     	1.07495e+08	1.07639e+09	1.15773e+08
401	191887     	1.10012e+08	9.58462e+08	1.18382e+08
402	191887     	1.07097e+08	1.04673e+09	1.13529e+08
403	191887     	1.06775e+08	9.58462e+08	1.12471e+08
404	191887     	1.07231e+08	8.71191e+08	1.17188e+08
405	191887     	1.08247e+08	1.23541e+09	1.23679e+08
406	191887     	1.10579e+08	1.23541e+09	1.22541e+08
407	191887     	1.12146e+08	1.47568e+09	1.33574e+08
408	191887     	1.13297e+08	1.71254e+09	1.50963e+08
409	191887     	1.09404e+08	1.71254e+09	1.36072e+08
410	191887     	1.06298e+08	1.03541e+09	1.15521e+08
411	191887     	1.03235e+08	9.93785e+08	1.01274e+08
412	191887     	1.01022e+08	9.67286e+08	9.68262e+07
413	191887     	1.02917e+08	9.67286e+08	1.05335e+08
414	191887     	1.03079e+08	1.22029e+09	1.01614e+08
415	191887     	1.01303e+08	8.41456e+08	9.14585e+07
416	191887     	9.99469e+07	8.71331e+08	8.99171e+07
417	191887     	9.7531e+07 	8.71331e+08	8.73381e+07
418	191887     	9.82868e+07	8.71331e+08	9.15755e+07
419	191887     	9.99058e+07	6.74307e+08	9.30798e+07
420	191887     	9.84439e+07	6.6295e+08 	8.60041e+07
421	191887     	9.95435e+07	1.15244e+09	9.4721e+07 
422	191887     	1.00867e+08	1.15244e+09	9.91043e+07
423	191887     	1.0069e+08 	1.11222e+09	1.0233e+08 
424	191887     	1.02315e+08	1.05928e+09	1.03292e+08
425	191887     	1.00869e+08	1.05928e+09	9.75351e+07
426	191887     	1.04918e+08	1.05928e+09	1.0806e+08 
427	191887     	1.03485e+08	1.01954e+09	1.06047e+08
428	191887     	1.03657e+08	8.98815e+08	1.08134e+08
429	191887     	1.04834e+08	1.0881e+09 	1.14821e+08
430	191887     	1.03017e+08	9.06476e+08	1.05731e+08
431	191887     	1.02602e+08	9.99505e+08	1.06954e+08
432	191887     	1.05854e+08	1.29568e+09	1.1996e+08 
433	191887     	1.0049e+08 	9.23581e+08	9.74719e+07
434	191887     	1.06866e+08	1.57811e+09	1.3545e+08 
435	191887     	1.03297e+08	1.22616e+09	1.07781e+08
436	191887     	1.07625e+08	1.24689e+09	1.24712e+08
437	191887     	1.07676e+08	1.24689e+09	1.27408e+08
438	191887     	1.06155e+08	1.90057e+09	1.27867e+08
439	191887     	1.06315e+08	1.62758e+09	1.19273e+08
440	166756     	1.07018e+08	1.26378e+09	1.18614e+08
441	166756     	1.01519e+08	9.19212e+08	1.06356e+08
442	166756     	9.82548e+07	9.14299e+08	9.27882e+07
443	166756     	1.00815e+08	1.18414e+09	1.06556e+08
444	166756     	9.89818e+07	1.52259e+09	1.05506e+08
445	166756     	1.03767e+08	1.34308e+09	1.23562e+08
446	166756     	1.02705e+08	1.17179e+09	1.1607e+08 
447	166756     	1.00691e+08	1.58527e+09	1.1325e+08 
448	166756     	1.06907e+08	1.6801e+09 	1.45472e+08
449	166756     	1.0261e+08 	1.46875e+09	1.24489e+08
450	166756     	1.02354e+08	1.46875e+09	1.25538e+08
451	166756     	1.03904e+08	1.33239e+09	1.30575e+08
452	166756     	1.07013e+08	1.18748e+09	1.33537e+08
453	166756     	1.063e+08  	1.85622e+09	1.41538e+08
454	166756     	1.04341e+08	1.22055e+09	1.21905e+08
455	166756     	1.02523e+08	1.16553e+09	1.15873e+08
456	166756     	1.00176e+08	1.16553e+09	1.10761e+08
457	166756     	1.04098e+08	1.89468e+09	1.37585e+08
458	166756     	1.00366e+08	1.16553e+09	1.07339e+08
459	166756     	9.82397e+07	7.89997e+08	9.16795e+07
460	166756     	1.00845e+08	1.36204e+09	1.13144e+08
461	166756     	9.92073e+07	1.27354e+09	1.05447e+08
462	166756     	1.02163e+08	1.80736e+09	1.20344e+08
463	166756     	9.9369e+07 	1.27354e+09	1.06564e+08
464	166756     	9.82813e+07	7.531e+08  	9.1321e+07 
465	166756     	9.92785e+07	1.16243e+09	1.01749e+08
466	166756     	1.01833e+08	2.84507e+09	1.36249e+08
467	166756     	1.00178e+08	1.44938e+09	1.05431e+08
468	166756     	1.02715e+08	1.426e+09  	1.16723e+08
469	166756     	9.92129e+07	9.28814e+08	9.60755e+07
470	166756     	9.78277e+07	8.11041e+08	9.23847e+07
471	166756     	9.73569e+07	8.11041e+08	9.23871e+07
472	166756     	9.92905e+07	1.0446e+09 	1.03307e+08
473	166756     	1.01385e+08	2.09204e+09	1.40768e+08
474	166756     	1.00061e+08	2.2864e+09 	1.43661e+08
475	166756     	9.91592e+07	2.08569e+09	1.27e+08   
476	166756     	9.91011e+07	8.89922e+08	1.10186e+08
477	166756     	9.80516e+07	8.89922e+08	1.01865e+08
478	166756     	9.93613e+07	9.13979e+08	1.05572e+08
479	166756     	9.96615e+07	9.23754e+08	1.03755e+08
480	166756     	9.7106e+07 	7.96325e+08	9.41034e+07
481	166756     	9.77808e+07	1.06258e+09	9.89563e+07
482	166756     	9.45028e+07	7.81337e+08	8.96269e+07
483	166756     	9.81082e+07	8.63593e+08	1.03842e+08
484	166756     	1.00989e+08	1.17833e+09	1.19289e+08
485	166756     	1.00952e+08	1.17833e+09	1.21706e+08
486	166756     	1.03571e+08	1.1487e+09 	1.27008e+08
487	166756     	1.04239e+08	1.21526e+09	1.3533e+08 
488	166756     	1.03061e+08	1.66404e+09	1.33521e+08
489	166756     	1.0157e+08 	1.1461e+09 	1.17572e+08
490	166756     	9.78942e+07	1.1461e+09 	1.04646e+08
491	166756     	9.606e+07  	8.16316e+08	9.083e+07  
492	166756     	9.70219e+07	7.16802e+08	9.45141e+07
493	166756     	9.80179e+07	1.89865e+09	1.09526e+08
494	166756     	9.62675e+07	7.41756e+08	8.74731e+07
495	91191.5    	9.8175e+07 	1.07619e+09	1.00532e+08
496	91191.5    	9.62056e+07	7.16802e+08	9.16967e+07
497	91191.5    	1.04922e+08	1.60598e+09	1.4546e+08 
498	91191.5    	1.04508e+08	1.52143e+09	1.37606e+08
499	91191.5    	1.05698e+08	1.52143e+09	1.38002e+08
-621.10999999
