/usr/lib/python2.7/site-packages/deap/tools/_hypervolume/pyhv.py:33: ImportWarning: Falling back to the python version of hypervolume module. Expect this to be very slow.
  "module. Expect this to be very slow.", ImportWarning)
gen	min        	avg        	max        	std        
0  	1.77074e+07	3.53342e+08	8.95586e+09	6.61301e+08
1  	1.72313e+07	3.33777e+08	7.13709e+09	5.68941e+08
2  	1.54542e+07	3.4018e+08 	4.50403e+09	5.26604e+08
3  	1.54542e+07	3.42151e+08	4.45824e+09	5.33056e+08
4  	1.54542e+07	3.19324e+08	4.34927e+09	4.51537e+08
5  	1.0995e+07 	3.24803e+08	4.31116e+09	4.75497e+08
6  	1.0995e+07 	3.29699e+08	3.92628e+09	4.7504e+08 
7  	1.0995e+07 	3.31166e+08	5.10125e+09	4.93224e+08
8  	1.0995e+07 	3.35131e+08	4.97633e+09	4.95747e+08
9  	1.0995e+07 	3.30875e+08	3.93708e+09	4.81288e+08
10 	1.0995e+07 	3.25259e+08	4.19751e+09	4.79214e+08
11 	1.0995e+07 	3.28686e+08	4.19751e+09	4.90937e+08
12 	9.44136e+06	3.18343e+08	4.22106e+09	4.58772e+08
13 	9.44136e+06	3.31692e+08	4.86918e+09	5.09367e+08
14 	9.44136e+06	3.43995e+08	5.87199e+09	5.89025e+08
15 	9.29463e+06	3.26337e+08	4.58097e+09	4.96144e+08
16 	9.29463e+06	3.31044e+08	4.58097e+09	5.11126e+08
17 	9.2914e+06 	3.12198e+08	4.1194e+09 	4.44819e+08
18 	9.2914e+06 	3.14522e+08	4.1194e+09 	4.66891e+08
19 	9.2914e+06 	3.00156e+08	3.65169e+09	4.06513e+08
20 	9.2914e+06 	2.95609e+08	2.73168e+09	3.91848e+08
21 	9.2914e+06 	3.01243e+08	4.23402e+09	4.18622e+08
22 	9.2914e+06 	3.13853e+08	5.81064e+09	4.78143e+08
23 	9.2914e+06 	3.20697e+08	4.80563e+09	4.80761e+08
24 	8.27531e+06	3.24999e+08	3.95032e+09	4.89035e+08
25 	8.27531e+06	3.09392e+08	3.56363e+09	4.49974e+08
26 	7.70073e+06	3.10603e+08	5.88537e+09	5.03284e+08
27 	7.70073e+06	3.10657e+08	4.94101e+09	4.84641e+08
28 	7.70073e+06	3.04695e+08	5.06707e+09	4.64766e+08
29 	7.70073e+06	2.93219e+08	4.07148e+09	4.22629e+08
30 	4.46735e+06	3.03333e+08	6.88058e+09	4.9974e+08 
31 	4.46735e+06	3.00502e+08	5.27005e+09	5.10647e+08
32 	4.46735e+06	3.05693e+08	5.27005e+09	5.46198e+08
33 	4.46735e+06	3.06354e+08	6.03752e+09	5.19576e+08
34 	4.46735e+06	3.07518e+08	5.09277e+09	4.89728e+08
35 	4.46735e+06	3.08608e+08	5.09277e+09	4.87853e+08
36 	4.46735e+06	3.21095e+08	4.38357e+09	5.28686e+08
37 	4.46735e+06	3.09636e+08	4.25123e+09	4.75571e+08
38 	4.46735e+06	3.00237e+08	4.25123e+09	4.38727e+08
39 	4.46735e+06	3.09869e+08	4.25123e+09	4.65378e+08
40 	4.42912e+06	3.09788e+08	5.38444e+09	4.70238e+08
41 	4.42912e+06	2.87254e+08	2.98007e+09	3.77022e+08
42 	4.42912e+06	2.94156e+08	3.49064e+09	4.13767e+08
43 	3.97269e+06	2.99111e+08	5.27329e+09	4.54141e+08
44 	3.97269e+06	3.01097e+08	5.26875e+09	4.81405e+08
45 	3.97269e+06	2.82992e+08	5.26875e+09	4.2581e+08 
46 	3.97269e+06	2.94447e+08	4.97379e+09	4.62016e+08
47 	3.97269e+06	2.92797e+08	4.97379e+09	4.56308e+08
48 	3.97269e+06	2.80693e+08	4.7505e+09 	4.1781e+08 
49 	3.97269e+06	2.68383e+08	2.66524e+09	3.64346e+08
50 	3.97269e+06	2.74209e+08	3.22853e+09	3.6835e+08 
51 	3.97269e+06	2.70387e+08	3.22853e+09	3.6516e+08 
52 	3.97269e+06	2.78442e+08	4.1699e+09 	4.30537e+08
53 	3.97269e+06	2.82882e+08	3.7061e+09 	4.165e+08  
54 	3.97269e+06	2.79056e+08	3.7061e+09 	4.0136e+08 
55 	3.57999e+06	2.75491e+08	3.57702e+09	3.86445e+08
56 	3.57999e+06	2.85314e+08	3.58764e+09	4.18661e+08
57 	3.57999e+06	3.01658e+08	4.54028e+09	4.65095e+08
58 	3.57999e+06	2.97263e+08	4.72342e+09	4.55474e+08
59 	3.57999e+06	2.9396e+08 	4.34826e+09	4.4056e+08 
60 	3.57999e+06	2.89215e+08	4.34826e+09	4.2506e+08 
61 	3.57999e+06	3.14681e+08	4.96371e+09	5.31516e+08
62 	3.57999e+06	3.04055e+08	4.67994e+09	4.95928e+08
63 	3.57999e+06	3.03163e+08	4.67994e+09	5.03536e+08
64 	3.57999e+06	2.91468e+08	7.30366e+09	4.89663e+08
65 	2.96037e+06	2.86924e+08	7.30366e+09	4.99113e+08
66 	2.96037e+06	2.83518e+08	3.90895e+09	4.24189e+08
67 	2.43455e+06	2.78528e+08	3.19741e+09	3.9047e+08 
68 	2.43455e+06	2.80363e+08	3.88983e+09	4.11647e+08
69 	2.43455e+06	2.74171e+08	3.19741e+09	4.09595e+08
70 	2.09756e+06	2.77401e+08	3.50147e+09	4.29594e+08
71 	2.09756e+06	2.66814e+08	3.50147e+09	3.95611e+08
72 	2.09756e+06	2.66588e+08	5.3224e+09 	4.13087e+08
73 	2.09756e+06	2.55793e+08	3.02207e+09	3.37944e+08
74 	2.09756e+06	2.68473e+08	3.8528e+09 	4.04884e+08
75 	2.09756e+06	2.74697e+08	3.55389e+09	3.99782e+08
76 	2.09756e+06	2.77814e+08	3.88938e+09	4.1689e+08 
77 	2.09756e+06	2.71111e+08	3.7315e+09 	4.11237e+08
78 	2.09756e+06	2.73125e+08	3.89949e+09	4.2553e+08 
79 	2.09756e+06	2.70284e+08	3.89949e+09	4.19686e+08
80 	2.09756e+06	2.69894e+08	3.35893e+09	4.08495e+08
81 	2.09756e+06	2.59267e+08	3.35893e+09	3.85892e+08
82 	2.09756e+06	2.48425e+08	4.03088e+09	3.60248e+08
83 	2.09756e+06	2.58005e+08	5.25957e+09	4.18419e+08
84 	2.09756e+06	2.49903e+08	3.91812e+09	3.68702e+08
85 	2.09756e+06	2.72869e+08	6.59634e+09	4.75961e+08
86 	2.09756e+06	2.59227e+08	6.81068e+09	4.11456e+08
87 	2.09756e+06	2.78972e+08	6.95981e+09	5.05098e+08
88 	2.09756e+06	2.55166e+08	3.41064e+09	3.5129e+08 
89 	2.09756e+06	2.53754e+08	3.1291e+09 	3.47544e+08
90 	2.09756e+06	2.5744e+08 	3.60353e+09	3.64532e+08
91 	2.09756e+06	2.6639e+08 	3.77893e+09	4.18351e+08
92 	2.09756e+06	2.81017e+08	3.90724e+09	4.57968e+08
93 	2.09756e+06	2.67039e+08	3.90724e+09	4.1901e+08 
94 	2.09756e+06	2.58307e+08	3.90724e+09	3.95185e+08
95 	2.09756e+06	2.74157e+08	5.09011e+09	4.63457e+08
96 	2.09756e+06	2.58062e+08	5.09011e+09	4.18522e+08
97 	2.09756e+06	2.51262e+08	4.04443e+09	3.77607e+08
98 	2.09756e+06	2.58195e+08	5.06061e+09	4.21181e+08
99 	2.09756e+06	2.4764e+08 	3.63016e+09	3.57497e+08
100	2.09756e+06	2.63197e+08	5.83999e+09	4.19099e+08
101	2.09756e+06	2.7424e+08 	4.22262e+09	4.33878e+08
102	2.09756e+06	2.61496e+08	3.74052e+09	3.93733e+08
103	2.09756e+06	2.58467e+08	2.63955e+09	3.63067e+08
104	2.09756e+06	2.67528e+08	5.91891e+09	4.3829e+08 
105	2.09756e+06	2.58544e+08	5.05631e+09	4.28141e+08
106	2.09756e+06	2.59392e+08	5.05631e+09	4.24895e+08
107	2.09756e+06	2.69359e+08	4.35212e+09	4.37956e+08
108	2.09756e+06	2.71422e+08	4.35212e+09	4.38541e+08
109	2.09756e+06	2.8077e+08 	6.81636e+09	5.22691e+08
110	2.09756e+06	2.82109e+08	8.05683e+09	5.66535e+08
111	2.09756e+06	2.58233e+08	5.06948e+09	4.2132e+08 
112	2.09756e+06	2.46204e+08	3.10361e+09	3.64393e+08
113	2.09756e+06	2.41783e+08	3.10361e+09	3.6148e+08 
114	1.7425e+06 	2.30366e+08	2.79315e+09	3.18978e+08
115	1.7425e+06 	2.47688e+08	3.29811e+09	3.79912e+08
116	1.7425e+06 	2.52952e+08	5.44328e+09	4.21417e+08
117	1.7425e+06 	2.58076e+08	2.76658e+09	3.87052e+08
118	1.7425e+06 	2.63957e+08	3.66514e+09	4.2288e+08 
119	1.7425e+06 	2.59831e+08	3.49859e+09	4.29129e+08
120	1.7425e+06 	2.46428e+08	4.39565e+09	4.06042e+08
121	1.7425e+06 	2.29936e+08	3.56899e+09	3.42492e+08
122	1.7425e+06 	2.37744e+08	6.10894e+09	4.13411e+08
123	1.7425e+06 	2.22409e+08	4.43399e+09	3.21014e+08
124	1.7425e+06 	2.26846e+08	3.66865e+09	3.36583e+08
125	1.7425e+06 	2.33191e+08	4.26868e+09	3.53929e+08
126	1.7425e+06 	2.21838e+08	3.55975e+09	3.27732e+08
127	1.7425e+06 	2.33612e+08	5.02224e+09	4.02013e+08
128	1.7425e+06 	2.25126e+08	4.89951e+09	3.5094e+08 
129	1.7425e+06 	2.21671e+08	2.93958e+09	3.02727e+08
130	1.7425e+06 	2.17261e+08	2.93958e+09	2.97125e+08
131	1.7425e+06 	2.30602e+08	3.81376e+09	3.59696e+08
132	1.7425e+06 	2.26032e+08	3.60657e+09	3.33828e+08
133	1.46733e+06	2.36089e+08	4.84094e+09	3.84559e+08
134	1.46733e+06	2.43469e+08	4.58832e+09	4.33742e+08
135	1.46733e+06	2.33076e+08	4.02538e+09	3.70183e+08
136	1.46733e+06	2.43045e+08	4.09857e+09	4.19185e+08
137	1.46733e+06	2.32097e+08	3.39532e+09	3.62984e+08
138	1.46733e+06	2.25479e+08	3.2988e+09 	3.34428e+08
139	1.46733e+06	2.24105e+08	4.67957e+09	3.53598e+08
140	1.46733e+06	2.12997e+08	4.67957e+09	3.16783e+08
141	1.46733e+06	2.18835e+08	4.89831e+09	3.70946e+08
142	1.46733e+06	2.2356e+08 	4.35903e+09	3.70715e+08
143	1.46733e+06	2.22972e+08	2.66088e+09	3.35679e+08
144	1.46733e+06	2.27509e+08	3.53849e+09	3.69115e+08
145	1.46733e+06	2.2638e+08 	3.35655e+09	3.63061e+08
146	1.46733e+06	2.16199e+08	2.71089e+09	3.33911e+08
147	1.25256e+06	2.17059e+08	4.52661e+09	3.73296e+08
148	1.25256e+06	2.30671e+08	4.01681e+09	4.1321e+08 
149	1.25256e+06	2.3078e+08 	4.01681e+09	4.15165e+08
150	1.25256e+06	2.2088e+08 	4.74068e+09	4.00028e+08
151	1.08889e+06	2.30179e+08	4.74068e+09	4.29104e+08
152	1.08889e+06	2.22033e+08	4.74068e+09	4.01382e+08
153	1.08889e+06	2.27892e+08	5.10305e+09	4.2843e+08 
154	1.08889e+06	2.11354e+08	3.76116e+09	3.49915e+08
155	1.08889e+06	2.04834e+08	3.6202e+09 	3.16246e+08
156	1.08889e+06	2.12231e+08	4.99548e+09	3.65385e+08
157	1.08889e+06	2.18682e+08	4.99548e+09	4.03029e+08
158	1.08889e+06	2.09426e+08	7.40643e+09	3.93405e+08
159	1.08889e+06	2.15434e+08	7.23743e+09	4.34002e+08
160	1.08889e+06	2.05259e+08	3.83358e+09	3.4609e+08 
161	1.08889e+06	1.91834e+08	2.42841e+09	2.62076e+08
162	1.08889e+06	1.94035e+08	2.42841e+09	2.52391e+08
163	1.08889e+06	2.04608e+08	3.50452e+09	3.05653e+08
164	1.08889e+06	2.13261e+08	3.50452e+09	3.1398e+08 
165	1.08889e+06	2.04838e+08	3.64295e+09	2.98872e+08
166	1.0006e+06 	2.03734e+08	5.05334e+09	3.10365e+08
167	1.0006e+06 	2.12412e+08	5.05334e+09	3.49474e+08
168	1.0006e+06 	2.06282e+08	3.88089e+09	3.2936e+08 
169	1.0006e+06 	2.08375e+08	3.94657e+09	3.4824e+08 
170	1.0006e+06 	1.99285e+08	3.15215e+09	2.95464e+08
171	1.0006e+06 	2.01366e+08	3.10782e+09	3.00929e+08
172	1.0006e+06 	2.03448e+08	3.66591e+09	3.15772e+08
173	1.0006e+06 	2.03686e+08	3.66591e+09	3.27627e+08
174	1.0006e+06 	2.0186e+08 	3.10782e+09	3.03287e+08
175	1.0006e+06 	2.07115e+08	4.97689e+09	3.60729e+08
176	838426     	1.91954e+08	3.60478e+09	2.97896e+08
177	838426     	1.97635e+08	3.60478e+09	3.22142e+08
178	757647     	1.92481e+08	2.82506e+09	3.06542e+08
179	757647     	1.93583e+08	2.81625e+09	2.90048e+08
180	757647     	1.87313e+08	2.1002e+09 	2.35517e+08
181	757647     	1.94779e+08	2.83295e+09	2.86419e+08
182	757647     	2.03765e+08	3.01819e+09	3.13841e+08
183	757647     	1.99163e+08	2.65852e+09	2.89367e+08
184	757647     	1.93797e+08	2.62592e+09	2.7588e+08 
185	757647     	1.84858e+08	3.14006e+09	2.68192e+08
186	757647     	1.78657e+08	2.40277e+09	2.451e+08  
187	757647     	1.8533e+08 	3.36442e+09	2.74934e+08
188	757647     	1.90295e+08	3.58358e+09	3.02286e+08
189	757647     	1.99297e+08	3.58358e+09	3.40144e+08
190	757647     	2.00785e+08	3.61834e+09	3.40582e+08
191	757647     	1.93946e+08	2.81402e+09	2.91027e+08
192	733311     	1.90326e+08	2.38004e+09	2.8072e+08 
193	733311     	2.04316e+08	7.05665e+09	3.97618e+08
194	733311     	2.13671e+08	8.47011e+09	5.03687e+08
195	733311     	1.95449e+08	4.07768e+09	3.54509e+08
196	733311     	1.89423e+08	3.75162e+09	3.15874e+08
197	733311     	1.8746e+08 	2.98787e+09	2.83553e+08
198	733311     	1.97587e+08	4.37852e+09	3.53228e+08
199	733311     	1.89963e+08	4.38133e+09	3.52774e+08
200	733311     	1.84801e+08	4.37852e+09	3.1525e+08 
201	733311     	1.84298e+08	4.41058e+09	3.10899e+08
202	733311     	1.80628e+08	3.67061e+09	2.72249e+08
203	733311     	1.88705e+08	3.80429e+09	3.18829e+08
204	733311     	1.94558e+08	3.43208e+09	3.4548e+08 
205	733311     	1.86899e+08	3.25016e+09	2.98669e+08
206	733311     	1.94825e+08	3.94884e+09	3.44891e+08
207	733311     	2.00666e+08	3.94884e+09	3.9336e+08 
208	733311     	1.88557e+08	3.60384e+09	3.41416e+08
209	688770     	1.98269e+08	6.62529e+09	4.24843e+08
210	688770     	1.95722e+08	3.65218e+09	3.61053e+08
211	688770     	2.04172e+08	3.98783e+09	3.92189e+08
212	688770     	1.82401e+08	3.98783e+09	3.21113e+08
213	688770     	1.74176e+08	2.81833e+09	2.79e+08   
214	688770     	1.69942e+08	2.49404e+09	2.3178e+08 
215	688770     	1.75232e+08	2.98265e+09	2.72688e+08
216	688770     	1.76029e+08	2.49404e+09	2.63861e+08
217	688770     	1.75941e+08	3.20604e+09	2.70494e+08
218	688770     	1.72358e+08	1.93704e+09	2.41974e+08
219	688770     	1.75695e+08	3.58623e+09	2.65834e+08
220	688770     	1.66712e+08	1.7994e+09 	2.20465e+08
221	688770     	1.71606e+08	1.7994e+09 	2.40127e+08
222	688770     	1.69067e+08	1.70638e+09	2.36409e+08
223	688770     	1.71628e+08	2.35009e+09	2.54859e+08
224	688770     	1.74175e+08	3.93288e+09	2.98257e+08
225	688770     	1.68796e+08	3.16298e+09	2.77735e+08
226	688770     	1.64775e+08	2.78192e+09	2.58908e+08
227	688770     	1.6599e+08 	2.72942e+09	2.48573e+08
228	688770     	1.71644e+08	5.02835e+09	3.24593e+08
229	688770     	1.74318e+08	2.85219e+09	2.75014e+08
230	688770     	1.73314e+08	4.27001e+09	2.78526e+08
231	688770     	1.74432e+08	4.27001e+09	2.86752e+08
232	688770     	1.77709e+08	4.01455e+09	2.81828e+08
233	688770     	1.80572e+08	4.52161e+09	3.14243e+08
234	688770     	1.74132e+08	3.38575e+09	2.74023e+08
235	688770     	1.75273e+08	3.38575e+09	2.81724e+08
236	688770     	1.69171e+08	2.25243e+09	2.36971e+08
237	688770     	1.64006e+08	2.27364e+09	2.33134e+08
238	688770     	1.6475e+08 	2.27364e+09	2.41211e+08
239	688770     	1.64728e+08	2.27364e+09	2.32984e+08
240	688770     	1.61856e+08	2.2458e+09 	2.24448e+08
241	688770     	1.62806e+08	2.46514e+09	2.37638e+08
242	688770     	1.72168e+08	2.66639e+09	2.86214e+08
243	688770     	1.68657e+08	2.7353e+09 	2.70866e+08
244	688770     	1.61741e+08	1.99672e+09	2.29977e+08
245	688770     	1.68308e+08	2.18898e+09	2.50954e+08
246	688770     	1.67709e+08	2.4026e+09 	2.49285e+08
247	688770     	1.5731e+08 	1.98698e+09	2.15895e+08
248	688770     	1.56915e+08	1.82665e+09	2.07979e+08
249	688770     	1.65208e+08	2.30813e+09	2.56195e+08
250	688770     	1.5841e+08 	2.35185e+09	2.35023e+08
251	688770     	1.5198e+08 	2.35185e+09	2.17334e+08
252	688770     	1.54147e+08	2.65532e+09	2.23369e+08
253	688770     	1.53449e+08	2.55863e+09	2.23892e+08
254	688770     	1.54689e+08	2.95405e+09	2.20402e+08
255	688770     	1.51185e+08	2.25955e+09	2.09516e+08
256	688770     	1.50978e+08	3.5353e+09 	2.21033e+08
257	688770     	1.5184e+08 	1.84231e+09	2.102e+08  
258	688770     	1.5553e+08 	2.83512e+09	2.28461e+08
259	688770     	1.5447e+08 	2.82434e+09	2.24299e+08
260	292549     	1.58459e+08	2.99664e+09	2.67359e+08
261	292549     	1.5659e+08 	2.82434e+09	2.44697e+08
262	292549     	1.50087e+08	2.57271e+09	2.12726e+08
263	292549     	1.49728e+08	2.57271e+09	2.15517e+08
264	292549     	1.51412e+08	2.5115e+09 	2.09841e+08
265	292549     	1.43589e+08	2.1055e+09 	1.7316e+08 
266	292549     	1.46299e+08	2.1055e+09 	1.88623e+08
267	292549     	1.51123e+08	2.11151e+09	1.9804e+08 
268	292549     	1.4908e+08 	2.74547e+09	2.01446e+08
269	292549     	1.51971e+08	3.21122e+09	2.43442e+08
270	292549     	1.48568e+08	2.22639e+09	2.01853e+08
271	292549     	1.46435e+08	1.92492e+09	1.90885e+08
272	292549     	1.42484e+08	1.73727e+09	1.80974e+08
273	292549     	1.45601e+08	2.30581e+09	2.07093e+08
274	292549     	1.43817e+08	2.18415e+09	1.96443e+08
275	292549     	1.59041e+08	5.63043e+09	3.41947e+08
276	292549     	1.5505e+08 	5.63043e+09	3.04937e+08
277	292549     	1.55015e+08	3.12556e+09	2.67417e+08
278	292549     	1.55847e+08	2.87831e+09	2.56188e+08
279	292549     	1.56439e+08	2.86708e+09	2.48503e+08
280	292549     	1.49049e+08	2.22137e+09	2.18563e+08
281	292549     	1.51456e+08	3.02487e+09	2.45679e+08
282	292549     	1.49557e+08	2.25916e+09	2.29613e+08
283	292549     	1.51045e+08	2.11931e+09	2.27802e+08
284	276571     	1.46141e+08	1.93159e+09	2.06642e+08
285	276571     	1.4063e+08 	2.84547e+09	2.15926e+08
286	276571     	1.37678e+08	2.07699e+09	1.8462e+08 
287	276571     	1.34643e+08	1.24195e+09	1.62343e+08
288	276571     	1.35428e+08	1.39084e+09	1.64445e+08
289	276571     	1.43059e+08	1.81985e+09	1.97997e+08
290	276571     	1.43872e+08	3.17242e+09	2.20769e+08
291	276571     	1.41182e+08	2.55272e+09	2.00512e+08
292	276571     	1.35394e+08	1.9465e+09 	1.69978e+08
293	276571     	1.37395e+08	1.38718e+09	1.67753e+08
294	276571     	1.37627e+08	1.35068e+09	1.66409e+08
295	276571     	1.37977e+08	2.39523e+09	1.7863e+08 
296	276571     	1.43299e+08	1.85571e+09	1.93527e+08
297	276571     	1.42762e+08	2.77963e+09	2.09778e+08
298	276571     	1.42781e+08	2.77963e+09	2.15408e+08
299	276571     	1.46134e+08	2.62117e+09	2.25867e+08
300	276571     	1.42524e+08	2.53981e+09	2.12008e+08
301	276571     	1.40235e+08	1.86543e+09	1.86297e+08
302	276571     	1.40019e+08	1.79196e+09	1.81545e+08
303	276571     	1.32659e+08	1.49596e+09	1.56432e+08
304	276571     	1.32494e+08	1.24864e+09	1.50981e+08
305	276571     	1.32896e+08	1.70195e+09	1.60338e+08
306	276571     	1.30826e+08	1.27383e+09	1.41166e+08
307	276571     	1.30926e+08	1.36697e+09	1.43478e+08
308	276571     	1.32949e+08	1.36697e+09	1.62891e+08
309	276571     	1.29531e+08	1.61989e+09	1.58151e+08
310	276571     	1.28294e+08	1.50601e+09	1.5029e+08 
311	276571     	1.27944e+08	1.27577e+09	1.46376e+08
312	276571     	1.28234e+08	1.17475e+09	1.51119e+08
313	276571     	1.2761e+08 	1.85285e+09	1.63236e+08
314	276571     	1.31015e+08	2.39575e+09	1.82206e+08
315	276571     	1.30332e+08	2.39575e+09	1.83273e+08
316	276571     	1.34588e+08	1.85285e+09	1.84191e+08
317	276571     	1.31425e+08	1.85285e+09	1.75346e+08
318	276571     	1.31089e+08	1.61367e+09	1.64024e+08
319	276571     	1.28595e+08	1.61367e+09	1.61376e+08
320	276571     	1.29252e+08	2.03953e+09	1.72474e+08
321	276571     	1.29221e+08	1.52656e+09	1.65671e+08
322	276571     	1.28202e+08	1.49102e+09	1.68364e+08
323	276571     	1.28845e+08	2.05997e+09	1.79192e+08
324	276571     	1.2205e+08 	1.78612e+09	1.50837e+08
325	276571     	1.31571e+08	1.95101e+09	1.95069e+08
326	276571     	1.30443e+08	1.94452e+09	1.91368e+08
327	276571     	1.3361e+08 	1.94452e+09	2.02218e+08
328	276571     	1.29392e+08	1.78841e+09	1.82539e+08
329	276571     	1.29754e+08	1.72489e+09	1.73677e+08
330	276571     	1.26075e+08	1.7155e+09 	1.58079e+08
331	276571     	1.25443e+08	1.32424e+09	1.51214e+08
332	276571     	1.30326e+08	1.74056e+09	1.63012e+08
333	276571     	1.30922e+08	1.74056e+09	1.7196e+08 
334	276571     	1.31752e+08	2.60793e+09	1.93272e+08
335	276571     	1.28058e+08	2.32066e+09	1.71159e+08
336	276571     	1.29673e+08	1.60119e+09	1.68181e+08
337	276571     	1.3178e+08 	1.80951e+09	1.75709e+08
338	276571     	1.28831e+08	1.60119e+09	1.68446e+08
339	276571     	1.28612e+08	2.15771e+09	1.7346e+08 
340	276571     	1.27245e+08	1.47722e+09	1.59091e+08
341	276571     	1.2962e+08 	2.31418e+09	1.78558e+08
342	276571     	1.28805e+08	2.31418e+09	1.83116e+08
343	276571     	1.28618e+08	2.5972e+09 	1.9147e+08 
344	276571     	1.22767e+08	2.31422e+09	1.60214e+08
345	276571     	1.22221e+08	1.93898e+09	1.57939e+08
346	276571     	1.18161e+08	1.6998e+09 	1.35931e+08
347	276571     	1.17274e+08	1.08263e+09	1.25996e+08
348	276571     	1.23625e+08	1.92727e+09	1.60968e+08
349	276571     	1.20454e+08	1.92727e+09	1.55924e+08
350	276571     	1.18902e+08	1.66371e+09	1.45975e+08
351	276571     	1.22273e+08	2.25132e+09	1.66991e+08
352	276571     	1.22903e+08	2.19948e+09	1.77483e+08
353	276571     	1.21385e+08	2.19948e+09	1.68407e+08
354	276571     	1.23181e+08	1.58686e+09	1.66801e+08
355	276571     	1.18955e+08	1.40871e+09	1.39316e+08
356	276571     	1.20086e+08	1.36253e+09	1.4404e+08 
357	276571     	1.17766e+08	1.83737e+09	1.45925e+08
358	276571     	1.16679e+08	1.56652e+09	1.41238e+08
359	276571     	1.16432e+08	1.39413e+09	1.30641e+08
360	276571     	1.12264e+08	1.04752e+09	1.20523e+08
361	276571     	1.13528e+08	1.10158e+09	1.25401e+08
362	276571     	1.17178e+08	1.52229e+09	1.45681e+08
363	276571     	1.19011e+08	1.91042e+09	1.62087e+08
364	276571     	1.1681e+08 	1.85613e+09	1.54983e+08
365	276571     	1.1945e+08 	1.85613e+09	1.61852e+08
366	276571     	1.13429e+08	1.85613e+09	1.4e+08    
367	276571     	1.13785e+08	1.45712e+09	1.40529e+08
368	276571     	1.11332e+08	1.12089e+09	1.22449e+08
369	276571     	1.12919e+08	1.23442e+09	1.36064e+08
370	276571     	1.09897e+08	1.12089e+09	1.22488e+08
371	276571     	1.1207e+08 	1.01362e+09	1.1895e+08 
372	276571     	1.13286e+08	1.04314e+09	1.26761e+08
373	276571     	1.13859e+08	1.09309e+09	1.31034e+08
374	276571     	1.11809e+08	1.03786e+09	1.24837e+08
375	276571     	1.09548e+08	9.26871e+08	1.14141e+08
376	276571     	1.07526e+08	1.02408e+09	1.09965e+08
377	276571     	1.08419e+08	1.08181e+09	1.15024e+08
378	276571     	1.1387e+08 	1.072e+09  	1.28227e+08
379	276571     	1.20353e+08	2.71562e+09	1.74781e+08
380	276571     	1.20174e+08	2.71562e+09	1.72319e+08
381	276571     	1.22379e+08	3.1367e+09 	1.80595e+08
382	276571     	1.16714e+08	1.37057e+09	1.4382e+08 
383	276571     	1.1765e+08 	1.3046e+09 	1.44781e+08
384	276571     	1.15934e+08	1.26508e+09	1.3554e+08 
385	276571     	1.14043e+08	1.60779e+09	1.39465e+08
386	276571     	1.13112e+08	1.42345e+09	1.23575e+08
387	276571     	1.09946e+08	8.83022e+08	1.08991e+08
388	276571     	1.10967e+08	1.96855e+09	1.27598e+08
389	276571     	1.06902e+08	1.2496e+09 	1.04789e+08
390	276571     	1.11701e+08	1.41619e+09	1.34418e+08
391	276571     	1.18843e+08	1.41619e+09	1.47707e+08
392	276571     	1.16258e+08	1.55668e+09	1.4352e+08 
393	276571     	1.18711e+08	1.55668e+09	1.54436e+08
394	276571     	1.1486e+08 	1.459e+09  	1.44641e+08
395	276571     	1.09592e+08	1.27353e+09	1.219e+08  
396	276571     	1.06255e+08	1.0129e+09 	1.10886e+08
397	276571     	1.10625e+08	1.19521e+09	1.30608e+08
398	276571     	1.10432e+08	1.48434e+09	1.34349e+08
399	276571     	1.0918e+08 	1.23581e+09	1.27328e+08
400	276571     	1.15835e+08	1.38099e+09	1.51709e+08
401	276571     	1.12195e+08	1.45692e+09	1.4724e+08 
402	276571     	1.13562e+08	1.32088e+09	1.43106e+08
403	276571     	1.12648e+08	1.71239e+09	1.42587e+08
404	276571     	1.153e+08  	1.44359e+09	1.54491e+08
405	276571     	1.14556e+08	1.73799e+09	1.49167e+08
406	276571     	1.15534e+08	1.2878e+09 	1.47808e+08
407	276571     	1.13172e+08	2.42631e+09	1.51883e+08
408	276571     	1.09037e+08	1.1518e+09 	1.28644e+08
409	276571     	1.09665e+08	1.30805e+09	1.27646e+08
410	276571     	1.07915e+08	9.08032e+08	1.20639e+08
411	276571     	1.16222e+08	2.35571e+09	1.67448e+08
412	276571     	1.1521e+08 	1.10129e+09	1.50495e+08
413	276571     	1.09275e+08	1.01537e+09	1.28725e+08
414	276571     	1.1014e+08 	1.08776e+09	1.29766e+08
415	276571     	1.08909e+08	1.94473e+09	1.41384e+08
416	276571     	1.05445e+08	1.45762e+09	1.24302e+08
417	276571     	1.0463e+08 	1.20782e+09	1.21163e+08
418	276571     	1.03246e+08	1.2613e+09 	1.17028e+08
419	276571     	1.01245e+08	9.21041e+08	1.03756e+08
420	276571     	1.00478e+08	9.21041e+08	1.00103e+08
421	276571     	1.00013e+08	9.21041e+08	9.98396e+07
422	276571     	9.94019e+07	8.74229e+08	9.57961e+07
423	276571     	1.01158e+08	1.10867e+09	1.03324e+08
424	276571     	1.00524e+08	1.23049e+09	1.04988e+08
425	276571     	9.88681e+07	1.36918e+09	1.04325e+08
426	276571     	9.77442e+07	9.72887e+08	9.3647e+07 
427	276571     	1.10475e+08	4.44675e+09	2.16032e+08
428	276571     	1.04029e+08	1.07406e+09	1.10836e+08
429	276571     	1.01779e+08	1.07406e+09	1.03832e+08
430	258433     	1.01576e+08	1.141e+09  	1.06238e+08
431	258433     	1.04436e+08	1.40097e+09	1.1951e+08 
432	258433     	1.03504e+08	1.43686e+09	1.17893e+08
433	258433     	1.04828e+08	1.43686e+09	1.17529e+08
434	258433     	1.04351e+08	1.02695e+09	1.07835e+08
435	258433     	1.07182e+08	1.00407e+09	1.13302e+08
436	258433     	1.10982e+08	1.00407e+09	1.23305e+08
437	258433     	1.10064e+08	1.06429e+09	1.25644e+08
438	258433     	1.13267e+08	2.69729e+09	1.77188e+08
439	258433     	1.12526e+08	1.48787e+09	1.52417e+08
440	258433     	1.09279e+08	1.30288e+09	1.38556e+08
441	258433     	1.09515e+08	1.6946e+09 	1.45587e+08
442	258433     	1.04959e+08	1.50223e+09	1.32664e+08
443	258433     	1.06284e+08	1.50223e+09	1.36496e+08
444	258433     	1.07558e+08	1.50223e+09	1.41709e+08
445	258433     	1.06841e+08	1.70983e+09	1.42248e+08
446	258433     	1.05581e+08	1.70983e+09	1.33157e+08
447	258433     	1.03559e+08	1.62022e+09	1.24379e+08
448	258433     	1.0658e+08 	1.25432e+09	1.27535e+08
449	258433     	1.07874e+08	1.25116e+09	1.35713e+08
450	258433     	1.08064e+08	1.41256e+09	1.37217e+08
451	258433     	1.0539e+08 	1.27172e+09	1.24285e+08
452	255363     	1.06332e+08	1.27172e+09	1.26363e+08
453	255363     	1.06676e+08	1.24785e+09	1.321e+08  
454	255363     	1.03035e+08	1.2293e+09 	1.20648e+08
455	255363     	9.64135e+07	1.07565e+09	9.69326e+07
456	255363     	9.68654e+07	1.07565e+09	1.0115e+08 
457	255363     	9.59391e+07	1.0109e+09 	1.00102e+08
458	255363     	9.55016e+07	8.79342e+08	1.01136e+08
459	255363     	9.98288e+07	1.12987e+09	1.12772e+08
460	255363     	9.99172e+07	1.12987e+09	1.14904e+08
461	255363     	9.75275e+07	1.23548e+09	1.08096e+08
462	255363     	9.89685e+07	1.30836e+09	1.12404e+08
463	255363     	1.0094e+08 	1.75772e+09	1.27711e+08
464	255363     	9.96587e+07	1.28249e+09	1.2521e+08 
465	255363     	9.79981e+07	1.65777e+09	1.19963e+08
466	255363     	9.84919e+07	1.30077e+09	1.14238e+08
467	255363     	9.92797e+07	1.30077e+09	1.16197e+08
468	255363     	9.81112e+07	1.30769e+09	1.04564e+08
469	255363     	9.50878e+07	9.29674e+08	9.18791e+07
470	255363     	9.47214e+07	9.24049e+08	9.1118e+07 
471	255363     	9.6969e+07 	9.24049e+08	1.02331e+08
472	255363     	1.00718e+08	1.83933e+09	1.34486e+08
473	255363     	9.87734e+07	1.54896e+09	1.1557e+08 
474	255363     	9.90215e+07	1.18471e+09	1.15176e+08
475	255363     	1.00297e+08	1.80138e+09	1.24598e+08
476	255363     	1.03439e+08	1.92424e+09	1.50925e+08
477	255363     	9.71876e+07	2.05403e+09	1.15122e+08
478	255363     	9.64635e+07	8.06651e+08	9.9415e+07 
479	255363     	9.84164e+07	1.07397e+09	1.08544e+08
480	255363     	9.96198e+07	1.69522e+09	1.17665e+08
481	255363     	9.956e+07  	1.18473e+09	1.11931e+08
482	255363     	9.75172e+07	1.0639e+09 	1.02284e+08
483	255363     	1.02191e+08	1.82689e+09	1.30715e+08
484	255363     	1.03661e+08	1.82689e+09	1.40061e+08
485	255363     	1.05626e+08	4.18939e+09	1.95176e+08
486	255363     	1.00982e+08	2.02357e+09	1.41707e+08
487	255363     	1.00883e+08	1.65761e+09	1.28843e+08
488	255363     	9.95568e+07	1.65761e+09	1.24724e+08
489	255363     	9.76296e+07	1.1487e+09 	1.07428e+08
490	255363     	9.8834e+07 	1.12401e+09	1.07034e+08
491	255363     	9.78955e+07	1.12401e+09	1.04511e+08
492	255363     	9.46711e+07	6.53692e+08	8.99926e+07
493	255363     	9.75569e+07	8.63952e+08	9.93626e+07
494	255363     	9.79023e+07	8.29216e+08	1.06721e+08
495	255363     	9.94651e+07	1.10819e+09	1.11758e+08
496	255363     	9.90123e+07	1.90811e+09	1.21005e+08
497	255363     	9.71369e+07	9.7506e+08 	1.01606e+08
498	255363     	9.66381e+07	1.14036e+09	1.0466e+08 
499	255363     	9.67331e+07	1.47417e+09	1.15309e+08
-621.10999999
