/usr/lib/python2.7/site-packages/deap/tools/_hypervolume/pyhv.py:33: ImportWarning: Falling back to the python version of hypervolume module. Expect this to be very slow.
  "module. Expect this to be very slow.", ImportWarning)
gen	min   	avg    	max    	std   
0  	759.76	2139.11	3471.86	492.71
1  	759.76	2136.18	3481.59	486.103
2  	651.547	2132.57	3533.01	475.967
3  	651.547	2133.94	3494.94	478.019
4  	651.547	2132.62	3486.36	472.333
5  	651.547	2124.51	3486.77	484.761
6  	651.547	2123.42	3486.77	495.163
7  	651.547	2120.32	3392.94	493.123
8  	651.547	2119.24	3448.26	491.863
9  	651.547	2118.59	3566.71	489.574
10 	513.432	2115.54	3602.13	493.576
11 	513.432	2114.69	3566.71	514.021
12 	513.432	2115.12	3741.82	519.872
13 	503.925	2112.17	3569.09	508.832
14 	493.422	2105.77	3502.42	511.394
15 	493.422	2105.98	3502.42	500.742
16 	493.422	2101.01	3394.01	503.229
17 	493.422	2102.95	3487.47	496.227
18 	493.422	2104.44	3487.47	502.549
19 	493.422	2097.63	3434.05	512.184
20 	493.422	2099.43	3381.44	507.039
21 	493.422	2096.81	3567.09	503.62 
22 	493.422	2089.39	3419.11	498.609
23 	493.422	2082.93	3429.27	492.381
24 	493.422	2073.41	3387.88	487.263
25 	484.099	2074.47	3481.38	494.771
26 	484.099	2076.21	3481.38	483.486
27 	484.099	2068.99	3481.38	494.347
28 	484.099	2068.91	3471.06	492.343
29 	484.099	2067.96	3436.75	487.005
30 	484.099	2065.74	3559.45	476.639
31 	484.099	2070.17	3414.8 	474.769
32 	484.099	2067.75	3461.9 	487.965
33 	478.336	2069.25	3364.11	488.744
34 	478.336	2068.49	3735.54	503.002
35 	478.336	2063.41	3451.77	510.23 
36 	478.336	2058.27	3372.3 	506.205
37 	478.298	2060.97	3346.14	501.123
38 	478.298	2061.07	3608.14	495.9  
39 	478.298	2056.75	3608.14	496.592
40 	472.365	2054.61	3396.25	494.682
41 	445.772	2052.69	3448.37	499.171
42 	445.772	2052.07	3396.25	495.162
43 	445.772	2047.54	3400.05	501.997
44 	445.772	2044.83	3357.11	496.561
45 	445.772	2041.21	3562.52	495.292
46 	445.772	2036.81	3562.52	498.148
47 	331.579	2028.7 	3549.63	502.588
48 	331.579	2025.3 	3539.52	496.599
49 	331.579	2018.24	3397.86	498.723
50 	331.579	2016.2 	3407.51	484.047
51 	331.579	2015.27	3300.27	488.112
52 	331.579	2017.03	3319.45	484.597
53 	331.579	2017.61	3371.94	498.331
54 	331.579	2021.53	3328.84	489.543
55 	331.579	2023.64	3416.01	481.284
56 	331.579	2020.72	3404.64	481.611
57 	331.579	2014.2 	3297.69	485.651
58 	331.579	2009.68	3536.69	504.414
59 	331.579	2005.29	3353.51	499.838
60 	331.579	2003.17	3353.51	501.186
61 	274.852	2000.86	3353.51	500.557
62 	274.852	1994.17	3343.09	493.899
63 	274.852	1995.2 	3790.19	486.07 
64 	274.852	1996.39	3467.1 	476.149
65 	274.852	1994.53	3404.07	482.167
66 	274.852	1988.92	3404.07	489.653
67 	274.852	1982.8 	3401.41	493.137
68 	256.711	1981.79	3372.89	495.586
69 	256.711	1976.07	3492.48	490.186
70 	256.711	1973.02	3492.48	491.091
71 	256.711	1968.67	3435.48	500.598
72 	230.211	1966.56	3408.96	494.214
73 	230.211	1968.51	3408.96	488.801
74 	230.211	1968.3 	3395.46	499.046
75 	230.211	1965.84	3406.66	498.151
76 	230.211	1962.28	3380.6 	488.901
77 	230.211	1960.35	3275.67	482.831
78 	230.211	1961.81	3320.43	487.013
79 	230.211	1963.72	3359.3 	486.653
80 	230.211	1963.91	3359.3 	491.577
81 	230.211	1959.53	3359.3 	491.387
82 	230.211	1957.05	3417.46	494.146
83 	230.211	1958   	3417.46	498.799
84 	230.211	1957.93	3501.44	515.069
85 	230.211	1951.15	3497.48	500.407
86 	230.211	1944.66	3312.06	496.122
87 	230.211	1939.15	3291.63	500.201
88 	230.211	1939.26	3377.87	502.932
89 	230.211	1940.52	3330.65	495.69 
90 	228.92 	1937.43	3329.97	492.348
91 	228.92 	1935.64	3201.63	487.794
92 	228.92 	1931.79	3180.64	493.336
93 	228.92 	1933.32	3444.59	499.261
94 	228.92 	1934.6 	3181.26	500.298
95 	228.92 	1930.18	3191.47	506.373
96 	228.92 	1929.29	3428.39	503.233
97 	228.92 	1926.25	3357.62	508.959
98 	228.92 	1926.21	3357.62	507.31 
99 	228.92 	1921.88	3316.52	498.239
100	228.92 	1919.17	3288.35	491.35 
101	228.92 	1915.12	3288.35	490.285
102	228.92 	1908.34	3230.1 	490.197
103	228.92 	1908.89	3233.69	497.257
104	228.92 	1909.97	3230.1 	495.199
105	228.92 	1909.23	3230.1 	492.071
106	228.92 	1901.94	3230.1 	491.714
107	227.785	1904.57	3338.01	488.724
108	227.785	1903.23	3357.45	487.645
109	227.785	1897.84	3304.95	495.37 
110	227.785	1896.34	3314.08	480.67 
111	227.785	1896.29	3197.59	484.839
112	227.785	1887.11	3186.35	478.849
113	227.785	1885.24	3140.25	485.686
114	227.785	1881.08	3187.92	486.94 
115	227.785	1876.19	3195.3 	480.837
116	227.785	1872.83	3339.38	480.087
117	227.785	1867.01	3211.29	473.343
118	227.785	1865.54	3146.48	471.216
119	227.785	1870.35	3075.35	471.802
120	227.785	1874.52	3249.1 	463.614
121	227.785	1875.77	3249.1 	464.575
122	227.785	1871.52	3184.55	463.494
123	227.785	1865.76	3189.75	474.238
124	227.785	1859.85	3216.1 	470.08 
125	227.785	1862.52	3214.09	477    
126	227.785	1863.17	3172.03	480.879
127	227.785	1858.59	3086.39	478.633
128	227.785	1850.16	3224.34	493.634
129	227.785	1848.56	3224.34	495.749
130	222.497	1847.98	3267.21	496.444
131	222.497	1843.4 	3178.02	490.107
132	222.497	1837.91	3185.05	490.194
133	222.497	1836.18	3175.61	484.429
134	222.497	1839.55	3122.48	481.967
135	222.497	1837.39	3137.82	475.517
136	222.497	1835.64	3137.82	484.203
137	222.497	1827.93	3084.16	487.13 
138	222.497	1832.58	3037.57	487.031
139	222.497	1830.37	3162.54	491.409
140	221.113	1826.52	3189.66	504.091
141	221.113	1827.14	3269.75	498.747
142	156.554	1824.91	3189.66	496.855
143	156.554	1822.75	3081.76	504.788
144	156.554	1822.2 	3077.94	493.16 
145	156.554	1817.57	3077.94	488.986
146	156.554	1819.59	3311.56	480.681
147	156.554	1819.5 	3066.75	488.061
148	156.554	1817.74	3228.66	505.084
149	156.554	1818.21	3181.68	499.376
150	156.554	1815.31	3174.51	507.684
151	156.554	1810.14	3126.12	511.619
152	156.554	1804.07	3126.12	508.215
153	156.554	1803.31	3173.97	500.372
154	156.554	1805.07	3236.02	502.935
155	156.554	1806.24	3057.68	492.321
156	156.554	1806.57	3063.29	494.805
157	156.554	1795.27	3132.01	504.781
158	156.554	1794.31	3236.75	502.824
159	156.554	1791.38	3190.51	499.648
160	156.554	1792.34	3113.06	489.99 
161	156.554	1786.93	3217.59	481.841
162	156.554	1787.92	3092.48	483.819
163	156.554	1791.56	3034.2 	472.202
164	156.554	1788.03	3026.79	476.594
165	156.554	1784.88	3143.5 	481.017
166	156.554	1785.01	3038.71	479.816
167	156.554	1782.44	3163.17	475.107
168	156.554	1782.22	3103.51	470.987
169	156.554	1775.31	3103.51	483.447
170	156.554	1770.95	3039.67	495.488
171	155.345	1770.52	3149.81	497.643
172	155.345	1773.46	3132.76	492.496
173	155.345	1769.57	3189.55	492.175
174	155.345	1762.27	3075.02	489.2  
175	155.345	1762.52	2970.42	473.779
176	155.345	1759.58	3054.61	472.784
177	155.345	1763.29	3053.25	467.511
178	155.345	1758.91	3043.58	467.535
179	155.345	1757.67	3080.45	472.61 
180	155.345	1755.33	3000.61	462.151
181	155.345	1751.92	3124.19	460.051
182	155.345	1751.39	3074.74	458.345
183	155.345	1748.92	3088.28	460.75 
184	155.345	1746.4 	3194.28	464.84 
185	155.345	1743   	3079.01	467.037
186	155.345	1742.84	3049.25	461.544
187	155.345	1742.27	3435.5 	466.238
188	155.345	1743.38	3101.75	458.91 
189	155.345	1739.68	3159.62	450.76 
190	155.345	1736.74	3084.71	458.421
191	155.345	1738.02	3015.86	453.145
192	155.345	1734.79	2901.81	449.413
193	155.345	1734.69	2951.9 	452.912
194	155.345	1733.38	3138.44	457.744
195	155.345	1731.05	3007.1 	455.578
196	155.345	1731.33	2973.45	449.861
197	155.345	1731.05	2978.34	448.082
198	155.345	1730.9 	3117.57	453.576
199	155.345	1728.94	2963.3 	454.733
200	155.345	1729.56	3004.21	457.771
201	155.345	1728.41	3000.23	459.822
202	155.345	1720.24	2957.13	465.746
203	155.345	1722.39	3000.39	468.16 
204	155.345	1719.73	2975.03	460.833
205	155.345	1712.63	2921.76	463.295
206	155.345	1706.56	2908.7 	456.005
207	155.345	1712.01	2943.12	450.27 
208	155.345	1705.67	2975.14	449.644
209	155.345	1703.3 	3034.32	464.626
210	155.345	1695.83	3063.17	464.936
211	155.345	1692.53	3010.08	458.862
212	155.345	1687.03	3010.08	459.278
213	155.345	1684.94	2873.96	456.648
214	155.345	1682.26	2873.96	458.276
215	155.345	1688.26	3028.44	459.607
216	155.345	1686.89	3028.44	464.46 
217	155.345	1684.37	2959.04	463.543
218	155.345	1679.07	3039.77	470.62 
219	155.345	1679.48	3042.93	467.094
220	155.345	1673.53	2928.78	454.581
221	155.345	1675.07	2949.38	446.357
222	142.462	1673.56	2970.82	444.43 
223	142.462	1664.94	2821.67	443.33 
224	142.462	1658.84	2782.65	440.676
225	142.462	1657.04	2813.16	441.133
226	142.462	1660.41	2891.72	441.044
227	142.462	1660.3 	2893.53	438.358
228	142.462	1652.93	3101.68	448.303
229	142.462	1654.75	2842.18	444.562
230	142.462	1652.93	2952.19	438.282
231	142.462	1655.69	2930.06	440.482
232	142.194	1655.67	2994.23	441.488
233	142.194	1655.7 	2994.23	443.596
234	142.194	1655.93	2989.93	435.347
235	142.194	1646.23	3026.92	436.869
236	142.194	1645.85	3026.92	433.378
237	142.194	1643.36	3094.8 	444.848
238	142.194	1649.72	2925.26	448.517
239	142.194	1646.63	3164.29	442.047
240	142.194	1641.8 	3162.97	441.555
241	142.194	1640.27	2974.48	443.291
242	142.194	1636.95	2881.86	432.577
243	142.194	1635.67	2838.2 	431.087
244	142.194	1631.38	2872.31	435.12 
245	115.939	1633.65	2802.09	429.939
246	115.939	1626.81	3212.43	442.5  
247	115.939	1625.26	2958.33	445.13 
248	115.939	1620.03	2975.07	446.208
249	115.939	1612.08	3050.93	456.725
250	115.939	1612.46	2962.43	450.876
251	115.939	1609.5 	2867.89	446.415
252	115.939	1609.76	2847.11	443.291
253	115.939	1606.32	2796.47	435.918
254	115.939	1602.07	2864.03	435.597
255	115.939	1606.32	2796.74	434.023
256	115.939	1605.24	2841.94	429.85 
257	115.939	1603.15	2822.03	427.506
258	115.939	1605.21	3008.71	428.451
259	115.939	1597.75	2940.17	421.519
260	115.939	1594.26	3176.24	433.784
261	115.939	1602.01	3176.24	426.674
262	115.939	1602.32	3059.91	428.691
263	115.939	1602.04	2738.83	426.33 
264	115.939	1596.52	2739.14	436.293
265	115.939	1597.06	2775.37	440.568
266	115.939	1599.97	2774.7 	434.796
267	115.939	1594.88	2779.25	434.124
268	115.939	1593.42	2885.4 	439.091
269	115.939	1591.65	2885.4 	449.255
270	115.939	1591.33	2836.55	448.108
271	115.939	1593.64	2836.55	444.06 
272	115.939	1589.59	2781.54	449.506
273	115.939	1591.94	2847.18	442.961
274	115.939	1589.91	2779.82	438.669
275	115.939	1582.89	2914.24	433.286
276	115.939	1583.3 	2794.4 	437.272
277	115.939	1582.33	2723.05	432.873
278	115.939	1580.81	2809.08	435.292
279	115.939	1579.84	2867.97	428.826
280	115.939	1575.6 	2867.97	436.957
281	115.939	1572.88	3084.51	442.826
282	115.939	1567.88	2787.98	442.834
283	115.939	1571.76	2787.98	442.384
284	115.939	1567.55	2782.64	441.884
285	115.939	1560.52	2954.08	436.479
286	115.939	1562.22	2860.36	432.741
287	115.939	1567.23	2801.22	427.14 
288	115.939	1559.42	2822.54	426.758
289	115.939	1559.27	2843.71	438.94 
290	115.939	1558.59	2766.01	441.182
291	115.939	1559.49	2773.23	439.194
292	115.939	1563.23	2766.41	430.92 
293	115.939	1554.08	2745.78	433.196
294	115.939	1548.17	2958.58	442.977
295	115.939	1549.05	2782.6 	446.834
296	95.0697	1551.2 	2886.78	445.624
297	95.0697	1557.39	2778.98	439.844
298	95.0697	1555.97	2864.48	432.615
299	95.0697	1551.55	2995.12	433.581
300	95.0697	1548.63	2942.63	439.105
301	95.0697	1548.02	2942.24	436.158
302	95.0697	1547.59	2815.82	435.877
303	95.0697	1546.43	2919.85	440.145
304	95.0697	1546.64	2815.82	430.363
305	95.0697	1545.98	2727.16	433.946
306	95.0697	1538.15	2661.56	436.328
307	95.0697	1531.6 	2784.12	438.414
308	95.0697	1529.99	2738.08	438.357
309	95.0697	1530.09	2903.73	437.646
310	95.0697	1528.42	2744.17	432.898
311	95.0697	1527.64	2736.1 	435.463
312	95.0697	1527.73	2723.78	426.777
313	95.0697	1528.77	2744.25	430.118
314	95.0697	1523.86	2688.95	431.746
315	95.0697	1516.51	2752.3 	446.46 
316	95.0697	1521.14	2910.85	440.111
317	95.0697	1516.95	2903.47	438.724
318	95.0697	1511.38	2848.27	446.853
319	95.0697	1508.43	2919.97	441.571
320	95.0697	1514.13	2995.89	436.394
321	95.0697	1512.19	2773.69	435.348
322	95.0697	1511.57	2630.7 	432.509
323	95.0697	1507.96	2608.5 	426.122
324	95.0697	1509.29	2658.91	429.909
325	95.0697	1509.66	2681.35	423.479
326	95.0697	1507.21	2708.9 	426.404
327	95.0697	1498.98	2760.81	430.122
328	95.0697	1506.34	2743.71	427.859
329	95.0697	1508.58	2673.87	423.433
330	95.0697	1503.86	2767.45	428.912
331	95.0697	1503.85	2742.12	434.729
332	95.0697	1506.96	2734.11	424.999
333	95.0697	1506.73	2695.15	421.499
334	93.8832	1506.95	2664.59	419.644
335	93.8832	1505.77	2646.18	425.593
336	93.8832	1501.33	2646.18	428.733
337	93.8832	1501.82	2588.13	426.358
338	93.8832	1494.79	2647.89	426.722
339	93.8832	1496.36	2609.8 	428.901
340	93.8832	1494.45	2590.92	423.722
341	93.8832	1489.01	2652.94	424.949
342	93.8832	1490.6 	2517.62	409.951
343	93.8832	1488.23	2836.79	416.854
344	93.8832	1487.62	2909.73	408.015
345	93.8832	1488.11	2672.37	415.675
346	93.8832	1487.34	2703.46	410.792
347	93.8832	1485.05	2633.46	408.615
348	93.8832	1479.85	2694.63	417.671
349	93.8832	1480.9 	2649.03	418.012
350	93.8832	1478.14	2735.18	414.522
351	93.8832	1474.32	2665.51	415.827
352	93.8832	1473.54	2574.15	423.04 
353	93.8832	1473.39	2652.95	416.867
354	93.8832	1477.05	2652.95	412.852
355	93.8832	1473.58	2652.95	408.838
356	93.8832	1475.13	2573.02	410.982
357	93.8832	1469.69	2767.99	420.832
358	93.8832	1470.28	2794.72	418.263
359	93.8832	1469.21	2744.92	423.233
360	93.8832	1471.57	2744.92	433.324
361	93.8832	1467.05	2744.92	423.342
362	93.8832	1465.3 	2609.08	418.564
363	93.8832	1459.1 	2577.59	417.787
364	93.8832	1456.58	2591.02	408.352
365	93.8832	1456.33	2723.9 	403.221
366	93.8832	1461.41	2663.58	408.431
367	93.8832	1458.88	2914.63	408.955
368	93.8832	1462.01	2742.59	403.83 
369	93.8832	1462.92	2616.08	412.477
370	93.8832	1467.02	2568.95	409.418
371	93.8832	1461.31	2568.95	414.861
372	93.8832	1455.26	2564.88	418.839
373	93.8832	1461.87	2575.65	413.19 
374	93.8832	1458.56	2729.63	413.397
375	93.8832	1454.7 	2759.25	420.943
376	93.8832	1452.27	2687.25	419.304
377	93.8832	1447.45	2604.73	417.031
378	93.8832	1449.33	2596.22	422.128
379	93.8832	1447.87	2590.92	417.566
380	93.8832	1443.69	2590.92	417.671
381	93.8832	1446.03	2529.48	417.915
382	93.8832	1443.26	2545.01	416.027
383	93.8832	1441.69	2565.92	418.655
384	93.8832	1442.24	2567.19	421.617
385	93.8832	1445.38	2598.11	411.453
386	93.8832	1444.01	2549.71	407.213
387	93.8832	1442.81	2593.03	399.301
388	93.8832	1440.64	2568.11	396.917
389	93.8832	1443.2 	2530.87	404.296
390	93.8832	1441.71	2825.98	413.572
391	93.8832	1441.98	2621.75	409.912
392	93.8832	1438.86	2557.85	398.944
393	93.8832	1438.12	2635.52	411.518
394	93.8832	1440.95	2657.9 	414.006
395	93.8832	1443.1 	2696.87	416.868
396	93.8832	1438.97	2755.03	422.72 
397	93.8832	1437.82	2657.9 	426.932
398	93.8832	1433.83	2643.8 	416.303
399	93.8832	1427.47	2585.61	414.589
400	93.8832	1428.07	2536.43	411.624
401	93.8832	1429.36	2639.47	412.004
402	93.8832	1431.3 	2607.08	409.871
403	93.8832	1431.48	2687.23	412.449
404	93.8832	1430.46	2638   	399.585
405	93.8832	1430.4 	2792.05	400.85 
406	93.8832	1427.83	2619.76	409.008
407	93.8832	1429.27	2502.06	407.239
408	93.8832	1429.56	2492.99	404.743
409	93.8832	1430.14	2585.59	403.434
410	93.8832	1421.36	2553.76	396.63 
411	93.8832	1418.57	2710.53	395.587
412	93.8832	1413.58	2563.37	401.831
413	93.8832	1409.98	2546.77	406.196
414	93.8832	1412.54	2546.77	404.955
415	93.8832	1413.26	2469.43	397.838
416	93.8832	1411.57	2363.94	395.359
417	93.8832	1408   	2440.41	392.091
418	93.8832	1404.05	2558.82	394.365
419	93.8832	1405.74	2520.68	380.106
420	93.8832	1404.83	2522.66	380.484
421	93.8832	1403.78	2564.57	379.029
422	93.8832	1400.61	2496.72	383.064
423	93.8832	1398.05	2525.24	394.08 
424	93.8832	1395.75	2525.24	396.011
425	93.8832	1398.09	2527.67	402.934
426	93.8832	1403.69	2624.71	402.817
427	93.8832	1395.5 	2527.06	400.808
428	93.8832	1390.23	2497.37	405.216
429	93.8832	1387.91	2436.41	410.659
430	93.8832	1392.56	2477.63	409.458
431	93.8832	1394.26	2637.71	407.35 
432	93.8832	1387.54	2554.72	412.22 
433	93.8832	1390.74	2548.77	413.156
434	93.8832	1393.44	2535.34	409.581
435	93.8832	1395.25	2557.77	397.643
436	93.8832	1390.47	2652.66	409.323
437	93.8832	1392.12	2644.79	413.055
438	93.8832	1385.32	2607.11	405.935
439	93.8832	1389.17	2741.87	402.623
440	93.8832	1389.89	2580.46	398.263
441	93.8832	1389.5 	2434.96	380.697
442	93.8832	1383.32	2391.04	382.34 
443	93.8832	1386.41	2463.25	385.747
444	93.8832	1387.4 	2383.23	389.674
445	93.8832	1394.98	2486.21	397.286
446	93.8832	1393.96	2402.23	395.759
447	93.8832	1390.5 	2405.54	394.323
448	93.8832	1389.37	2393.92	397.309
449	93.8832	1387.18	2476.33	394.284
450	93.8832	1387.79	2516.54	389.243
451	93.8832	1390.32	2491.8 	389.528
452	93.8832	1386.84	2481.17	394.238
453	93.8832	1385.96	2682.5 	398.556
454	93.8832	1385.1 	2682.5 	397.372
455	93.8832	1381.59	2491.85	392.882
456	93.8832	1381.32	2451.59	387.551
457	93.8832	1380.66	2451.59	388.501
458	93.8832	1384.14	2399.12	390.741
459	93.8832	1381.14	2399.12	391.865
460	93.8832	1372.86	2396.21	395.563
461	93.8832	1376.58	2415.78	389.421
462	93.8832	1378.61	2453.91	390.865
463	93.8832	1377.2 	2453.91	396.945
464	93.8832	1378.95	2751.71	414.881
465	93.8832	1375.85	2751.71	409.726
466	93.8832	1373.16	2641.55	406.105
467	93.8832	1373.33	2572.93	401.117
468	93.8832	1375.01	2434.22	402.116
469	93.8832	1370.82	2628.31	402.37 
470	93.8832	1369.34	2624.07	408.004
471	93.8832	1370.03	2572   	401.239
472	93.8832	1368.34	2419.09	395.003
473	93.8832	1368.81	2494.75	400.039
474	93.8832	1368.07	2494.75	396.46 
475	93.8832	1361.73	2433.05	391.087
476	93.8832	1362.12	2444.4 	383.658
477	93.8832	1362.08	2441.22	376.439
478	93.8832	1365.88	2425.27	376.541
479	93.8832	1366.16	2451.86	377.173
480	93.8832	1366.08	2647.02	375.319
481	93.8832	1367.69	2534.12	389.938
482	93.8832	1369.91	2491.79	399.068
483	93.8832	1370.97	2424.98	401.514
484	93.8832	1366.71	2442.97	402.222
485	93.8832	1368.73	2442.97	399.791
486	93.8832	1365.08	2454.88	396.51 
487	93.8832	1364.88	2614.91	399.619
488	93.8832	1364.36	2492.31	394.731
489	93.8832	1359.98	2641.46	402.864
490	93.8832	1358.23	2453.12	398.545
491	93.8832	1362.68	2450.37	392.44 
492	93.8832	1364.65	2391.34	392.596
493	93.8832	1363.37	2503.69	390.434
494	93.8832	1361.06	2501.12	388.633
495	93.8832	1363.48	2454.81	389.837
496	93.8832	1362.65	2409.97	383.181
497	93.8832	1360.84	2438.73	388.11 
498	93.8832	1353.09	2424.62	392.081
499	93.8832	1351.51	2515.59	392.485
29.97000001
