/usr/lib/python2.7/site-packages/deap/tools/_hypervolume/pyhv.py:33: ImportWarning: Falling back to the python version of hypervolume module. Expect this to be very slow.
  "module. Expect this to be very slow.", ImportWarning)
gen	min    	avg    	max    	std   
0  	825.451	2163.28	3513.46	478.88
1  	825.451	2158.17	3455.07	486.092
2  	719.676	2155.13	3548.89	489.803
3  	719.676	2151.55	3551.69	489.759
4  	719.676	2153.71	3551.69	491.335
5  	536.003	2148.7 	3551.69	497.494
6  	536.003	2145.75	3534.99	494.529
7  	536.003	2141.16	3438.98	494.757
8  	536.003	2137.26	3467.45	507.76 
9  	488.814	2132.19	3454.3 	504.709
10 	488.814	2128.86	3454.3 	511.311
11 	420.941	2126.99	3525.9 	512.541
12 	420.941	2127.58	3533.98	499.997
13 	420.941	2120.29	3537.99	507.444
14 	420.941	2121.68	3410.92	497.263
15 	420.941	2121.18	3484.11	494.292
16 	420.941	2119.53	3393.1 	498.217
17 	420.941	2113.31	3465.72	501.69 
18 	420.941	2112.81	3480.54	501.87 
19 	420.941	2109.67	3724.61	504.471
20 	420.941	2106.94	3644.61	504.668
21 	420.941	2103.71	3780.79	520.872
22 	420.941	2097.82	3780.79	515.391
23 	420.941	2097.11	3713.97	515.622
24 	420.941	2097.23	3551.69	511.238
25 	395.903	2096.83	3553.2 	503.912
26 	395.903	2095.17	3497.47	504.862
27 	395.903	2090.61	3558.36	511.395
28 	395.903	2084.73	3702.61	518.497
29 	395.903	2086.92	3580.37	514.394
30 	395.903	2085.03	3445.51	516.958
31 	395.903	2084.56	3442.34	510.203
32 	395.903	2084.98	3442.34	501.724
33 	395.903	2086.32	3404.25	500.708
34 	395.903	2082.12	3313.38	503.553
35 	395.903	2082.19	3313.38	500.899
36 	395.903	2079.53	3436.74	488.32 
37 	395.903	2072.48	3439.45	492.202
38 	395.903	2068.48	3243.38	486.579
39 	370.049	2067.05	3383.52	496.335
40 	370.049	2062.91	3369.19	500.847
41 	370.049	2063.49	3373.89	493.773
42 	370.049	2058.43	3359.27	494.455
43 	370.049	2056.08	3315.36	492.625
44 	370.049	2059.05	3394.87	491.869
45 	370.049	2053.37	3341.61	497.164
46 	370.049	2048.11	3425.16	505.878
47 	370.049	2047.29	3467.19	515.242
48 	370.049	2046.42	3609.3 	518.593
49 	370.049	2043.48	3611.03	514.433
50 	370.049	2042.33	3588.13	509.097
51 	370.049	2035.51	3588.13	518.192
52 	370.049	2033.63	3488.25	512.947
53 	370.049	2037.4 	3359.19	496.399
54 	370.049	2039.39	3318.36	492.453
55 	370.049	2038.21	3326.74	484.565
56 	370.049	2035.88	3576.73	482.991
57 	370.049	2029.74	3576.73	493.788
58 	370.049	2025   	3365.94	493.825
59 	353.993	2026.95	3314.34	488.852
60 	341.034	2024.19	3386.55	486.449
61 	341.034	2017.52	3558.08	493.844
62 	341.034	2019.31	3592.37	487.702
63 	341.034	2016.64	3574.82	471.848
64 	341.034	2011.9 	3615.89	464.079
65 	341.034	2007.44	3452.84	468.449
66 	319.538	2001.38	3515.46	474.263
67 	319.538	1999.89	3432.46	483.666
68 	318.058	1996.8 	3356.86	482.754
69 	318.058	1995.15	3356.86	491.594
70 	318.058	1994.43	3506.71	493.009
71 	318.058	1996.67	3487.81	492.888
72 	318.058	1989.98	3433.04	501.843
73 	318.058	1991.86	3532.48	508.553
74 	318.058	1986.29	3532.48	508.325
75 	318.058	1979.12	3340.89	511.145
76 	318.058	1979.05	3410.36	501.521
77 	318.058	1982.37	3290.88	493.083
78 	318.058	1974.58	3177.72	492.644
79 	318.058	1969.84	3167.06	496.13 
80 	318.058	1970.63	3163.38	490.961
81 	318.058	1965.9 	3296.77	488.54 
82 	318.058	1962.51	3338.85	481.384
83 	318.058	1962.5 	3378.49	480.707
84 	318.058	1957.04	3352.54	485.87 
85 	318.058	1957.85	3614.42	487.72 
86 	237.628	1954.79	3349.89	488.272
87 	237.628	1950.41	3267.4 	494.606
88 	237.628	1953.69	3410.28	497.888
89 	237.628	1950.2 	3444.62	506.046
90 	237.628	1953.73	3426.17	511.433
91 	237.628	1945.75	3426.17	510.352
92 	237.628	1949.59	3396.56	503.629
93 	237.628	1950.29	3468.44	499.788
94 	237.628	1946.92	3444.97	499.961
95 	237.628	1946.09	3433.81	489.188
96 	237.628	1941.27	3424.2 	504.127
97 	237.628	1937.91	3270.24	491.262
98 	237.628	1937.51	3265.24	489.727
99 	237.628	1940.55	3265.24	486.264
100	237.628	1934.29	3167.53	483.926
101	237.628	1928.46	3528.51	495.21 
102	237.628	1931.49	3528.51	488.895
103	237.628	1928.19	3556.18	505.915
104	237.628	1922.65	3522.24	508.722
105	237.628	1918.34	3249.04	484.555
106	237.628	1916.76	3238.41	488.139
107	237.628	1908.96	3163.81	482.984
108	237.628	1906.1 	3190.25	495.066
109	237.628	1898.71	3256.27	490.067
110	237.628	1903.93	3303.97	500.412
111	237.628	1901.19	3347.68	496.527
112	231.779	1899.6 	3347.68	486.902
113	231.779	1901.98	3154.58	495.73 
114	231.779	1903.85	3257.77	500.837
115	231.779	1896.6 	3257.77	496.451
116	231.779	1895.69	3280.55	512.408
117	231.779	1894.19	3306.91	504.035
118	231.779	1900.38	3282.75	502.153
119	231.779	1896.25	3289.58	507.112
120	231.779	1895.17	3280.08	513.591
121	231.779	1895.72	3298.13	491.126
122	231.779	1893.32	3288.28	489.259
123	231.779	1889.54	3283.39	492.378
124	231.779	1887.61	3245.49	486.214
125	231.779	1885.22	3245.49	490.718
126	231.779	1883.68	3245.49	482.622
127	231.779	1876.38	3153.01	484.937
128	229.601	1873.45	3448.49	480.009
129	229.601	1880.33	3381.88	473.111
130	229.601	1876.07	3144.76	467.026
131	229.601	1874.98	3116.16	456.844
132	229.601	1876.41	3116.16	455.022
133	229.601	1873.15	3259.88	462.188
134	229.601	1869.82	3323.23	470.324
135	229.601	1870.03	3218.7 	471.08 
136	229.601	1866.1 	3218.7 	468.267
137	229.601	1861.41	3218.7 	482.577
138	229.601	1855.47	3132.02	483.283
139	229.601	1853.45	3234.03	484.69 
140	229.601	1852.12	3130.1 	478.965
141	229.601	1851.44	3162.57	484.341
142	229.601	1853.31	3376.47	484.734
143	229.601	1851.87	3376.47	481.928
144	229.601	1857.33	3111.21	479.075
145	229.601	1853.42	3250.23	479.084
146	229.601	1851.07	3140.33	478.319
147	229.601	1846.08	3174.66	486.213
148	229.601	1848.01	3227.27	484.037
149	229.601	1844.58	3262.48	475.462
150	229.601	1841.11	3120.49	468.847
151	229.601	1834.74	3183.35	468.232
152	229.601	1833.73	3183.35	475.013
153	229.601	1830.66	3292.76	488.402
154	229.601	1830.54	3281.33	490.426
155	229.601	1824.45	3132.03	466.919
156	229.601	1820.13	3077.07	474.002
157	229.601	1821.35	3136.9 	463.637
158	229.601	1824.92	3094.27	459.667
159	229.601	1825.35	3090.99	471.748
160	229.601	1823   	3082.82	463.496
161	229.601	1825.82	3216.21	463.757
162	229.601	1826.71	3242.21	477.431
163	229.601	1819.52	3157.73	482.962
164	229.601	1819.5 	3157.73	478.449
165	229.601	1811.06	3160.39	480.763
166	229.601	1809.21	3160.39	482.661
167	229.601	1811.35	3160.66	478.022
168	229.601	1809.31	3035.8 	477.553
169	229.601	1804.71	3003.82	473.798
170	229.601	1795.48	3238.04	481.454
171	229.601	1798.23	3206.36	476.949
172	229.601	1802.64	3357.34	469.655
173	229.601	1803.72	3006.22	460.982
174	229.601	1799.15	3079.3 	467.718
175	229.601	1792.6 	3122.81	481.606
176	229.601	1796.72	3024.56	473.48 
177	229.601	1794.62	3002.34	473.588
178	229.601	1791.97	3110.4 	471.948
179	229.601	1794.24	3106.21	479.8  
180	229.601	1790.27	3106.21	478.345
181	229.601	1789.92	3052.28	474.986
182	229.601	1787.6 	3048.77	472.416
183	229.601	1789.21	3100.26	477.102
184	229.601	1792.4 	3100.26	472.217
185	229.601	1787.58	3059.41	476.721
186	229.601	1785.72	3286.01	481.597
187	229.601	1783.19	3162.88	486.498
188	229.601	1779.86	3258.48	485.627
189	229.601	1777.8 	3253.81	490.575
190	229.601	1777.15	3245.01	492.418
191	229.601	1776.8 	3282.59	493.351
192	229.601	1773.96	3250.25	484.88 
193	229.601	1770.66	3198.62	469.969
194	229.601	1767.18	3144.1 	468.608
195	229.601	1773.72	3245.05	463.332
196	229.601	1769.46	3105.99	462.889
197	229.601	1764.51	3097.38	462.564
198	229.601	1762.99	3121.5 	474.606
199	229.601	1760.96	3165.2 	470.245
200	229.601	1758.86	3080.55	473.964
201	229.601	1761.96	3115.41	474.635
202	229.601	1760.64	3225.59	476.871
203	229.601	1759.03	3129.66	481.674
204	217.021	1754.14	3129.66	476.648
205	217.021	1754.21	3036.12	466.196
206	217.021	1754.88	2981.35	471.529
207	217.021	1749.3 	3073.36	470.96 
208	217.021	1748.3 	3073.36	472.174
209	217.021	1748.81	2984.99	465.853
210	217.021	1749.13	3066.91	465.07 
211	217.021	1745.05	3098.84	465.146
212	217.021	1739.86	3006.02	454.701
213	217.021	1738.61	2906.57	459.472
214	217.021	1733.63	3045.1 	459.825
215	217.021	1729.32	3045.1 	462.167
216	217.021	1738.1 	3089.75	453.294
217	217.021	1738.48	3097.94	452.182
218	217.021	1737.24	2953.75	458.185
219	217.021	1737.04	2904.72	455.711
220	217.021	1738.14	2845.14	451.163
221	213.573	1738.33	2832.26	449.094
222	213.573	1731.96	2957.13	455.268
223	213.573	1732.95	2957.13	455.208
224	213.573	1728.18	3171.07	463.727
225	213.573	1728.38	3124.26	467.047
226	213.573	1725.65	3136.64	468.409
227	213.573	1723.92	3015   	459.986
228	213.573	1722.17	3015   	471.586
229	213.573	1727.9 	2969.97	465.077
230	213.573	1730.56	2969.97	460.819
231	213.573	1733.38	2994.28	460.647
232	213.573	1728.94	3036.45	463.017
233	213.573	1725.29	3017.96	459.868
234	213.573	1718.09	3017.96	457.417
235	213.573	1715.28	3027.19	459.329
236	213.573	1711.53	3208.97	463.624
237	213.573	1708.35	3133.07	462.686
238	213.573	1706.78	2997.02	456.417
239	213.573	1705.01	2954.19	448.001
240	213.573	1704.05	2954.19	449.964
241	213.573	1698.53	2972.32	457.835
242	213.573	1699.23	3026.28	462.995
243	213.573	1697.47	3003.97	464.58 
244	213.573	1694.69	2971.42	462.977
245	213.573	1695.95	3269.09	468.356
246	213.573	1684.55	2971.42	463.289
247	213.573	1678.52	3263.76	466.226
248	213.573	1680.01	3070.18	462.516
249	213.573	1676.2 	2864.38	460.518
250	213.573	1675.64	2899.65	463    
251	213.573	1677.51	2804.5 	454.021
252	213.047	1677.36	2824.98	450.875
253	213.047	1673.96	2772.53	454.619
254	213.047	1670.57	3043.6 	461.266
255	213.047	1676.04	3128.82	457.542
256	213.047	1673.34	2860.22	455.909
257	213.047	1674.49	2957.83	449.639
258	213.047	1680.03	2957.83	447.474
259	213.047	1672.61	2971.48	449.735
260	213.047	1665.88	2867.81	449.415
261	213.047	1666.39	2918.81	455.253
262	213.047	1667.84	2980.8 	461.507
263	212.346	1670.28	2901.89	463.842
264	212.346	1665.85	2901.89	461.623
265	212.346	1658.44	2796.87	459.773
266	212.346	1659.47	2948   	460.814
267	212.346	1655.99	2865.09	461.934
268	212.346	1655.75	2874.95	467.584
269	212.346	1660.45	2927.89	466.307
270	212.346	1656.86	2927.89	476.764
271	212.346	1657.24	2955.77	466.751
272	212.346	1653.62	2974.32	472.161
273	176.244	1654.31	3003.22	469.074
274	176.244	1651.85	3035.6 	455.12 
275	176.244	1644.93	3038.99	454.815
276	176.244	1641   	3035.6 	459.207
277	176.244	1636.73	2969.28	453.877
278	176.244	1637.61	3005.27	447.231
279	176.244	1630.61	3000.05	449.589
280	176.244	1634.79	2953.44	446.084
281	176.244	1635.87	2953.44	444.897
282	155.738	1635.8 	2915.4 	443.824
283	155.738	1633.99	2873.24	448.976
284	155.738	1628.15	2868.18	448.084
285	155.738	1626.92	2868.18	441.933
286	155.738	1625.55	2868.18	444.282
287	155.738	1624.21	2912.82	451.147
288	155.738	1620.76	2912.82	448.468
289	155.738	1615.56	2858.04	450.799
290	155.738	1608.9 	2723.91	442.915
291	155.738	1610.48	2852.52	443.682
292	155.738	1608.74	2852.52	444.161
293	155.738	1611.9 	3041.04	447.943
294	155.738	1612.59	3028.92	451.136
295	155.738	1615.04	3040   	451.701
296	155.738	1615.81	2984.75	464.446
297	155.738	1612.75	2933.37	462.267
298	155.738	1613.8 	2979.31	449.398
299	155.738	1607.67	2902.47	450.545
300	155.093	1603.53	2930.37	452.412
301	155.093	1604.64	2930.37	455.542
302	155.093	1601.23	2941.51	460.367
303	155.093	1602.03	2908.04	462.449
304	155.093	1604.5 	2881.85	455.373
305	155.093	1601.9 	2881.85	456.434
306	155.093	1598.64	2881.85	455.928
307	155.093	1596.49	2869.71	443.883
308	155.093	1599.07	2869.71	449.082
309	155.093	1594.11	2893.13	441.675
310	155.093	1590.9 	2841.86	425.442
311	155.093	1590.91	2773.3 	427.276
312	155.093	1589.03	2964.3 	426.224
313	155.093	1584.25	2784.7 	427.858
314	155.093	1582.9 	2854.93	428.029
315	145.7  	1584.23	3007.3 	435.112
316	145.7  	1582.59	2747.04	435.643
317	145.7  	1582.74	2734.99	437.024
318	145.7  	1582.54	2701.64	446.084
319	145.511	1578.24	2779.59	446.387
320	145.511	1575.16	2779.1 	453.299
321	145.511	1574.76	2779.1 	451.232
322	145.511	1575.15	2805.15	449.528
323	145.511	1578.03	2943.49	453.516
324	145.511	1578.25	2772.98	459.671
325	145.511	1574.64	2772.98	453.814
326	145.511	1569.49	2840.12	449.062
327	145.511	1568.4 	2991.05	452.273
328	145.511	1565.97	2802.05	450.473
329	145.511	1566.39	2802.05	449.606
330	145.511	1566.95	2791.6 	450.598
331	145.511	1570.74	2785.59	441.942
332	145.511	1565.88	2848.55	430.739
333	145.511	1564.8 	2785.59	437.54 
334	145.511	1563.94	2770.22	437.623
335	145.511	1560.91	2787.38	440.688
336	145.511	1559.11	2787.38	437.808
337	145.511	1559.61	2778.28	430.433
338	145.511	1553.58	2667.26	434.311
339	145.511	1554.24	2955.38	437.316
340	145.511	1552.61	2872.39	426.786
341	145.511	1555.53	2797.93	430.117
342	145.511	1558.48	2796.7 	441.229
343	145.511	1554.56	2733.24	444.163
344	145.511	1552.9 	2721.84	446.154
345	145.511	1552.21	2751.3 	438.958
346	145.511	1552.27	2728.03	446.188
347	145.511	1545.91	2720.11	457.163
348	145.511	1544.08	2770.21	456.985
349	145.511	1544.16	2770.21	449.218
350	145.511	1547.53	2821.25	450.131
351	145.511	1543.13	2770.21	450.118
352	145.511	1537.83	3007.22	452.893
353	145.511	1539.25	2925.61	450.384
354	145.511	1538.98	2991.93	449.783
355	145.511	1531.68	3126.97	448.318
356	145.511	1536.05	3036.83	450.849
357	145.511	1539.87	2960.31	448.774
358	145.511	1541.14	2981.64	443.846
359	145.511	1534.79	2886.42	439.253
360	145.511	1532.17	2724.62	433.163
361	145.511	1530.32	2704.77	431.419
362	145.511	1525.02	2702.86	432.446
363	145.511	1526.34	2776.13	423.016
364	145.511	1523.62	2885.92	423.487
365	145.511	1522.15	3001.26	417.921
366	145.511	1527.79	2991.5 	410.502
367	145.511	1518.25	2932.49	407.519
368	145.511	1517.05	2617.01	405.613
369	145.511	1517.75	2617.01	403.877
370	145.511	1521.13	2883.54	411.658
371	145.511	1517.22	2821.25	416.88 
372	145.511	1522.88	2834.67	404.541
373	145.511	1519.18	2853.44	425.562
374	145.511	1515.11	2853.44	421.248
375	145.511	1513.39	2709.19	418.428
376	145.511	1508.54	2727.09	427.724
377	145.511	1510.19	2716.22	426.835
378	145.511	1509.12	2709.51	427.264
379	145.511	1505.26	2666.75	431.999
380	145.511	1505.85	2577.29	431.666
381	145.511	1503.35	2609.99	426.495
382	145.511	1502.53	2646.68	432.774
383	140.845	1499.12	2663.75	434.991
384	140.845	1498.23	2692.32	436.911
385	140.845	1496.43	2658.32	436.956
386	140.845	1496.67	2703.52	435.244
387	140.845	1503.97	2715.64	438.016
388	119.671	1502.66	2656.31	436.465
389	119.671	1504.09	2627.43	430.884
390	119.671	1496.99	2600.76	439.342
391	119.671	1495.92	2760.59	443.932
392	119.671	1495.6 	2645.3 	437.209
393	119.671	1492.67	2779.37	435.832
394	119.671	1494.57	2805.69	441.581
395	119.671	1495.24	2794.63	438.91 
396	119.671	1489.91	2785.27	431.153
397	119.671	1490.12	2808.08	427.407
398	119.671	1490.44	2773.23	429.784
399	119.671	1483.26	2677.78	419.155
400	119.671	1485.9 	2753.76	430.079
401	119.671	1485.68	3084.7 	428.516
402	119.671	1479.36	2887.15	423.371
403	119.671	1476.52	2792   	420.384
404	119.671	1474.79	2779.36	412.508
405	119.671	1475.18	2697.25	416.761
406	119.671	1474.72	2594.79	416.678
407	119.671	1473.86	2643.75	416.595
408	119.671	1474.94	2561.93	418.579
409	119.671	1480.87	2587.38	426.319
410	119.671	1484.35	2582.72	418.17 
411	119.671	1482.52	2633.05	425.441
412	119.671	1471.84	2608.67	419.946
413	119.671	1470.75	2608.67	407.271
414	119.671	1472.82	2851.56	417.483
415	119.671	1473.5 	2742.2 	415.811
416	119.671	1468.78	2728.65	417.848
417	119.671	1467.57	2728.65	420.65 
418	119.671	1459.85	2692.41	411.589
419	119.671	1451.5 	2922.39	414.786
420	117.557	1449.84	2775.05	412.834
421	117.557	1450.97	2630.18	412.873
422	117.557	1449.47	2537.25	407.931
423	117.557	1447.09	2573.96	397.587
424	117.557	1445.82	2569.39	404.439
425	117.557	1443.74	2709.63	404.741
426	117.557	1441.74	2709.63	412.814
427	117.557	1438.12	2699.38	415.569
428	117.557	1444.09	2544.62	405.055
429	117.557	1437.18	2513.01	406.549
430	117.557	1444.32	2596.71	405.165
431	117.557	1443.21	2500.59	385.801
432	117.557	1446.49	2501.66	390.566
433	117.557	1443.67	2557.73	390.17 
434	117.557	1439.92	2498.65	395.584
435	117.557	1438.96	2584.56	404.451
436	117.557	1438.51	2584.56	403.64 
437	117.557	1443.79	2534.75	400.761
438	117.557	1441.37	2543.83	405.87 
439	117.557	1441.29	2506.78	396.315
440	117.557	1438.2 	2573.56	408.651
441	117.557	1438.79	2573.45	413.24 
442	117.557	1441.77	2572.51	411.061
443	117.557	1436.23	2599.32	422.768
444	117.557	1439.39	2599.32	418.367
445	117.557	1436.44	2654.87	426.006
446	117.557	1436.76	2566.53	415.68 
447	117.557	1431.97	2600.39	421.58 
448	117.557	1421.21	2712.4 	415.201
449	117.557	1418.84	2580.99	426.54 
450	117.557	1417.17	2677.24	425.582
451	117.557	1417.03	2724.32	426.398
452	117.557	1419.65	2497.9 	424.676
453	117.557	1418.78	2640.25	424.103
454	117.557	1421.05	2526.78	416.011
455	117.557	1414.09	2591.62	425.236
456	117.557	1415.14	2533.89	420.753
457	117.557	1415.43	2799.08	422.198
458	117.557	1417.28	2721.16	414.041
459	117.557	1415.52	2924.44	420.529
460	117.557	1409.25	2587.99	420.492
461	117.557	1409.09	2705.17	410.649
462	117.557	1400.41	2643.24	406.341
463	116.462	1397.68	2624.22	402.751
464	116.462	1401.67	2600.31	402.484
465	116.462	1401.33	2611.86	409.874
466	116.462	1402.43	2576.3 	413.612
467	116.462	1406.4 	2590.81	417.48 
468	116.462	1409.41	2618.61	416.183
469	116.462	1400.91	2887.89	418.463
470	116.462	1407.51	2795.97	415.482
471	116.462	1399.56	2669   	405.343
472	116.462	1399.77	2639.83	403.638
473	116.462	1404.07	2690.22	409.192
474	116.462	1406.34	2485.22	401.938
475	116.462	1402.35	2485.22	398.852
476	116.462	1400.33	2519.33	405.796
477	116.462	1393.13	2962.22	411.944
478	116.462	1387.98	2713.29	416.088
479	116.462	1386.8 	2599.44	417.587
480	116.462	1387.37	2599.44	416.777
481	116.462	1376.94	2482.24	416.245
482	116.462	1373.61	2457.93	406.349
483	116.462	1370.72	2452.76	403.608
484	116.462	1370.46	2485.26	400.38 
485	116.462	1379.94	2489.8 	402.487
486	116.462	1381.34	2429.97	410.153
487	116.462	1380.78	2566.32	406.299
488	116.462	1384.76	2462.11	402.053
489	116.462	1383.93	2598   	403.839
490	116.462	1387.31	2571.42	405.091
491	116.462	1386.9 	2571.42	397.593
492	116.462	1386.23	2571.42	393.915
493	116.462	1390.48	2653.48	394.291
494	116.462	1385.45	2525.93	399.103
495	116.462	1381.66	2600.89	397.724
496	116.462	1381.84	2553.72	399.456
497	116.462	1376.02	2882.01	399.202
498	116.462	1370.79	2486.37	397.286
499	116.462	1364.92	2517.59	397.876
29.97000001
