/usr/lib/python2.7/site-packages/deap/tools/_hypervolume/pyhv.py:33: ImportWarning: Falling back to the python version of hypervolume module. Expect this to be very slow.
  "module. Expect this to be very slow.", ImportWarning)
gen	min     	avg    	max    	std    
0  	-45.5274	96.8879	698.035	120.451
1  	-45.5274	96.29  	677.735	117.472
2  	-45.5274	95.1403	619.525	114.329
3  	-45.9716	93.8076	564.211	112.289
4  	-45.9716	92.9829	646.493	113.294
5  	-45.9716	90.9987	693.839	111.708
6  	-45.9716	91.7431	693.839	114.716
7  	-46.5412	92.5606	607.137	115.96 
8  	-46.5412	92.3701	672.84 	118.001
9  	-46.5412	92.2445	672.84 	115.34 
10 	-46.5412	91.256 	672.84 	113.187
11 	-48.8287	92.5586	663.036	115.075
12 	-48.8287	92.998 	663.036	119.248
13 	-48.8287	91.9801	657.619	117.724
14 	-48.8554	91.0745	657.619	115.224
15 	-48.9061	91.5598	666.832	117.579
16 	-48.9061	90.4061	666.832	116.003
17 	-48.9061	88.9713	604.36 	110.974
18 	-48.9061	88.6284	520.828	111.219
19 	-48.9061	87.7927	614.133	108.247
20 	-48.9061	88.6466	603.981	110.184
21 	-49.9574	88.8435	612.736	111.122
22 	-49.9574	87.8739	569.952	110.767
23 	-49.9574	88.0819	572.027	112.855
24 	-49.9574	87.3161	577.859	111.135
25 	-49.9574	86.1295	570.669	109.103
26 	-49.9574	84.9707	591.235	110.625
27 	-49.9574	83.7667	789.623	113.261
28 	-49.9574	85.1648	694.592	116.41 
29 	-49.9574	84.3912	560.154	112.135
30 	-49.9574	82.7742	537.532	109.275
31 	-49.9574	82.0766	604.517	108.04 
32 	-49.9574	81.1646	540.917	108.223
33 	-50.453 	80.7565	580.14 	107.56 
34 	-50.453 	82.8524	581.806	113.011
35 	-50.453 	83.5546	636.194	114.896
36 	-50.453 	81.5689	623.707	112.915
37 	-50.453 	80.4635	614.736	111.756
38 	-50.453 	80.2414	614.736	111.173
39 	-50.453 	80.5614	603.11 	109.636
40 	-50.453 	80.6159	710.202	111.013
41 	-50.453 	79.6452	661.216	110.976
42 	-50.453 	79.1785	587.912	107.414
43 	-50.453 	77.4524	563.002	106.226
44 	-50.453 	76.3425	544.98 	102.662
45 	-50.453 	76.3019	544.98 	103.805
46 	-50.453 	75.0305	620.721	103.786
47 	-50.453 	75.048 	555.799	103.441
48 	-50.453 	73.6793	552.261	102.911
49 	-50.453 	73.0546	638.879	104.623
50 	-50.453 	72.5739	605.386	104.763
51 	-50.453 	71.9308	540.812	99.4595
52 	-50.453 	72.3821	613.463	102.112
53 	-50.453 	73.9695	613.463	106.467
54 	-50.453 	74.0259	613.463	106.118
55 	-50.453 	71.2344	705.542	102.94 
56 	-50.453 	70.0021	487.664	98.8738
57 	-50.453 	71.0512	801.872	104.179
58 	-50.453 	70.1923	586.697	102.016
59 	-50.453 	69.7568	518.35 	100.395
60 	-50.453 	70.5974	554.596	99.455 
61 	-50.453 	70.5301	591.134	101.806
62 	-50.453 	70.7069	480.117	98.9689
63 	-50.4677	70.2632	550.204	101.242
64 	-50.4677	70.2128	535.659	98.342 
65 	-50.4677	69.3951	472.215	98.0748
66 	-50.4677	70.0228	593.217	99.4014
67 	-50.7746	70.6518	564.259	101.549
68 	-50.7746	72.7659	572.62 	103.878
69 	-50.7746	71.4981	544.157	102.278
70 	-50.7746	71.2523	557.704	104.295
71 	-50.7746	70.6009	557.704	103.668
72 	-50.7746	68.036 	544.157	103.706
73 	-50.7746	66.1851	670.247	104.939
74 	-50.7828	64.3458	565.023	101.14 
75 	-50.7828	63.7039	542.376	100.156
76 	-50.7828	66.1624	578.235	101.28 
77 	-50.7828	65.8618	536.629	101.68 
78 	-50.7828	65.5643	574.676	102.168
79 	-50.7828	65.8848	550.996	100.22 
80 	-50.7828	64.8717	550.996	97.2544
81 	-50.7828	64.3465	550.996	94.6689
82 	-50.7828	63.8395	540.983	93.7928
83 	-50.7828	63.1563	540.983	94.4728
84 	-50.7828	62.1202	574.666	92.0314
85 	-50.7828	61.3129	518.674	90.6566
86 	-50.7828	59.9388	501.361	88.9159
87 	-50.7828	60.6725	501.361	89.358 
88 	-50.7828	61.7048	478.421	91.8054
89 	-50.7828	60.7495	482.714	91.2005
90 	-50.7828	61.8359	467.238	91.2107
91 	-50.7828	62.5976	494.282	94.3522
92 	-50.7828	62.3381	493.3  	94.1418
93 	-50.7828	62.2135	621.314	97.7708
94 	-50.7828	61.7073	493.3  	95.346 
95 	-50.7828	60.6355	475.256	94.907 
96 	-51.3142	60.3265	531.658	94.0244
97 	-51.3142	57.8782	523.53 	90.911 
98 	-51.3142	57.404 	474.484	91.4595
99 	-51.3142	57.7632	497.566	93.4334
100	-51.3883	57.0207	595.101	93.2391
101	-51.3883	57.0476	568.211	91.1693
102	-51.4411	56.919 	568.211	92.1326
103	-51.4411	56.7702	568.211	92.0408
104	-51.4411	56.2522	473.032	91.0948
105	-51.4411	55.1438	567.408	92.0005
106	-51.4411	53.6838	469.15 	88.3205
107	-51.4411	54.7491	510.16 	91.5358
108	-51.4411	53.7157	496.436	87.5159
109	-51.4411	54.3704	496.436	89.4913
110	-51.4411	53.6605	507.958	88.3953
111	-51.4411	53.0115	454.133	87.3606
112	-51.4411	53.3171	448.267	87.2885
113	-51.4411	50.0948	412.317	82.5767
114	-51.4411	50.8752	452.795	84.8869
115	-51.4411	51.631 	512.733	86.1543
116	-51.4411	51.555 	494.534	87.6223
117	-51.4411	49.9176	429.219	83.4146
118	-51.4411	50.223 	430.702	84.7886
119	-51.4411	50.4609	443.976	86.3182
120	-51.4411	50.7696	612.358	88.2699
121	-51.4411	48.5069	430.702	83.0326
122	-51.4411	47.2708	416.523	79.9939
123	-51.4411	49.0344	500.54 	83.6183
124	-51.4411	48.8162	426.34 	83.2502
125	-51.5841	50.8001	541.545	89.0429
126	-51.5841	49.6824	576.015	86.0216
127	-51.5841	48.4706	532.72 	85.8013
128	-51.5841	47.3728	508.041	83.4615
129	-51.5841	48.637 	598.934	84.8332
130	-51.5841	47.7888	517.87 	86.5017
131	-51.5841	48.0578	567.588	86.5464
132	-51.5841	48.5709	481.682	84.8421
133	-51.5841	46.5188	368.825	79.156 
134	-51.5841	46.5616	375.769	78.1299
135	-51.5841	46.7847	444.988	80.2388
136	-51.5841	47.0487	430.36 	81.9186
137	-51.5841	46.9892	446.886	83.7288
138	-51.5841	47.2597	446.886	84.318 
139	-51.5841	46.0244	446.886	83.7514
140	-51.6104	45.1792	534.473	81.2602
141	-51.6104	44.3221	436.573	80.5519
142	-51.6104	42.2455	484.423	79.6083
143	-51.6104	41.6229	469.712	80.8399
144	-51.6104	42.3599	444.405	81.278 
145	-51.6104	41.8123	418.725	78.6646
146	-51.6104	43.4185	388.096	80.5421
147	-51.6231	45.1449	614.783	87.7913
148	-51.6231	45.2057	590.036	87.9657
149	-51.6231	44.6874	590.036	86.1292
150	-51.6231	44.7525	624.588	88.3048
151	-51.6231	43.3732	681.743	86.9716
152	-51.6231	43.3346	590.036	85.9568
153	-51.6231	42.1131	465.548	81.692 
154	-51.6231	41.2691	437.973	79.7484
155	-51.6231	42.0292	437.973	79.0423
156	-51.6231	41.6502	422.501	79.2852
157	-51.6231	40.0379	415.215	77.4886
158	-51.6231	40.962 	412.609	78.5552
159	-51.6231	41.0071	384.576	77.8539
160	-51.6231	42.7388	436.735	80.2248
161	-51.6231	42.3545	436.735	81.6877
162	-51.6231	41.5676	437.682	81.4872
163	-51.6231	41.9875	480.858	82.058 
164	-51.6231	41.5993	480.858	82.0412
165	-51.6231	41.1737	546.283	80.788 
166	-51.6231	39.298 	469.743	79.1521
167	-51.825 	39.2042	442.334	77     
168	-51.825 	37.6601	419.863	76.3917
169	-51.825 	39.7036	467.21 	79.7535
170	-51.8634	37.8958	446.053	79.3808
171	-51.8634	37.794 	448.908	82.4347
172	-51.8634	37.5372	497.988	81.2885
173	-51.8634	36.2516	452.825	78.5275
174	-51.8634	38.0975	453.671	80.9067
175	-51.8634	37.9418	563.898	82.2057
176	-51.8634	39.3383	453.671	83.6612
177	-51.8634	37.769 	463.901	82.2669
178	-51.8634	37.8834	513.675	80.8495
179	-51.8634	37.541 	518.203	78.3816
180	-51.8634	37.7263	583.016	81.1633
181	-51.8634	37.7426	528.898	80.1217
182	-51.8634	37.9474	600.848	79.8238
183	-51.8634	36.7887	506.015	77.3752
184	-51.8634	36.1194	410.175	77.211 
185	-51.8634	35.1983	477.227	78.2241
186	-51.8634	34.1655	450.116	76.4301
187	-51.8634	34.9204	471.838	78.7481
188	-51.8634	35.7183	471.838	79.9959
189	-51.8634	34.9953	462.008	79.8801
190	-51.8634	33.9141	459.346	76.4253
191	-51.8634	32.8022	419.61 	72.7113
192	-51.8634	34.1206	419.61 	73.9225
193	-51.8634	33.7984	419.61 	74.6564
194	-51.8634	31.161 	327.7  	71.0466
195	-51.8634	31.025 	348.138	71.0095
196	-51.8634	29.9783	426.989	70.0746
197	-51.8634	31.857 	337.665	71.019 
198	-51.8634	32.0341	340.619	70.3739
199	-51.8634	31.373 	458.619	70.3184
200	-51.8634	32.0598	458.619	73.8041
201	-51.8634	29.7585	458.619	71.0172
202	-51.8634	29.2336	371.806	67.9276
203	-51.8634	27.7983	381.55 	65.9869
204	-51.8634	28.2059	381.55 	67.2478
205	-51.8634	28.2427	372.015	67.5523
206	-51.8634	28.7167	367.446	68.3175
207	-51.8634	29.9461	384.723	70.2365
208	-51.8634	29.9037	384.723	69.8748
209	-51.8634	30.0212	429.856	70.5429
210	-51.8634	30.4807	409.217	70.529 
211	-51.8634	29.5776	377.395	68.2724
212	-51.8634	27.9679	315.673	65.8384
213	-51.8634	28.8967	448.069	69.1668
214	-51.8634	28.091 	441.913	69.6965
215	-51.8634	27.3161	468.542	69.4181
216	-51.8634	26.5326	334.465	66.0257
217	-51.8634	26.7147	303.28 	65.1687
218	-51.8634	26.9695	306.602	65.5988
219	-51.8634	25.9408	278.218	64.0514
220	-51.8634	25.6021	278.218	62.6395
221	-51.8634	26.0855	330.027	65.0136
222	-51.8634	27.2442	340.377	67.3895
223	-51.8634	27.8877	344.31 	68.1912
224	-51.8634	26.9598	403.221	69.465 
225	-51.8634	27.0816	410.716	69.6679
226	-51.8634	26.539 	371.731	67.1604
227	-51.8634	25.9222	355.827	65.7285
228	-51.8634	26.3542	365.958	65.5326
229	-51.8634	25.5156	438.186	66.3484
230	-51.8634	25.7695	371.647	67.1788
231	-51.8634	26.7026	355.827	67.4781
232	-51.8634	26.7038	381.415	68.1911
233	-51.8634	27.2904	355.205	68.295 
234	-51.8634	26.9014	407.527	68.8128
235	-51.8678	27.0263	399.286	69.0611
236	-51.8678	26.5729	464.765	69.0287
237	-51.8678	26.1973	403.676	70.1666
238	-51.8678	26.714 	403.676	71.6018
239	-51.8678	24.8103	399.709	69.222 
240	-51.8678	23.6163	399.709	68.2435
241	-51.8678	24.3782	399.709	68.0542
242	-51.8678	24.5271	335.517	67.1381
243	-51.8678	23.6976	307.163	66.31  
244	-51.8678	22.734 	410.06 	65.7367
245	-51.8678	22.4835	359.954	66.958 
246	-51.8678	21.9364	368.953	64.8782
247	-51.8678	21.9913	464.63 	66.1125
248	-51.8678	22.2243	427.06 	64.8023
249	-51.8678	21.6868	456.83 	66.4618
250	-51.8678	21.7751	456.83 	67.3024
251	-51.8678	22.6907	456.83 	67.5171
252	-51.8678	21.8172	412.342	65.9769
253	-51.8678	20.6651	320.687	62.752 
254	-51.8678	20.2566	309.891	60.9343
255	-51.8678	19.7916	331.477	62.4476
256	-51.8678	20.5063	309.891	62.6878
257	-51.8678	21.1184	330.817	65.7054
258	-51.8678	19.5993	330.817	62.4873
259	-51.8678	19.9085	330.817	63.1435
260	-51.8678	19.7857	314.277	62.2143
261	-51.8678	20.0703	308.777	63.0723
262	-51.8678	21.342 	297.635	64.1095
263	-51.8678	21.8928	471.869	66.5669
264	-51.8678	21.2556	416.324	67.0586
265	-51.8678	19.8397	424.83 	63.9596
266	-51.8699	19.8333	394.011	63.4393
267	-51.8699	20.2749	343.214	62.1857
268	-51.8699	19.615 	398.347	61.2752
269	-51.8699	18.7197	314.592	59.2492
270	-51.8699	17.6564	325.128	58.8442
271	-51.8699	17.5637	283.879	58.9089
272	-51.8699	18.2533	278.785	58.9382
273	-51.8699	17.2931	290.287	57.6204
274	-51.8699	17.3171	354.998	59.1835
275	-51.8699	17.7233	353.841	61.4361
276	-51.8699	16.9552	338.692	60.7194
277	-51.8699	16.7056	348.168	62.0601
278	-51.8699	17.1217	350.484	62.81  
279	-51.8699	17.8791	316.156	63.4664
280	-51.8699	17.788 	327.115	63.3235
281	-51.8699	18.3802	310.685	62.5972
282	-51.8699	16.8936	301.687	59.6465
283	-51.8699	17.4964	296.812	60.2414
284	-51.8699	17.3078	271.13 	57.9143
285	-51.8699	16.7697	268.377	57.3767
286	-51.8699	17.3219	304.939	59.0046
287	-51.8699	17.6605	317.829	60.8118
288	-51.8699	16.5879	321.756	59.8969
289	-51.8699	15.7813	319.07 	58.4866
290	-51.8699	14.8228	295.663	56.288 
291	-51.8699	14.7695	277.664	55.5918
292	-51.8699	13.4857	282.852	55.4113
293	-51.8699	13.5525	277.664	54.9731
294	-51.8699	13.0527	326.055	53.6445
295	-51.8699	13.4221	307.924	55.8348
296	-51.8699	13.887 	315.608	57.112 
297	-51.8699	13.8679	306.905	56.2518
298	-51.8699	13.1761	297.89 	54.1397
299	-51.8699	12.783 	302.333	53.6028
300	-51.8699	12.4825	392.57 	54.0521
301	-51.8699	13.0315	329.557	53.4318
302	-51.8699	12.8954	359.064	54.6534
303	-51.8699	12.3919	362.335	54.354 
304	-51.8699	12.863 	355.948	57.211 
305	-51.8699	12.7025	397.938	59.9607
306	-51.8699	12.6352	370.425	60.1658
307	-51.8699	12.9281	355.887	58.598 
308	-51.8699	14.1259	440.592	63.5274
309	-51.8699	13.9501	445.272	64.6558
310	-51.8699	13.7514	403.42 	62.9372
311	-51.8699	13.6824	377.216	63.0071
312	-51.8699	13.4132	376.182	62.6261
313	-51.8699	11.4799	322.442	58.3891
314	-51.8699	11.5612	331.49 	59.621 
315	-51.9444	10.4309	301.888	54.5598
316	-51.9444	10.4158	301.888	54.8565
317	-51.9444	10.4252	315.027	54.6185
318	-51.9444	11.3239	353.403	56.5559
319	-51.9444	11.341 	324.487	54.5024
320	-51.9444	12.969 	340.48 	60.1917
321	-51.9444	12.3112	324.487	57.344 
322	-51.9444	11.2352	305.87 	54.3024
323	-51.9444	10.3485	280.906	52.8424
324	-51.9532	10.014 	282.67 	52.7027
325	-51.9532	11.1933	300.295	55.7947
326	-51.9532	10.6567	307.586	55.4054
327	-51.9532	9.86365	342.276	55.7814
328	-51.9532	8.35203	327.93 	52.5293
329	-51.9532	9.48231	277.275	54.4815
330	-51.9532	8.26219	293.278	51.8998
331	-51.9532	8.25144	372.598	53.7183
332	-51.9532	8.1601 	355.664	54.6202
333	-51.9532	7.9833 	301.979	52.0606
334	-51.9532	8.17763	382.611	53.8382
335	-51.9532	8.06792	382.611	52.8765
336	-51.9532	7.67506	293.56 	51.7033
337	-51.9532	5.34205	293.56 	46.8   
338	-51.9532	6.31157	316.524	47.8307
339	-51.9532	6.94141	313.225	49.3667
340	-51.9532	7.99402	332.188	51.0597
341	-51.9532	6.83141	350.855	50.3172
342	-51.9532	7.0142 	333.864	49.0116
343	-51.9532	7.1295 	262.447	48.8379
344	-51.9532	7.57154	297.125	51.7802
345	-51.9532	6.72114	297.125	51.2233
346	-51.9532	6.97148	284.899	51.1421
347	-51.9532	6.58368	252.894	49.4165
348	-51.9532	6.8654 	252.894	49.3241
349	-51.9532	7.25852	303.266	50.8462
350	-51.9532	7.64774	319.334	53.9389
351	-51.9532	7.01393	319.334	52.2206
352	-51.9532	6.95144	288.016	51.2628
353	-51.9532	6.61381	277.193	49.3194
354	-51.9532	6.73904	261.953	49.5492
355	-51.9532	6.66291	274.203	49.0418
356	-51.9532	7.37921	243.896	49.1326
357	-51.9532	7.16312	243.896	49.3959
358	-51.9532	6.45653	240.797	48.2267
359	-51.9532	5.5652 	234.845	47.3634
360	-51.9532	6.06303	233.613	47.5464
361	-51.9532	6.20266	242.457	49.0507
362	-51.9532	6.50451	280.406	49.7172
363	-51.9532	5.59005	252.682	49.2084
364	-51.9532	6.26189	233.567	50.4099
365	-51.9532	5.38592	296.136	50.3869
366	-51.9532	4.57506	278.118	48.843 
367	-51.9532	5.50689	278.118	49.8333
368	-51.9532	5.7689 	375.814	51.9231
369	-51.9532	6.28155	375.814	51.568 
370	-51.9532	7.3094 	329.236	53.2261
371	-51.9532	5.65303	292.974	51.077 
372	-51.9532	6.18089	319.469	53.3104
373	-51.9532	4.45084	274.375	50.3577
374	-51.9532	3.91628	272.939	49.9461
375	-51.9532	3.42125	256.277	49.6651
376	-51.9532	3.24455	300.552	48.6842
377	-51.9532	2.58886	235.522	46.248 
378	-51.9532	4.26703	267.398	48.4172
379	-51.9532	4.524  	280.718	49.0913
380	-51.9532	4.47188	280.718	49.1276
381	-51.9532	3.05422	280.889	47.0342
382	-51.9532	3.91815	257.888	47.651 
383	-51.9532	3.68417	246.145	47.2642
384	-51.9532	3.02532	240.146	47.0001
385	-51.9532	1.97657	261.492	44.1121
386	-51.9532	2.70656	261.492	46.423 
387	-51.9532	1.97891	249.361	45.916 
388	-51.9532	1.77772	244.361	45.3647
389	-51.9532	0.349765	290.844	44.8421
390	-51.9532	1.85394 	264.2  	45.1177
391	-51.9532	3.07668 	264.2  	48.0097
392	-51.9532	2.56199 	248.674	47.1761
393	-51.9532	2.15682 	248.674	47.4566
394	-51.9532	2.94074 	226.014	49.1721
395	-51.9532	2.71276 	329.919	49.6354
396	-51.9532	2.42574 	305.969	49.3031
397	-51.9532	1.9874  	278.474	47.8251
398	-51.9532	1.85179 	278.474	45.7932
399	-51.9532	2.48319 	261.52 	47.0475
400	-51.9532	1.9337  	299.267	47.2121
401	-51.9532	0.251778	297.47 	43.6651
402	-51.9532	-0.10393	286.946	42.0825
403	-51.9532	0.910275	282.559	44.0228
404	-51.9532	0.00475835	282.559	43.3566
405	-51.9532	-0.1035   	214.256	42.3345
406	-51.9532	-0.425015 	222.731	42.4794
407	-51.9532	0.00843221	229.958	42.6204
408	-51.9532	-0.53484  	214.256	43.1937
409	-51.9532	-0.0924687	227.021	44.0904
410	-51.9532	-0.452837 	228.829	44.7913
411	-51.9532	-0.409862 	228.829	44.3988
412	-51.9532	0.194695  	222.561	45.1274
413	-51.9532	-0.544994 	280.649	44.9531
414	-51.9532	-0.17287  	308.918	45.0712
415	-51.9532	-0.168447 	228.031	43.7701
416	-51.9532	-0.497616 	200.665	43.8566
417	-51.9532	-0.674426 	201.538	44.0559
418	-51.9532	-1.0859   	255.436	43.7409
419	-51.9532	-0.32406  	225.342	45.3811
420	-51.9532	-0.880549 	248.88 	44.1567
421	-51.9532	-0.563306 	226.017	44.3714
422	-51.9532	-0.944325 	224.798	44.4598
423	-51.9532	-0.883248 	272.827	43.586 
424	-51.9532	-0.0263051	271.629	45.4532
425	-51.9532	-0.233115 	285.563	45.4248
426	-51.9532	-0.294082 	217.273	44.4762
427	-51.9532	-0.582467 	236.624	44.0798
428	-51.9532	-0.972447 	236.624	44.729 
429	-51.9532	-0.689847 	216.79 	44.161 
430	-51.9532	-0.893555 	251.32 	43.7346
431	-51.9532	-1.5411   	243.847	43.2429
432	-51.9532	-1.30897  	231.865	42.3682
433	-51.9532	-1.02929  	277.737	44.1482
434	-51.9532	-0.325276 	274.47 	46.0747
435	-51.9532	-0.627995 	274.47 	46.0074
436	-51.9532	-0.707966 	256.433	44.7403
437	-51.9532	-1.48678  	301.714	45.9193
438	-51.9532	-1.51952  	301.714	47.1268
439	-51.9532	-0.749757 	387.408	49.5299
440	-51.9532	-1.66868  	342.746	45.8323
441	-51.9532	-2.03943  	282.565	46.9345
442	-51.9532	-1.26956  	280.193	49.0788
443	-51.9532	-1.96907  	268.135	45.5655
444	-52.0639	-1.97021  	258.917	47.3077
445	-52.0639	-2.84835  	256.658	45.6716
446	-52.0639	-3.22348  	256.852	43.0138
447	-52.1968	-2.60306  	224.062	42.801 
448	-52.1968	-2.83796  	216.399	42.3275
449	-52.1968	-3.51335  	184.918	39.9513
450	-52.1968	-4.23289  	200.085	38.9782
451	-52.1968	-3.05049  	222.493	40.3352
452	-52.1968	-3.19317  	191.464	40.4878
453	-52.1968	-3.14367  	214.413	41.1478
454	-52.1968	-2.69149  	195.679	41.173 
455	-52.1968	-3.05427  	193.428	40.212 
456	-52.1968	-3.75079  	197.592	39.6604
457	-52.1968	-4.11685  	197.592	38.6436
458	-52.1968	-5.31138  	233.896	36.697 
459	-52.1968	-5.77858  	199.387	36.5888
460	-52.1968	-5.93984  	180.829	36.169 
461	-52.1968	-5.21714  	305.509	39.8365
462	-52.1968	-4.95685  	256.128	39.789 
463	-52.1968	-5.05308  	227.262	38.688 
464	-52.1968	-4.49559  	227.262	40.337 
465	-52.1968	-3.72518  	266.788	40.9711
466	-52.1968	-2.89669  	240.922	41.5763
467	-52.1968	-3.26717  	240.922	41.0366
468	-52.1968	-4.77938  	218.214	39.0912
469	-52.1968	-5.55778  	192.105	37.6321
470	-52.1968	-6.0357   	192.105	37.2086
471	-52.1968	-6.18252  	212.122	36.9405
472	-52.1968	-5.27598  	212.122	38.8288
473	-52.1968	-5.77119  	254.273	38.0401
474	-52.1968	-5.89877  	254.273	37.9872
475	-52.1968	-6.47692  	198.021	37.3305
476	-52.1968	-6.5676   	159.176	36.3974
477	-52.1968	-7.03081  	162.513	36.542 
478	-52.1968	-7.0067   	167.598	36.131 
479	-52.1968	-6.26056  	155.258	36.9907
480	-52.1968	-5.53138  	168.845	38.3687
481	-52.1968	-4.79706  	175.042	40.3745
482	-52.1968	-4.29762  	182.2  	41.1671
483	-52.1968	-4.77241  	228.072	40.9779
484	-52.1968	-5.1319   	219.805	41.6815
485	-52.1968	-5.65907  	219.805	40.7345
486	-52.1968	-4.6847   	253.732	43.4299
487	-52.1968	-4.08658  	282.854	45.0476
488	-52.1968	-4.11799  	282.854	42.0226
489	-52.1968	-4.38626  	224.668	40.8166
490	-52.1968	-5.00994  	176.532	38.6844
491	-52.1968	-6.18493  	163.145	37.2304
492	-52.1968	-6.72795  	204.765	37.4017
493	-52.1968	-6.69805  	212.373	37.6355
494	-52.1968	-7.3613   	198.73 	36.8903
495	-52.1968	-7.65676  	196.671	35.6802
496	-52.1968	-7.28904  	278.98 	36.765 
497	-52.1968	-6.53575  	256.327	39.7761
498	-52.1968	-7.68513  	252.262	37.8977
499	-52.1968	-8.16423  	191.024	37.3354
-52.34999999
