/usr/lib/python2.7/site-packages/deap/tools/_hypervolume/pyhv.py:33: ImportWarning: Falling back to the python version of hypervolume module. Expect this to be very slow.
  "module. Expect this to be very slow.", ImportWarning)
gen	min    	avg    	max    	std    
0  	1147.82	1699.54	3375.13	361.001
1  	1147.82	1695.77	3103.29	342.622
2  	1147.82	1693.2 	3103.29	336.851
3  	1147.82	1691.7 	3427.99	344.087
4  	1147.82	1686.66	3174.16	341.566
5  	1147.82	1680.46	3149.74	339.504
6  	1147.82	1682.36	3148.8 	346.74 
7  	1147.82	1680.18	3148.8 	345.722
8  	1147.82	1677.65	3339.94	351.687
9  	1147.82	1679.92	3303.74	349.224
10 	1137.1 	1679.08	3359.19	360.14 
11 	1137.1 	1678.61	3316.35	365.442
12 	1134.48	1676.11	3298.63	356.58 
13 	1134.48	1678.07	3386.67	359.719
14 	1134.48	1679.39	3166.53	359.122
15 	1109.55	1684.36	3177.95	369.899
16 	1109.55	1681.24	3172.38	361.297
17 	1109.55	1678.47	3129.3 	359.647
18 	1109.55	1676.37	3182.06	351.704
19 	1109.55	1675.01	3626.78	352.481
20 	1109.55	1679.22	3626.78	357.104
21 	1109.55	1686.59	3568.91	364.796
22 	1109.55	1686.24	3451.69	370.156
23 	1109.55	1684.97	3421.64	368.787
24 	1109.55	1682.46	3391.76	356.578
25 	1109.55	1677.41	3033.46	349.758
26 	1091.04	1675.92	3238.39	353.973
27 	1091.04	1677.43	3238.39	353.663
28 	1091.04	1674.53	3513.44	349.286
29 	1091.04	1674.51	3174.96	348.318
30 	1091.04	1672.9 	3200.39	349.827
31 	1091.04	1672.02	3239.7 	357.326
32 	1091.04	1668.35	3208.01	353.65 
33 	1091.04	1665.77	3101.57	354.905
34 	1091.04	1661.56	3239.13	343.971
35 	1091.04	1659.15	3095.77	340.031
36 	1091.04	1658.81	3031   	342.205
37 	1091.04	1657.06	3199.21	343.511
38 	1091.04	1660.93	3023.36	346.979
39 	1091.04	1659.19	3216.45	350.303
40 	1091.04	1664.44	3388.05	357.844
41 	1090.1 	1666.06	3121.59	348.205
42 	1090.1 	1662.31	3121.59	346.695
43 	1090.1 	1661.41	3121.59	354.734
44 	1087.3 	1655.7 	3056.78	352.358
45 	1087.3 	1655.2 	3449.72	344.545
46 	1087.3 	1655.85	3056.68	344.835
47 	1087.3 	1659.18	3080.87	354.35 
48 	1087.3 	1656.58	3015.42	356.134
49 	1087.3 	1654.72	3015.42	351.806
50 	1087.3 	1654.01	3192.42	342.679
51 	1087.3 	1654.55	3192.42	343.183
52 	1087.3 	1653.58	3302.63	348.764
53 	1087.3 	1649.06	3302.63	338.973
54 	1087.3 	1649.04	3167.29	333.001
55 	1087.3 	1652.2 	3562.95	333.623
56 	1086   	1650.81	3648.42	336.047
57 	1086   	1649.38	3189.43	337.74 
58 	1086   	1643.25	3199.8 	340.285
59 	1086   	1639.34	3161.78	338.231
60 	1086   	1639.39	3157.97	341.21 
61 	1086   	1632.17	3290.99	336.011
62 	1086   	1636.93	3123.28	337.853
63 	1086   	1630.03	3123.28	340.969
64 	1086   	1629.02	3054.33	334.563
65 	1086   	1630   	3289.47	341.057
66 	1086   	1636.34	3734.88	348.182
67 	1086   	1634.31	3149.4 	328.142
68 	1086   	1634.07	3460.37	335.165
69 	1086   	1628.58	3360.64	331.951
70 	1072.95	1629.21	3098.84	311.079
71 	1072.95	1629.83	3326.37	321.945
72 	1072.95	1631.81	3286.7 	322.72 
73 	1072.95	1639.38	3237.65	335.964
74 	1072.95	1638.08	3276.21	327.835
75 	1072.95	1638.17	3276.21	336.248
76 	1072.95	1640.84	3499.58	344.929
77 	1072.95	1637.91	3276.21	343.403
78 	1072.95	1638.37	3780.63	337.943
79 	1072.95	1636.8 	3827.91	336.725
80 	1072.95	1635.04	3280.54	325.833
81 	1072.83	1633.02	3201.86	320.546
82 	1072.83	1624.32	3073.16	307.263
83 	1072.83	1628.43	3331.07	315.85 
84 	1072.83	1621.4 	2933.64	310.628
85 	1072.83	1620.07	3348.88	313.406
86 	1072.83	1613.46	3306.09	312.927
87 	1072.83	1616.61	3425.73	320.345
88 	1072.83	1619.17	3425.73	323.158
89 	1072.83	1615.46	3436.13	325.231
90 	1072.83	1618.99	3162.77	332.814
91 	1072.83	1620.21	3306.42	335.637
92 	1072.83	1624.33	3206.79	329.529
93 	1072.83	1620.98	3248.69	322.925
94 	1072.83	1619.44	3109.81	329.671
95 	1072.83	1619.56	3025.05	318.09 
96 	1072.83	1617.62	3064.24	322.459
97 	1072.83	1617.86	3920.33	322.821
98 	1072.83	1616.31	3124.19	314.713
99 	1072.83	1611.65	3398.01	304.369
100	1072.83	1604.2 	3278.18	296.25 
101	1072.83	1604.5 	3158.29	297.865
102	1072.83	1603.09	3177.82	298.421
103	1072.83	1610.05	3158.29	310.579
104	1072.83	1617.88	3703.8 	334.788
105	1072.83	1618.87	3677.37	334.233
106	1072.83	1617.75	3590.06	329.5  
107	1072.83	1611.31	3590.06	321.015
108	1072.83	1610.97	3503.69	321.179
109	1072.83	1606.12	2941.92	310.104
110	1072.83	1604.21	3091.2 	306.681
111	1072.83	1610.58	3091.2 	318.383
112	1072.83	1609.45	3269.55	316.304
113	1072.83	1611.77	3679.18	319.226
114	1072.83	1602.92	2906.96	296.361
115	1072.83	1597.92	2970.04	297.854
116	1072.83	1601   	3112.87	311.22 
117	1072.83	1598.36	3148.21	317.348
118	1072.83	1595.48	3357.55	304.877
119	1072.83	1593.21	3486.51	313.406
120	1072.83	1589   	3240.91	304.466
121	1072.83	1586.27	3388.65	314.514
122	1072.83	1587.13	3388.65	320.408
123	1072.83	1593.8 	3257.96	324.212
124	1072.83	1592.62	3248.73	315.889
125	1072.83	1594.56	3235.82	310.887
126	1072.83	1597.44	3620.3 	319.78 
127	1072.83	1594.91	3389.55	314.02 
128	1072.83	1598.26	3328.4 	317.938
129	1072.83	1593.6 	3133.05	306.049
130	1072.83	1595.61	2985.93	308.09 
131	1072.83	1592.68	2947.08	310.213
132	1072.83	1590.11	3025.2 	308.942
133	1072.83	1590.1 	3048.35	311.325
134	1072.83	1586.67	3057.87	303.515
135	1072.83	1594.02	3187.04	308.804
136	1072.83	1590.38	3187.04	297.024
137	1072.83	1587.53	2879.44	290.946
138	1072.83	1589.07	2872.16	299.471
139	1072.83	1589.08	2882.89	294.726
140	1072.83	1583.88	2882.89	292.342
141	1072.83	1587.1 	3132.54	296.928
142	1072.83	1583.24	2998.73	296.273
143	1072.83	1579.27	3543.17	293.278
144	1072.83	1578.19	3053.91	285.986
145	1072.83	1577.19	2882.89	286.029
146	1072.83	1577.25	2882.89	284.598
147	1072.83	1575.86	2882.69	280.544
148	1072.83	1573.84	3372.79	285.45 
149	1072.83	1572.83	3013.72	276.394
150	1072.83	1575.83	2894.38	282.711
151	1072.83	1569.67	2828.79	268.107
152	1072.83	1570.61	3215.95	276.135
153	1072.83	1575.81	2903.22	285.299
154	1072.83	1571.41	2747.45	274.756
155	1072.83	1567.48	2728.38	273.534
156	1072.83	1567.93	2945.2 	279.224
157	1072.83	1564.34	3479.45	285.039
158	1072.83	1565.64	2946.85	279.476
159	1072.83	1563.33	2994.93	285.69 
160	1072.83	1566.76	2976.31	279.736
161	1072.83	1570.94	2904.13	284.032
162	1072.83	1565.24	2933.89	284.131
163	1072.83	1570.28	2930.09	295.231
164	1072.83	1565.09	3096.08	289.555
165	1072.83	1561.59	2890.83	278.79 
166	1072.83	1561.48	3564.31	289.123
167	1072.83	1559.61	2974.83	277.971
168	1072.83	1553.97	2873.29	269.549
169	1072.83	1559.13	2974.51	279.671
170	1072.83	1556.37	2767.1 	279.587
171	1072.83	1554.2 	2917.12	278.807
172	1072.83	1549.91	2804.56	264.287
173	1072.83	1548.73	2547.8 	251.547
174	1072.83	1550.61	2566.78	252.939
175	1072.83	1550.67	2758.49	257.847
176	1072.83	1549.58	2654.2 	254.155
177	1068.21	1550.07	2650.23	256.318
178	1068.21	1548.53	2796.27	260.099
179	1068.21	1540.13	2796.27	258.638
180	1068.21	1544.1 	2713.86	258.656
181	1068.21	1546.71	2685.13	264.091
182	1068.21	1545.27	2805.67	265.251
183	1068.21	1540.41	2735.72	254.95 
184	1068.21	1541.9 	2711.48	254.175
185	1068.21	1539.75	2700.28	253.735
186	1068.21	1536.93	2762.88	245.644
187	1068.21	1537.76	2803.76	249.832
188	1068.21	1536.58	2675.81	249.505
189	1068.21	1529.9 	2670.14	241.333
190	1068.21	1532.05	2789.91	247.222
191	1068.21	1530.7 	2814.75	247.164
192	1068.21	1527.13	2751.86	243.422
193	1068.21	1523.72	2515.51	237.508
194	1068.21	1525.7 	2526.57	244.126
195	1068.21	1527.42	2579.84	238.241
196	1068.21	1528.99	3016.7 	248.844
197	1068.21	1526.22	2662.42	247.561
198	1068.21	1525.81	2578.1 	246.719
199	1068.21	1525.63	2644.24	251.462
200	1068.21	1529.63	2802.77	260.143
201	1068.21	1534.8 	3067.29	275.067
202	1068.21	1537.18	2936.5 	266.322
203	1068.21	1529.15	2859.82	253.505
204	1068.21	1526.31	2835.56	250.076
205	1068.21	1528.34	2761.03	259.964
206	1068.21	1526.35	2703.3 	252.51 
207	1068.21	1527.68	2671.78	253.943
208	1068.21	1525.25	2757.1 	253.597
209	1068.21	1525.99	2748.87	249.937
210	1068.21	1525.25	2731.52	249.673
211	1068.21	1521.52	2564.4 	245.976
212	1068.21	1521.67	2564.4 	242.204
213	1068.21	1524.42	2619.6 	252.039
214	1068.21	1524.27	2570   	252.196
215	1068.21	1521.79	2889.51	250.43 
216	1068.21	1530.73	3192.24	278.464
217	1068.21	1527.51	3451.72	287.606
218	1068.21	1525.68	3451.72	271.412
219	1068.21	1518.87	3451.72	253.249
220	1068.21	1517.62	2759.07	245.741
221	1068.21	1518.47	3094.43	256.59 
222	1068.21	1519.46	2996.61	259.065
223	1068.21	1516.46	3062.87	264.017
224	1068.21	1513.83	2864.53	253.046
225	1068.21	1512.19	2864.32	237.617
226	1068.21	1517.11	2736.61	252.665
227	1068.21	1517.16	3320.12	259.424
228	1068.21	1511.83	2568.44	248.334
229	1068.21	1517.99	2665.04	258.98 
230	1068.21	1514.09	2631.01	250.447
231	1068.21	1515.94	2580.26	252.197
232	1068.21	1513.25	2629.78	251.705
233	1068.21	1511.73	2796.32	253.843
234	1068.21	1518.47	3048.68	262.142
235	1068.21	1520.44	2854.29	273.484
236	1068.21	1518.17	2935.03	278.606
237	1068.21	1517.37	2981.59	272.339
238	1068.21	1518   	2789.24	272.951
239	1068.21	1515.42	2786.9 	271.295
240	1068.21	1516.86	3020.5 	273.366
241	1068.21	1513.44	2877.78	265.749
242	1068.21	1508.98	2877.78	258.561
243	1068.21	1506.5 	2944.2 	250.454
244	1068.21	1502.12	2944.2 	240.451
245	1068.21	1500.83	2645.59	235.909
246	1068.21	1501.78	2645.59	234.984
247	1068.21	1504.94	2555.32	242.262
248	1068.21	1500.66	2500.82	234.722
249	1068.21	1499.43	2566.97	235.466
250	1068.21	1502.06	2566.97	234.879
251	1068.21	1501.45	2518.8 	235.84 
252	1068.21	1502.04	2627.86	231.326
253	1068.21	1500.8 	2593.38	225.812
254	1068.21	1508.2 	2730.7 	249.319
255	1068.21	1506.62	2753.34	249.526
256	1068.21	1504.04	2715.84	243.168
257	1068.21	1502.66	2715.84	237.386
258	1068.21	1510.26	2685.58	250.278
259	1068.21	1504.53	2685.58	240.908
260	1068.21	1503.57	2608.25	241.794
261	1068.21	1509.3 	2545.35	241.989
262	1068.21	1508.7 	2545.35	241.316
263	1068.21	1507.25	2516.18	244.513
264	1068.21	1505.85	2629.26	251.569
265	1068.21	1506.57	2504.37	246.233
266	1068.21	1504.06	2509.82	242.079
267	1068.21	1502.87	2581.5 	242.049
268	1068.21	1498.3 	3241.49	244.968
269	1068.21	1496.56	2780.69	243.983
270	1068.21	1490.79	2708.6 	233.981
271	1068.21	1491.6 	2684.41	226.234
272	1068.21	1491.57	3556.74	237.493
273	1068.21	1488.28	3095.3 	228.66 
274	1068.21	1489.53	2690.29	226.045
275	1068.21	1489.12	2485.34	223.304
276	1068.21	1493.2 	2827.54	236.447
277	1068.21	1500.31	3170.62	250.719
278	1068.21	1500.36	3048.4 	248.218
279	1068.21	1500.14	2809.86	246.164
280	1068.21	1499.14	2862.14	240.934
281	1068.21	1503.46	2988.63	255.123
282	1068.21	1496.35	2862.14	245.028
283	1068.21	1494.58	2862.14	251.808
284	1068.21	1496.95	2960.95	260.583
285	1068.21	1492.97	2862.14	255.113
286	1068.21	1491.65	2782.71	240.85 
287	1068.21	1490.26	2560.66	234.89 
288	1068.21	1490.13	2727.81	240.606
289	1068.21	1485.79	2471.42	232.138
290	1068.21	1483.02	2627.58	227.424
291	1068.21	1481.6 	2649.08	231.724
292	1068.21	1481.34	2814.93	233.045
293	1068.21	1485.56	3162.24	243.338
294	1068.21	1483.7 	2700.87	242.607
295	1068.21	1478.88	2903.88	240.232
296	1068.21	1477.55	2631.02	234.738
297	1068.21	1477.47	2461.4 	229.47 
298	1068.21	1483.53	2557.47	239.589
299	1068.21	1486.39	3357.93	254.376
300	1068.21	1480.76	3224.77	242.847
301	1068.21	1481.07	3143.26	247.586
302	1068.21	1484.44	3143.26	253.898
303	1068.21	1482.8 	2855.53	250.948
304	1068.21	1478.83	2855.53	247.331
305	1068.21	1483.05	2848.59	243.671
306	1068.21	1479.72	2848.59	235.029
307	1068.21	1480.52	2674.94	230.602
308	1068.21	1482.87	2589   	236.143
309	1068.21	1479.84	2651.3 	238.113
310	1068.21	1477.86	2874.25	240.185
311	1068.21	1477.76	2651.3 	237.2  
312	1068.21	1477.42	2708.52	228.778
313	1058.5 	1479.07	2566.15	234.893
314	1058.5 	1475.95	2607.04	232.151
315	1058.5 	1474.36	2464.76	223.287
316	1058.5 	1469.17	2371.09	219.716
317	1058.5 	1468.99	2629.12	222.245
318	1058.5 	1469.32	2492.5 	215.258
319	1058.5 	1470.1 	2658.38	226.674
320	1058.5 	1472.78	2640.91	238.976
321	1058.5 	1471.95	2640.91	238.162
322	1058.5 	1471.05	2640.91	232.611
323	1058.5 	1467.85	2640.91	227.143
324	1058.5 	1466.44	2640.91	232.796
325	1058.5 	1459.24	2640.91	220.154
326	1058.5 	1458.47	2465.58	219.578
327	1058.5 	1458.21	2661.5 	217.396
328	1058.5 	1456.79	2557.62	211.832
329	1058.5 	1459.62	2580.16	213.754
330	1058.5 	1462.89	2677.11	219.912
331	1058.5 	1461.62	2673.5 	212.918
332	1058.5 	1467.64	2573.1 	225.185
333	1058.5 	1465.12	2435.63	222.119
334	1058.5 	1465.37	2435.63	222.921
335	1058.5 	1463.44	2383.4 	223.617
336	1058.5 	1462.22	2600.76	225.415
337	1058.5 	1466.17	3930.77	254.584
338	1058.5 	1465.73	3082.12	241.15 
339	1058.5 	1465.93	2818.43	229.606
340	1058.5 	1466.77	2667.56	225.539
341	1058.5 	1462.68	2531.29	215.907
342	1058.5 	1462.86	2531.29	219.27 
343	1058.5 	1462.63	2441.64	216.438
344	1058.5 	1463.72	2441.64	213.673
345	1058.5 	1465.32	2627.45	223.451
346	1058.5 	1464.87	2618   	226.16 
347	1058.5 	1463.33	2618   	221.873
348	1058.5 	1460.38	2618   	220.626
349	1058.5 	1459.72	2891.18	220.884
350	1058.5 	1459.19	2782.36	215.611
351	1058.5 	1454.91	2343.76	210.823
352	1058.5 	1459.58	2896.96	224.344
353	1058.5 	1458.26	2896.96	225.158
354	1058.5 	1456.47	2643.33	219.632
355	1058.5 	1455.96	2554.89	216.418
356	1058.5 	1455.67	2381.71	214.653
357	1058.5 	1452.88	2338.86	206.962
358	1058.5 	1450.31	2250.28	199.269
359	1058.5 	1451.95	2475.04	207.575
360	1058.5 	1447.77	2411.45	204.164
361	1058.5 	1448.29	2421.59	204.373
362	1058.5 	1453.4 	2669.48	216.151
363	1058.5 	1448.88	2669.48	210.407
364	1058.5 	1448.56	2573.14	207.089
365	1058.5 	1448.97	2756.28	211.558
366	1058.5 	1448.96	3207.93	222.284
367	1058.5 	1443.49	2411.42	205.667
368	1058.5 	1445.27	2572.35	216.789
369	1058.5 	1444.57	2572.35	216.627
370	1058.5 	1445.8 	2549.31	222.614
371	1058.5 	1449.19	4049.92	238.525
372	1058.5 	1450.43	2951.24	227.897
373	1058.5 	1446.58	2478.19	213.797
374	1058.5 	1447.21	2540.33	208.773
375	1058.5 	1446.7 	2319.1 	202.006
376	1058.5 	1445.86	2319.1 	204.108
377	1058.5 	1449.27	2417.56	207.465
378	1058.5 	1449.71	2571.86	214.463
379	1058.5 	1450.61	2417.56	208.117
380	1058.5 	1452.62	2417.56	206.023
381	1058.5 	1451.89	2454.87	214.255
382	1058.5 	1449.34	2306.11	207.476
383	1058.5 	1452.68	2587.48	217.196
384	1058.5 	1447.95	2314.16	206.988
385	1058.5 	1446.98	2365.61	210.955
386	1058.5 	1446.71	2365.61	211.569
387	1058.5 	1444.46	2387.22	210.881
388	1058.5 	1446.7 	2485.15	213.435
389	1058.5 	1444.99	2586.19	216.196
390	1058.5 	1446.22	2326.82	209.107
391	1058.5 	1444.4 	2697.98	213.362
392	1058.5 	1442.67	2246.47	204.675
393	1058.5 	1445.9 	2721.02	210.49 
394	1058.5 	1448.2 	2721.02	218.85 
395	1058.5 	1446.4 	2480.18	209.895
396	1058.5 	1439.23	2480.18	205.808
397	1058.5 	1444.04	3097.46	219.539
398	1058.5 	1441.88	2659.05	208.495
399	1058.5 	1441.5 	2659.05	207.212
400	1058.5 	1440.68	2458.31	206.212
401	1058.5 	1443.81	2492.51	211.91 
402	1058.5 	1443.72	2492.51	217.044
403	1058.5 	1447.55	2481.12	227.945
404	1058.5 	1445.36	2471.46	220.397
405	1058.5 	1443.02	2418.23	215.518
406	1058.5 	1441.52	2418.23	209.007
407	1058.5 	1445.01	2387.31	209.351
408	1058.5 	1441.8 	2750.85	206.872
409	1058.5 	1444.18	2551.19	211.029
410	1058.5 	1444.99	2389.64	208.101
411	1058.5 	1446.6 	2945.1 	225.526
412	1058.5 	1444.01	2416.28	216.59 
413	1058.5 	1443.87	2322.57	214.276
414	1058.5 	1435.11	2339.33	200.923
415	1058.5 	1438.74	2337.05	205.312
416	1058.5 	1436.97	2276.28	200.1  
417	1058.5 	1432.18	2276.28	196.817
418	1058.5 	1427.57	2276.28	195.998
419	1058.5 	1430.07	2370.02	199.502
420	1058.5 	1430.74	2380.17	196.834
421	1058.5 	1429.95	2375.02	196.444
422	1058.5 	1429.04	2304.82	194.466
423	1058.5 	1429.25	2376.97	196.32 
424	1058.5 	1430.69	2271.79	197.577
425	1058.5 	1431.36	2490.41	203.66 
426	1058.5 	1431.25	2490.41	209.467
427	1058.5 	1429.79	2413.28	207.245
428	1058.5 	1430.23	2460.78	210.516
429	1058.5 	1424.45	2314.51	197.622
430	1058.5 	1421.87	2417.16	196.081
431	1058.5 	1421.64	2500.59	196.082
432	1058.5 	1426.35	2399.33	200.687
433	1058.5 	1427.47	2399.33	208.007
434	1058.5 	1428.37	2399.33	208.237
435	1058.5 	1427.06	2481.27	207.305
436	1058.5 	1428.57	2481.27	205.777
437	1058.5 	1428.04	2637.95	204.388
438	1058.5 	1426.61	2544.45	198.754
439	1058.5 	1422.6 	2462.75	197.819
440	1058.5 	1424.04	2351.07	191.511
441	1058.5 	1420.25	2186.09	192    
442	1058.5 	1421.04	2202.84	191.748
443	1058.5 	1423.17	2263.34	191.112
444	1058.5 	1423.64	2269.41	189.535
445	1058.5 	1427.49	2269.41	195.946
446	1058.5 	1427.01	2309.43	199.878
447	1058.5 	1424.98	2326.1 	192.295
448	1058.5 	1424.75	2473.6 	195.278
449	1058.5 	1424.89	2645.81	194.97 
450	1058.5 	1424.4 	2347.42	191.683
451	1058.5 	1426.44	2347.42	195.71 
452	1058.5 	1425.7 	2480.99	199.23 
453	1058.5 	1429.86	2388.47	208.943
454	1058.5 	1425.02	2381.66	207.288
455	1058.5 	1420.88	2459.37	197.915
456	1058.5 	1421.78	2364.89	196.963
457	1058.5 	1422.38	2665.3 	200.966
458	1058.5 	1418.43	2795.32	201.13 
459	1058.5 	1414.13	2541.58	190.035
460	1058.5 	1417.27	2705.91	190.048
461	1058.5 	1417.89	2705.91	188.474
462	1058.5 	1419.83	2705.91	197.655
463	1058.5 	1414.81	2280.1 	182.963
464	1058.5 	1417.34	2263.12	181.059
465	1058.5 	1421.66	2509.48	193.683
466	1058.5 	1422.15	2277.02	191.655
467	1058.5 	1420.8 	2679.13	201.553
468	1058.5 	1414.08	2454.63	187.881
469	1058.5 	1411.35	2454.63	178.557
470	1058.5 	1414.05	2520.43	185.029
471	1058.5 	1418.59	2667.68	196.183
472	1058.5 	1423.36	2634.77	200.651
473	1058.5 	1419.72	2263.46	191.678
474	1058.5 	1418.74	2438.02	189.399
475	1058.5 	1417.65	2523.76	192.512
476	1058.5 	1421.1 	2876.15	196.701
477	1058.5 	1420.91	2570.06	191.936
478	1058.5 	1421.61	2570.06	189.808
479	1054.45	1421.4 	2570.06	190.899
480	1054.45	1418.86	2875.08	200.014
481	1054.45	1417.55	2499.67	189.156
482	1054.45	1414.17	2245.9 	189.475
483	1054.45	1412.79	2245.9 	188.233
484	1054.45	1414.83	2296.03	190.703
485	1054.45	1414.42	2617.4 	196.882
486	1054.45	1415.95	2442.45	192.945
487	1054.45	1414.02	2229.29	193.544
488	1054.45	1413.92	2381.35	190.938
489	1054.45	1412.86	2741.36	194.381
490	1054.45	1415.82	2306.45	194.464
491	1054.45	1418.08	2306.45	192.195
492	1054.45	1414.64	2376.57	195.65 
493	1054.45	1412.68	2376.57	190.075
494	1054.45	1413.12	2358.71	192.308
495	1054.45	1412.74	2272.77	189.103
496	1054.45	1407.87	2402.77	179.008
497	1054.45	1407.84	2267.73	175.662
498	1054.45	1405.67	2267.73	176.123
499	1054.45	1406.38	2255.12	178.049
1000.00000001
