/usr/lib/python2.7/site-packages/deap/tools/_hypervolume/pyhv.py:33: ImportWarning: Falling back to the python version of hypervolume module. Expect this to be very slow.
  "module. Expect this to be very slow.", ImportWarning)
gen	min    	avg    	max    	std    
0  	1145.79	1673.28	3360.47	353.373
1  	1145.79	1674.31	3177.99	355.109
2  	1145.79	1675.19	3076.92	349.107
3  	1108.85	1668.81	3250.64	333.484
4  	1108.85	1666.78	3128.88	335.771
5  	1108.85	1666.37	3090.24	333.265
6  	1108.85	1663.53	3108.42	332.66 
7  	1108.85	1664.07	3090.24	332.345
8  	1108.85	1672.79	3350.9 	349.643
9  	1108.85	1669.52	3886.48	347.588
10 	1108.85	1659.28	3051.42	327.896
11 	1108.85	1659.11	3004.68	325.7  
12 	1108.85	1662.69	2996.31	328.285
13 	1108.85	1665.78	2963.9 	338.087
14 	1108.85	1667.88	3030.99	339.929
15 	1108.58	1665.97	3032.94	344.425
16 	1108.58	1667.57	3127.49	342.501
17 	1108.58	1667.28	3073.21	343.194
18 	1108.58	1666.99	3267.27	351.78 
19 	1108.58	1666.3 	3103.4 	353.782
20 	1108.58	1658.65	3103.4 	350.602
21 	1097.69	1660.13	3126.64	357.807
22 	1097.69	1659.98	3165.53	360.594
23 	1097.69	1658.67	3612.14	375.731
24 	1097.69	1651.49	3612.14	367.233
25 	1097.69	1647.91	3518.65	362.886
26 	1097.69	1649.44	3518.65	364.079
27 	1097.69	1648.87	3688.5 	363.972
28 	1097.69	1646.74	3609.91	361.702
29 	1097.69	1644.23	3443.55	346.231
30 	1097.69	1641.92	2998.78	325.174
31 	1097.69	1646.11	3007.4 	326.655
32 	1097.69	1641.49	2889.69	318.239
33 	1089.18	1638.55	3609.66	320.591
34 	1089.18	1638.78	3328.39	326.99 
35 	1089.18	1637.96	3122.86	322.587
36 	1089.18	1638.41	3053.84	324.385
37 	1089.18	1639.19	3038.14	329.591
38 	1089.18	1644.33	4306.58	340.049
39 	1089.18	1638.04	3062.3 	328.44 
40 	1089.18	1636.97	3002   	324.475
41 	1089.18	1636.61	3182.07	330.538
42 	1089.18	1632.29	3182.07	325.078
43 	1089.18	1631.71	3179.13	332.099
44 	1086.55	1634.54	3162.52	337.327
45 	1068.73	1629.98	3097.59	339.482
46 	1068.73	1633.2 	2926.91	332.002
47 	1068.68	1631.79	3253.61	332.707
48 	1068.68	1628.28	3189.12	328.328
49 	1068.68	1628.66	3329.73	331.937
50 	1068.68	1627.05	3125.01	321.547
51 	1068.68	1626.06	3417.18	325.575
52 	1068.68	1623.67	3163.03	321.51 
53 	1068.68	1622.91	3066.84	316.651
54 	1068.68	1627.12	3136.83	322.266
55 	1068.68	1631.8 	3358.15	326.869
56 	1068.68	1631.6 	3029.37	321.703
57 	1068.68	1634.15	3002.03	325.322
58 	1068.68	1638.53	3087.18	342.637
59 	1068.68	1635.76	3002.03	344.149
60 	1068.68	1634.4 	3138.85	345.159
61 	1068.68	1628.84	3114.9 	342.184
62 	1068.68	1627.69	3146.46	342.802
63 	1068.68	1630.42	3146.46	348.415
64 	1068.68	1625.92	3087.23	335.084
65 	1068.68	1626.72	3087.23	332.104
66 	1068.68	1625.37	3227.24	326.069
67 	1068.68	1617.71	3119.17	315.945
68 	1068.68	1620.33	3119.17	329.962
69 	1068.68	1621.27	3452.81	339.112
70 	1068.68	1619.5 	3261.47	330.679
71 	1068.68	1621.33	3125.47	332.137
72 	1068.68	1614.9 	3049.52	320.048
73 	1068.68	1618.73	3049.52	332.15 
74 	1068.68	1617.86	2996.47	328.475
75 	1068.68	1609.97	2996.47	316.83 
76 	1068.68	1610.73	3303.72	324.942
77 	1068.68	1610.94	3040.54	316.432
78 	1068.68	1613.21	3040.54	327.317
79 	1068.68	1609.37	3057.65	320.218
80 	1068.68	1602.87	3057.65	307.292
81 	1068.68	1605.17	3048.7 	319.279
82 	1068.68	1601.83	2947.78	306.779
83 	1068.68	1607.39	3175.18	310.833
84 	1068.68	1607.29	3179.74	322.687
85 	1068.68	1604.44	3212.82	324.055
86 	1068.68	1609.67	3467.92	336.429
87 	1068.68	1605.09	3467.92	328.832
88 	1068.68	1603.52	3199.22	315.835
89 	1068.68	1601.68	3013.71	314.401
90 	1068.68	1604.76	3211.45	321.865
91 	1068.68	1607.54	3380.76	325.459
92 	1068.68	1605.26	2968.58	314.032
93 	1068.68	1601.99	2968.58	303.039
94 	1068.68	1604.7 	3110.29	313.179
95 	1068.68	1603.38	3060.92	312.897
96 	1068.68	1598.64	3515.54	316.17 
97 	1068.68	1594.71	3117.67	306.149
98 	1068.68	1590.7 	3129.09	298.296
99 	1068.68	1588.77	3129.09	291.342
100	1068.68	1589.91	2784.14	288.314
101	1068.68	1595.32	3570.94	296.532
102	1068.68	1595.89	3050.88	304.887
103	1068.68	1592.01	3605.3 	308.644
104	1068.68	1591.3 	3196.99	307.161
105	1068.68	1586.16	2962.23	297.109
106	1068.68	1585.94	3318.82	293.638
107	1068.68	1587.56	2915.16	292.013
108	1068.68	1592.75	2940.87	301.055
109	1068.68	1594.23	2992.09	292.117
110	1068.68	1592.57	2749.72	281.603
111	1068.68	1587.81	2749.72	276.325
112	1068.68	1585.75	2803.43	279.155
113	1068.68	1589.9 	2803.43	294.704
114	1068.68	1587.31	2790.69	296.231
115	1068.68	1589.46	3639.81	303.895
116	1068.68	1591.75	2900.34	305.654
117	1068.68	1583.53	2812.28	294.517
118	1068.68	1587.06	2824.22	304.752
119	1068.68	1584.96	2978   	302.72 
120	1068.68	1583.71	2978   	302.324
121	1068.68	1584.35	2978   	305.27 
122	1068.68	1582.64	2691.3 	298.648
123	1068.68	1578.9 	2897.99	294.223
124	1068.68	1579.26	2897.99	296.358
125	1068.68	1576.62	2912.01	298.969
126	1068.68	1572.42	2897.99	288.961
127	1068.68	1569.78	3034.36	288.275
128	1068.68	1577.44	3151.46	301.908
129	1068.68	1580.52	3038.41	305.827
130	1068.68	1582.19	3528.26	312.22 
131	1068.68	1579.64	3213.57	304.244
132	1068.68	1574.15	3213.57	293.194
133	1068.68	1573.2 	3840.56	295.201
134	1068.68	1569.66	3355.27	284.513
135	1068.68	1570.1 	2827.97	281.203
136	1068.68	1569.27	2889.29	277.95 
137	1068.68	1563.58	2986.37	265.611
138	1068.68	1567.47	3097.35	276.384
139	1068.68	1566.41	3097.35	276.855
140	1068.68	1568.63	2787.09	280.523
141	1068.68	1573.3 	3189.72	278.826
142	1068.68	1573.1 	2998.19	278.674
143	1068.68	1577.33	2998.19	298.402
144	1068.68	1579.41	2998.19	298.856
145	1068.68	1587.55	3119.51	317.824
146	1068.68	1591.29	3119.51	322.893
147	1068.68	1586.64	3241.66	316.43 
148	1068.68	1586.46	3119.51	317.767
149	1068.68	1584.13	3033.59	312.123
150	1068.68	1583.74	3033.59	312.274
151	1068.68	1580.25	2953.82	310.642
152	1068.68	1578.03	3519.13	310.307
153	1068.68	1578.14	3519.13	311.098
154	1068.68	1577.97	4090.16	316.536
155	1068.68	1572.53	3473.32	311.857
156	1068.68	1568.23	3241.9 	299.857
157	1068.68	1568.69	3200.99	287.423
158	1068.68	1570.16	3071.94	291.642
159	1068.68	1564.21	3092.88	279.234
160	1068.68	1570.74	2824.8 	282.406
161	1068.68	1564.59	3311.04	286.088
162	1068.68	1563.28	3007.8 	285.215
163	1068.68	1565.56	3082.44	286.88 
164	1068.68	1569.15	3082.44	295.924
165	1068.68	1568.45	3082.44	292.927
166	1068.68	1567.25	3082.44	294.539
167	1068.68	1564.57	3056.21	299.589
168	1068.68	1559.35	2939.8 	291.004
169	1068.68	1560.11	3123.39	301.33 
170	1068.68	1560.77	3808.29	303.975
171	1068.68	1560.04	3057.33	297.017
172	1068.68	1559.84	3021.69	296.017
173	1068.68	1557.64	3257.48	295.872
174	1068.68	1558.01	3240.86	301.24 
175	1068.68	1563.01	3240.86	311.026
176	1068.68	1564.01	3240.86	310.182
177	1060.18	1561.1 	3205.31	309.703
178	1060.18	1570.75	3205.31	316.388
179	1060.18	1567.35	3598.23	312.933
180	1060.18	1565.87	3312.78	304.511
181	1060.18	1562.28	2999.59	299.638
182	1060.18	1555.41	3082.78	303.768
183	1060.18	1553.35	2999.59	296.72 
184	1060.18	1548.83	2999.59	279.933
185	1060.18	1551.1 	3798.46	293.742
186	1060.18	1554.65	3321.3 	294.777
187	1060.18	1547.5 	3321.3 	288.82 
188	1060.18	1557.41	3157.61	302.683
189	1060.18	1551.3 	3142.37	281.601
190	1060.18	1550.11	2969.66	274.925
191	1060.18	1553.4 	2969.66	288.438
192	1060.18	1550.84	2963.63	282.527
193	1060.18	1551.4 	3107.44	286.907
194	1060.18	1554.37	2938.05	285.163
195	1060.18	1551.95	3625.32	284.736
196	1060.18	1558.85	3709.44	309.35 
197	1060.18	1557.18	3620.58	306.571
198	1060.18	1547.57	3048.28	282.71 
199	1060.18	1546.32	3047.11	288.563
200	1060.18	1543.48	3047.11	281.829
201	1060.18	1541.9 	3047.11	285.283
202	1060.18	1539.57	2858.69	279.707
203	1060.18	1538.89	2801.87	278.298
204	1060.18	1537.13	3011.55	275.593
205	1060.18	1540.18	2935.18	278.371
206	1060.18	1537.42	3555.74	285.146
207	1060.18	1532.1 	3519.22	275.242
208	1060.18	1535.18	3519.22	274.461
209	1060.18	1530.34	2675.2 	259.12 
210	1060.18	1530.15	2744.38	253.11 
211	1060.18	1530.22	3242.24	252.154
212	1060.18	1530.6 	3242.24	253.267
213	1060.18	1532.52	3143.16	252.252
214	1060.18	1533.45	2923.28	254.311
215	1060.18	1536.92	2845.45	255.165
216	1060.18	1536.5 	2693.23	266.879
217	1060.18	1534.53	2636.34	259.533
218	1060.18	1532.17	2526.29	253.829
219	1060.18	1532.2 	2666.2 	258.69 
220	1060.18	1531.28	2665.4 	262.152
221	1060.18	1528.34	2954.35	261.713
222	1060.18	1526.91	2677.72	258.828
223	1060.18	1525.33	2651.62	258.606
224	1060.18	1522.37	2642.04	254.839
225	1060.18	1521.51	2540.32	254.45 
226	1060.18	1519.47	2723.79	254.109
227	1060.18	1522.39	2818.54	256.874
228	1060.18	1519.39	2622.86	253.976
229	1060.18	1523   	2992.69	260.32 
230	1060.18	1520.01	2606.47	250.649
231	1060.18	1522.4 	4021.73	266.455
232	1060.18	1524.58	2879.75	261.102
233	1060.18	1524.54	2898.82	257.225
234	1060.18	1525.33	2717.84	260.246
235	1060.18	1527.66	2812.39	260.07 
236	1060.18	1531.51	3014.32	268.218
237	1060.18	1537.75	3045.13	274.632
238	1060.18	1537.95	2972.65	271.995
239	1060.18	1531.2 	2955.25	261.398
240	1060.18	1532.6 	2763.52	258.681
241	1060.18	1527.03	2971.6 	264.704
242	1060.18	1525.01	2906.63	257.536
243	1060.18	1533.68	2906.63	272.772
244	1060.18	1533.08	2665.61	269.835
245	1060.18	1535.75	2822.51	281.912
246	1060.18	1532.54	3227.63	281.858
247	1060.18	1531.53	2820.19	286.14 
248	1060.18	1531.49	3598.21	289.333
249	1057.96	1532.53	3043.66	284.768
250	1057.96	1526.99	3043.66	283.781
251	1057.96	1529.3 	3043.66	285.252
252	1057.96	1528.16	2963.1 	274.972
253	1057.96	1526.81	3292.71	274.269
254	1057.96	1523.92	2877.37	259.57 
255	1057.96	1522.49	2877.37	260.541
256	1057.96	1519.49	2933.2 	252.013
257	1057.96	1514.98	2660.33	247.814
258	1057.96	1518.14	2659.36	255.4  
259	1057.96	1516.34	3436.87	262.316
260	1057.96	1519.21	3160.94	268.317
261	1057.96	1516.19	2917.23	262.407
262	1057.96	1515.94	2917.23	263.622
263	1057.96	1516.05	2709.08	261.28 
264	1057.96	1510.48	2751.55	243.618
265	1057.96	1515.14	3019.19	256.353
266	1057.96	1516.08	3019.19	264.434
267	1057.96	1507.01	3019.19	256.081
268	1057.96	1510.64	2907.17	259.686
269	1057.96	1513.02	2871.28	256.993
270	1057.96	1512.85	3119.44	261.688
271	1057.96	1511.64	3119.44	268.568
272	1057.96	1507.23	3119.44	257.557
273	1057.96	1510.61	2718.1 	257.855
274	1057.96	1509.1 	2663.44	254.121
275	1057.96	1513.67	2827.86	262.222
276	1057.96	1515.67	3227.56	272.526
277	1057.96	1519.05	3227.56	280.641
278	1057.96	1511.14	3310.17	268.619
279	1057.96	1506.94	3126.02	256.048
280	1057.96	1505.17	2658.86	254.657
281	1057.96	1500.1 	2911.98	251.385
282	1057.96	1505.57	3128.88	263.526
283	1057.96	1507.83	3061.61	261.841
284	1057.96	1507.12	3323.44	261.892
285	1057.96	1507.16	3134.9 	258.778
286	1057.96	1506.13	2990.99	249.764
287	1057.96	1502.93	3022.73	255.08 
288	1057.96	1497.13	2984.12	242.522
289	1057.96	1495.48	2723.67	239.072
290	1057.96	1497.11	2912.43	250.38 
291	1057.96	1499.28	2808.72	253.39 
292	1057.96	1502.43	2808.72	254.412
293	1057.96	1505.63	3227.48	271.655
294	1057.96	1500.99	2939.68	262.525
295	1057.96	1497.8 	2939.68	259.763
296	1057.96	1503.04	2775.62	263.875
297	1057.96	1501.42	2758.73	253.487
298	1057.96	1504.25	3083.86	261.622
299	1057.96	1503.23	2875.33	258.545
300	1057.96	1502.41	2716.17	255.437
301	1057.96	1504.24	2716.17	264.251
302	1057.96	1502.22	2716.17	258.302
303	1057.96	1502.55	3098.91	258.468
304	1057.96	1500.77	2773.78	252.253
305	1057.96	1495.57	2755.13	250.933
306	1057.96	1493.81	2782.96	248.75 
307	1057.96	1497.43	2782.96	248.471
308	1057.96	1497.14	2702.53	249.043
309	1057.96	1497.82	2681.19	243.751
310	1057.96	1497.86	2681.19	244.68 
311	1057.96	1492.98	2695.12	242.448
312	1057.96	1497.9 	2595.53	247.738
313	1057.96	1500.93	2560.92	246.143
314	1057.96	1499.71	3320.78	264.075
315	1057.96	1494.99	3193.82	257.214
316	1057.96	1489.11	3080.95	249.909
317	1057.96	1491.29	2863.8 	251.956
318	1057.96	1492.79	2431.34	246.423
319	1057.96	1492.62	2669.9 	247.521
320	1057.96	1491.01	2561.08	244.026
321	1057.04	1492.09	2813.95	244.448
322	1057.04	1490.16	2865.37	241.435
323	1057.04	1491.44	2865.37	245.285
324	1057.04	1496.87	2901   	259.293
325	1057.04	1490.74	2806.05	243.271
326	1057.04	1490.78	2488.67	236.359
327	1057.04	1490.34	2685.9 	239.779
328	1057.04	1489.07	2662.68	233.416
329	1057.04	1488.42	2712.44	236.289
330	1057.04	1486.63	2488.67	233.943
331	1057.04	1488.18	2582.79	243.783
332	1057.04	1485.03	2816.87	251.866
333	1057.04	1491.7 	3823.04	266.74 
334	1057.04	1488.62	3146.11	247.911
335	1057.04	1488.46	3125.13	250.865
336	1057.04	1488.45	2971.19	246.149
337	1057.04	1486.54	2544.88	240.21 
338	1057.04	1487.22	2544.31	236.85 
339	1057.04	1487.27	2636.52	235.735
340	1057.04	1492.73	2921.64	246.169
341	1057.04	1493.85	2921.64	248.655
342	1057.04	1493.56	2790.5 	253.659
343	1057.04	1493.47	3028.61	260.203
344	1057.04	1493.48	2841.83	253.861
345	1057.04	1489.08	2719.84	241.333
346	1057.04	1487.86	2656.97	245.584
347	1057.04	1492.15	2627.39	252.058
348	1057.04	1493.4 	2485.23	246.877
349	1057.04	1495.51	2693.84	253.198
350	1057.04	1494.33	2693.84	255.647
351	1057.04	1491.65	2603.17	258.705
352	1057.04	1488.44	2603.17	261.221
353	1057.04	1484   	2603.17	254.505
354	1057.04	1482.38	2603.17	246.983
355	1057.04	1479.86	2572.78	242.236
356	1057.04	1480.32	2796.17	251.451
357	1057.04	1485.66	2782.78	257.859
358	1057.04	1488.06	2606.31	258.163
359	1057.04	1487.39	3386.6 	254.653
360	1057.04	1483.45	2753.98	252.433
361	1057.04	1481.97	2691.92	250.024
362	1057.04	1481.54	2496.31	244.133
363	1057.04	1483.7 	3494.4 	254.967
364	1057.04	1481.04	3494.4 	249.908
365	1057.04	1477   	2898.71	235.133
366	1057.04	1477.91	2668.5 	239.118
367	1057.04	1475.56	2735.49	235.26 
368	1057.04	1474.94	2468.12	235.838
369	1057.04	1474.68	2573.97	233.536
370	1057.04	1471.3 	2774.54	239.45 
371	1057.04	1469.67	2774.54	234.216
372	1057.04	1471.16	2609.25	228.139
373	1057.04	1473.31	2504.29	231.052
374	1057.04	1472.18	2484.17	235.21 
375	1057.04	1469.89	2544.39	229.583
376	1057.04	1468.66	2557.65	236.632
377	1057.04	1462.62	2557.65	228.559
378	1057.04	1466.98	2557.65	234.949
379	1057.04	1466.67	2686.25	239.989
380	1057.04	1468.8 	2654.6 	237.032
381	1057.04	1469.06	2654.6 	234.923
382	1057.04	1467.54	2617.63	235.792
383	1057.04	1467.7 	2544.2 	237.112
384	1057.04	1468.58	3776.24	243.377
385	1057.04	1465.89	2597.88	235.259
386	1057.04	1467.79	2983.87	242.33 
387	1057.04	1467.52	2739.67	236.587
388	1057.04	1466.79	2685.9 	227.033
389	1057.04	1471.05	2530.09	239.715
390	1057.04	1473.52	2530.09	246.324
391	1057.04	1471.94	3030.77	245.439
392	1057.04	1475.29	2881.36	248.475
393	1057.04	1468.83	2690.74	243.507
394	1057.04	1478.13	2690.74	253.02 
395	1057.04	1471.29	2668.83	236.715
396	1057.04	1471.05	2805.45	243.604
397	1057.04	1473.14	2803.16	252.904
398	1057.04	1472.75	2889.65	254.86 
399	1057.04	1472.18	2905.25	251.624
400	1057.04	1468.82	2848.26	246.278
401	1057.04	1460.74	2749.96	232.635
402	1057.04	1460.59	2986.61	240.787
403	1057.04	1459.12	2667.95	231.945
404	1057.04	1462.99	2716.45	240.121
405	1057.04	1460.01	2666.49	232.034
406	1057.04	1459.27	2547.08	229.904
407	1057.04	1462.07	2702.37	235.767
408	1057.04	1464.4 	2768.95	235.924
409	1057.04	1463.2 	3354.29	241.946
410	1057.04	1461.13	2966.27	238.291
411	1057.04	1466.56	2836.35	245.679
412	1057.04	1463.63	2617.13	242.986
413	1057.04	1464.6 	2574.03	231.568
414	1057.04	1463.83	2649.95	234.874
415	1057.04	1462.8 	2649.95	234.748
416	1057.04	1466.4 	2674.02	237.262
417	1057.04	1461.07	2511.26	233.997
418	1052.99	1460.39	2511.26	231.009
419	1052.99	1456.49	2511.26	229.744
420	1052.99	1454.88	2743.74	235.66 
421	1052.99	1452.43	2589.28	236.911
422	1052.99	1448.85	2592.26	226.106
423	1052.99	1450.63	2572.69	226.342
424	1052.99	1453.06	2515.35	224.9  
425	1052.99	1455.25	2508.23	228.468
426	1052.99	1459.31	2622.86	232.501
427	1052.99	1459.68	2622.86	233.18 
428	1052.99	1460.38	2398.62	228.561
429	1052.99	1456.29	2523.73	219.724
430	1052.99	1455.57	2373.88	216.601
431	1052.99	1455.17	2854.05	225.045
432	1052.99	1451.05	2648.86	225.441
433	1052.99	1449.58	2648.86	219.423
434	1052.99	1451.59	2922.41	223.568
435	1052.99	1452.67	2922.41	223.939
436	1052.99	1451.03	2746.99	221.023
437	1052.99	1450.15	2467.88	217.295
438	1052.99	1443.69	2435.95	207.621
439	1052.99	1447.28	2425.71	209.553
440	1052.99	1445.76	2498.37	219.502
441	1052.99	1448.16	2720.21	225.336
442	1052.99	1449.99	2720.21	225.775
443	1052.99	1452.15	3990.44	264.31 
444	1052.99	1446.04	3194.97	232.701
445	1052.99	1446.97	2994.07	233.831
446	1052.99	1445.83	2870.44	232.817
447	1052.99	1445.81	2749.14	227.499
448	1052.99	1444.98	2754.47	227.403
449	1052.99	1444.16	2754.47	228.138
450	1052.99	1441.92	2831.01	225.187
451	1052.99	1439.21	2507.58	219.929
452	1052.99	1439.94	3600.64	231.927
453	1052.99	1437.16	2978.53	228.24 
454	1052.99	1436.92	2920.03	220.573
455	1052.99	1431.6 	2498.3 	201.989
456	1052.99	1427.86	2363.16	195.126
457	1052.99	1427.55	2231.15	192.973
458	1052.99	1423.46	2309.45	186.952
459	1052.99	1427.83	2309.45	199.985
460	1052.99	1421.97	2357.22	191.456
461	1052.99	1422.99	2437.23	192.597
462	1052.99	1423.3 	2430.43	191.93 
463	1052.99	1424.29	2304.92	191.336
464	1052.99	1426.85	2294.44	192.908
465	1052.99	1429.34	2499.5 	198.273
466	1052.99	1429.51	2334.46	206.279
467	1052.99	1428.16	2334.96	204.422
468	1052.99	1433.1 	2326.68	212.389
469	1052.99	1432.89	2409.66	216.67 
470	1052.99	1432.04	2409.66	209.593
471	1052.99	1434.56	2409.66	217.627
472	1052.99	1435.68	2396.03	218.445
473	1052.99	1433.89	2320.92	219.713
474	1052.99	1431.03	2384.3 	216.934
475	1052.99	1430.68	2532.32	212.974
476	1052.99	1428.91	2585.63	208.925
477	1052.99	1430.58	2566.4 	213.035
478	1052.99	1423.08	2387.2 	196.151
479	1052.99	1422.96	2387.2 	197.055
480	1052   	1424.58	2317.58	200.929
481	1052   	1422.01	2396.63	202.218
482	1052   	1420.55	2393.52	205.501
483	1052   	1425.79	2453.6 	212.747
484	1052   	1424.67	2324.32	208.128
485	1052   	1421.33	2406.58	210.642
486	1052   	1422.34	2792.1 	214.484
487	1052   	1424.69	2628.79	215.147
488	1052   	1422.7 	2725.94	216.262
489	1044.63	1419.66	2504.62	210.123
490	1044.63	1422.62	2478.47	217.827
491	1044.63	1420.82	2511.97	213.723
492	1044.63	1420.53	2511.97	219.144
493	1044.63	1420.34	2511.97	215.543
494	1044.63	1420.4 	2335.88	208.735
495	1044.63	1419   	2355.55	202.694
496	1044.63	1420.78	2452.88	207.731
497	1044.63	1421.93	2452.88	207.08 
498	1044.63	1422.18	2452.88	207.999
499	1044.63	1423.25	2525.72	217.61 
1000.00000001
