/usr/lib/python2.7/site-packages/deap/tools/_hypervolume/pyhv.py:33: ImportWarning: Falling back to the python version of hypervolume module. Expect this to be very slow.
  "module. Expect this to be very slow.", ImportWarning)
gen	min    	avg    	max    	std    
0  	1192.44	1675.64	3417.14	366.647
1  	1149.7 	1676.06	3254.56	362.227
2  	1149.7 	1667.08	3244.07	346.673
3  	1131.15	1671.37	3173.96	352.229
4  	1131.15	1666.45	3007.47	344.894
5  	1131.15	1665.52	3007.47	340.745
6  	1131.15	1656.84	3056.81	334.056
7  	1131.15	1655.5 	2979.76	341.306
8  	1119.49	1660.82	3296.98	345.432
9  	1119.49	1662.81	3031.3 	344.633
10 	1119.49	1659.99	2976.24	339.683
11 	1119.49	1656.36	2976.24	332.86 
12 	1119.49	1650.23	2916.67	317.078
13 	1119.49	1652.08	3320.56	340.402
14 	1119.49	1648.62	2999.43	332.139
15 	1119.49	1646.1 	2902.24	323.362
16 	1119.49	1640.64	3047.62	315.474
17 	1119.49	1640.05	2939.59	318.483
18 	1110.6 	1640.04	2953.16	324.808
19 	1110.6 	1639.8 	3133.26	332.144
20 	1110.6 	1649.54	3133.26	340.855
21 	1110.6 	1647.05	2985.38	341.922
22 	1110.6 	1647.17	3143.64	346.505
23 	1110.6 	1641.75	3024.78	327.705
24 	1110.6 	1632.73	3024.78	315.146
25 	1110.6 	1629.9 	2963.57	309.703
26 	1107.97	1635.59	2851.16	312.424
27 	1074.51	1634.93	3007.9 	310.787
28 	1074.51	1637.08	3417.57	326.218
29 	1074.51	1630.46	3259.79	320.663
30 	1074.51	1633.51	3188.1 	325.648
31 	1074.51	1630.49	2967.78	309.55 
32 	1074.51	1634.01	3093.38	317.592
33 	1074.51	1637.03	3396.8 	331.221
34 	1067.16	1637   	3326.16	336.035
35 	1067.16	1635.55	3326.16	338.303
36 	1067.16	1628.56	3246.13	334.831
37 	1067.16	1625.45	3029.35	323.586
38 	1067.16	1625.94	2944.58	320.474
39 	1067.16	1623.03	3164.8 	325.811
40 	1067.16	1627.64	3201.72	333.306
41 	1067.16	1625.92	3118.67	326.492
42 	1067.16	1624.11	3131.64	323.85 
43 	1067.16	1617.53	3043.17	311.414
44 	1067.16	1613.85	3215.77	314.207
45 	1067.16	1615.96	3092.39	305.601
46 	1067.16	1616.84	3605.26	304.722
47 	1067.16	1620.38	3255.93	311.691
48 	1067.16	1618.09	3148.54	304.621
49 	1067.16	1622.11	3298.41	313.588
50 	1067.16	1629.17	3370.97	331.233
51 	1067.16	1631.23	3370.97	329.893
52 	1067.16	1624.89	3177.58	318.562
53 	1067.16	1626.03	3081.07	310.335
54 	1067.16	1621.32	3022.66	312.03 
55 	1067.16	1621.13	3180.1 	312.341
56 	1067.16	1619.43	3112.08	312.774
57 	1067.16	1618.66	3112.08	318.81 
58 	1067.16	1621.17	3370.51	333.5  
59 	1067.16	1623.25	3420.52	331.902
60 	1067.16	1626.18	3635.04	329.182
61 	1067.16	1628.73	3384.97	338.763
62 	1067.16	1624.82	3359.83	338.136
63 	1067.16	1623.17	3146.38	330.266
64 	1067.16	1622   	3530.47	336.387
65 	1067.16	1618.92	3215.27	328.398
66 	1067.16	1618.06	3247.34	328.689
67 	1067.16	1620.42	3564.62	331.559
68 	1067.16	1615.93	3215.27	318.952
69 	1067.16	1617.21	3186.02	324.112
70 	1067.16	1607.83	3039.02	300.702
71 	1067.16	1608.96	2947.91	296.675
72 	1067.16	1618.12	2971.37	315.927
73 	1067.16	1617.83	3841.48	320.371
74 	1067.16	1614.29	2985.61	303.126
75 	1067.16	1611.23	2939.77	305.266
76 	1067.16	1607.8 	3001.31	309.511
77 	1067.16	1606.52	3211.18	304.256
78 	1067.16	1607.84	2819.48	294.116
79 	1067.16	1606.29	2886.05	303.51 
80 	1067.16	1602.91	2905.11	300.424
81 	1067.16	1605.4 	2903.29	302.43 
82 	1067.16	1606.88	3183.22	309.491
83 	1067.16	1609.47	3183.22	311.897
84 	1067.16	1608.48	2995.82	304.853
85 	1067.16	1608.18	2930.26	302.775
86 	1067.16	1612.68	2909.29	310.306
87 	1067.16	1602.87	2909.29	297.783
88 	1067.16	1606.81	3267.91	312.391
89 	1067.16	1603.47	3172.3 	304.388
90 	1067.16	1603.2 	3002.23	300.134
91 	1067.16	1594.02	3185.43	290.17 
92 	1067.16	1596.22	3288.73	295.411
93 	1067.16	1596.75	3147.53	305.856
94 	1067.16	1594.65	3294.95	304.865
95 	1067.16	1595.89	3294.95	309.073
96 	1067.16	1588.09	3213.1 	297.977
97 	1067.16	1591.42	3213.1 	308.616
98 	1067.16	1586.66	3154.66	300.346
99 	1067.16	1586.92	3326.23	293.711
100	1067.16	1590.52	3158.47	305.436
101	1067.16	1584.25	3158.03	291.926
102	1067.16	1584.12	3718.44	309.616
103	1067.16	1592.42	2958.43	312.099
104	1067.16	1593.94	2958.43	310.974
105	1067.16	1588.85	2986.52	306.72 
106	1067.16	1583.86	3132.64	297.342
107	1067.16	1586.2 	3383.79	309.085
108	1067.16	1578.02	3627.48	309.529
109	1067.16	1575.43	3154.25	307.429
110	1067.16	1578.71	3064.11	298.248
111	1067.16	1578.16	3287.18	291.309
112	1067.16	1580.16	3114.11	296.578
113	1067.16	1581.88	2922.64	289.683
114	1067.16	1573.7 	2809.65	279.176
115	1067.16	1575.79	2807.9 	281.687
116	1067.16	1576.87	2674.37	279.226
117	1067.16	1567.33	2801.35	269.256
118	1067.16	1574.2 	3038.57	284.901
119	1067.16	1571.08	2801.35	282.632
120	1067.16	1571.56	2797.75	292.787
121	1067.16	1568.51	2966.55	288.436
122	1067.16	1566.61	2719.34	278.979
123	1067.16	1567.27	2581.48	274.559
124	1067.16	1566.48	2595.43	274.241
125	1067.16	1563.27	2758.1 	271.435
126	1067.16	1565.74	2758.1 	275.851
127	1067.16	1566.3 	2871.82	275.584
128	1067.16	1565.77	3154.39	283.14 
129	1067.16	1573.95	3154.39	291.172
130	1067.16	1568.95	2887.33	291.753
131	1067.16	1570.47	3340.09	304.132
132	1067.16	1565.46	3006.48	290.879
133	1067.16	1561.86	2911.23	281.187
134	1067.16	1561.62	2723.27	276.79 
135	1067.16	1562.43	3128.52	287.033
136	1067.16	1561.1 	2965.89	278.001
137	1067.16	1561.5 	2965.89	280.538
138	1067.16	1562.19	2723.27	281.123
139	1067.16	1558.6 	3227.31	291.182
140	1067.16	1554.58	2985.26	272.29 
141	1067.16	1556.1 	2985.26	274.779
142	1067.16	1556.91	3064.63	281.682
143	1067.16	1553.05	3064.63	274.619
144	1067.16	1555.74	2980.75	279.591
145	1067.16	1560.69	2942.28	284.64 
146	1067.16	1561.04	2942.28	285.315
147	1067.16	1560.35	3325.27	285.599
148	1067.16	1561.44	3164.79	285.691
149	1067.16	1559.35	2798.84	281.042
150	1067.16	1555.76	2891.52	274.793
151	1067.16	1555.41	2818.91	292.438
152	1067.16	1555.51	2894.81	284.694
153	1067.16	1558.01	2812.85	281.218
154	1067.16	1560.4 	3038.88	292.206
155	1067.16	1552.01	2954.55	281.052
156	1067.16	1554.11	2832.73	283.182
157	1067.16	1555.23	2934.4 	280.682
158	1067.16	1557.03	2850.04	284.786
159	1067.16	1555.2 	2826.16	282.951
160	1067.16	1550.09	2880.85	275.87 
161	1067.16	1547.74	2665.6 	265.844
162	1067.16	1549.8 	2897.61	267.921
163	1067.16	1545.48	2743.92	261.49 
164	1067.16	1543.31	3109.86	264.71 
165	1067.16	1547.68	3285.97	281.047
166	1067.16	1545.07	3285.97	273.099
167	1067.16	1547.92	3153.74	291.097
168	1067.16	1548.96	3153.74	291.024
169	1067.16	1552.3 	3874.57	297.8  
170	1067.16	1547.88	3524.48	284.134
171	1067.16	1540.36	2869.13	264.175
172	1067.16	1534.54	3155.94	255.526
173	1067.16	1538.18	2819.51	253.091
174	1067.16	1539.85	3151.27	266.342
175	1067.16	1538.8 	2984.23	269.208
176	1067.16	1535.68	2678.78	256.037
177	1067.16	1534.5 	2568.44	251.789
178	1067.16	1532.9 	2568.44	245.094
179	1067.16	1533.3 	2779.34	257.095
180	1067.16	1531.38	2636.39	251.507
181	1067.16	1532.34	3069.19	255.749
182	1067.16	1533.59	2862.25	257.997
183	1067.16	1535.03	2982.48	265.372
184	1067.16	1532.25	2850.72	255.925
185	1067.16	1531.15	2798.58	255.136
186	1067.16	1531.36	2743.47	260.503
187	1067.16	1532.96	2552.78	252.483
188	1067.16	1538.18	2956.47	262.844
189	1067.16	1536.89	2956.47	266.188
190	1067.16	1535.22	3182.27	277.947
191	1067.16	1534.79	3093.9 	263.297
192	1067.16	1542.87	3451.61	276.56 
193	1067.16	1543.85	3042.47	270.078
194	1067.16	1538.28	2952.9 	261.499
195	1067.16	1538.86	2952.9 	270.612
196	1067.16	1542.33	2928.84	279.429
197	1067.16	1535.9 	2928.84	276.283
198	1067.16	1538.22	2820.09	274.755
199	1067.16	1533.1 	2797.21	273.149
200	1067.16	1529.26	2802.37	269.804
201	1067.16	1531.1 	2802.37	271.906
202	1067.16	1531.02	2814.26	273.211
203	1067.16	1528.47	3004.15	275.282
204	1067.16	1529.44	2807.9 	266.751
205	1067.16	1532.82	3335.57	277.812
206	1067.16	1536.17	3025.46	280.961
207	1067.16	1535.21	2997.53	288.356
208	1067.16	1534.72	2756.64	277.887
209	1067.16	1540.04	3208.02	290.213
210	1067.16	1538.71	3140.33	292.625
211	1067.16	1531.24	3011.16	283.732
212	1067.16	1535.02	2964.31	288.582
213	1067.16	1529.93	2816.19	274.751
214	1067.16	1528.6 	2667.79	270.214
215	1067.16	1524.92	2830.31	263.601
216	1067.16	1520.09	2647.96	256.544
217	1067.16	1523.32	2884.27	263.169
218	1067.16	1529.98	2884.27	276.151
219	1067.16	1526.48	2884.27	273.52 
220	1067.16	1529.95	2811.77	278.129
221	1067.16	1530.46	2811.77	278.155
222	1067.16	1528.34	3276.46	290.258
223	1067.16	1521.29	3235.27	272.352
224	1067.16	1515.55	3266.88	262.89 
225	1067.16	1516.53	3975.34	274.201
226	1067.16	1519.45	3933.88	271.735
227	1067.16	1511.76	3100.47	266.012
228	1067.16	1512.97	3045.34	261.894
229	1067.16	1511.54	2758.01	249.416
230	1067.16	1511.81	2758.01	250.028
231	1067.16	1513.84	2857.69	253.275
232	1067.16	1512.9 	2837.23	242.162
233	1067.16	1512.94	2991.38	254.343
234	1067.16	1510.17	2756.48	240.832
235	1067.16	1507.36	2568.9 	239.34 
236	1067.16	1510.63	2668.55	243.878
237	1067.16	1508.73	2713.67	243.691
238	1067.16	1508.21	2887.5 	242.085
239	1067.16	1507.47	2802.98	241.654
240	1067.16	1507.41	2802.98	245.578
241	1067.16	1501.83	3543.14	244.045
242	1067.16	1502.9 	2613.76	238.684
243	1067.16	1502.87	2563.65	238.972
244	1067.16	1508.66	3249.44	249.042
245	1067.16	1507.42	2975.93	245.893
246	1067.16	1505.44	2897.23	243.504
247	1067.16	1506.98	2533.47	240.657
248	1067.16	1511.49	2904.37	252.482
249	1067.16	1508.6 	2658.51	244.937
250	1067.16	1508.35	2643.96	245.986
251	1067.16	1506.7 	2584.32	242.249
252	1067.16	1502.56	2584.32	242.375
253	1067.16	1506.2 	2584.32	247.585
254	1067.16	1500.3 	2564.89	238.328
255	1067.16	1497.83	2475.11	233.914
256	1067.16	1495.68	2440.44	233.821
257	1067.16	1499.1 	2440.44	234.947
258	1067.16	1496.24	2890.86	236.161
259	1067.16	1494.79	2890.86	238.864
260	1067.16	1492.72	2765.64	236.805
261	1067.16	1496.61	3656.52	248.23 
262	1067.16	1493.94	2994.84	237.085
263	1067.16	1491.56	2708.53	234.671
264	1067.16	1495.54	2750.13	241.972
265	1067.16	1494.91	2458.66	240.303
266	1067.16	1492.35	2410.78	233.477
267	1067.16	1489.51	2423.44	233.719
268	1067.16	1490.1 	2532.38	230.121
269	1067.16	1491.62	2532.38	226.181
270	1067.16	1489.28	2505.16	221.536
271	1067.16	1486.32	2442.68	221.611
272	1067.16	1485.24	2563.94	215.71 
273	1067.16	1483.64	2356.25	216.092
274	1067.16	1483.83	2356.25	216.446
275	1067.16	1485.88	2619.29	221.744
276	1067.16	1490.59	2407.76	228.652
277	1067.16	1491.05	2442.92	225.104
278	1067.16	1493.44	2605.91	231.814
279	1067.16	1494.59	2692.87	235.852
280	1067.16	1491.67	2673.37	224.814
281	1067.16	1492.32	3151.05	237.285
282	1067.16	1495.13	3202.36	239.304
283	1067.16	1490.41	2931.9 	235.046
284	1067.16	1491.66	2810.27	237.622
285	1067.16	1494.4 	2763.52	234.687
286	1067.16	1492.98	2590.71	231.755
287	1067.16	1491.48	2735.4 	233.403
288	1067.16	1486.21	2718.86	224.613
289	1067.16	1488.96	2684.25	229.53 
290	1067.16	1489.57	2684.25	234.264
291	1067.16	1483.53	2601.86	225.336
292	1067.16	1484.26	2574.65	223.912
293	1067.16	1486.41	2769.71	231.738
294	1067.16	1485.97	2604.7 	232.1  
295	1067.16	1486.68	2604.7 	225.525
296	1067.16	1483.26	2474.45	220.758
297	1067.16	1486.5 	2526.73	227.992
298	1067.16	1485.8 	2455.01	231.246
299	1067.16	1480.98	2441.63	232.106
300	1067.16	1483.51	2615.76	235.397
301	1067.16	1479.68	2541.09	225.021
302	1067.16	1482.78	2521.93	228.637
303	1067.16	1480.35	2521.93	227.759
304	1067.16	1478.33	2596.05	226.434
305	1067.16	1477.62	2611.99	230.873
306	1067.16	1473.9 	2432.76	218.271
307	1067.16	1474.38	2292.16	206.803
308	1067.16	1475.18	2428.95	217.299
309	1067.16	1475.14	2426.93	224.427
310	1067.16	1472.87	2444.6 	222.561
311	1067.16	1471.59	2395.25	220.795
312	1067.16	1474.67	2591.01	224.372
313	1067.16	1474.86	2606.62	233.046
314	1067.16	1475.53	2782.28	241.116
315	1067.16	1478.07	2927.43	244.027
316	1067.16	1476.58	2898.31	240.122
317	1067.16	1480.73	2688.36	241.078
318	1067.16	1480.93	2865.74	241.758
319	1067.16	1478.82	2723.17	231.961
320	1067.16	1473.84	2660.11	223.217
321	1067.16	1476.48	2660.11	225.302
322	1067.16	1475.7 	2472.97	224.366
323	1067.16	1472   	2748.21	221.817
324	1067.16	1468.76	2622.79	219.08 
325	1067.16	1471.27	2378.01	219.378
326	1067.16	1467.95	2375.55	219.23 
327	1067.16	1466.39	2340.87	209.916
328	1067.16	1461.29	2415.69	204.699
329	1067.16	1461.32	2515.77	209.242
330	1067.16	1462.43	2499.26	207.466
331	1067.16	1460.8 	2451.19	206.739
332	1067.16	1465.88	2830.45	217.435
333	1067.16	1465.13	2290.95	209.968
334	1067.16	1464.48	2468.54	211.944
335	1067.16	1462.38	2341.76	208.622
336	1067.16	1463.31	2367.12	207.366
337	1067.16	1458.15	2367.12	200.688
338	1067.16	1460.05	2354.43	201.651
339	1067.16	1461.24	2427.82	203.468
340	1067.16	1460.65	2533.73	205.342
341	1067.16	1463.07	2533.73	210.229
342	1067.16	1462.99	2493.92	216.278
343	1067.16	1462.34	2419.19	214.221
344	1067.16	1462.9 	2463.49	216.014
345	1067.16	1465.29	2472.14	219.9  
346	1067.16	1462.05	2691.08	225.751
347	1067.16	1464.11	2527.75	228.851
348	1067.16	1466.81	2606.28	233.858
349	1067.16	1465.44	2582.62	225.631
350	1067.16	1466.67	2582.62	234.208
351	1067.16	1464.81	2582.62	232.262
352	1067.16	1459.03	2769.85	222.675
353	1067.16	1460.76	2444.12	213.431
354	1067.16	1464.35	2430.97	217.365
355	1067.16	1464.11	2430.97	219.809
356	1067.16	1462.92	2462.67	216.843
357	1067.16	1457.47	2423.94	208.865
358	1067.16	1453.94	2206.15	200.293
359	1067.16	1454.2 	2232.48	200.308
360	1067.16	1449.69	2471.28	200.296
361	1067.16	1448.39	2315.64	193.372
362	1067.16	1449.34	2301.6 	196.569
363	1067.16	1455.95	3411.35	217.863
364	1067.16	1451.69	2336.74	201.417
365	1067.16	1448.47	2445.07	206.061
366	1067.16	1451.06	2313.04	205.51 
367	1067.16	1451.19	2313.04	206.623
368	1067.16	1449.49	2281   	199.805
369	1067.16	1450.87	2374.28	205.752
370	1067.16	1453.01	2358.37	209.24 
371	1067.16	1454.06	2396.45	208.742
372	1067.16	1452.16	2403.59	206.764
373	1067.16	1454.59	2507.82	213.427
374	1067.16	1455.81	2948.51	214.728
375	1067.16	1452.46	2424.04	213.193
376	1067.16	1449   	2533.23	207.715
377	1067.16	1452.72	2609.16	219.408
378	1067.16	1451.96	2431.39	213.072
379	1067.16	1451.05	2339.03	206.343
380	1067.16	1448.35	2746.87	205.916
381	1067.16	1450.07	2456.81	205.305
382	1067.16	1449.33	2300.45	201.925
383	1067.16	1448.64	2348.35	203.441
384	1067.16	1451.4 	2722.11	215.467
385	1067.16	1451.79	2669.95	211.489
386	1067.16	1451.21	2626.09	214.842
387	1067.16	1453.27	2426.33	215.362
388	1067.16	1454.51	2417.56	218.676
389	1067.16	1455.31	2446.18	213.074
390	1067.16	1451.39	2458.37	213.376
391	1067.16	1447.4 	2465.45	208.203
392	1067.16	1445.91	2475.49	210.69 
393	1067.16	1440.95	2448.62	204.092
394	1067.16	1442.2 	2459.45	203.411
395	1067.16	1443.34	2558.08	208.535
396	1067.16	1443.99	2558.08	207.915
397	1067.16	1438.67	2304.05	201.215
398	1067.16	1440.35	2348.49	205.22 
399	1067.16	1441.68	2368.32	203.91 
400	1067.16	1442.42	2424.12	202.882
401	1067.16	1441.12	2271.81	203.206
402	1067.16	1437.52	2226.43	201.584
403	1067.16	1432.9 	2293.81	195.274
404	1067.16	1435.19	2335.56	200.096
405	1067.16	1437.22	2349.04	205.852
406	1067.16	1439.99	2425.48	208.354
407	1067.16	1436.46	2425.48	199.333
408	1067.16	1437.57	2845.93	206.702
409	1067.16	1434.13	2633.27	202.087
410	1067.16	1432.92	2633.27	200.969
411	1067.16	1433.17	2485.7 	197.626
412	1067.16	1432.64	2410.01	203.787
413	1067.16	1432.64	2490.47	200.871
414	1067.16	1434.64	2318.17	200.416
415	1067.16	1431.6 	2318.17	199.479
416	1067.16	1434.77	2490.24	202.215
417	1067.16	1436.93	2490.24	204.426
418	1067.16	1439.39	2656.44	207.507
419	1067.16	1438.11	2411.34	206.956
420	1067.16	1435.17	2335.81	201.329
421	1067.16	1435.97	2416.64	207.795
422	1067.16	1433.21	2416.64	199.367
423	1067.16	1434.3 	2458.28	200.997
424	1067.16	1432.38	2590.78	203.867
425	1067.16	1431.97	2571.4 	209.265
426	1067.16	1428.59	2571.4 	207.961
427	1067.16	1430.63	2524.54	205.877
428	1067.16	1428.36	2514.42	202.719
429	1067.16	1425.84	2459.16	201.957
430	1067.16	1426.24	2344.48	203.689
431	1067.16	1424.17	2344.48	198.938
432	1067.16	1428.63	2415.42	199.983
433	1067.16	1425.11	2447.22	196.466
434	1067.16	1426.45	2417.56	195.141
435	1067.16	1424.91	2286.43	190.526
436	1067.16	1424.28	2321.82	191.801
437	1067.16	1425.75	2278.88	194.338
438	1067.16	1423.84	2280.72	191.372
439	1067.16	1422.96	2278.88	188.347
440	1067.16	1423.71	2196.12	187.743
441	1067.16	1422.25	2217.6 	186.542
442	1067.16	1421.3 	2170.63	187.657
443	1067.16	1418.06	2170.63	182.15 
444	1067.16	1416.61	2284.26	184.965
445	1067.16	1414.79	2175.36	176.147
446	1067.16	1415.86	2154.93	176.919
447	1067.16	1416.48	2112.88	177.515
448	1067.16	1418.07	2394.54	189.911
449	1067.16	1423.68	2240.51	191.964
450	1067.16	1423.29	2204.71	192.578
451	1067.16	1420.54	2220.35	190.066
452	1067.16	1422.04	2288.35	195.131
453	1067.16	1419.9 	2287.79	194.872
454	1067.16	1420.63	2246.94	195.204
455	1067.16	1419.52	2246.94	194.81 
456	1067.16	1420.94	2650.95	195.566
457	1067.16	1417.83	2410.23	194.785
458	1067.16	1420.54	2536.57	200.615
459	1067.16	1421.07	2438.55	204.209
460	1067.16	1419.23	2438.55	197.362
461	1060.07	1412.37	2438.55	188.538
462	1060.07	1407.8 	2169.14	177.462
463	1060.07	1411.91	2137.92	181.239
464	1060.07	1411.92	2104.56	178.213
465	1060.07	1413.72	2614.72	189.187
466	1060.07	1408.59	2612.14	185.436
467	1060.07	1409.78	2612.14	181.608
468	1060.07	1406.99	2365.43	174.458
469	1060.07	1407.09	2134.72	176.601
470	1060.07	1408.22	2218.15	181.555
471	1060.07	1404.76	2100.67	174.984
472	1060.07	1405.38	2237.99	178.148
473	1060.07	1407.2 	2237.99	176.358
474	1060.07	1407.52	2143.2 	174.486
475	1060.07	1403.33	2143.2 	171.347
476	1060.07	1403.61	2166.43	171.89 
477	1060.07	1403.1 	2153.97	171.98 
478	1060.07	1407.59	2315.36	180.17 
479	1060.07	1405.6 	2522.62	181.553
480	1060.07	1399.77	2231.08	176.704
481	1060.07	1399.02	2209.91	172.606
482	1060.07	1401.88	2209.91	175.367
483	1060.07	1403.25	2312.31	181.768
484	1060.07	1402.71	2209.91	177.039
485	1060.07	1401.24	2348.79	176.902
486	1060.07	1397.63	2209.91	173.978
487	1060.07	1400.52	2237.08	178.426
488	1060.07	1400.47	2375.92	175.499
489	1060.07	1399   	2214.25	179.076
490	1060.07	1398.68	2214.25	178.746
491	1060.07	1399.87	2233.01	174.343
492	1060.07	1395.71	2282.1 	173.841
493	1060.07	1398.66	3312.11	186.074
494	1060.07	1396.52	2201.11	166.129
495	1060.07	1398.52	2424.32	169.94 
496	1060.07	1398.47	2375.45	171.792
497	1060.07	1395.62	2497.54	174.379
498	1060.07	1396.87	2489.64	175.686
499	1060.07	1397.38	2183.15	171.986
1000.00000001
