/usr/lib/python2.7/site-packages/deap/tools/_hypervolume/pyhv.py:33: ImportWarning: Falling back to the python version of hypervolume module. Expect this to be very slow.
  "module. Expect this to be very slow.", ImportWarning)
gen	min    	avg    	max    	std   
0  	88.6582	153.732	263.169	32.141
1  	88.6582	153.285	264.769	30.7897
2  	88.6582	151.77 	248.026	28.3788
3  	88.6582	154.382	253.376	28.4147
4  	86.7109	156.371	275.921	30.0088
5  	86.7109	157.44 	273.839	31.2379
6  	86.7109	155.992	273.839	30.9009
7  	86.7109	156.067	281.444	31.6358
8  	86.7109	156.406	264.335	31.8666
9  	83.9285	156.178	269.874	33.1733
10 	83.9285	156.205	310.517	32.4097
11 	83.9285	155.224	280.153	32.1978
12 	83.9285	154.43 	270.357	31.5023
13 	83.9285	153.052	270.518	30.7508
14 	83.9285	154.128	268.006	31.0074
15 	83.9285	154.763	278.878	32.5984
16 	83.9285	155.381	287.019	32.1727
17 	83.9285	154.072	277.413	30.3582
18 	83.9285	154.184	260.503	31.2137
19 	83.9285	154.145	267.89 	30.7047
20 	83.9285	153.463	263.682	32.2894
21 	83.9285	153.532	285.99 	31.7749
22 	83.8957	154.075	285.99 	32.2436
23 	83.8957	153.534	268.593	30.7626
24 	83.8957	153.168	274.673	31.7299
25 	83.8957	152.702	268.593	30.4777
26 	83.8957	153.976	314.983	31.4194
27 	83.8957	155.245	279.899	30.2972
28 	83.8957	154.722	279.899	30.6662
29 	83.741 	155.065	287.501	32.1685
30 	83.741 	153.8  	276.758	31.3655
31 	83.741 	155.251	283.924	32.0196
32 	83.741 	155.241	283.924	32.3802
33 	83.4868	154.153	275.647	32.1017
34 	83.4868	153.708	270.677	31.7879
35 	83.4868	153.759	251.25 	31.2216
36 	83.4868	154.861	272.16 	31.8913
37 	83.4868	155.408	262.094	31.7612
38 	83.4868	156.175	278.073	31.4807
39 	83.4868	155.563	272.577	32.3882
40 	83.4868	155.695	290.698	31.3232
41 	83.4868	155.443	262.492	30.9475
42 	83.4868	156.041	274.376	32.0743
43 	83.4868	154.995	283.298	30.917 
44 	83.4868	155.92 	270.182	31.5665
45 	83.4868	155.796	280.927	32.3078
46 	83.4868	156.236	295.576	32.8513
47 	83.4868	155.443	280.892	31.408 
48 	83.4868	155.418	268.338	31.3374
49 	83.4868	154.795	272.896	32.2766
50 	83.4868	154.38 	266.405	30.3597
51 	81.9379	156.011	264.17 	32.1261
52 	81.9379	156.036	284.138	32.8428
53 	81.9379	156.001	275.583	31.9753
54 	81.9379	157.01 	258.568	31.0458
55 	81.9379	156.008	265.323	32.6165
56 	81.9379	153.347	257.77 	31.2936
57 	81.9379	153.41 	259.524	31.0748
58 	81.9379	154.287	255.136	30.495 
59 	81.9379	155.164	290.311	31.3211
60 	81.9379	156.485	278.285	31.9008
61 	81.9379	155.883	282.563	30.9048
62 	81.9379	155.858	278.285	30.5166
63 	81.9379	154.085	261.77 	30.1234
64 	81.9379	154.395	261.77 	30.6698
65 	81.9379	153.642	278.489	31.8567
66 	81.9379	154.73 	307.167	33.0706
67 	81.9379	155.542	307.167	33.2996
68 	81.9379	154.029	270.523	31.543 
69 	81.9379	152.558	281.164	31.0534
70 	81.9379	154.327	270.442	31.3367
71 	81.9379	155.268	270.442	30.4399
72 	78.822 	153.779	268.839	31.2614
73 	78.822 	155.112	275.138	32.5001
74 	78.822 	155.231	285.202	31.4171
75 	78.822 	156.6  	290.267	31.8094
76 	78.822 	154.891	291.52 	33.1229
77 	78.822 	155.081	290.267	32.9264
78 	78.822 	155.1  	287.694	32.3119
79 	78.822 	153.869	264.233	30.8303
80 	78.822 	156.457	270.732	31.7747
81 	78.822 	156.974	286.693	33.6907
82 	78.822 	155.361	253.01 	30.9668
83 	78.822 	156.003	253.01 	31.7006
84 	78.822 	154.478	270.477	31.7005
85 	78.822 	155.187	271.889	31.5977
86 	78.822 	155.585	260.894	31.3421
87 	78.822 	155.799	268.255	30.8793
88 	78.822 	156.004	273.017	32.0371
89 	78.822 	153.901	268.255	30.4513
90 	78.822 	152.949	257.747	30.8844
91 	78.822 	152.862	275.734	31.855 
92 	78.822 	154.718	257.747	30.7169
93 	78.822 	155.971	285.953	30.4772
94 	78.822 	155.267	291.146	30.866 
95 	78.822 	152.929	291.193	30.3703
96 	78.822 	155.17 	282.587	30.2746
97 	78.822 	154.085	254.639	30.0237
98 	78.822 	156.263	292.775	31.7846
99 	78.822 	156.226	271.403	30.8271
100	78.822 	155.55 	291.546	31.1592
101	78.822 	154.797	280.38 	30.3778
102	78.822 	154.989	276.999	31.8201
103	78.822 	154.864	255.443	30.9501
104	78.822 	155.933	280.326	31.818 
105	78.822 	155.089	254.566	31.4285
106	77.5898	154.301	287.989	31.706 
107	77.5898	155.531	275.8  	31.8798
108	77.5898	155.053	275.8  	32.2382
109	77.5898	155.389	272.534	31.258 
110	77.5898	156.178	277.03 	31.5644
111	77.5898	155.673	297.361	33.052 
112	77.5898	157.223	276.778	33.503 
113	77.5898	157.277	270.848	32.4089
114	77.5898	157.049	282.109	32.8819
115	77.5898	156.986	296.471	33.234 
116	77.5898	155.637	296.471	33.5013
117	77.5898	156.108	275.199	32.1698
118	77.5898	155.163	255.113	29.9542
119	77.5898	154.301	262.162	30.8112
120	77.5898	154.753	262.162	31.1771
121	77.5898	155.032	301.509	32.5396
122	77.5898	155.194	291.448	31.6457
123	77.5898	154.817	273.093	32.0707
124	77.5898	156.174	270.338	31.9828
125	77.5898	155.972	270.338	32.0853
126	77.5898	156.341	270.338	32.2568
127	77.5898	155.297	270.338	32.2519
128	77.5898	155.858	269.013	32.1249
129	77.5898	155.979	279.253	31.2197
130	77.5898	156.111	271.152	31.772 
131	77.5898	155.347	271.152	33.1178
132	77.5898	155.128	270.315	32.3029
133	77.5898	153.728	254.251	31.2779
134	77.5898	154.211	256.58 	31.1539
135	77.5898	154.566	282.388	31.1019
136	77.5898	154.987	282.388	32.0188
137	77.5898	154.532	271.018	31.6694
138	77.5898	153.601	271.018	30.6812
139	77.5898	153.029	292.812	31.7986
140	77.5898	154.704	294.291	32.6496
141	77.5898	153.646	263.181	31.0963
142	77.5898	153.075	269.48 	30.5007
143	77.5898	155.435	282.272	31.0369
144	77.5898	154.634	284.407	31.7974
145	77.5898	155.98 	284.407	32.1517
146	77.5898	154.781	278.156	32.0701
147	77.5898	155.167	277.843	31.5049
148	77.5898	155.089	263.067	31.3401
149	77.5898	155.327	263.067	31.9915
150	77.5898	155.272	263.349	31.899 
151	77.5898	154.729	304.53 	31.5815
152	77.5898	153.949	279.896	30.8712
153	77.5898	154.589	260.554	30.6616
154	77.5898	153.024	274.915	31.2238
155	77.5898	157.023	260.471	31.8172
156	77.5898	156.261	260.471	30.6992
157	77.5898	154.833	247.07 	30.816 
158	77.5898	155.133	275.674	31.0843
159	77.5898	155.165	288.041	31.4742
160	77.5898	154.979	275.674	30.1254
161	77.5898	155.514	260.376	30.1011
162	77.5898	154.324	264.457	30.0888
163	77.5898	155.868	275.83 	31.398 
164	77.5898	153.961	255.506	30.6666
165	77.5898	155.907	261.036	32.2143
166	77.5898	155.858	261.4  	31.234 
167	77.5898	155.901	273.466	31.9071
168	77.5898	154.582	266.957	31.7407
169	77.5898	155.277	266.957	31.5505
170	77.5898	154.306	287.733	32.1891
171	77.5898	154.313	287.733	31.5142
172	77.5898	155.067	280.459	31.2816
173	77.5898	156.061	290.023	31.7998
174	77.5898	155.677	281.634	32.7719
175	77.5898	155.952	274.835	32.2387
176	77.5898	156.848	325.139	34.5949
177	77.5898	154.925	312.793	32.7221
178	77.5898	154.861	276.588	32.1097
179	77.5898	155.041	266.002	31.9182
180	77.5898	153.767	266.002	31.8442
181	77.5898	155.51 	268.85 	31.8212
182	77.5898	155.044	279.077	32.0345
183	77.5898	156.28 	279.077	32.8283
184	77.5898	157.96 	339.99 	33.3065
185	77.5898	156.454	275.058	31.4744
186	77.5898	155.026	291.704	31.9121
187	77.5898	153.559	276.28 	31.3426
188	77.5898	154.8  	276.28 	30.9109
189	77.5898	155.851	258.474	32.6254
190	77.5898	154.758	275.459	31.9024
191	77.5898	156.105	275.459	32.0652
192	77.5898	155.485	258.337	32.2308
193	77.5898	156.288	288.835	32.5616
194	77.5898	155.656	271.242	31.7449
195	77.5898	155.884	289.18 	32.4831
196	77.5898	156.308	271.242	31.9815
197	77.5898	156.679	270.467	32.6446
198	77.5898	154.588	270.402	31.5183
199	77.5898	154.829	270.402	31.3585
200	77.5898	154.338	269.089	31.2766
201	77.5898	156.326	266.237	29.6909
202	77.5898	157.689	281.588	32.0665
203	77.5898	156.154	281.588	31.7421
204	77.5898	153.789	266.237	29.5433
205	77.5898	154.457	280.801	30.8207
206	77.5898	154.935	285.772	31.334 
207	77.5898	155.891	299.497	32.8047
208	77.5898	154.865	280.801	32.227 
209	77.5898	155.234	296.068	33.5495
210	77.5898	155.653	269.841	32.2732
211	77.5898	155.991	269.841	32.0386
212	77.5898	155.315	279.858	31.622 
213	77.5898	155.973	253.205	31.9248
214	77.5898	154.882	280.242	31.2656
215	77.5898	154.49 	269.773	31.3002
216	77.5898	152.579	258.642	31.3622
217	77.5898	153.697	266.533	30.7114
218	77.5898	155.066	253.234	30.6949
219	77.5898	154.719	266.17 	30.5596
220	77.5898	154.965	264.545	31.6347
221	77.5898	153.482	250.738	30.1659
222	77.5898	154.835	261.847	32.046 
223	77.5898	156.781	298.19 	32.068 
224	77.5898	155    	261.847	31.5735
225	77.5898	154.934	282.655	32.3808
226	77.5898	155.012	306.835	30.5452
227	77.5898	154.977	270.085	31.0914
228	77.5898	154.792	269.919	30.757 
229	77.5898	156.186	245.779	29.725 
230	77.5898	156.214	259.96 	30.7657
231	77.5898	154.96 	274.504	30.7428
232	77.5898	154.649	275.818	31.2492
233	77.5898	155.424	275.735	31.7281
234	77.5898	155.371	275.735	32.0825
235	77.5898	155.271	294.246	32.6561
236	77.5898	153.592	275.015	30.8547
237	77.5898	153.621	283.303	30.731 
238	77.5898	156.155	284.493	32.7569
239	77.5898	156.368	271.895	32.2637
240	77.5898	154.613	277.307	31.0657
241	77.5898	155.458	277.307	32.5325
242	77.5898	152.395	267.492	31.4052
243	77.5898	153.557	284.29 	31.5775
244	77.5898	155.147	284.29 	32.5381
245	77.5898	154.441	295.572	32.0405
246	77.5898	153.998	294.473	32.6083
247	77.5898	154.655	286.264	33.5053
248	77.5898	155.959	263.196	32.3538
249	77.5898	155.206	269.748	32.2674
250	77.5898	153.205	282.466	30.832 
251	77.5898	154.524	276.952	31.875 
252	77.5898	154.243	269.06 	31.7281
253	77.5898	156.199	261.158	32.7508
254	77.5898	155.509	251.142	31.4852
255	77.5898	156.693	256.257	31.2245
256	77.5898	155.763	260.399	31.1432
257	77.5898	155.66 	258.791	31.5675
258	77.5898	154.704	297.258	31.1027
259	77.5898	157.314	296.5  	32.7134
260	77.5898	155.776	292.468	31.4769
261	77.5898	155.556	264.308	32.3554
262	77.5898	157.112	262.532	32.1283
263	77.5898	157.115	272.003	31.2291
264	77.5898	156.835	283.344	31.0382
265	77.5898	157.152	270.816	31.8258
266	77.5898	155.146	297.167	32.2605
267	77.5898	155.815	270.001	31.7506
268	77.5898	155.192	274.087	30.6609
269	77.5898	157.328	260.481	31.0767
270	77.5898	154.887	266.311	31.0783
271	77.5898	155.667	270.075	30.5156
272	77.5898	155.85 	266.938	31.4658
273	77.5898	155.639	265.877	31.2857
274	77.5898	154.901	267.549	30.6908
275	77.5898	153.226	266.265	30.0359
276	77.5898	153.687	262.192	30.4783
277	77.5898	153.908	257.507	30.6807
278	77.5898	154.682	257.507	32.0613
279	77.5898	154.405	266.116	31.8952
280	77.5898	156.293	263.868	31.3929
281	77.5898	155.846	272.247	31.3103
282	77.5898	156.262	270.304	32.7737
283	77.5898	155.417	273.179	31.6547
284	77.5898	156.285	273.047	31.5224
285	77.5898	156.828	281.435	31.9065
286	77.5898	155.878	270.608	32.4238
287	77.5898	155.803	304.689	32.9315
288	77.5898	158.484	272.86 	32.3025
289	77.5898	157.847	268.612	33.017 
290	77.5898	157.776	262.919	32.7374
291	77.5898	156.975	312.228	32.8698
292	77.5898	155.848	265.095	31.8749
293	77.5898	154.08 	261.703	31.7084
294	77.5898	155.471	266.495	31.5215
295	77.5898	155.068	260.988	29.7884
296	77.5898	156.011	278.552	31.3892
297	77.5898	155.572	278.552	31.4957
298	77.5898	154.989	267.404	30.3689
299	77.5898	155.934	290.004	31.682 
300	77.5898	155.182	280.538	30.9938
301	77.5898	154.539	280.538	30.9824
302	77.5898	154.284	278.633	31.1487
303	77.5898	156.166	269.632	32.2211
304	77.5898	157.463	269.632	32.9982
305	77.5898	156.864	269.632	32.9372
306	77.5898	156.49 	302.611	33.2655
307	77.5898	156.97 	281.827	32.9282
308	77.5898	155.275	296.646	32.5935
309	77.5898	153.044	265.077	30.4157
310	77.5898	155.345	275.286	30.9127
311	77.5898	155.571	261.121	31.0572
312	77.5898	155.328	273.129	30.7585
313	77.5898	156.438	273.129	31.8002
314	77.5898	156.225	284.063	32.3253
315	77.5898	156.365	311.274	32.4424
316	77.5898	155.862	269.867	31.5807
317	77.5898	154.707	274.73 	31.5885
318	77.5898	154.99 	274.73 	31.2268
319	77.5898	155.616	279.425	30.8437
320	77.5898	156.2  	273.842	32.2514
321	77.5898	156.757	287.333	32.3729
322	77.5898	155.181	280.522	31.7391
323	77.5898	155.736	262.071	32.2523
324	77.5898	155.149	255.924	33.0321
325	77.5898	154.062	257.798	30.6285
326	77.5898	155.331	263.334	31.1053
327	77.5898	156.817	280.783	32.7028
328	77.5898	155.612	331.797	32.7664
329	77.5898	156.584	308.058	32.4354
330	77.5898	157.393	312.957	34.0794
331	77.5898	157.947	299.835	33.5908
332	77.5898	157.168	267.21 	32.1533
333	77.5898	156.958	307.696	32.049 
334	77.5898	156.271	293.148	32.3563
335	77.5898	156.799	298.26 	32.3508
336	77.5898	157.931	259.123	32.7085
337	77.5898	157.518	276.927	32.2209
338	77.5898	156.976	255.883	31.5102
339	77.5898	155.461	264.601	31.0147
340	77.5898	155.934	264.601	29.719 
341	77.5898	156.463	271.258	30.2922
342	77.5898	157.128	265.214	31.3753
343	77.5898	155.854	277.817	30.4011
344	77.5898	154.739	262.317	31.5185
345	77.5898	154.51 	258.548	30.6871
346	77.5898	155.275	249.02 	30.7329
347	77.5898	154.577	264.777	31.5123
348	77.5898	155.218	268.937	32.606 
349	77.5898	154.932	284.802	32.9202
350	77.5898	154.157	266.835	31.9888
351	77.5898	154.616	283.506	31.1046
352	77.5898	156.158	276.82 	31.2845
353	77.5898	154.002	293.018	30.7329
354	77.5898	153.565	249.528	30.2234
355	77.5898	154.85 	288.566	31.4799
356	77.5898	158.174	269.999	31.3033
357	77.5898	155.384	261.401	31.4677
358	77.5898	156.249	284.757	29.6319
359	77.5898	155.242	283.064	31.068 
360	77.5898	155.595	282.239	31.8881
361	77.5898	154.86 	259.736	32.1135
362	77.5898	155.89 	316.643	32.6569
363	77.5898	155.326	270.289	31.1502
364	77.5898	156.092	273.475	32.0782
365	77.5898	156.3  	265.139	34.0761
366	77.5898	155.76 	272.82 	32.0035
367	77.5898	155.243	270.113	31.8093
368	77.5898	155.578	272.649	31.925 
369	77.5898	155.05 	274.745	31.6323
370	77.5898	155.164	268.382	31.3464
371	77.5898	154.61 	281.372	30.9843
372	77.5898	156.93 	268.399	32.3009
373	77.5898	157.343	280.002	32.1056
374	77.5898	156.246	293.264	32.1426
375	77.5898	156.176	283.584	32.5533
376	77.5898	156.488	283.584	31.2004
377	77.5898	155.457	265.267	30.39  
378	77.5898	156.141	261.115	30.621 
379	77.5898	156.095	260.549	30.6988
380	77.5898	156.875	268.427	31.7489
381	77.5898	157.799	282.043	33.3333
382	77.5898	155.003	270.233	31.6423
383	77.5898	157.148	273.506	31.7812
384	77.5898	155.448	272.676	30.8777
385	77.5898	156.428	264.85 	31.803 
386	77.5898	157.262	288.82 	32.5479
387	77.5898	156.278	272.631	31.7429
388	77.5898	157.248	254.312	30.8936
389	77.5898	155.616	254.635	31.9476
390	77.5898	155.679	276.717	32.3122
391	77.5898	154.473	270.036	30.2832
392	77.5898	155.086	265.413	32.1436
393	77.5898	156.33 	260.91 	31.5224
394	77.5898	155.925	295.156	31.6366
395	77.5898	155.417	279.617	31.9989
396	77.5898	155.158	279.617	31.3054
397	77.5898	155.425	287.264	32.5342
398	77.5898	154.743	265.52 	31.9954
399	77.5898	157.107	274.84 	32.8057
400	77.5898	156.6  	255.829	32.2312
401	77.5898	157.711	263.232	32.6279
402	77.5898	158.154	263.117	32.4964
403	77.5898	158.521	255.829	31.3936
404	77.5898	156.623	259.869	31.0798
405	77.5898	156.306	269.219	31.3781
406	77.5898	155.32 	257.446	32.0551
407	77.5898	157.193	290.23 	32.3953
408	77.5898	156.761	278.931	31.4001
409	77.5898	156.236	265.954	31.1725
410	77.5898	156.962	291.321	31.4727
411	77.5898	157.773	277.407	32.0947
412	77.5898	156.463	298.077	31.4995
413	77.5898	155.735	295.062	32.9589
414	77.5898	154.413	283.293	30.6581
415	77.5898	157.223	282.887	33.0314
416	77.5898	154.958	275.133	32.3559
417	77.5898	155.111	273.782	33.0827
418	77.5898	155.327	258.941	31.4256
419	77.5898	155.791	293.092	33.2099
420	77.5898	155.342	276.001	31.9884
421	77.5898	154.331	269.116	31.5587
422	77.5898	154.662	243.972	31.0914
423	77.5898	154.612	288.226	31.7814
424	77.5898	154.684	259.343	30.0707
425	77.5898	154.582	268.932	31.0697
426	77.5898	154.191	288.26 	32.2199
427	77.5898	153.321	286.848	31.1228
428	77.5898	153.856	286.848	30.3792
429	77.5898	155.107	269.187	31.0273
430	77.5898	154.17 	256.909	30.0379
431	77.5898	155.958	261.903	31.8625
432	77.5898	156.51 	285.747	31.1596
433	77.5898	155.682	280.841	31.7146
434	77.5898	156.136	264.869	30.8297
435	77.5898	157.965	280.41 	32.3713
436	77.5898	158.843	271.303	31.4597
437	77.5898	157.19 	275.92 	31.773 
438	77.5898	156.704	274.691	31.3015
439	77.5898	157.414	312.126	32.1328
440	77.5898	157.465	291.765	33.3285
441	77.5898	156.578	280.69 	31.5747
442	77.5898	156.158	280.69 	31.798 
443	77.5898	156.117	269.776	32.2218
444	77.5898	156.269	281.114	31.4454
445	77.5898	157.786	284.649	32.177 
446	77.5898	158.651	290.12 	33.1541
447	77.5898	159.071	284.649	33.6233
448	77.5898	158.264	284.649	32.5214
449	77.5898	158.237	305.663	33.837 
450	77.5898	156.97 	287.732	33.444 
451	77.5898	154.879	314.07 	31.5772
452	77.5898	156.18 	293.469	34.1427
453	77.5898	157.425	287.732	33.0373
454	77.5898	157.096	275.538	32.3415
455	77.5898	159.007	273.824	33.1401
456	77.5898	157.022	266.622	32.1263
457	77.5898	155.868	272.579	32.1599
458	77.5898	156.712	276.125	32.0056
459	77.5898	155.502	271.47 	31.9303
460	77.5898	156.384	272.008	32.9311
461	77.5898	157.27 	285.469	32.719 
462	77.5898	156.515	297.767	32.3477
463	77.5898	156.464	270.038	32.5142
464	77.5898	155.221	270.038	30.8964
465	77.5898	156.674	259.396	30.9179
466	77.5898	157.296	258.492	31.0268
467	77.5898	157.225	294.194	31.816 
468	77.5898	155.821	284.785	30.9157
469	77.5898	154.993	268.318	31.4385
470	77.5898	155.37 	267.525	31.3486
471	77.5898	156.519	317.856	33.27  
472	77.5898	156.916	272.824	32.5008
473	77.5898	156.743	281.952	32.147 
474	77.5898	156.755	280.019	32.6323
475	77.5898	157.163	301.406	33.5216
476	77.5898	158.501	259.8  	31.5957
477	76.3805	157.819	259.347	31.7847
478	76.3805	158.489	258.262	32.7328
479	76.3805	156.451	263.05 	31.0559
480	76.3805	156.474	263.05 	32.0669
481	76.3805	157.3  	263.05 	31.2865
482	76.3805	156.66 	269.895	32.0242
483	76.3805	156.693	267.615	32.6133
484	76.3805	155.817	262.388	31.9618
485	76.3805	155.918	280.453	32.097 
486	76.3805	156.327	298.551	32.5159
487	76.3805	157.005	263.675	31.5661
488	76.3805	155.116	248.004	30.0675
489	76.3805	154.87 	244.704	28.9069
490	76.3805	156.593	297.667	30.5377
491	76.3805	156.266	262.625	29.6512
492	76.3805	156.075	288.899	30.8258
493	76.3805	155.856	273.511	31.0651
494	76.3805	155.974	262.431	30.694 
495	76.3805	156.655	272.224	32.9037
496	76.3805	157.176	257.612	31.8714
497	76.3805	157.349	257.612	31.0087
498	76.3805	156.483	263.382	30.8309
499	76.3805	156.33 	249.841	30.8852
71.35000001
