/usr/lib/python2.7/site-packages/deap/tools/_hypervolume/pyhv.py:33: ImportWarning: Falling back to the python version of hypervolume module. Expect this to be very slow.
  "module. Expect this to be very slow.", ImportWarning)
gen	min   	avg    	max    	std    
0  	85.375	154.514	285.867	30.9932
1  	85.375	154.126	260.597	31.028 
2  	83.7704	155.307	285.35 	31.3595
3  	83.7704	154.393	274.249	31.6472
4  	83.7704	154.296	262.791	30.5679
5  	83.7704	155.318	253.64 	30.6068
6  	83.7704	155.558	264.657	30.6083
7  	83.7704	155.473	255.875	31.437 
8  	83.7704	155.813	285.333	31.798 
9  	83.7704	157.034	301.022	33.3489
10 	83.7704	154.016	279.673	29.7718
11 	83.7704	153.288	266.696	30.987 
12 	83.7704	152.812	260.258	30.7148
13 	83.7704	154.075	269.477	30.4163
14 	83.7704	154.715	260.951	31.6633
15 	83.7704	154.123	269.551	30.6786
16 	83.7704	155.339	266.004	31.1206
17 	83.7704	156.093	280.712	32.4479
18 	83.7704	156.92 	268.941	32.5512
19 	82.6188	156.498	259.38 	32.0645
20 	82.6188	153.564	268.196	31.8737
21 	82.6188	152.159	268.334	32.902 
22 	82.6188	153.513	270.709	32.6239
23 	82.6188	154.012	276.753	32.3175
24 	82.6188	153.795	268.259	31.4051
25 	82.6188	152.76 	265.64 	31.3857
26 	82.6188	153.638	278.466	31.4011
27 	82.6188	154.708	278.466	31.4103
28 	82.6188	155.649	259.713	31.0934
29 	82.6188	154.352	255.099	30.2703
30 	82.6188	153.682	261.499	31.9022
31 	82.6188	152.511	302.091	32.953 
32 	82.6188	156.153	299.765	32.226 
33 	82.6188	155.135	282.299	32.3048
34 	82.6188	155.525	282.299	33.0084
35 	82.6188	154.648	291.583	33.0563
36 	82.6188	155.191	271.788	33.1644
37 	82.6188	155.88 	280.877	32.8546
38 	82.6188	155.166	272.905	31.3646
39 	82.6188	154.111	272.905	30.5858
40 	82.6188	154.53 	253.516	31.1532
41 	82.6188	152.942	262.983	31.0589
42 	82.6188	153.334	281.359	31.1011
43 	82.6188	154.106	282.31 	31.9465
44 	82.6188	155.647	281.559	31.78  
45 	82.6188	156.134	275.553	33.1164
46 	82.6188	154.149	289.304	32.7154
47 	82.6188	154.018	277.446	32.5526
48 	82.6188	155.544	291.271	32.5705
49 	82.6188	154.271	275.553	32.3694
50 	82.6188	154.493	262.378	32.3382
51 	82.6188	155.368	286.092	32.812 
52 	82.6188	154.096	286.092	30.9394
53 	82.6188	155.098	286.092	31.814 
54 	82.6188	153.153	258.536	31.0409
55 	82.6188	151.947	290.951	31.911 
56 	82.6188	154.895	255.359	31.1004
57 	82.6188	154.732	258.335	31.9202
58 	82.6188	155.418	269.532	32.9128
59 	82.6188	154.343	281.582	32.692 
60 	82.6188	155.957	282.627	32.5411
61 	82.6188	158.105	276.813	32.628 
62 	82.6188	155.773	260.735	31.9062
63 	82.6188	154.086	265.618	30.6654
64 	82.6188	155.162	265.618	30.9654
65 	82.6188	155.86 	269.793	32.9434
66 	82.6188	155.602	279.785	32.4535
67 	82.6188	156.709	280.134	32.4384
68 	82.6188	156.277	302.273	32.1783
69 	82.6188	155.482	272.472	31.2952
70 	82.6188	156.083	260.963	30.7924
71 	82.6188	155.265	265.588	31.0614
72 	82.6188	155.713	285.541	31.6173
73 	82.6188	156.521	269.46 	31.9985
74 	82.6188	154.917	260.963	31.4435
75 	82.6188	155.448	264.897	32.5481
76 	82.6188	155.206	282.117	33.2868
77 	82.6188	154.878	274.762	32.1247
78 	82.6188	154.57 	264.055	32.1079
79 	82.0907	153.611	272.227	31.3784
80 	82.0907	153.086	267.753	31.0451
81 	82.0907	153.249	280.94 	29.5467
82 	82.0907	154.678	251.156	30.3616
83 	82.0907	154.056	279.768	30.3441
84 	82.0907	154.789	279.94 	32.5394
85 	82.0907	155.368	274.112	32.1896
86 	82.0907	154.573	273.239	32.4254
87 	82.0907	155.533	283.142	31.8593
88 	82.0907	154.507	259.218	31.4087
89 	82.0907	155.324	257.516	30.729 
90 	82.0907	154.637	245.995	31.0886
91 	82.0907	153.446	271.399	29.6405
92 	82.0907	153.23 	279.615	30.574 
93 	82.0907	153.926	279.615	31.2938
94 	82.0907	153.831	271.869	31.2368
95 	82.0907	154.457	257.086	29.6042
96 	82.0907	154.045	268.904	30.5785
97 	82.0907	154.971	298.046	32.5022
98 	82.0907	153.728	274.161	30.0262
99 	82.0907	153.693	251.01 	30.0106
100	82.0907	155.279	255.079	30.2422
101	82.0907	154.744	268.92 	30.1781
102	82.0907	155.759	265.558	31.5363
103	82.0907	155.042	268.412	32.233 
104	82.0907	154.553	259.672	31.7016
105	82.0907	154.002	272.384	31.871 
106	82.0907	155.415	289.222	31.6149
107	82.0907	155.812	280.827	31.9098
108	82.0907	156.37 	267.196	32.3789
109	82.0907	155.796	271.196	31.6558
110	82.0907	156.129	279.551	32.2365
111	82.0907	155.852	276.353	31.4917
112	82.0907	156.568	305.91 	32.0937
113	82.0907	156.579	293.827	32.4806
114	82.0907	155.249	288.293	33.1022
115	82.0907	154.865	267.034	31.1418
116	82.0907	153.247	267.94 	30.5244
117	82.0907	154.493	278.92 	31.5496
118	82.0907	155.029	264.969	32.07  
119	82.0907	154.75 	257.175	31.2407
120	82.0907	155.378	257.742	30.7967
121	82.0907	155.308	261.426	31.2017
122	82.0907	155.155	271.853	31.2803
123	82.0907	154.86 	269.868	30.8059
124	82.0907	155.994	271.241	30.5976
125	82.0907	156.268	256.052	30.7237
126	82.0907	155.286	273.637	30.2585
127	82.0907	156.119	251.191	30.3361
128	82.0907	154.958	251.87 	30.6035
129	82.0907	156.33 	267.163	32.2456
130	82.0907	155.355	274.487	33.8403
131	82.0907	153.761	270.653	31.5697
132	82.0907	154.632	282.6  	32.0421
133	82.0907	154.003	265.273	30.6657
134	82.0907	154.666	263.477	30.6456
135	82.0907	155.588	256.202	30.7457
136	82.0907	155.975	266.576	30.1968
137	82.0907	156.615	267.647	32.29  
138	82.0907	154.211	264.67 	31.4244
139	82.0907	155.29 	269.227	32.456 
140	82.0907	155.951	277.126	32.3365
141	82.0907	155.77 	274.516	31.7765
142	82.0907	156.479	279.812	31.1984
143	82.0907	156.046	295.667	32.3208
144	82.0907	154.04 	277.381	30.5804
145	82.0907	154.042	265.425	32.547 
146	82.0907	154.293	265.244	33.5152
147	82.0907	155.074	280.328	33.3669
148	82.0907	156.224	261.691	32.3632
149	82.0907	154.926	295.09 	32.3493
150	82.0907	154.631	267.717	31.5598
151	82.0907	154.505	253.246	31.3729
152	82.0907	155.418	255.644	30.825 
153	82.0907	155.586	253.246	30.2059
154	82.0907	154.793	253.246	29.5254
155	82.0907	154.813	296.604	31.054 
156	82.0907	155.634	275.08 	32.3966
157	82.0907	153.708	292.19 	31.8053
158	81.9609	154.813	274.085	32.0588
159	81.9609	155.251	274.085	31.4286
160	81.9609	156.428	267.08 	33.017 
161	81.9609	155.91 	257.589	31.228 
162	81.9609	156.809	286.868	30.8675
163	81.9609	156.626	286.868	32.333 
164	81.9609	157.015	268.514	30.831 
165	81.9609	156.945	268.514	31.8583
166	81.9609	155.573	285.395	31.8019
167	81.9609	156.109	311.362	32.9621
168	81.9609	155.984	287.17 	32.9943
169	81.9609	157.904	273.614	33.4112
170	81.9609	157.611	273.614	33.4211
171	81.9609	155.475	291.436	33.1762
172	81.9609	154.676	273.878	32.4784
173	81.9609	155.122	263.398	32.0178
174	81.9609	154.547	263.398	31.4975
175	81.9609	154.372	260.687	31.3367
176	81.9609	153.243	244.344	29.752 
177	79.826 	154.648	263.747	30.6897
178	79.826 	154.807	264.898	30.7317
179	79.826 	155.414	283.363	30.5231
180	79.826 	154.691	269.572	30.48  
181	79.826 	155.457	288.936	33.2181
182	79.826 	154.274	286.603	32.075 
183	79.826 	155.043	266.174	30.7435
184	79.826 	156.163	274.711	31.8376
185	79.826 	156.087	274.824	31.8686
186	79.826 	155.785	281.88 	32.1078
187	79.826 	154.875	269.437	30.5249
188	79.826 	154.857	294.454	32.6026
189	79.826 	154.64 	262.235	30.9563
190	79.826 	154.198	265.259	30.3055
191	79.826 	154.947	271.565	30.3135
192	79.826 	153.937	271.565	31.0548
193	79.826 	156.198	270.204	32.1164
194	79.826 	155.694	276.516	33.234 
195	79.826 	157.32 	276.516	33.3264
196	79.826 	156.686	258.991	32.6201
197	79.826 	157.348	258.357	32.3039
198	79.826 	155.434	271.58 	30.927 
199	79.826 	154.713	263.359	29.8517
200	79.826 	153.791	263.359	29.7365
201	79.826 	154.426	262.846	29.9427
202	79.826 	155.43 	254.855	31.0391
203	79.826 	156.756	275.808	33.326 
204	79.826 	154.997	278.249	32.0298
205	79.826 	155.419	279.713	32.2808
206	79.826 	155.311	279.713	32.4903
207	79.826 	155.041	279.713	33.0944
208	79.826 	156.775	284.009	34.1512
209	79.826 	157.041	274.258	33.1652
210	79.826 	155.653	274.258	33.265 
211	79.826 	154.388	251.903	32.065 
212	79.826 	157.033	275.002	32.6236
213	79.826 	155.23 	290.629	32.3908
214	79.826 	155.112	275.002	33.243 
215	79.826 	155.911	256.615	32.4542
216	79.826 	155.54 	263.265	32.4686
217	79.826 	156.263	296.233	33.1554
218	79.826 	155.882	265.558	30.7289
219	79.826 	155.64 	267.187	31.8801
220	79.826 	154.206	275.243	31.8591
221	79.826 	155.04 	273.599	31.4971
222	79.826 	156.63 	273.599	33.3549
223	79.826 	157.031	305.318	33.5446
224	79.826 	156.675	293.406	33.4339
225	79.826 	155.685	258.547	31.2446
226	79.826 	156.39 	263.551	32.4607
227	79.826 	156.036	267.386	32.0231
228	79.826 	154.854	284.365	30.9195
229	79.826 	156.281	284.365	31.7965
230	79.826 	157.847	271.922	31.2946
231	79.826 	156.128	271.922	31.6238
232	79.826 	156.003	284.403	31.9045
233	79.826 	155.815	279.452	31.7125
234	79.826 	155.878	279.452	32.2508
235	79.826 	155.186	259.362	31.4592
236	79.826 	156.119	276.171	32.5119
237	79.826 	155.535	261.643	32.3267
238	79.826 	155.419	253.163	30.413 
239	79.826 	154.076	287.795	31.4565
240	79.826 	153.954	263.77 	30.6323
241	79.826 	154.346	263.77 	30.4263
242	79.826 	155.085	266.225	29.6766
243	79.826 	156.43 	311.283	31.3753
244	79.826 	156.149	279.433	31.2693
245	79.826 	154.146	277.635	30.312 
246	79.826 	155.766	269.491	31.0347
247	79.826 	157.553	291.164	30.9894
248	79.826 	156.14 	264.866	31.3916
249	79.826 	155.784	260.111	30.3824
250	79.826 	154.681	253.602	29.721 
251	79.826 	155.021	256.501	31.2587
252	79.826 	155.663	257.704	32.3777
253	79.826 	154.737	252.067	31.1339
254	79.826 	155.403	258.23 	31.8525
255	79.826 	156.124	256.329	33.3799
256	79.826 	155.9  	268.765	31.5741
257	79.826 	156.512	266.739	31.0171
258	79.826 	155.505	272.764	30.7882
259	79.826 	155.743	278.721	32.1511
260	79.826 	157.249	278.721	32.5688
261	79.826 	156.016	267.789	31.128 
262	79.826 	155.554	264.803	31.0967
263	79.826 	155.398	250.422	30.9063
264	79.826 	156.194	264.258	30.6232
265	79.826 	156.668	264.258	30.4154
266	79.826 	155.49 	291.3  	32.4096
267	79.826 	155.183	265.815	30.7042
268	79.826 	155.789	272.497	32.0279
269	79.826 	157.376	264.593	32.9532
270	79.826 	157.709	269.508	31.2535
271	79.826 	157.237	269.508	31.2872
272	79.826 	155.356	276.637	31.3695
273	79.826 	157.181	266.117	32.0284
274	79.826 	159.77 	308.924	33.9839
275	79.826 	157.313	286.403	33.1212
276	79.826 	155.483	266.344	32.5246
277	79.826 	155.101	265.108	31.4264
278	79.826 	153.859	259.676	31.1307
279	79.826 	154.664	273.846	32.942 
280	79.826 	154.325	273.846	30.8642
281	79.826 	153.369	261.15 	31.7568
282	79.826 	153.612	259.078	29.4023
283	79.826 	155.618	264.137	30.9561
284	79.524 	156.896	276.441	31.6188
285	79.524 	156.004	276.441	30.696 
286	79.524 	153.309	268.893	30.1136
287	79.524 	156.1  	274.253	32.6592
288	79.524 	157.333	262.24 	32.2108
289	79.524 	155.546	262.24 	31.1363
290	79.524 	154.872	267.139	31.7455
291	79.524 	155.751	280.614	31.8339
292	79.524 	154.305	269.292	32.9313
293	79.524 	155.201	312.701	33.2738
294	79.524 	155.378	289.999	33.8465
295	79.524 	155.232	283.052	32.9514
296	79.524 	154.32 	253.663	30.1191
297	79.524 	154.327	263.695	30.448 
298	79.524 	155.53 	273.043	30.9323
299	79.524 	156.284	276.718	32.59  
300	79.524 	156.604	273.043	32.8382
301	79.524 	154.225	274.767	30.6598
302	79.524 	154.167	270.606	29.4784
303	79.524 	155.382	270.687	31.4534
304	79.524 	155.117	270.687	30.3685
305	79.524 	155.51 	270.687	30.7366
306	79.524 	155.813	251.23 	30.7833
307	79.524 	155.136	251.23 	30.515 
308	79.524 	156.214	278.598	30.5951
309	79.524 	155.929	278.598	30.844 
310	79.524 	156.008	287.836	32.3   
311	79.524 	156.082	276.07 	32.4213
312	79.524 	155.328	269.113	31.8513
313	79.524 	155.119	287.164	32.8358
314	79.524 	155.442	269.113	32.806 
315	79.524 	155.666	272.581	32.5475
316	79.4647	154.067	265.791	30.833 
317	79.4647	154.967	275.907	32.1722
318	79.4647	155.837	268.504	32.699 
319	79.4647	155.515	275.706	32.4785
320	79.4647	156.912	279.721	33.498 
321	79.4647	156.194	296.404	33.4271
322	79.4647	156.308	270.726	29.6516
323	79.4647	155.052	293.967	30.4356
324	79.4647	153.688	271.394	30.7417
325	79.4647	153.959	257.735	31.0111
326	79.4647	155.564	265.149	31.4759
327	79.4647	154.339	257.735	31.9672
328	79.4647	154.21 	284.879	31.4732
329	79.4647	157.082	283.197	31.3951
330	79.4647	156.605	273.698	30.3985
331	79.4647	154.511	256.185	29.207 
332	79.4647	153.821	277.944	31.0016
333	79.4647	156.557	281.578	32.3253
334	79.4647	155.808	279.787	32.0158
335	79.4647	156.411	273.665	34.083 
336	79.4647	157.134	278.939	32.4684
337	79.4647	157.611	300.823	32.0435
338	79.4647	155.848	290.437	31.005 
339	79.4647	155.951	284.562	32.1497
340	79.4647	156.374	271.754	31.4362
341	79.4647	156.332	271.754	31.9062
342	79.4647	155.858	270.206	31.6957
343	79.4647	155.562	264.472	30.5565
344	79.4647	156.464	256.942	30.4157
345	79.4647	157.31 	287.363	31.8041
346	79.4647	158.839	299.632	33.3553
347	79.4647	157.018	275.409	32.7482
348	79.4647	158.669	262.71 	33.1689
349	79.4647	157.226	279.826	32.9383
350	79.4647	156.138	279.175	31.4439
351	79.4647	154.582	257.779	30.5754
352	79.4647	154.013	266.292	30.797 
353	79.4647	155.649	261.767	31.8283
354	79.4647	158.278	290.717	32.3787
355	79.4647	157.736	284.195	33.5169
356	79.4647	157.656	275.946	32.942 
357	79.4647	158.319	271.329	33.152 
358	79.4647	156.641	267.595	31.4056
359	79.4647	158.951	268.42 	33.2076
360	79.4647	157.465	268.42 	32.7926
361	79.4647	157.714	266.356	33.9567
362	79.4647	155.328	281.239	32.684 
363	79.4647	156.456	266.356	31.8807
364	79.4647	157.103	289.3  	31.8671
365	79.4647	157.111	289.3  	31.4195
366	79.4647	156.245	270.128	31.0098
367	79.4647	157.543	279.103	32.2736
368	79.4647	157.228	314.528	33.3318
369	79.4647	155.131	282.433	31.8666
370	79.4647	154.889	266.744	31.06  
371	79.4647	156.353	270.712	32.4688
372	79.4647	156.571	287.702	32.0696
373	79.4647	155.699	274.22 	31.2916
374	79.4647	156.325	260.466	32.2378
375	79.4647	157.739	286.783	32.2914
376	79.4647	156.668	260.227	31.3251
377	79.4647	155.824	260.227	31.3666
378	79.4647	157.186	273.628	31.3734
379	79.4647	158    	272.012	32.1944
380	79.4647	155.636	292.663	32.2666
381	79.4647	155.638	268.238	32.0211
382	79.4647	157.784	269.832	33.5105
383	79.4647	155.954	265.95 	31.8847
384	79.4647	156.546	260.08 	31.4174
385	79.4647	157.711	268.422	32.562 
386	79.4647	157.35 	290.121	31.7316
387	79.4647	158.805	272.453	31.5917
388	79.4647	157.364	276.558	32.8605
389	79.4647	158.1  	295.36 	33.5086
390	79.4647	157.249	295.36 	32.9341
391	79.4647	156.413	283.619	31.8487
392	79.4647	156.492	286.767	32.0814
393	79.4647	156.168	286.767	32.2962
394	79.4647	156.44 	286.767	32.2324
395	79.4647	156.441	286.767	31.1528
396	79.4647	157.634	294.32 	31.9732
397	79.4647	157.454	292.716	31.6663
398	79.4647	155.977	274.499	31.976 
399	79.4647	156.459	262.458	30.7652
400	79.4647	156.411	273.735	32.9127
401	79.4647	154.411	273.735	32.1332
402	79.4647	155.642	261.471	30.9005
403	79.4647	154.986	283.523	32.4509
404	79.4647	153.906	258.494	31.8806
405	79.4647	154.569	287.427	31.6941
406	79.4647	154.379	266.49 	29.8967
407	79.4647	154.025	302.167	30.9653
408	79.4647	156.194	264.242	30.7802
409	79.4647	156.25 	262.149	31.6309
410	79.4647	155.875	248.83 	31.5328
411	79.4647	155.799	265.44 	31.4386
412	79.4647	156.527	255.298	31.7706
413	79.4647	157.243	275.832	31.6235
414	79.4647	157.082	260.594	31.5134
415	79.4647	158.178	265.545	32.0903
416	79.4647	155.959	286.941	32.0214
417	79.4647	155.634	258.914	32.8629
418	79.4647	155.588	275.737	32.0816
419	79.4647	158.608	284.499	32.9146
420	79.4647	158.194	288.305	33.6565
421	79.4647	159.188	286.757	33.5328
422	79.4647	157.358	284.686	32.2826
423	79.4647	157.541	261.305	31.709 
424	79.4647	156.592	281.144	32.5222
425	79.4647	158.244	281.144	32.5733
426	79.4647	158.213	271.786	32.3341
427	79.4647	157.831	271.786	31.5238
428	79.4647	156.281	271.786	32.005 
429	79.4647	158.449	275.584	32.0518
430	79.4647	158.626	275.584	32.0441
431	79.4647	158.112	258.649	31.2369
432	79.4647	157.757	273.19 	32.5053
433	79.4647	157.903	273.19 	31.977 
434	79.4647	156.036	266.73 	32.3363
435	79.4647	156.025	266.73 	31.6407
436	79.4647	153.368	248.443	30.4033
437	79.4647	155.997	270.761	33.2288
438	79.4647	156.895	300.773	33.2304
439	79.4647	156.842	300.773	32.8365
440	79.4647	156.837	289.443	31.847 
441	79.4647	157.488	289.391	31.8966
442	79.4647	158.925	283.571	32.0799
443	79.4647	159.706	283.571	32.3086
444	79.4647	158.454	270.378	31.9053
445	79.4647	159.63 	304.183	32.0521
446	79.4647	158.137	267.752	31.7914
447	79.4647	156.371	267.347	32.3471
448	79.4647	156.319	267.347	32.8832
449	79.4647	157.015	292.934	33.0044
450	79.4647	157.575	266.92 	32.3477
451	79.4647	158.582	273.781	32.9095
452	79.4647	158.765	282.998	33.6483
453	79.4647	158.695	279.29 	33.0829
454	79.4647	157.97 	273.784	32.4617
455	79.4647	158.868	270.419	31.9882
456	79.4647	158.695	272.616	32.3995
457	79.4647	156.601	283.534	31.4823
458	79.4647	157.85 	278.616	33.3576
459	79.4647	158.126	270.162	33.0969
460	79.4647	156.219	288.82 	32.8167
461	79.4647	156.846	288.438	33.2486
462	79.4647	158.381	262.408	32.4445
463	79.4647	158.322	285.159	32.3543
464	79.4647	157.099	271.357	31.4945
465	79.4647	156.548	264.894	31.0186
466	79.4647	155.75 	256.993	29.2039
467	79.4647	155.013	248.079	29.9579
468	79.4647	155.072	267.77 	31.515 
469	79.4647	155.426	275.393	32.0812
470	79.4647	156.927	275.393	32.6351
471	79.4647	158.355	269.6  	32.2493
472	79.4647	158.047	281.872	33.1504
473	79.4647	157.328	281.872	32.6895
474	79.4647	157.799	281.872	32.3524
475	79.4647	155.979	281.872	31.2885
476	79.4647	154.943	270.644	30.6602
477	79.4647	157.875	272.083	32.1764
478	79.4647	157.307	277.933	31.4917
479	79.4647	158.112	277.466	31.1921
480	79.4647	159.345	278.587	32.9901
481	79.4647	160.162	288.663	34.2389
482	79.4647	157.698	278.076	32.4039
483	79.4647	159.004	277.466	33.2946
484	79.4647	157.94 	266.653	32.1294
485	79.4647	157.603	274.535	31.6371
486	79.4647	157.279	255.837	30.8701
487	79.4647	157.23 	268.6  	30.3798
488	79.4647	156.918	274.492	31.0371
489	79.4647	157.774	281.729	32.4427
490	79.4647	159.942	290.56 	33.7359
491	79.4647	157.997	283.927	32.2189
492	79.4647	157.604	280.604	31.3304
493	79.4647	159.174	276.57 	32.038 
494	79.4647	157.904	276.192	31.5508
495	79.4647	157.82 	261.771	31.6626
496	79.4647	157.111	262.607	31.3692
497	79.4647	158.295	266.927	33.0799
498	79.4647	157.383	266.927	32.1376
499	79.4647	156.27 	264.027	31.8399
71.35000001
