/usr/lib/python2.7/site-packages/deap/tools/_hypervolume/pyhv.py:33: ImportWarning: Falling back to the python version of hypervolume module. Expect this to be very slow.
  "module. Expect this to be very slow.", ImportWarning)
gen	min   	avg    	max    	std    
0  	-11.13	71.4064	596.003	79.7373
1  	-11.13	70.7581	667.572	78.1466
2  	-11.13	70.3406	574.749	74.7437
3  	-11.3708	70.5363	527.36 	73.6995
4  	-11.3708	69.3258	521.984	75.0828
5  	-11.3708	72.3585	586.986	84.2234
6  	-11.3708	73.4727	569.2  	85.1115
7  	-11.5329	70.4579	554.802	80.0199
8  	-12.9593	72.6423	702.102	84.4426
9  	-13.9457	71.8413	660.691	83.6679
10 	-13.9457	72.7532	449.288	76.5605
11 	-13.9457	72.3408	527.038	77.4878
12 	-13.9457	72.0486	527.038	77.0969
13 	-13.9457	70.7771	402.962	74.1841
14 	-13.9457	69.9667	607.09 	75.7466
15 	-13.9457	70.9743	511.674	78.5276
16 	-13.9457	68.9795	557.665	77.6511
17 	-13.9457	70.6169	763.381	82.9647
18 	-13.9457	71.4072	644.759	84.0021
19 	-13.9457	70.3724	549.342	79.6128
20 	-13.9457	70.7037	519.344	80.3556
21 	-13.9457	68.6657	650.152	78.5624
22 	-13.9457	68.5124	397    	73.5068
23 	-13.9457	68.7568	492.717	77.2977
24 	-13.9457	67.671 	488.53 	76.2035
25 	-13.9457	67.7503	500.035	77.3046
26 	-13.9457	68.3959	609.193	79.7594
27 	-13.9457	68.8087	516.316	77.9778
28 	-13.9457	67.5691	421.521	72.8705
29 	-13.9457	67.7674	439.65 	75.5514
30 	-13.9457	66.8309	416.663	72.1259
31 	-13.9457	66.7725	494.137	73.7247
32 	-13.9457	65.8809	556.36 	71.6653
33 	-13.9457	64.2246	550.296	68.4893
34 	-13.9457	64.8106	624.125	73.8296
35 	-13.9457	63.5   	616.949	69.8143
36 	-14.6068	62.6564	616.949	71.318 
37 	-14.6068	63.0723	579.221	74.3296
38 	-14.6068	63.1857	579.221	75.8183
39 	-14.6068	63.9408	440.299	73.6254
40 	-14.6068	63.0814	446.414	72.3683
41 	-14.6068	61.7627	443.962	72.2628
42 	-14.6068	59.905 	425.363	65.953 
43 	-14.6068	59.2569	425.363	64.6565
44 	-14.6068	60.0169	450.395	66.0707
45 	-14.6068	60.5648	401.349	67.5373
46 	-14.6068	61.136 	498.879	66.2303
47 	-14.6068	60.1641	401.349	65.084 
48 	-14.6068	58.8015	439.384	65.6705
49 	-14.6068	59.9318	457.518	66.5218
50 	-14.6068	60.0216	457.518	67.6706
51 	-14.6068	60.5243	668.928	71.261 
52 	-14.6068	62.1572	566.372	74.8721
53 	-14.6068	60.8928	437.999	68.7734
54 	-14.6068	60.2656	485.343	68.4201
55 	-14.6068	61.6937	489.122	71.6101
56 	-14.6068	61.4223	697.193	73.8162
57 	-14.6068	61.5133	697.193	73.7805
58 	-14.6068	59.5805	438.832	67.6868
59 	-14.6068	59.3682	518.153	70.3992
60 	-14.6068	58.1603	511.476	70.2428
61 	-14.6258	57.4533	479.385	67.0647
62 	-14.6258	58.0245	491.998	66.2956
63 	-14.6258	58.1703	491.998	68.2961
64 	-14.6258	55.5625	401.124	61.4551
65 	-14.6258	56.1942	427.857	64.5308
66 	-14.6258	57.5977	666.566	69.2002
67 	-14.6258	57.4429	491.144	67.4286
68 	-14.6258	57.3388	478.84 	67.0224
69 	-14.6258	56.6963	400.217	66.1341
70 	-14.6258	55.5172	408.962	63.3347
71 	-14.6258	56.0887	408.962	63.9745
72 	-14.6258	55.1409	408.962	63.8107
73 	-14.6258	53.8744	473.026	64.0885
74 	-14.6258	56.3983	745.058	73.7307
75 	-14.6258	56.2504	545.499	72.101 
76 	-14.6258	55.7036	492.75 	70.4498
77 	-14.6258	56.4085	808.649	73.9335
78 	-14.6258	55.445 	478.073	68.8975
79 	-14.6258	53.6577	471.292	64.802 
80 	-14.6258	53.3475	581.568	63.4433
81 	-14.6258	53.4659	386.003	61.5575
82 	-14.6258	53.5973	386.003	61.3703
83 	-14.6258	54.6395	607.429	65.0046
84 	-14.6258	56.437 	395.455	65.4373
85 	-14.6258	54.8304	504.057	64.8161
86 	-14.6258	53.4923	395.455	61.8396
87 	-14.6258	54.6862	454.612	65.3546
88 	-14.6258	56.9838	443.685	68.6563
89 	-14.6258	53.7553	443.685	62.8811
90 	-14.6258	52.9348	349.794	59.9676
91 	-14.6258	53.5498	383.126	62.2799
92 	-14.6258	52.7948	383.126	62.1092
93 	-14.6258	53.6969	489.257	64.3445
94 	-14.6258	52.9182	481.24 	64.1984
95 	-14.6258	50.6248	526.933	61.6185
96 	-14.6258	50.4382	379.239	59.4526
97 	-14.6258	50.8161	456.796	63.5006
98 	-14.6258	51.3571	397.507	61.2958
99 	-14.6258	51.2527	448.623	61.6262
100	-14.6258	50.9228	444.168	63.2693
101	-14.6258	49.9927	396.012	60.7041
102	-14.6258	51.447 	435.616	63.3092
103	-14.6258	51.7023	495.27 	64.1142
104	-14.6258	50.2209	431.657	62.0676
105	-14.6258	50.1286	378.818	61.1535
106	-14.6258	51.0247	488.132	63.1127
107	-14.6258	50.6228	437.14 	61.5743
108	-14.6258	51.5076	458.711	65.782 
109	-14.6258	51.7693	458.711	67.1837
110	-14.6258	50.353 	407.587	60.9532
111	-14.7574	52.0885	541.379	65.7434
112	-14.7574	51.2989	485.351	65.4049
113	-14.7574	50.1606	484.187	64.9744
114	-14.7574	49.9537	437.47 	62.8921
115	-14.7574	50.4754	410.29 	66.4664
116	-14.7574	50.3297	444.987	64.6719
117	-14.7574	49.6695	631.688	65.6627
118	-14.7574	49.896 	494.022	65.4837
119	-14.7574	48.9907	494.022	64.2678
120	-14.7574	48.786 	458.962	60.9181
121	-14.7574	48.9859	541.229	64.1787
122	-14.7574	49.2391	447.235	62.469 
123	-14.7574	49.404 	420.263	63.1335
124	-14.7574	49.7795	494.283	66.2087
125	-14.7574	49.4024	428.057	66.6524
126	-14.7574	48.3517	401.471	64.1527
127	-14.7574	49.4423	436.233	64.7188
128	-14.7574	48.7178	436.233	62.1728
129	-14.7574	49.608 	632.364	69.0381
130	-14.7574	48.2659	513.6  	64.167 
131	-14.7574	48.0826	574.68 	62.5071
132	-14.7574	47.05  	563.505	60.6108
133	-14.7574	47.0371	446.669	60.0194
134	-14.7574	47.3944	407.428	59.3018
135	-14.7574	48.0594	419.827	59.9728
136	-14.7574	46.2894	417.925	56.5083
137	-14.7574	45.6314	352.524	53.93  
138	-14.7574	44.449 	338.168	52.4559
139	-14.7574	44.9283	399.645	56.1112
140	-14.7574	43.9802	422.595	55.8748
141	-14.7574	44.9294	455.302	57.9953
142	-14.7574	44.5214	627.304	58.0254
143	-14.7574	44.6137	794.45 	62.5648
144	-14.7574	43.9141	445.339	56.9246
145	-14.7574	44.3896	338.262	53.8305
146	-14.7574	43.2649	342.858	50.9952
147	-14.7574	43.0131	487.414	55.553 
148	-14.7574	45.1237	564.724	57.6586
149	-14.7574	44.8221	418.62 	58.0853
150	-14.7574	44.0867	334.399	54.9193
151	-14.7574	44.5729	314.688	54.5207
152	-14.7574	44.8396	314.688	55.7843
153	-14.7574	43.4173	305.589	51.8652
154	-14.7574	44.2179	319.069	55.3778
155	-14.7574	43.6933	450.97 	54.4542
156	-14.7574	43.3686	416.415	55.5049
157	-14.7574	43.2701	416.415	54.917 
158	-14.7574	42.5769	473.881	55.2618
159	-14.7574	42.045 	376.256	52.9277
160	-14.7574	41.9767	376.256	53.0865
161	-14.7574	42.2048	317.188	55.1585
162	-14.7574	42.3452	348.613	53.1272
163	-14.7574	42.2945	415.282	55.7539
164	-14.7574	42.9558	347.053	56.8321
165	-14.7574	43.0559	347.053	55.8951
166	-14.7574	42.6606	339.121	55.6955
167	-14.7574	41.7813	309.903	52.6648
168	-14.7574	40.4627	305.886	50.9299
169	-14.7574	40.9012	466.021	55.952 
170	-14.7574	40.7532	336.965	53.2589
171	-14.7574	41.8321	336.965	53.4642
172	-14.7574	42.4357	330.701	54.2054
173	-14.7574	42.1738	364.812	54.8434
174	-14.7574	43.141 	385.375	57.4053
175	-14.7574	42.761 	393.28 	57.6834
176	-14.7574	40.8501	393.28 	54.3   
177	-14.7574	41.7555	380.333	56.486 
178	-14.7574	42.1379	436.956	56.4944
179	-14.7574	41.913 	665.43 	58.1546
180	-14.7574	42.8077	552.065	58.6995
181	-14.7574	41.1721	325.23 	53.7353
182	-14.7574	42.1792	392.083	55.1596
183	-14.7574	42.1778	296.988	53.8396
184	-14.7574	43.4924	336.664	55.7688
185	-14.7574	42.2469	364.554	53.5386
186	-14.7574	40.1166	300.197	49.8754
187	-14.7574	39.2386	415.055	49.8634
188	-14.7574	39.6957	408.503	51.3192
189	-14.7574	39.5962	381.672	51.2575
190	-14.7574	40.4369	454.211	53.6987
191	-14.7574	39.6939	379.511	51.1802
192	-14.7574	39.799 	374.856	51.3669
193	-14.7574	39.0488	361.563	50.2471
194	-14.7574	39.8428	359.778	51.2808
195	-14.7574	41.0647	372.336	53.7926
196	-14.7574	39.606 	340.825	50.9385
197	-14.7574	38.7426	353.294	50.5649
198	-14.7574	39.4379	409.396	53.1519
199	-14.7574	38.4794	417.764	52.3535
200	-14.7574	37.5812	347.945	48.9693
201	-14.7574	38.4191	300.47 	50.1955
202	-14.7574	39.4758	377.425	52.5936
203	-14.7574	39.9635	369.803	53.8877
204	-14.7574	40.1886	355.197	53.2387
205	-14.7574	39.8363	407.687	54.7166
206	-14.7574	39.2688	337.399	51.3151
207	-14.7574	37.5052	337.399	49.406 
208	-14.7574	37.9528	337.399	48.7459
209	-14.7574	38.4448	419.326	51.2254
210	-14.7574	38.321 	419.326	49.5124
211	-14.7574	37.3041	415.073	48.8536
212	-14.7574	37.0249	261.668	45.5433
213	-14.7574	37.0232	284.738	47.4362
214	-14.7574	36.0347	284.738	45.42  
215	-14.7574	37.8325	565.42 	54.0962
216	-14.7574	36.7943	401.727	50.3996
217	-14.7574	37.1961	401.727	51.8139
218	-14.7574	37.4259	401.727	50.7783
219	-14.7574	37.0046	447.739	50.6942
220	-14.7574	37.0849	425.655	50.5478
221	-14.7574	37.2276	397.49 	50.2214
222	-14.7574	38.6476	396.216	52.3454
223	-14.7574	37.9283	373.093	52.0425
224	-14.7574	37.5253	387.579	52.4929
225	-14.7574	37.1852	442.318	53.0912
226	-14.7574	37.3791	393.617	51.7097
227	-14.7574	36.5495	393.617	50.5955
228	-14.7574	36.2424	328.537	48.7648
229	-14.7574	35.5012	286.326	47.2509
230	-14.7574	35.0266	315.826	49.0662
231	-14.7574	34.4787	323.858	45.7621
232	-14.7574	34.4523	305.646	44.4529
233	-14.7574	35.3987	291.226	45.7609
234	-14.7574	36.4038	258.275	46.6293
235	-14.7574	36.1337	298.499	48.8099
236	-14.7574	35.7707	342.278	49.034 
237	-14.7574	34.3221	279.95 	45.0781
238	-14.7574	35.2674	286.001	47.0731
239	-14.7574	35.2804	295.744	46.775 
240	-14.7574	35.8769	325.883	47.89  
241	-14.7574	35.9199	334.044	47.7283
242	-14.7574	34.3398	340.957	44.4508
243	-14.7574	35.1023	338.575	46.244 
244	-14.7574	33.4201	306.641	43.0632
245	-14.7574	32.6153	219.358	40.8574
246	-14.7574	31.951 	268.21 	40.841 
247	-14.7574	33.0949	332.199	43.5849
248	-14.7574	31.8631	284.663	39.5452
249	-14.7574	31.4146	240.605	38.9655
250	-14.7574	31.8216	297.345	41.1147
251	-14.7574	31.9085	274.389	40.6353
252	-14.7574	31.4458	273.402	40.4788
253	-14.7574	31.6338	342.078	42.316 
254	-14.7574	31.8966	367.98 	44.5109
255	-14.7574	32.2501	325.262	44.7273
256	-14.7574	32.1569	296.549	42.9848
257	-14.7574	32.8962	277.29 	45.3767
258	-14.7574	33.8345	355.511	46.9974
259	-14.7574	32.2943	355.511	44.8437
260	-14.7574	32.1108	297.839	44.634 
261	-14.7574	31.6253	327.897	45.3605
262	-14.7574	32.0089	284.41 	43.2318
263	-14.7574	32.0084	264.899	42.1437
264	-14.7574	31.4982	228.451	41.1575
265	-14.7574	32.2267	349.954	44.3248
266	-14.7574	30.947 	342.477	41.2879
267	-14.7574	31.1017	321.986	41.5737
268	-14.7574	32.3764	358.49 	44.0684
269	-14.7574	31.8024	269.239	43.3287
270	-14.7574	32.1169	319.273	45.0481
271	-14.8025	31.9624	306.43 	45.4199
272	-14.8025	33.2715	360.752	48.3473
273	-14.8025	31.7571	299.693	43.4102
274	-14.8025	32.1756	292.434	43.3336
275	-14.8025	33.6714	323.579	46.2586
276	-14.8025	32.5927	307.156	44.4005
277	-14.8025	32.9685	307.156	44.7182
278	-14.8025	32.8924	406.529	46.2145
279	-14.8025	32.755 	380.509	47.5012
280	-14.8025	31.8764	345.572	45.6812
281	-14.8025	30.8115	305.708	42.7849
282	-14.8025	31.1078	240.689	42.6068
283	-15.5348	31.4206	240.689	42.7857
284	-15.5348	31.0589	263.891	43.0451
285	-15.5348	30.1519	263.891	41.6962
286	-15.5348	31.4077	368.082	44.3896
287	-15.5348	31.7829	427.266	45.2086
288	-15.5348	31.4212	271.167	41.8674
289	-15.5348	31.9161	288.365	43.2354
290	-15.5348	30.2351	240.431	38.6533
291	-15.5348	29.8541	278.601	40.0957
292	-15.5348	30.5709	362.194	42.2803
293	-15.5348	30.1093	310.669	41.7223
294	-15.5348	29.6246	284.644	41.2264
295	-15.5348	30.2725	284.644	41.647 
296	-15.5348	30.3366	260.173	42.5353
297	-15.5348	29.4941	267.234	40.7665
298	-15.5348	29.9196	274.921	42.1711
299	-15.5348	30.0694	277.78 	42.7854
300	-15.5348	30.4323	267.234	42.343 
301	-15.5348	31.3486	293.341	44.0972
302	-15.5348	30.4041	328.489	41.3541
303	-15.5348	30.0708	287.393	42.8951
304	-15.5348	29.2644	287.461	40.7606
305	-15.5348	29.1302	252.08 	40.6199
306	-15.5348	29.9439	255.549	42.6544
307	-15.5348	30.2916	269.434	43.5259
308	-15.5348	29.7019	298.03 	43.0387
309	-15.5348	30.4174	289.866	45.9324
310	-15.5348	29.2407	281.153	43.3894
311	-15.5348	29.4471	281.153	42.4172
312	-15.5348	30.053 	281.153	42.8109
313	-15.5348	29.9322	300.954	42.8755
314	-15.5348	29.7106	257.113	41.1497
315	-15.5348	29.6089	333.283	42.5794
316	-15.5348	29.6232	215.443	39.7984
317	-15.5348	28.8128	232.394	39.6712
318	-15.5348	28.6257	232.394	41.2304
319	-15.5348	28.1686	272.845	42.2656
320	-15.5348	27.6203	264.914	40.3434
321	-15.5348	27.7476	264.914	40.2029
322	-15.5348	27.9359	267.18 	41.1869
323	-15.5348	27.7149	337.04 	40.441 
324	-15.5348	27.0023	301.863	39.1743
325	-15.5348	27.4491	264.914	39.0123
326	-15.5348	28.1441	321.381	41.9615
327	-15.5348	28.1631	253.912	40.0978
328	-15.5348	28.642 	245.323	40.8054
329	-15.5348	27.9099	239.101	38.6904
330	-15.5348	27.2412	235.349	37.6202
331	-15.9846	27.9664	262.167	39.293 
332	-15.9846	29.0884	264.706	41.6038
333	-15.9846	28.3608	308.095	42.3677
334	-15.9846	27.5734	283.369	40.3975
335	-15.9846	28.0565	319.719	41.1479
336	-15.9846	28.194 	300.266	41.1774
337	-15.9846	27.6003	232.814	39.91  
338	-15.9846	26.6364	245.258	38.221 
339	-15.9846	26.4736	302.822	38.5244
340	-15.9846	26.1152	274.874	38.5174
341	-15.9846	26.817 	350.998	41.8675
342	-15.9846	26.7829	274.874	40.3182
343	-15.9846	25.6397	236.593	38.226 
344	-15.9846	25.4917	233.881	36.6516
345	-15.9846	25.9131	255.738	37.3844
346	-15.9846	25.9625	265.145	37.6961
347	-15.9846	25.1955	235.048	36.1632
348	-15.9846	25.1422	225.78 	36.9928
349	-15.9846	25.3185	210.178	36.0081
350	-15.9846	25.1615	263.096	36.4356
351	-15.9846	24.98  	298.534	37.7014
352	-15.9846	25.6132	300.031	38.1404
353	-15.9846	25.0065	206.517	35.9599
354	-15.9846	24.632 	200.58 	34.7243
355	-15.9846	24.8551	200.58 	35.0712
356	-15.9846	24.8666	195.091	34.8131
357	-15.9846	24.5482	201.991	34.2529
358	-15.9846	24.506 	201.991	33.9665
359	-15.9846	24.9934	218.125	35.1483
360	-15.9846	25.0395	253.727	35.7154
361	-15.9846	25.5399	251.825	37.7841
362	-15.9846	25.7958	251.825	37.6437
363	-15.9846	25.1792	241.616	36.8203
364	-15.9846	24.4299	241.616	35.1011
365	-15.9846	24.6801	195.533	34.1621
366	-15.9846	25.1927	297.469	38.496 
367	-15.9846	24.7216	229.323	35.3142
368	-15.9846	23.5897	190.399	33.1892
369	-15.9846	24.0309	227.552	34.4175
370	-15.9846	23.1512	200.949	32.5376
371	-15.9846	22.6738	264.28 	31.7167
372	-15.9846	22.6914	194.973	31.0156
373	-15.9846	22.8589	182.445	31.4293
374	-15.9846	22.3432	182.445	31.5898
375	-15.9846	22.4293	187.405	31.0669
376	-15.9846	22.8019	213.489	32.1733
377	-15.9846	22.1398	210.394	32.0874
378	-15.9846	22.1688	190.947	32.14  
379	-15.9846	21.5295	163.893	29.8706
380	-15.9846	22.1979	174.13 	32.0501
381	-15.9846	22.6705	213.726	32.9098
382	-15.9846	22.6081	193.324	31.6793
383	-15.9846	22.3557	170.733	31.2393
384	-15.9846	22.0796	164.466	31.5685
385	-15.9846	22.9125	238.887	32.9316
386	-15.9846	23.5098	250.158	34.7888
387	-15.9846	23.7815	291.483	35.0173
388	-15.9846	23.1764	184.329	33.2444
389	-15.9846	22.7663	173.467	32.6049
390	-15.9846	22.5081	173.467	33.308 
391	-15.9846	22.5614	173.362	32.3594
392	-15.9846	22.9995	173.362	33.6494
393	-15.9846	23.2251	217.095	34.6911
394	-15.9846	23.0509	188.425	33.9786
395	-15.9846	22.1774	206.112	32.8957
396	-15.9846	21.7289	214.622	31.8794
397	-15.9846	22.2475	186.092	32.1674
398	-15.9846	22.8179	288.003	34.0658
399	-15.9846	22.296 	196.233	33.4942
400	-15.9846	22.2159	177.476	32.5405
401	-15.9846	22.4588	226.396	33.547 
402	-15.9846	22.5388	191.615	32.8959
403	-15.9846	22.377 	207.943	33.1326
404	-15.9846	21.478 	172.282	31.7007
405	-15.9846	22.3945	201.991	33.1996
406	-15.9846	21.6736	183.708	30.4733
407	-15.9846	22.6168	184.715	32.4647
408	-15.9846	23.8037	213.307	34.7052
409	-15.9846	22.6957	193.02 	33.2802
410	-15.9846	23.237 	193.02 	33.7394
411	-15.9846	23.083 	202.944	34.0714
412	-15.9846	22.7002	216.385	34.9476
413	-15.9846	23.1689	202.944	34.5422
414	-15.9846	23.1541	212.127	35.4235
415	-15.9846	23.8015	201.412	36.2035
416	-15.9846	23.1991	181.52 	35.8596
417	-15.9846	22.6262	218.403	35.019 
418	-15.9846	22.5109	218.403	35.2348
419	-15.9846	22.933 	267.352	37.2108
420	-15.9846	22.7698	199.595	35.2542
421	-15.9846	22.7097	195.905	34.5894
422	-15.9846	22.0285	179    	32.9332
423	-15.9846	22.1492	233.347	33.2714
424	-15.9846	21.7954	233.347	32.525 
425	-15.9846	21.3894	182.326	31.5103
426	-15.9846	22.2157	243.969	33.5378
427	-15.9846	21.7353	218.35 	32.1475
428	-15.9846	21.2266	174.109	31.864 
429	-15.9846	21.2959	168.598	31.1639
430	-15.9846	20.7734	148.319	30.4902
431	-15.9846	20.5664	198.481	30.9085
432	-15.9846	20.4814	198.481	30.8633
433	-15.9846	21.4313	198.481	31.5174
434	-15.9846	21.1919	198.481	32.5049
435	-15.9846	21.3652	198.481	33.6435
436	-15.9846	21.469 	221.801	33.934 
437	-15.9846	21.6764	221.801	34.0789
438	-15.9846	20.8644	172.549	31.7997
439	-15.9846	21.0237	181.746	32.0302
440	-15.9846	20.9312	193.955	31.2659
441	-15.9846	21.1013	193.955	32.6589
442	-15.9846	21.2037	193.955	32.8309
443	-15.9846	20.8151	171.375	32.9194
444	-15.9846	20.7808	168.04 	32.6594
445	-15.9846	21.4435	216.85 	34.3643
446	-15.9846	21.0965	218.106	34.0128
447	-15.9846	21.3578	218.106	33.8693
448	-15.9846	21.6987	260.609	35.1873
449	-15.9846	21.3476	221.718	34.3728
450	-15.9846	21.0435	190.651	33.7355
451	-15.9846	20.7039	236.277	33.4498
452	-15.9846	20.3598	190.651	32.6627
453	-15.9846	20.712 	187.969	32.6638
454	-15.9846	20.8029	175.695	32.3084
455	-15.9846	20.7772	187.728	31.6363
456	-15.9846	19.5969	184.577	31.44  
457	-15.9846	19.7746	184.577	31.9024
458	-15.9846	19.5779	183.758	31.3446
459	-15.9846	19.5279	183.758	31.8326
460	-15.9846	19.2921	180.344	30.9014
461	-15.9846	19.634 	196.258	32.2468
462	-15.9846	19.1916	206.517	32.193 
463	-15.9846	18.7331	186.432	31.2172
464	-15.9846	18.6961	193.398	31.0325
465	-15.9846	18.4428	179.058	30.264 
466	-15.9846	18.3908	200.548	30.0454
467	-15.9846	18.6345	179.058	30.2101
468	-15.9846	18.0971	179.058	29.6924
469	-15.9846	18.8477	224.961	32.0521
470	-15.9846	18.2593	224.961	30.6043
471	-15.9846	18.5587	224.961	31.5814
472	-15.9846	17.9135	166.281	30.0344
473	-15.9846	17.7042	166.987	30.3773
474	-15.9846	17.2329	177.682	29.9551
475	-15.9846	17.4039	219.709	30.2849
476	-15.9846	16.9228	184.602	29.8396
477	-15.9846	17.3204	184.602	30.1709
478	-15.9846	16.7178	170.084	28.4537
479	-15.9846	17.1244	180.719	30.3212
480	-15.9846	16.9158	188.552	30.1199
481	-15.9846	17.2552	269.06 	32.303 
482	-15.9846	17.4077	236.842	30.4089
483	-15.9846	17.401 	196.023	29.5764
484	-15.9846	17.1663	162.444	29.1722
485	-15.9846	17.2624	164.407	28.6932
486	-15.9846	17.2064	173.794	28.6979
487	-15.9846	16.673 	173.794	27.8613
488	-15.9846	17.3712	173.794	28.9747
489	-15.9846	17.3446	172.116	28.401 
490	-15.9846	17.0454	168.41 	27.9479
491	-15.9846	17.1018	168.41 	27.7415
492	-15.9846	18.3428	222.573	31.604 
493	-15.9846	17.7214	207.316	30.728 
494	-15.9846	17.2075	170.162	29.7331
495	-15.9846	17.0429	169.474	29.5745
496	-15.9846	16.7873	168.632	29.4183
497	-15.9846	16.0912	140.734	28.2769
498	-15.9846	16.8375	170.461	29.0357
499	-15.9846	17.3092	170.461	29.9186
-16.93999999
