/usr/lib/python2.7/site-packages/deap/tools/_hypervolume/pyhv.py:33: ImportWarning: Falling back to the python version of hypervolume module. Expect this to be very slow.
  "module. Expect this to be very slow.", ImportWarning)
gen	min     	avg    	max    	std    
0  	-12.1078	76.1024	435.495	79.1377
1  	-12.3094	75.1139	495.493	75.0393
2  	-14.1397	77.5287	560.673	82.1187
3  	-14.1397	76.0003	490.993	81.5861
4  	-14.1397	75.7432	591.367	82.7694
5  	-14.1397	76.1269	659.954	81.4669
6  	-14.1553	75.1255	754.21 	81.4019
7  	-14.1553	76.0712	616.499	83.9414
8  	-14.1553	74.9822	689.826	84.4142
9  	-14.1553	71.9647	552.998	79.918 
10 	-14.1553	72.1983	571.078	78.7077
11 	-14.1553	73.4241	480.653	79.0123
12 	-14.1553	72.6905	480.653	76.9834
13 	-14.1553	73.4282	492.536	79.1571
14 	-14.1553	73.3474	478.362	79.3602
15 	-14.1553	73.2851	423.906	77.9241
16 	-14.1553	73.5218	562.402	79.0261
17 	-14.1553	72.0075	473.287	73.9896
18 	-14.1553	71.7307	490.551	74.4529
19 	-14.1553	71.7158	507.632	74.9693
20 	-14.1553	72.9627	538.282	77.9506
21 	-14.1553	73.2496	466.15 	77.2716
22 	-14.1553	71.7283	439.675	77.0735
23 	-14.1553	70.9761	632.913	77.7047
24 	-14.1553	71.7607	482.166	76.379 
25 	-14.1553	68.8061	464.746	73.9157
26 	-14.1553	69.5038	501.927	76.3947
27 	-14.2028	69.8407	399.537	74.5163
28 	-14.2028	68.1115	707.513	74.7317
29 	-14.2171	69.9275	567.214	74.2766
30 	-14.2171	73.8671	613.321	85.1726
31 	-14.2171	70.8996	575.204	79.5658
32 	-14.2171	70.5906	523.267	76.8285
33 	-14.2171	72.2361	523.267	80.1724
34 	-14.2171	70.963 	490.65 	78.2651
35 	-14.2171	70.5399	479.638	76.2636
36 	-15.1496	69.6621	479.638	78.0751
37 	-15.1496	70.4436	446.287	77.3837
38 	-16.0214	69.6266	500.946	75.2531
39 	-16.0214	71.7389	474.038	80.89  
40 	-16.0214	69.0558	605.138	82.0239
41 	-16.0214	66.4156	547.283	79.2639
42 	-16.0214	66.3598	515.706	77.3447
43 	-16.0214	66.7247	538.923	76.918 
44 	-16.0214	63.7943	508.733	70.0815
45 	-16.0214	63.7961	486.848	71.6484
46 	-16.0214	66.629 	620.608	77.5823
47 	-16.0214	67.8274	536.286	79.4692
48 	-16.0214	65.3449	536.286	73.6589
49 	-16.0214	65.6501	574.448	71.8275
50 	-16.0214	65.3212	487.258	73.0659
51 	-16.0214	64.8144	533.864	71.7166
52 	-16.0214	64.9801	699.709	76.0211
53 	-16.0214	64.8656	454.103	74.3821
54 	-16.0214	64.6684	494.393	73.8692
55 	-16.0214	63.5015	494.393	73.4889
56 	-16.0214	64.2593	409.399	72.2703
57 	-16.0214	64.1005	463.886	71.9382
58 	-16.0214	64.5128	394.361	70.6318
59 	-16.0214	63.3706	405.148	70.4542
60 	-16.0214	61.333 	405.718	67.3204
61 	-16.0214	62.5353	405.718	70.7713
62 	-16.0214	62.4203	405.718	70.7584
63 	-16.0214	63.1219	539.242	72.2462
64 	-16.0214	63.6821	416.511	72.1955
65 	-16.0214	63.9883	413.262	71.7912
66 	-16.0214	63.8757	519.53 	74.7289
67 	-16.0214	63.849 	432.699	70.4531
68 	-16.0214	61.0425	379.921	64.5836
69 	-16.1262	60.3356	407.541	65.932 
70 	-16.1262	60.7213	472.176	67.434 
71 	-16.1262	60.6269	393.21 	66.6099
72 	-16.1262	61.7547	528.774	70.1199
73 	-16.1262	61.0709	382.85 	69.2187
74 	-16.1262	59.1639	610.835	67.673 
75 	-16.1262	58.769 	453.666	68.8277
76 	-16.1262	58.7661	430.516	68.0807
77 	-16.1262	60.0556	433.54 	67.2359
78 	-16.1262	59.2372	351.895	65.471 
79 	-16.1262	59.6966	386.122	65.8558
80 	-16.1262	59.8562	465.727	66.4117
81 	-16.1262	59.3953	465.727	66.4804
82 	-16.1262	59.0834	465.727	67.0998
83 	-16.1262	60.1778	465.727	67.6359
84 	-16.1262	59.3741	465.727	66.0734
85 	-16.1262	57.5185	465.727	63.8541
86 	-16.1262	60.1369	612.821	71.9038
87 	-16.1262	60.404 	622.462	73.3524
88 	-16.1262	59.3512	450.87 	68.6436
89 	-16.1262	56.9246	402.045	63.6158
90 	-16.1262	57.1   	413.05 	65.2904
91 	-16.1262	58.3222	515.605	70.2109
92 	-16.1262	58.6773	459.227	71.5543
93 	-16.1262	57.7889	459.227	70.7451
94 	-16.1262	57.2803	548.312	73.4912
95 	-16.1262	56.9549	563.82 	73.5412
96 	-16.1262	57.2683	586.126	75.0363
97 	-16.1262	56.3184	536.247	71.8596
98 	-16.1262	56.065 	532.539	68.3619
99 	-16.1262	56.1003	420.097	67.6745
100	-16.1262	56.0628	421.114	69.2974
101	-16.1262	54.8386	420.097	64.2154
102	-16.1262	54.71  	523.612	66.1264
103	-16.1262	55.2411	791.649	70.5515
104	-16.1262	55.3617	512.215	67.2311
105	-16.1262	55.2269	633.783	69.5319
106	-16.1262	54.8873	630.951	67.3893
107	-16.1262	55.4226	550.331	66.2511
108	-16.1262	55.705 	472.598	66.3591
109	-16.1262	55.3359	540.31 	66.2672
110	-16.1262	54.5318	360.599	60.2416
111	-16.1262	56.9292	556.509	67.262 
112	-16.1262	56.3646	538.849	66.1896
113	-16.1262	56.2829	436.833	64.9365
114	-16.1262	54.5821	495.818	63.7357
115	-16.1262	54.3311	459.54 	65.4538
116	-16.1262	54.4377	478.629	66.4967
117	-16.1262	53.8114	823.436	68.3313
118	-16.1262	53.772 	744.568	68.414 
119	-16.1262	53.3622	541.096	66.7587
120	-16.1262	54.2903	508.281	67.738 
121	-16.1262	54.6167	508.281	65.1637
122	-16.1262	52.8512	401.712	62.6895
123	-16.1262	53.0497	401.712	62.7441
124	-16.1262	53.0979	373.175	61.2743
125	-16.1262	54.9998	482.412	64.8823
126	-16.1262	53.2201	436.096	61.2779
127	-16.1262	53.0798	408.004	60.6174
128	-16.1262	52.0238	343.537	58.069 
129	-16.1262	52.6353	341.612	61.2581
130	-16.1262	54.0518	633.333	68.5408
131	-16.1262	51.8221	388.713	61.6153
132	-16.1262	49.3182	395.869	60.1699
133	-16.1262	50.056 	617.293	63.9994
134	-16.1262	50.6213	553.109	64.8421
135	-16.1262	50.4274	516.783	63.9007
136	-16.1262	47.2578	516.783	60.2672
137	-16.1262	47.2621	511.656	58.72  
138	-16.1262	47.0534	453.68 	54.5144
139	-16.1262	47.0252	291.648	52.1013
140	-16.1262	47.4776	360.535	54.6217
141	-16.1262	47.734 	360.28 	56.7487
142	-16.1262	47.871 	616.516	60.4771
143	-16.1262	48.3663	374.898	59.4584
144	-16.1262	47.819 	380.642	59.0862
145	-16.1262	48.9296	484.452	61.8232
146	-16.1262	48.33  	358.272	59.0826
147	-16.1262	47.3681	414.163	58.67  
148	-16.1262	47.7582	414.163	58.1355
149	-16.1262	48.222 	462.054	60.176 
150	-16.1262	48.3608	429.068	58.7961
151	-16.1262	47.7368	375.113	56.0319
152	-16.1262	46.8348	356.456	54.7817
153	-16.1262	46.1389	382.553	54.2065
154	-16.1262	45.8879	664.927	57.6674
155	-16.1262	44.9385	492.439	55.6967
156	-16.1262	44.3762	326.683	53.3646
157	-16.1262	45.5155	326.683	54.3939
158	-16.1262	45.4064	358.819	54.9479
159	-16.1262	46.055 	358.819	54.1695
160	-16.1262	47.0033	464.896	57.8671
161	-16.1262	47.0399	464.896	58.4929
162	-16.1262	47.5886	638.571	62.4899
163	-16.1262	47.2407	562.426	63.7191
164	-16.1262	46.6047	569.206	61.6676
165	-16.1262	45.6154	562.426	58.2358
166	-16.1262	44.168 	393.068	53.738 
167	-16.1262	43.8097	295.943	51.2655
168	-16.1262	43.5053	318.01 	51.1041
169	-16.1262	46.3976	472.231	59.6255
170	-16.1262	45.3123	431.373	57.6088
171	-16.1262	42.5379	316.407	50.6701
172	-16.1262	43.146 	338.175	52.641 
173	-16.1262	43.6458	384.226	57.3743
174	-16.1262	44.0375	815.572	61.2484
175	-16.1262	45.1568	622.532	61.8057
176	-16.1262	42.4387	396.748	52.6617
177	-16.1262	42.4889	424.701	51.0482
178	-16.1262	43.7947	424.701	53.7135
179	-16.1262	42.7703	393.038	53.2771
180	-16.1262	43.4099	355.56 	53.278 
181	-16.1262	42.6832	321.347	52.2549
182	-16.1262	42.4667	344.979	51.3717
183	-16.1262	42.3019	344.979	52.1712
184	-16.1262	43.8576	409.652	58.0271
185	-16.1262	44.3194	410.201	59.1316
186	-16.1262	45.0072	371.269	57.9662
187	-16.1262	43.9049	351.459	55.8538
188	-16.1262	43.1769	383.529	55.2354
189	-16.1262	42.7454	475.604	57.3372
190	-16.1262	40.7944	475.604	53.941 
191	-16.1262	40.8261	401.374	51.4474
192	-16.1262	40.3451	399.098	50.8596
193	-16.1262	38.7239	298.535	48.0535
194	-16.1262	38.8876	298.535	47.3195
195	-16.1262	40.0714	294.719	49.1669
196	-16.1262	39.9986	289.57 	48.7011
197	-16.1262	40.7779	331.019	51.8849
198	-16.1262	41.7478	347.778	53.8024
199	-16.1262	42.0594	428.681	54.6069
200	-16.1262	40.6368	333.625	51.3539
201	-16.1262	40.4047	360.324	50.308 
202	-16.1262	40.2569	395.035	52.0938
203	-16.1262	39.2336	395.035	48.6398
204	-16.1262	38.5332	250.625	45.3767
205	-16.1262	39.2335	302.434	46.3749
206	-16.1262	39.5584	385.652	48.5844
207	-16.1262	40.1899	325.521	50.5866
208	-16.1262	40.2073	454.671	51.4433
209	-16.1262	39.9843	334.588	51.0465
210	-16.1262	39.8478	352.453	51.0404
211	-16.1262	40.4256	411.929	53.3935
212	-16.1262	39.9202	298.365	51.3812
213	-16.1262	38.5024	279.854	48.8069
214	-16.1262	38.1296	347.101	47.7638
215	-16.1262	38.105 	292.328	47.411 
216	-16.1262	38.763 	330.121	49.7466
217	-16.1262	38.593 	414.695	50.1811
218	-16.1262	38.9131	414.695	51.5827
219	-16.1262	37.0339	421.67 	47.8803
220	-16.1262	36.5917	310.072	46.3843
221	-16.1262	37.7532	385.008	48.7617
222	-16.1262	37.6148	310.705	48.4561
223	-16.1262	37.8706	297.712	47.1186
224	-16.1262	36.8658	297.959	46.3014
225	-16.1262	36.5411	265.291	45.0417
226	-16.1262	36.2379	298.157	45.7578
227	-16.1262	37.2231	325.181	47.5658
228	-16.1262	35.9459	325.181	46.5577
229	-16.1262	35.8693	306.462	47.8782
230	-16.1262	35.62  	261.801	44.7999
231	-16.1262	36.1017	300.914	47.2195
232	-16.1262	36.3517	360.616	47.934 
233	-16.1262	36.9022	360.616	48.5471
234	-16.1262	37.5331	302.417	49.1144
235	-16.1262	37.4797	307.678	50.3131
236	-16.1262	37.4435	319.796	50.2672
237	-16.1262	36.2158	319.796	48.6189
238	-16.1262	35.1794	318.228	47.027 
239	-16.1262	35.3542	344.925	46.9432
240	-16.1262	35.2027	330.358	46.4178
241	-16.1262	35.8155	401.83 	48.8949
242	-16.1262	36.2863	401.83 	50.916 
243	-16.1262	35.4296	353.225	49.103 
244	-16.1262	36.0594	492.162	53.0063
245	-16.1262	35.393 	474.445	50.037 
246	-16.1262	35.0933	389.593	50.0987
247	-16.1262	35.7457	421.098	50.9256
248	-16.1262	36.1508	367.676	49.8617
249	-16.1262	35.4502	367.676	48.3753
250	-16.1262	34.9504	310.772	47.2774
251	-16.1262	34.8014	366.508	47.5021
252	-16.1262	34.1785	332.006	48.1323
253	-16.1262	33.327 	315.023	47.0494
254	-16.1262	33.1926	292.642	45.4789
255	-16.1262	33.9167	310.839	46.1331
256	-16.1262	33.4414	310.839	45.2756
257	-16.1262	33.2765	297.402	44.9251
258	-16.1262	33.4528	331.861	44.8819
259	-16.1262	33.6529	355.351	48.7394
260	-16.1262	33.7414	310.696	47.1874
261	-16.1262	34.4109	310.696	47.6756
262	-16.1262	33.432 	296.644	44.6962
263	-16.1262	33.3149	300.255	44.8048
264	-16.1262	32.7884	337.162	45.5222
265	-16.1262	31.5245	302.942	44.0107
266	-16.1262	32.8384	302.942	46.5869
267	-16.1262	31.5885	297.08 	42.6669
268	-16.1262	31.3501	279.099	42.8053
269	-16.1262	31.7124	261.581	43.0447
270	-16.1262	31.2953	311.107	42.4356
271	-16.1262	31.3874	232.385	41.4564
272	-16.1262	31.64  	283.389	43.3872
273	-16.1262	31.5978	338.548	44.5569
274	-16.1262	30.909 	272.982	42.3344
275	-16.1262	31.4113	263.931	41.8749
276	-16.1262	31.5411	264.491	42.9313
277	-16.1262	30.8028	240.882	40.7608
278	-16.1262	31.0814	236.186	40.1625
279	-16.1262	30.3961	221.367	39.2286
280	-16.1262	31.7599	302.036	42.8451
281	-16.1262	32.3692	370.588	44.4277
282	-16.1758	32.2204	282.129	43.556 
283	-16.1758	31.3191	282.115	44.1821
284	-16.1758	31.9859	260.024	44.0431
285	-16.1758	32.062 	239.523	43.6261
286	-16.1758	32.3243	283.8  	44.0339
287	-16.1758	32.8194	257.236	44.0442
288	-16.1758	31.932 	239.734	43.1116
289	-16.1758	31.5993	243.308	43.6928
290	-16.1758	31.6093	243.308	44.5852
291	-16.1758	31.313 	231.457	43.2595
292	-16.1758	31.5593	253.149	44.3839
293	-16.1758	32.1436	308.877	45.804 
294	-16.1758	31.3073	253.948	43.863 
295	-16.1758	31.3634	256.127	44.9687
296	-16.1758	31.1267	256.127	43.7421
297	-16.1758	31.4946	237.916	43.4357
298	-16.1758	32.3253	267.957	45.4818
299	-16.1758	31.4182	265.99 	44.8097
300	-16.1758	30.9495	295.017	45.2922
301	-16.1758	30.9866	295.017	44.1727
302	-16.1758	29.7979	285.253	42.9897
303	-16.1758	29.3829	262.175	42.3247
304	-16.1758	29.3748	262.175	42.0177
305	-16.1758	29.9757	290.422	43.9324
306	-16.1758	29.8465	291.024	43.5957
307	-16.201 	30.4029	310.185	44.6695
308	-16.201 	30.5876	293.461	44.6758
309	-16.201 	30.008 	255.592	43.5753
310	-16.201 	30.2102	213.217	41.2241
311	-16.201 	29.0751	200.135	39.8792
312	-16.201 	28.7789	254.474	41.2005
313	-16.201 	29.2053	256.205	40.9556
314	-16.201 	29.2548	298.432	40.9752
315	-16.201 	28.7587	298.432	39.7909
316	-16.201 	28.946 	300.607	40.0321
317	-16.201 	29.5968	265.097	41.8089
318	-16.201 	29.2041	282.4  	41.8301
319	-16.201 	29.0776	282.4  	41.4414
320	-16.201 	27.9729	282.4  	39.1681
321	-16.201 	28.4862	316.738	43.2946
322	-16.201 	28.9639	316.738	42.462 
323	-16.201 	30.119 	521.451	48.1982
324	-16.201 	29.5937	315.359	42.2405
325	-16.201 	29.1043	286.802	40.9275
326	-16.201 	28.7304	284.452	40.8407
327	-16.201 	27.5515	261.53 	38.2458
328	-16.201 	27.2237	242.123	38.782 
329	-16.201 	27.3911	253.479	39.0017
330	-16.201 	26.7127	253.479	40.2446
331	-16.201 	26.3963	228.279	38.5908
332	-16.201 	26.2067	216.098	36.7083
333	-16.201 	26.2706	243.396	37.7988
334	-16.201 	25.5492	243.396	36.5549
335	-16.201 	26.8871	380.732	40.7018
336	-16.201 	26.3224	380.732	40.3889
337	-16.201 	26.4954	380.732	40.9316
338	-16.201 	26.298 	369.263	38.9512
339	-16.201 	25.7135	228.224	37.2328
340	-16.201 	26.7655	235.332	39.2146
341	-16.201 	27.3725	276.433	40.6293
342	-16.201 	27.2046	269.804	39.5558
343	-16.201 	26.7331	256.195	37.9621
344	-16.201 	26.7746	256.195	38.0092
345	-16.201 	26.0116	233.969	37.2774
346	-16.201 	25.7576	233.969	36.6667
347	-16.201 	26.0496	233.969	37.6983
348	-16.201 	26.2994	233.969	37.2984
349	-16.201 	27.3529	222.444	38.5595
350	-16.201 	27.5082	265.79 	40.5096
351	-16.201 	26.4733	206.436	37.9086
352	-16.201 	26.4033	311.867	39.8433
353	-16.201 	26.9339	311.867	41.9295
354	-16.201 	26.8172	351.77 	41.4446
355	-16.201 	26.2925	291.98 	39.4307
356	-16.201 	26.4527	290.964	39.9334
357	-16.201 	25.8684	290.909	37.6437
358	-16.201 	26.4453	460.098	41.6134
359	-16.201 	27.0423	355.026	42.5121
360	-16.201 	26.811 	279.308	39.1603
361	-16.201 	26.7273	232.578	37.8503
362	-16.201 	26.8007	237.468	37.9472
363	-16.201 	26.8207	293.689	40.4609
364	-16.201 	27.0481	293.689	39.7004
365	-16.201 	26.1304	222.58 	36.3223
366	-16.201 	25.9432	230.324	35.9944
367	-16.201 	25.24  	223.967	35.4566
368	-16.201 	25.631 	223.967	36.2629
369	-16.201 	26.0602	204.039	35.8681
370	-16.201 	26.4196	238.994	37.0009
371	-16.201 	26.4255	210.478	36.9377
372	-16.201 	26.3572	279.478	38.4001
373	-16.201 	26.2207	254.391	38.7143
374	-16.201 	25.325 	250.677	37.4814
375	-16.201 	25.9708	276.139	38.3603
376	-16.201 	25.8512	312.452	40.4164
377	-16.201 	25.8376	312.452	40.9803
378	-16.201 	25.7029	296.018	40.3501
379	-16.201 	26.2198	338.588	41.6262
380	-16.201 	26.3058	252.612	40.1972
381	-16.201 	25.6749	207.13 	39.0974
382	-16.201 	25.7229	316.253	40.287 
383	-16.201 	25.3808	249.142	39.8589
384	-16.201 	25.2159	233.227	39.8495
385	-16.201 	24.2119	226.246	37.8275
386	-16.201 	23.2993	229.695	36.3728
387	-16.201 	23.355 	214.315	35.9108
388	-16.201 	22.7563	214.315	33.9464
389	-16.201 	23.1798	226.723	35.1653
390	-16.201 	22.4473	226.723	34.2267
391	-16.201 	22.5745	226.723	35.1278
392	-16.201 	23.0875	201.294	35.3428
393	-16.201 	23.0984	269.272	35.6776
394	-16.201 	23.5338	269.272	37.3005
395	-16.201 	23.74  	251.819	37.3235
396	-16.201 	23.0272	219.92 	35.8802
397	-16.201 	22.332 	199.925	33.2146
398	-16.201 	21.9369	193.328	33.2563
399	-16.201 	21.754 	188.859	33.998 
400	-16.201 	22.2606	314.046	35.0898
401	-16.201 	21.7815	205.831	34.3618
402	-16.201 	21.5694	222.709	33.7142
403	-16.201 	21.5215	286.471	34.9134
404	-16.201 	21.2366	226.023	34.2285
405	-16.201 	21.4907	229.405	34.4054
406	-16.201 	21.3058	269.491	34.8001
407	-16.201 	21.0615	240.95 	33.3538
408	-16.201 	21.3937	240.661	33.9753
409	-16.201 	20.9505	240.661	33.66  
410	-16.201 	20.9212	240.661	35.1574
411	-16.201 	20.6911	235.47 	34.6497
412	-16.201 	20.4781	226.004	33.5828
413	-16.201 	20.2033	208.585	33.2583
414	-16.201 	20.7827	208.585	34.4867
415	-16.201 	21.0651	196.895	33.3891
416	-16.201 	20.7819	190.056	33.512 
417	-16.201 	20.5463	194.12 	33.0397
418	-16.201 	20.4532	194.12 	32.3399
419	-16.201 	19.7954	194.54 	31.1778
420	-16.201 	20.118 	194.54 	31.8412
421	-16.201 	20.3719	195.785	31.5647
422	-16.201 	20.8195	203.056	33.4191
423	-16.201 	20.4581	203.056	32.7941
424	-16.201 	20.4867	197.469	32.4384
425	-16.201 	19.6304	194.12 	31.6368
426	-16.201 	19.7011	194.12 	32.4312
427	-16.201 	19.9313	178.197	32.015 
428	-16.201 	19.3514	178.087	31.0474
429	-16.201 	19.3237	174.291	30.662 
430	-16.201 	20.1564	167.061	32.4638
431	-16.201 	20.3785	210.005	33.3096
432	-16.201 	19.9814	168.478	32.3729
433	-16.201 	20.0661	236.967	33.4376
434	-16.201 	20.5633	217.203	33.4849
435	-16.201 	20.3326	227.899	34.0153
436	-16.201 	19.7499	215.472	32.6076
437	-16.201 	20.0364	197.54 	33.5636
438	-16.201 	19.7835	189.332	34.3328
439	-16.201 	19.722 	175.541	33.4719
440	-16.201 	19.5187	173.496	32.7972
441	-16.201 	19.1247	178.63 	31.9466
442	-16.201 	20.2322	222.159	34.3997
443	-16.201 	20.4769	213.024	34.7787
444	-16.201 	19.2648	200.941	31.8948
445	-16.201 	19.3682	168.047	30.9651
446	-16.201 	19.3609	202.335	31.1002
447	-16.201 	19.3811	218.017	31.6842
448	-16.201 	19.7375	217.639	33.1605
449	-16.201 	18.8162	213.376	31.9988
450	-16.201 	19.4448	260.181	33.7299
451	-16.201 	19.4946	215.599	33.1276
452	-16.201 	19.7561	252.136	34.1832
453	-16.201 	19.905 	213.872	34.596 
454	-16.201 	19.1788	226.877	33.5587
455	-16.201 	19.3321	213.872	34.201 
456	-16.201 	18.7116	265.664	33.5605
457	-16.201 	19.3165	200.143	32.5113
458	-16.201 	19.5112	192.148	32.8248
459	-16.201 	18.9955	192.148	32.191 
460	-16.201 	19.326 	192.148	32.5237
461	-16.201 	19.4636	177.793	32.7223
462	-16.201 	19.2659	201.119	33.1684
463	-16.201 	19.3455	193.956	32.5175
464	-16.201 	19.133 	193.956	32.1196
465	-16.201 	18.3997	169.06 	29.98  
466	-16.201 	18.3009	165.313	29.5631
467	-16.201 	18.5231	171.34 	30.615 
468	-16.201 	18.3765	171.34 	30.9087
469	-16.201 	17.9921	191.229	30.4991
470	-16.201 	18.1246	185.72 	29.9882
471	-16.201 	17.9096	270.526	30.339 
472	-16.201 	18.0419	194.22 	29.3745
473	-16.201 	17.9996	183.065	29.4421
474	-16.201 	17.8298	183.065	29.6461
475	-16.201 	17.9922	176.955	29.9553
476	-16.201 	18.0845	176.955	30.1819
477	-16.201 	17.8676	170.056	30.466 
478	-16.201 	17.4452	176.533	30.6146
479	-16.201 	17.3431	176.533	30.2536
480	-16.201 	17.0403	176.533	30.2406
481	-16.201 	16.7834	181.265	30.3756
482	-16.201 	17.4953	166.894	30.6876
483	-16.201 	16.8432	164.096	30.1916
484	-16.201 	16.7729	200.85 	29.8035
485	-16.201 	16.2097	178.632	28.7682
486	-16.201 	16.3421	243.416	29.9356
487	-16.201 	16.7993	197.99 	29.3902
488	-16.2111	17.0124	210.582	29.84  
489	-16.2111	16.7537	195.245	28.4183
490	-16.2111	16.4466	152.958	28.0903
491	-16.2111	16.3326	161.032	27.7897
492	-16.2111	17.4416	273.763	31.7255
493	-16.2111	16.7504	245.331	30.0994
494	-16.2111	16.6942	228.972	30.3526
495	-16.2111	16.3847	149.667	29.1006
496	-16.2111	16.2825	144.834	28.743 
497	-16.2111	15.8093	139.185	28.2216
498	-16.2111	16.3372	157.945	28.6519
499	-16.2111	15.726 	143.723	27.1194
-16.93999999
