/usr/lib/python2.7/site-packages/deap/tools/_hypervolume/pyhv.py:33: ImportWarning: Falling back to the python version of hypervolume module. Expect this to be very slow.
  "module. Expect this to be very slow.", ImportWarning)
gen	min    	avg    	max    	std   
0  	3.54737	399.019	3560.58	392.29
1  	2.20719	388.767	2710.3 	362.459
2  	-2.88896	392.061	2517.85	379.495
3  	-2.88896	405.237	4279.28	423.701
4  	-2.88896	395.774	2758.35	379.356
5  	-2.88896	385.523	2181.71	341.74 
6  	-2.88896	386.552	2561.08	361.329
7  	-2.88896	389.406	2602.52	375.676
8  	-2.88896	389.685	2685.48	381.317
9  	-2.88896	380.522	2769.55	377.228
10 	-2.88896	384.14 	2769.55	370.206
11 	-2.88896	379.37 	2374.87	358.302
12 	-2.88896	370.002	2329.77	338.471
13 	-2.88896	372.506	2502.69	345.113
14 	-2.88896	375.453	2376.68	343.205
15 	-2.88896	376.087	2329.77	343.934
16 	-5.70844	371.716	2376.07	353.271
17 	-5.70844	376.709	2482.66	372.004
18 	-5.70844	372.666	2376.07	369.024
19 	-5.70844	364.877	2286.21	359.098
20 	-5.70844	370.642	2840.14	364.007
21 	-5.70844	364.774	2744.22	347.214
22 	-5.70844	363.805	2654.32	342.32 
23 	-5.70844	362.084	2576.07	341.392
24 	-5.70844	353.895	2082.96	319.303
25 	-5.70844	356.005	2656.81	316.685
26 	-5.70844	363.065	2015.89	339.143
27 	-5.70844	357.278	2030.5 	326.745
28 	-5.70844	358.391	2042.19	331.768
29 	-5.70844	359.549	2276.75	343.742
30 	-5.70844	356.353	2276.75	344.602
31 	-5.70844	347.936	1983.12	327.617
32 	-5.70844	356.478	2774.1 	347.603
33 	-5.70844	359.366	2774.1 	354.384
34 	-5.70844	360.344	2182.66	345.991
35 	-5.70844	360.408	2273.13	356.021
36 	-5.70844	349.536	2093.29	338.831
37 	-5.70844	348.029	2469.49	340.857
38 	-5.70844	349.506	2469.49	343.095
39 	-5.70844	348.19 	2359.97	348.536
40 	-5.70844	347.473	2531.22	353.827
41 	-5.70844	342.682	2794.43	348.782
42 	-5.70844	345.057	2421.9 	345.055
43 	-5.70844	337.301	2193.9 	326.559
44 	-5.70844	346.836	2922.65	370.948
45 	-5.70844	333.533	2683.34	343.715
46 	-5.70844	329.623	2844.01	334.104
47 	-5.70844	333.012	2469.02	321.303
48 	-7.13561	329.287	2145.3 	313.679
49 	-7.13561	329.365	2260.25	324.06 
50 	-7.13561	336.461	3079.01	334.429
51 	-7.13561	331.933	2171.38	315.437
52 	-7.13561	325.989	2356.53	314.537
53 	-7.13561	327.073	1945.19	309.954
54 	-7.13561	330.566	2158.78	328.495
55 	-7.3034 	323.518	2164.57	307.759
56 	-7.3034 	321.74 	1988.23	307.742
57 	-7.3034 	310.398	1718.07	287.292
58 	-7.3034 	314.357	1979.3 	293.097
59 	-7.3034 	321.325	3262.39	324.543
60 	-7.3034 	323.872	2167.59	310.889
61 	-7.3034 	315.611	2087.21	305.368
62 	-7.43715	308.33 	2331.13	300.642
63 	-7.43715	316.836	2015.33	313.124
64 	-7.43715	315.308	1888.04	302.047
65 	-7.43715	310.278	1794.67	299.797
66 	-7.43715	300.251	2958.85	297.297
67 	-7.43715	300.373	2008.31	293.668
68 	-7.43715	305.017	1956.28	301.071
69 	-7.43715	301.865	1898.22	296.204
70 	-7.43715	309.613	2056.09	303.18 
71 	-7.43715	304.629	1875.71	296.892
72 	-7.43715	304.726	1565.44	293.578
73 	-7.43715	306.496	1889.8 	298.33 
74 	-7.43715	319.035	2154.84	319.931
75 	-7.43715	316.809	2077.71	313.219
76 	-7.43715	316.778	2077.71	315.779
77 	-7.43715	308.889	2441.87	314.502
78 	-7.43715	311.225	2257.11	319.654
79 	-7.43715	311.315	2257.11	309.98 
80 	-7.43715	313.729	2213.1 	316.875
81 	-7.43715	314.307	2999.27	333.46 
82 	-7.43715	309.7  	2500.91	320.31 
83 	-7.43715	306.335	2049.11	299.682
84 	-7.43715	299.994	2258.05	295.683
85 	-7.43715	302.828	2258.05	305.312
86 	-7.43715	297.425	2344.41	303.15 
87 	-7.43715	299.035	2093.72	309.952
88 	-7.43715	290.755	1899.74	288.671
89 	-7.43715	293.344	3940.02	324.392
90 	-7.43715	293.718	2554.14	311.129
91 	-7.43715	289.259	2554.14	299.479
92 	-7.43715	289.636	2155.97	294.611
93 	-7.43715	285.492	2004.7 	282.283
94 	-7.43715	281.475	1937.55	269.085
95 	-7.43715	287.821	1891.42	276.191
96 	-7.43715	284.838	1985.96	271.054
97 	-7.43715	282.47 	1985.96	264.708
98 	-7.43715	281.256	1985.96	264.161
99 	-7.43715	285.969	1739.76	267.4  
100	-7.43715	287.062	1730.31	272.662
101	-7.43715	288.484	1940.05	286.434
102	-7.43715	286.087	1698.61	283.945
103	-7.43715	282.777	1824.2 	281.562
104	-7.43715	280.483	1698.61	276.746
105	-7.43715	282.571	1931.59	282.889
106	-7.43715	274.392	1833.28	266.755
107	-7.92417	276.747	1577.26	267.822
108	-7.92417	274.834	1532.96	261.845
109	-7.92417	275.39 	1697   	266.429
110	-7.92417	274.393	1493.83	261.965
111	-7.92417	276.27 	1692.16	269.122
112	-7.92417	278.688	1887.4 	277.097
113	-7.92417	278.279	1739   	275.701
114	-7.92417	276.433	1710.09	273.653
115	-7.92417	274.248	2502.64	274.016
116	-7.92417	271.39 	1797.8 	264.752
117	-7.92417	263.579	1681.37	256.383
118	-7.92417	268.503	2357.36	279.635
119	-7.92417	268.193	1994.35	269.981
120	-7.92417	273.829	1889.42	274.64 
121	-7.92417	277.057	1936.95	278.841
122	-7.92417	276.111	1737.98	277.347
123	-7.92417	272.033	1841.77	268.734
124	-7.92417	262.137	1606.93	255.223
125	-7.92417	261.238	2106.1 	265.807
126	-7.92417	270.219	2210.36	292.82 
127	-7.92417	268.361	3166.33	303.486
128	-7.92417	258.074	2313.22	257.459
129	-7.92417	259.762	1962.46	255.665
130	-8.35984	254.394	1950.44	240.983
131	-8.35984	252.52 	1950.44	245.162
132	-8.35984	252.049	2125.32	242.896
133	-8.35984	255.194	2810.27	277.444
134	-8.35984	253.947	2753.81	273.293
135	-8.35984	253.789	2125.94	258.763
136	-8.35984	250.517	1929.89	248.752
137	-8.83689	247.598	1724.54	245.218
138	-8.83689	249.755	1699.01	248.757
139	-8.83689	249.254	1621.31	248.613
140	-8.83689	244.913	1806.49	249.489
141	-8.83689	241.062	1806.49	246.381
142	-8.83689	247.404	1673.58	258.816
143	-8.83689	241.478	1667.17	242.776
144	-8.83689	243.808	1463.19	240.313
145	-8.83689	247.07 	1829.41	255.406
146	-8.83689	242.482	1829.41	251.912
147	-8.83689	235.078	1604.08	238.027
148	-8.83689	233.828	1918.76	239.409
149	-8.83689	230.181	1504.37	226.237
150	-8.83689	228.928	1799.84	232.392
151	-8.83689	234.014	1655.87	239.028
152	-8.83689	234.039	1530.3 	231.895
153	-8.83689	230.414	1530.3 	225.836
154	-8.83689	220.891	1530.3 	210.12 
155	-8.83689	222.156	1958.72	227.231
156	-8.83689	223.453	1512.76	227.296
157	-8.83689	230.165	1640.94	233.011
158	-8.83689	228.764	1640.94	229.963
159	-8.83689	226.816	1512.76	219.414
160	-8.83689	231.009	1717.32	237.621
161	-8.83689	238.605	1612.01	250.649
162	-8.83689	241.389	1586.83	257.697
163	-8.83689	234.422	1489.52	242.162
164	-8.83689	242.834	2256.01	275.173
165	-8.83689	242.808	2261.37	279.908
166	-8.83689	238.915	2546.41	281.756
167	-8.83689	232.778	2274.07	271.948
168	-8.83689	226.596	1835.8 	241.865
169	-8.83689	226.753	2316.02	246.113
170	-8.83689	222.795	2316.02	242.801
171	-8.83689	222.986	1854.2 	231.096
172	-8.83689	214.873	1296.76	211.673
173	-8.83689	217.814	1229.16	215.797
174	-8.83689	223.605	1469.15	227.806
175	-8.83689	221.056	1705.74	224.506
176	-8.83689	212.581	1201.61	204.074
177	-8.83689	212.862	1496.74	212.358
178	-8.83689	212.385	1451.78	210.658
179	-8.83689	215.328	1419.72	215.394
180	-8.83689	215.167	2060.27	221.52 
181	-8.83689	208.541	1528.51	206.239
182	-8.83689	208.743	1221.99	210.729
183	-8.83689	204.262	1352.03	204.118
184	-8.83689	205.019	1284.05	207.028
185	-8.83689	207.153	1570.16	219.397
186	-8.83689	209.104	1729.72	226.805
187	-8.83689	209.439	2096   	241.489
188	-8.83689	205.589	2001.65	226.991
189	-9.13146	202.957	1846.39	224.064
190	-9.13146	206.507	1703.32	224.73 
191	-9.13146	206.723	1703.32	223.077
192	-9.13146	208.602	1697.14	216.315
193	-9.13146	204.428	1626.76	213.033
194	-9.13146	205.251	1556.29	218.792
195	-9.13146	202.21 	1289.22	211.518
196	-9.13146	206.114	1628.14	227.955
197	-9.13146	205.464	1429.19	222.938
198	-9.13146	207.156	1926.95	236.144
199	-9.13146	207.092	1503.9 	225.439
200	-9.13146	212.714	1713.9 	232.104
201	-9.13146	213.262	1674.87	231.806
202	-9.13146	212.052	1897.39	226.465
203	-9.13146	206.693	1376.04	214.896
204	-9.13146	204.701	2038.76	216.955
205	-9.13146	207.314	1725.04	220.846
206	-9.13146	207.333	1554.67	222.092
207	-9.13146	208.361	1573.39	225.587
208	-9.13146	209.419	1856.7 	232.653
209	-9.13146	202.824	1834.72	221.732
210	-9.13146	201.214	2181.46	223.533
211	-9.13146	196.444	1496.74	205.708
212	-9.13146	201.747	1496.74	212.197
213	-9.13146	201.591	1661.84	217.441
214	-9.13146	198.286	1567.45	204.483
215	-9.13146	195.131	1483   	199.577
216	-9.13146	196.38 	1424.66	201.454
217	-9.13146	194.226	1309.43	188.726
218	-10.1191	191.518	1353.17	194.599
219	-10.1191	194.065	1353.17	196.849
220	-10.1191	195.778	1313.62	201.277
221	-10.1191	193.657	1300.66	193.635
222	-10.1191	194.846	1350.27	197.94 
223	-10.1191	191.567	1173.23	187.141
224	-10.1191	184.529	1301.84	184.804
225	-10.1191	183.648	1188.29	174.895
226	-10.1191	182.492	1337.26	184.582
227	-10.1191	183.545	1278.02	195.915
228	-10.1191	187.822	1278.02	195.999
229	-10.1191	184.739	1278.02	185.163
230	-10.1191	190.276	2581.11	216.789
231	-10.1191	184.353	1368.73	186.226
232	-10.1191	183.214	1220.09	179.482
233	-10.1191	182.396	2302.36	196.686
234	-10.1191	183.282	1199.86	176.896
235	-10.1191	182.185	1258.78	177.182
236	-10.5697	178.327	1194.8 	169.696
237	-10.5697	180.203	1372.95	177.296
238	-10.5697	186.659	1376.86	189.47 
239	-10.5697	186.854	1376.86	195.09 
240	-10.5697	189.577	1602.06	204.339
241	-10.5697	186.928	1602.06	206.361
242	-10.5697	183.33 	1470.61	196.45 
243	-10.5697	184.813	1560.03	187.859
244	-10.5697	179.634	1158.16	178.118
245	-10.5697	178.051	1445.66	183.584
246	-10.6446	182    	1859.59	208.178
247	-10.6446	184.677	1438.9 	197.348
248	-10.6446	183.796	1431.92	195.463
249	-10.6446	180.782	1334.73	183.802
250	-10.6446	180.888	1417.3 	183.454
251	-11.1532	178.782	1417.3 	185.405
252	-11.1532	178.79 	1405.19	190.066
253	-11.1532	177.161	1186.85	182.009
254	-11.1532	176.729	1186.85	180.052
255	-11.1532	177.582	1574.57	181.804
256	-11.1532	175.407	1608.65	186.467
257	-11.1532	175.224	1608.65	182.242
258	-11.1532	175.918	1825.07	184.295
259	-11.1532	171.922	1285.8 	177.619
260	-11.1532	169.155	1497.78	168.478
261	-11.1532	172.818	1095.61	166.028
262	-11.1532	169.68 	1044.76	163.866
263	-11.1532	170.009	1223.74	166.838
264	-11.1532	167.466	1223.74	166.075
265	-11.1532	169.846	1223.74	173.579
266	-11.1532	168.161	1428.87	178.814
267	-11.1532	169.29 	1455.15	179.482
268	-11.1532	174.725	1697.57	197.491
269	-11.1532	172.53 	1257.42	183.412
270	-11.1532	168.511	1126.94	170.615
271	-11.1532	168.148	1228.39	176.24 
272	-11.1532	163.034	1228.39	168.68 
273	-11.1532	163.453	1111.66	159.989
274	-11.1532	161.486	1058.62	152.944
275	-11.1532	161.756	989.705	154.738
276	-11.1532	161.572	1444.69	157.452
277	-11.1532	162.068	933.622	155.239
278	-11.1532	160.584	907.292	157.179
279	-11.1532	162.573	1346   	166.118
280	-11.1532	161.797	1143.05	167.877
281	-11.1532	159.428	1299.89	162.459
282	-11.1532	164.222	1420.54	173.934
283	-11.3779	163.688	1249.42	172.776
284	-11.3779	165.824	1249.42	181.018
285	-11.3779	163.69 	1460.62	177.84 
286	-11.3779	166.7  	1730.18	193.53 
287	-11.3779	164.978	1619.32	173.566
288	-11.3779	164.239	1907.75	174.59 
289	-11.3779	160.609	1112   	167.371
290	-11.3779	161.656	1205.76	164.2  
291	-11.3779	162.471	1152.56	167.543
292	-11.3779	161.787	965.432	162.471
293	-11.3779	159.99 	1133.91	158.454
294	-11.3779	160.023	965.432	155.715
295	-11.3779	158.63 	1271.58	162.071
296	-11.3779	157.608	1245.84	160.402
297	-11.3779	157.767	1416.26	157.584
298	-11.3779	158.5  	1159.64	164.158
299	-11.3779	159.883	1005.4 	158.437
300	-11.3779	159.286	1005.4 	161.075
301	-11.3779	157.895	1264.7 	164.824
302	-11.3779	158.533	1264.7 	165.495
303	-11.3779	157.637	1585.12	169.451
304	-11.3779	155.571	1253.7 	160.909
305	-11.3779	157.716	1312.02	172.432
306	-12.2971	157.781	1329.18	165.895
307	-12.2971	154.457	1108.62	146.4  
308	-12.2971	154.341	1017.5 	151.386
309	-12.2971	148.909	1031.56	143.05 
310	-12.2971	153.578	1409.95	160.734
311	-12.2971	153.993	1225.61	153.977
312	-12.2971	152.506	1079.96	153.255
313	-12.2971	153.728	1201.72	159.199
314	-12.2971	151.79 	1201.72	158.447
315	-12.2971	153.127	1201.72	162.998
316	-12.2971	152.18 	1201.72	162.552
317	-12.2971	148.589	1040.64	154.769
318	-12.2971	148.879	1772.55	161.321
319	-12.2971	151.371	1255.46	165.198
320	-12.2971	154.298	1373.68	179.513
321	-12.2971	150.801	1255.46	167.27 
322	-12.2971	150.777	1255.46	166.131
323	-12.2971	146.012	1243.51	158.91 
324	-12.2971	143.424	1078.71	150.371
325	-12.2971	142.054	1078.39	149.831
326	-12.2971	145.71 	1099.26	153.973
327	-12.2971	148.334	1392.07	156.703
328	-12.2971	146.971	1202.97	150.131
329	-12.2971	148.464	1044.37	155.295
330	-12.2971	148.879	1643.61	167.495
331	-12.2971	147.787	1267.59	161.253
332	-12.2971	146.709	1787.13	161.125
333	-12.2971	143.972	1135.03	151.286
334	-12.2971	141.811	1099.46	147.74 
335	-12.2971	142.418	1032.62	142.159
336	-12.2971	141.175	1032.62	138.015
337	-12.2971	140.624	1032.62	136.088
338	-12.2971	144.278	843.274	142.172
339	-12.2971	141.333	1167.64	147.187
340	-12.2971	139.936	995.964	139.086
341	-12.2971	141.821	922.106	140.886
342	-13.525 	135.844	847.211	132.413
343	-13.525 	134.482	1351.8 	136.186
344	-13.525 	135.387	985.824	132.581
345	-13.525 	137.938	985.824	138.672
346	-13.525 	141.419	982.017	141.367
347	-13.525 	139.158	867.956	134.246
348	-13.525 	133.517	1237.12	129.047
349	-13.525 	132.788	1144.03	130.867
350	-13.525 	132.681	1276.19	133.168
351	-13.525 	134.077	1098.29	134.706
352	-13.525 	131.738	966.871	127.917
353	-13.525 	134.194	952.932	130.161
354	-13.525 	130.148	853.356	119.867
355	-13.525 	133.057	1025.32	130.034
356	-13.525 	131.179	851.242	121.665
357	-13.525 	133.432	942.516	131.467
358	-13.525 	132.688	1023.27	128.62 
359	-13.525 	135.036	1428.32	145.26 
360	-13.525 	133.334	1378.81	139.71 
361	-13.525 	128.666	965.512	123    
362	-13.525 	127.745	750.148	118.372
363	-13.525 	128.403	779.438	117.215
364	-13.525 	128.511	882.838	120.501
365	-13.525 	128.256	761.766	116.4  
366	-13.525 	127.735	758.362	112.2  
367	-13.525 	130.446	766.229	118.647
368	-13.525 	128.89 	884.035	122.213
369	-13.525 	129.65 	766.231	121.438
370	-13.525 	130.201	785.424	124.533
371	-13.525 	123.723	807.615	118.764
372	-13.525 	123.31 	764.297	114.789
373	-13.525 	123.412	1270.08	117.36 
374	-13.525 	125.618	1080.18	121    
375	-13.525 	125.411	859.726	118.34 
376	-13.525 	129.933	973.606	130.606
377	-13.525 	126.6  	973.606	127.286
378	-13.525 	123.373	1030.55	118.787
379	-13.525 	126.249	869.872	121.71 
380	-13.525 	125.746	933.508	122.266
381	-13.525 	129.791	1399.03	137.474
382	-13.525 	126.057	961.168	131.841
383	-13.525 	123.183	830.624	117.494
384	-13.525 	125.223	865.898	120.938
385	-13.525 	125.432	903.662	120.627
386	-13.525 	123.053	771.312	116.67 
387	-13.525 	122.431	829.815	117.878
388	-13.525 	124.307	1156.42	128.382
389	-13.525 	123.492	877.618	119.993
390	-13.525 	124.073	1166.82	123.877
391	-13.525 	124.336	1194.07	130.429
392	-13.525 	120.989	1164.75	122.701
393	-13.525 	121.087	937.871	114.929
394	-13.525 	122.855	937.871	117.741
395	-13.525 	123.696	1017.88	120.681
396	-13.525 	123.698	908.86 	123.929
397	-13.525 	122.444	842.701	122.833
398	-13.525 	123.581	840.035	120.973
399	-13.525 	127.656	1219.71	138.964
400	-13.525 	124.38 	978.764	127.719
401	-13.525 	125.411	885.33 	126.49 
402	-13.525 	123.591	862.566	121.455
403	-13.525 	125.556	862.566	122.798
404	-13.525 	124.781	862.566	121.343
405	-13.525 	125.088	896.712	126.428
406	-13.6161	126.183	1149.27	130.152
407	-13.6161	122.209	1149.27	126.023
408	-13.6161	124.276	1185.43	129.212
409	-13.6161	121.265	1185.43	123.106
410	-13.6161	120.196	1158.26	128.671
411	-13.6161	116.962	1152.96	117.923
412	-13.6161	116.927	931.328	115.89 
413	-13.6161	119.16 	1051.43	119.536
414	-13.6161	116.957	899.567	111.133
415	-13.6161	117.701	792.349	111.896
416	-13.6161	116.59 	712.04 	107.178
417	-13.6161	119.76 	741.25 	116.735
418	-13.6161	121.568	906.083	122.847
419	-13.6161	119.225	891.525	119.606
420	-13.6161	122.082	923.373	123.592
421	-13.6161	119.038	923.373	117.326
422	-13.6161	120.166	815.112	116.207
423	-13.6161	119.95 	875.554	116.375
424	-13.6161	117.631	786.033	113.337
425	-13.6161	117.741	847.751	108.517
426	-13.6161	113.652	665.873	102.404
427	-13.6161	112.958	665.873	99.5438
428	-13.6161	114.026	616.776	100.533
429	-13.6161	116.504	782.86 	106.687
430	-13.6161	116.471	810.23 	111.992
431	-13.6161	114.626	668.042	105.002
432	-13.6161	114.747	856.831	112.211
433	-13.6161	116.67 	889.009	117.461
434	-13.6161	115.25 	1078.85	121.174
435	-13.6161	111.469	857.094	109.129
436	-13.6161	110.959	957.922	113.319
437	-13.6161	108.797	963.74 	104.102
438	-13.6161	110.39 	925.282	106.413
439	-13.6161	111.343	714.2  	105.434
440	-13.6161	110.909	904.279	108.089
441	-13.6161	110.315	728.492	105.549
442	-13.6161	110.35 	725.379	104.662
443	-13.6161	109.382	716.334	103.296
444	-13.6161	106.905	939.659	100.817
445	-13.6161	107.909	939.659	103.736
446	-13.6161	110.38 	1169.13	110.012
447	-13.6161	108.764	885.22 	106.952
448	-13.6161	109.371	865.807	109.017
449	-13.6161	107.463	756.707	99.3803
450	-13.6161	106.392	709.136	99.9392
451	-13.6161	107.491	669.096	100.14 
452	-13.6161	106.338	748.848	98.499 
453	-13.6161	109.475	1054.33	108.171
454	-13.6161	108.024	648.162	103.354
455	-13.6161	108.529	573.956	102.88 
456	-13.6161	109.045	698.76 	106.125
457	-13.6161	108.929	793.268	105.057
458	-13.6161	108.459	752.717	106.729
459	-13.6161	109.388	923.402	104.708
460	-13.6161	109.798	724.51 	102.05 
461	-13.6161	109.607	747.33 	102.106
462	-13.6161	108.395	862.532	106.288
463	-13.6161	106.185	831.265	101.738
464	-13.6161	104.465	718.814	97.9667
465	-13.6161	103.767	659.345	96.3244
466	-13.6161	102.888	659.345	95.2086
467	-13.6161	100.291	674.202	93.1266
468	-13.6161	102.303	646.146	95.3756
469	-13.6161	99.8905	858.899	94.8819
470	-13.6161	99.4696	858.899	91.4065
471	-13.6161	100.279	515.587	89.3808
472	-13.6161	102.154	666.652	95.502 
473	-13.6161	102.941	663.38 	97.2948
474	-13.6161	103.604	702.005	95.877 
475	-13.6161	102.319	1088.38	97.4923
476	-13.6161	102.636	1088.38	97.3179
477	-13.6161	104.154	695.218	97.1176
478	-13.6161	104.374	634.26 	98.9645
479	-13.6161	100.375	607.261	90.2434
480	-13.6161	101.625	696.601	94.2884
481	-13.6161	103.194	722.59 	94.6444
482	-13.6161	102.738	581.194	89.7588
483	-13.6161	100.884	493.687	86.4405
484	-13.6161	100.602	500.714	87.1388
485	-13.6161	101.69 	802.223	96.221 
486	-13.6161	102.128	758.973	97.7999
487	-13.6161	101.463	837.374	96.5017
488	-13.6161	103.366	772.389	100.086
489	-13.6161	100.319	718.689	93.7944
490	-13.6161	98.9434	695.35 	91.9748
491	-13.6161	98.8761	695.35 	92.2388
492	-13.6161	97.5308	590.825	88.1901
493	-13.6161	96.7028	590.825	84.4668
494	-13.6161	96.3001	590.825	84.7422
495	-13.6161	95.1401	538.741	83.0973
496	-13.6161	95.2455	549.909	83.8016
497	-13.6161	97.0936	648.766	86.5655
498	-13.6161	95.6526	537.153	83.0322
499	-13.6161	95.2881	485.48 	81.4791
-16.93999999
