/usr/lib/python2.7/site-packages/deap/tools/_hypervolume/pyhv.py:33: ImportWarning: Falling back to the python version of hypervolume module. Expect this to be very slow.
  "module. Expect this to be very slow.", ImportWarning)
gen	min    	avg    	max    	std    
0  	13.2332	372.149	3179.81	339.306
1  	8.44522	372.233	1864.95	331.37 
2  	8.44522	369.194	1945.78	325.092
3  	7.59114	364.72 	2525.18	324.988
4  	7.59114	367.855	2525.18	343.762
5  	1.4874 	360.954	2175.66	327.008
6  	1.4874 	360.65 	2241.25	328.053
7  	1.4874 	359.986	1968.43	318.459
8  	1.4874 	351.223	1853.65	303.145
9  	-0.221435	357.076	2015.14	326.865
10 	-0.221435	351.328	1837.68	315.638
11 	-0.221435	353.602	2063.24	310.954
12 	-0.221435	357.898	2266.63	335.263
13 	-2.8521  	361.284	2186.07	352.69 
14 	-2.8521  	364.874	2970.59	359.575
15 	-2.8521  	358.132	2188.76	346.379
16 	-2.8521  	354.17 	2042.62	336.785
17 	-2.8521  	352.787	2187.1 	333.139
18 	-2.8521  	355.052	2570.94	341.717
19 	-2.8521  	353.07 	2201.31	330.811
20 	-2.8521  	353.207	1844.87	328.581
21 	-2.8521  	353.97 	1826.49	316.906
22 	-2.8521  	344.807	2221.01	314.653
23 	-2.8521  	343.206	2286.89	323.99 
24 	-2.8521  	349.301	2048.12	317.174
25 	-2.8521  	354.619	2495.9 	343.191
26 	-2.8521  	357.972	2848.85	345.874
27 	-2.8521  	353.141	2848.85	351.403
28 	-2.8521  	349.044	2973.87	344.744
29 	-2.8521  	347.106	2124.11	326.769
30 	-2.8521  	346.608	2124.11	322.402
31 	-2.8521  	354.491	2886.68	348.369
32 	-2.8521  	350.726	2758.97	333.621
33 	-2.8521  	352.745	2369.13	337.685
34 	-2.8521  	351.407	2369.13	339.544
35 	-2.8521  	354.753	2566.69	368.188
36 	-2.8521  	349.164	2369.13	351.63 
37 	-2.8521  	346.74 	2626.66	340.515
38 	-2.8521  	348.586	2393.24	338.155
39 	-2.8521  	336.868	2950.79	355.733
40 	-2.8521  	334.046	2950.79	351.206
41 	-2.8521  	326.822	1949.02	306.642
42 	-2.8521  	333.73 	2255.82	310.516
43 	-2.8521  	327.229	2142.62	315.882
44 	-2.8521  	323.845	1858.47	299.914
45 	-2.8521  	325.157	2154.05	319.699
46 	-2.8521  	327.797	2367.42	327.046
47 	-2.8521  	323.888	2963.42	339.212
48 	-2.8521  	325.512	2254.92	330.66 
49 	-2.8521  	322.455	2336.31	324.297
50 	-2.8521  	317.31 	2080.76	310.772
51 	-2.8521  	311.887	1996.45	303.811
52 	-2.8521  	309.478	2158.49	301.161
53 	-2.8521  	319.178	2135.05	309.202
54 	-2.8521  	327.792	2669.98	327.801
55 	-2.8521  	317.423	2669.98	317.515
56 	-2.8521  	315.929	2669.98	324.086
57 	-2.8521  	317.037	2904.43	343.766
58 	-2.8521  	309.802	2449.34	310.421
59 	-2.8521  	310.21 	2421.99	313.727
60 	-2.8521  	310.271	2727.16	323.574
61 	-2.8521  	309.347	2907.12	313.08 
62 	-2.8521  	314.01 	2907.12	329.266
63 	-2.8521  	312.392	2839.15	311.104
64 	-2.8521  	309.283	2091.33	310.82 
65 	-2.8521  	306.838	2080.85	310.679
66 	-2.8521  	311.786	2027.24	306.113
67 	-2.8521  	309.814	2726.38	309.92 
68 	-2.8521  	305.905	1975.98	288.148
69 	-2.8521  	307.759	2033.75	292.052
70 	-2.8521  	303.42 	2523.54	289.609
71 	-2.8521  	299.771	1822.25	276.604
72 	-2.8521  	297.49 	1806.73	269.431
73 	-2.8521  	289.435	2003.91	273.245
74 	-2.8521  	287.844	1619.53	259.922
75 	-2.8521  	295.272	1693.86	267.641
76 	-4.70602 	302.15 	2459.72	293.877
77 	-4.70602 	309.064	2728.3 	319.767
78 	-4.70602 	307.155	2163.08	304.823
79 	-4.70602 	302.766	2797.72	296.97 
80 	-4.70602 	296.895	1864.53	277.652
81 	-4.70602 	296.223	1864.53	284.817
82 	-4.70602 	296.215	2400.26	287.433
83 	-4.70602 	288.834	1764.11	266.339
84 	-4.70602 	288.086	2012.63	269.678
85 	-4.70602 	296.075	1828.58	280.443
86 	-4.70602 	299.414	2174   	291.52 
87 	-4.70602 	292.485	1884.29	273.892
88 	-4.70602 	292.949	1684.69	276.116
89 	-4.70602 	294.449	1905.98	285.897
90 	-4.70602 	294.031	2533.19	290.417
91 	-4.70602 	298.584	2533.19	303.472
92 	-4.70602 	299.258	1761.15	287.381
93 	-4.70602 	294.683	1874.46	289.564
94 	-4.70602 	287.781	1874.46	269.549
95 	-4.70602 	288.405	1593.27	267.093
96 	-4.70602 	285.64 	1593.27	260.966
97 	-4.70602 	289.831	1731.54	272.724
98 	-4.70602 	278.369	1427.88	257.25 
99 	-4.70602 	277.943	1366.53	251.815
100	-4.70602 	279.328	1723.56	259.793
101	-4.70602 	290.291	2079.63	281.199
102	-4.70602 	291.671	2387.26	297.406
103	-4.70602 	301.569	4152.7 	349.722
104	-5.25007 	289.554	2957.24	306.057
105	-5.25007 	288.507	2126.52	307.735
106	-5.25007 	289.103	2817.94	317.777
107	-5.25007 	286.488	2329.97	308.467
108	-5.25007 	281.156	2005.22	295.86 
109	-5.25007 	278.612	2543.87	301.168
110	-5.25007 	279.509	2313.71	285.171
111	-5.25007 	279.808	3306.51	302.319
112	-5.25007 	275.049	2609.09	282.121
113	-5.25007 	281.395	2609.09	289.712
114	-5.25007 	269.35 	2133.63	275.637
115	-5.25007 	274.115	1909.82	276.161
116	-7.96855 	268.781	1925.39	262.377
117	-7.96855 	274.022	2428.83	278.001
118	-7.96855 	273.298	1770.81	278.468
119	-7.96855 	273.731	2620.29	295.924
120	-7.96855 	273.866	4347.65	318.667
121	-7.96855 	270.418	1821.57	287.905
122	-7.96855 	272.614	2185.66	298.558
123	-7.96855 	267.358	2106.09	274.648
124	-7.96855 	267.754	3217.7 	293.307
125	-7.96855 	253.781	1461.36	237.445
126	-7.96855 	255.893	1764.35	248.139
127	-7.96855 	254.994	1633.3 	246.379
128	-7.96855 	255.738	2040.61	255.033
129	-7.96855 	247.794	1519.3 	231.177
130	-7.96855 	256.334	2300.15	254.504
131	-7.96855 	260.011	2950.37	268.348
132	-7.96855 	255.34 	1606.7 	250.826
133	-7.96855 	253.727	2103.17	248.971
134	-7.96855 	264.349	1921.61	284.073
135	-7.96855 	267.662	1904.44	275.615
136	-8.74196 	261.323	1723.63	255.235
137	-8.74196 	262.669	1568.07	257.221
138	-8.74196 	265.035	2380   	272.886
139	-8.74196 	262.933	2353.15	274.077
140	-8.74196 	260.517	1917.91	262.693
141	-8.83429 	253.874	1604.55	244.921
142	-8.83429 	256.51 	1813.86	261.41 
143	-8.83429 	253.098	1735.73	254    
144	-8.83429 	259.026	2947.79	289.126
145	-8.83429 	256.386	1649.4 	261.493
146	-8.83429 	250.242	1846.76	262.52 
147	-8.83429 	250.529	1729.38	261.869
148	-8.83429 	248.375	1603.61	263.581
149	-8.83429 	252.603	1950.3 	266.522
150	-8.83429 	245.537	1754.51	247.889
151	-8.83429 	247.63 	1792.53	254.878
152	-8.83429 	242.834	1792.53	249.269
153	-8.83429 	243.626	1650.86	245.401
154	-8.83429 	243.075	1432.64	236.708
155	-8.83429 	244.375	1899.97	254.488
156	-8.83429 	239.441	1899.97	243.644
157	-8.83429 	244.429	1880.76	250.13 
158	-8.83429 	240.525	1768.41	240.286
159	-8.83429 	238.963	1600.01	240.761
160	-8.83429 	243.402	1748.04	248.88 
161	-8.83429 	240.614	2347.68	252.361
162	-8.83429 	239.436	1582.75	241.899
163	-8.83429 	235.143	1528.66	232.715
164	-8.83429 	235.516	2444.45	241.378
165	-8.83429 	235.013	2275.9 	248.263
166	-8.83429 	227.015	2054.55	223.984
167	-8.83429 	223.003	1551.75	217.02 
168	-8.83429 	226.321	1466.35	223.645
169	-8.83429 	227.109	1420.41	221.377
170	-8.83429 	229.534	2125.7 	233.6  
171	-8.83429 	233.062	2373.41	241.62 
172	-8.83429 	237.248	2254.77	258.121
173	-8.83429 	234.741	1626.79	250.725
174	-8.83429 	233.838	2496.28	261.587
175	-8.83429 	215.947	1801.85	216.722
176	-8.83429 	221.186	1455.76	221.337
177	-10.5566 	221.065	1455.76	221.667
178	-10.5566 	216.541	1296.14	210.061
179	-10.5566 	217.491	2259.05	219.633
180	-10.5566 	221.194	1526.64	217.158
181	-11.0699 	224.487	1510.77	228.584
182	-11.0699 	221.777	1776   	218.759
183	-11.0699 	217.897	1579.35	211.888
184	-11.0699 	215.941	1579.35	205.331
185	-11.0699 	221.478	1895.67	228.92 
186	-11.0699 	219.742	1895.67	226.593
187	-11.0699 	218.945	1603.01	223.219
188	-11.0699 	221.366	1568.85	227.664
189	-11.0699 	215.281	1625.45	222.722
190	-11.0699 	214.415	1610.52	223.795
191	-11.0699 	209.967	1609.66	216.216
192	-11.0699 	205.109	1429.83	199.933
193	-11.0699 	209.984	1591.11	210.475
194	-11.0699 	213.27 	1841   	222.155
195	-11.0699 	211.974	2260.59	223.53 
196	-11.0699 	211.142	2850.33	228.934
197	-11.0699 	212.917	2850.33	232.896
198	-11.0699 	212.812	1874.86	213.327
199	-11.0699 	208.005	1744.27	213.326
200	-11.0699 	207.271	1602.46	202.114
201	-11.0699 	212.085	2309.01	219.93 
202	-11.0699 	208.575	1735.19	214.776
203	-11.0699 	212.912	1995.59	237.312
204	-11.0699 	207.047	1735.19	222.493
205	-11.0699 	208.9  	1773.7 	215.737
206	-11.0699 	212.565	1831.86	228.623
207	-11.0699 	203.158	1773.7 	214.137
208	-11.0699 	203.842	1866.99	227.743
209	-11.0699 	198.849	1385.63	206.614
210	-11.0699 	194.596	1276.93	195.808
211	-11.0699 	194.569	1225.31	192.037
212	-11.0699 	196.418	1933.7 	201.803
213	-11.0699 	194.623	2177.19	206.788
214	-11.0699 	200.671	1544.69	211.166
215	-11.0699 	200.165	1740.15	210.127
216	-11.0699 	196.345	1437.43	194.006
217	-11.0699 	199.345	1450.36	199.409
218	-11.0699 	199.707	1509.99	199.632
219	-11.0699 	197.793	1450.36	197.315
220	-11.0699 	197.966	1524.87	197.296
221	-11.0699 	193.113	1306.18	186.242
222	-11.0699 	193.266	1299.35	191.992
223	-11.0699 	194.163	1280.47	192.869
224	-11.0699 	197.952	1470.31	206.963
225	-11.0699 	197.097	1321.81	197.107
226	-11.0699 	197.596	1297.11	199.452
227	-11.0699 	197.957	1180.73	196.697
228	-11.0699 	194.171	1524.83	197.503
229	-11.0699 	196.119	1863.67	209.417
230	-11.0699 	189.372	1678.68	194.003
231	-11.0699 	190.531	1406.72	193.6  
232	-11.0699 	190.197	1406.72	188.904
233	-11.0699 	191.531	1527.86	192.909
234	-11.0699 	191.979	1685.48	199.667
235	-11.0699 	193.27 	1658.7 	205.309
236	-11.0699 	190.378	1585.35	201.802
237	-11.0699 	189.999	1585.35	200.192
238	-11.0699 	184.007	1671.09	184.529
239	-11.0699 	176.578	1585.35	174.748
240	-11.0699 	178.179	1757.93	176.889
241	-11.0699 	180.602	1585.35	178.997
242	-11.0699 	175.989	1617.05	172.628
243	-11.0699 	179.472	1538.18	178.003
244	-11.0699 	180.665	1538.18	179.527
245	-11.0699 	182.104	1538.18	184.651
246	-12.0693 	182.884	1563.06	196.91 
247	-12.0693 	179.818	1535.99	184.328
248	-12.0693 	181.725	1535.99	190.319
249	-12.0693 	180.539	1559.95	185.133
250	-12.0693 	178.794	1188.07	183.386
251	-12.0693 	183.5  	1100   	187.427
252	-12.0693 	179.901	1079.8 	182.633
253	-12.0693 	176.302	1253.96	175.905
254	-12.0693 	183.395	1278.28	190.688
255	-12.0693 	183.936	1397.45	187.399
256	-12.0693 	183.509	1281.45	188.347
257	-12.0693 	174.465	1391.87	173.712
258	-12.0693 	176.742	1279.61	181.078
259	-12.0693 	174.38 	1431.46	175.118
260	-12.0693 	179.755	1685.77	187.507
261	-12.0693 	184.778	1234.46	189.067
262	-12.0693 	184.917	1234.46	188.867
263	-12.0693 	185.114	1299.1 	192.07 
264	-12.0693 	185.879	1266.79	199.599
265	-12.0693 	184.65 	1285.9 	188.564
266	-12.0792 	180.494	1253.92	181.345
267	-12.0792 	184.823	1482.2 	196.687
268	-12.0792 	180.398	1269.3 	185.211
269	-12.0792 	178.913	1281.58	182.467
270	-12.0792 	180.371	1533.51	194.725
271	-12.0792 	178.138	1498.01	193.707
272	-12.0792 	171.104	1412.45	175.544
273	-12.0792 	172.256	1951.04	198.945
274	-12.0792 	173.66 	1951.04	193.971
275	-12.0792 	172.177	1653.32	187.87 
276	-12.0792 	173.137	1531.2 	191.972
277	-12.0792 	175.142	1232.28	185.093
278	-12.0792 	174.95 	1275.93	187.861
279	-12.0792 	171.455	1248.96	180.046
280	-12.0792 	171.505	1365.33	178.666
281	-12.0792 	172.728	1315.93	183.496
282	-12.1374 	174.7  	1447.29	193.156
283	-12.1374 	167.844	1217.64	169.583
284	-12.1374 	170.946	1405.27	181.222
285	-12.1374 	172.089	1629.94	185.446
286	-12.1374 	169.444	1405.27	179.671
287	-12.1374 	172.593	1967.41	207.025
288	-12.1374 	170.06 	1772.25	181.6  
289	-12.1374 	166.583	1290.67	172.112
290	-12.1374 	169.789	1545.62	185.108
291	-12.1374 	168.72 	1540.7 	181.404
292	-12.2746 	169.04 	1475.32	178.794
293	-12.2746 	168.373	1114.91	175.619
294	-12.2746 	166.935	1203.19	172.873
295	-12.2746 	163.679	1443.27	167.98 
296	-12.2746 	165.76 	1649.33	175.913
297	-12.2746 	163.705	1410.73	177.183
298	-12.2746 	162.462	1226.88	169.048
299	-12.2746 	161.872	1250.25	168.801
300	-12.2746 	162.248	1032.43	168.815
301	-12.2746 	165.329	1085.5 	172.249
302	-12.2746 	165.065	1331.78	176.319
303	-12.2746 	164.508	1647.74	177.207
304	-12.2746 	158.416	1331.78	162.546
305	-12.2746 	156.552	1252.72	163.33 
306	-12.2746 	157.09 	1218.23	161.685
307	-12.2746 	153.867	1185.78	153.054
308	-12.2746 	148.693	1161.7 	142.241
309	-12.2746 	154.866	1149.42	153.404
310	-12.2746 	157.517	1149.42	158.812
311	-12.2746 	151.683	1065.66	150.878
312	-12.2746 	147.645	834.471	134.105
313	-12.2746 	153    	1036.91	146.677
314	-12.2746 	155.298	1036.91	150.001
315	-12.2746 	153.273	1018.8 	150.596
316	-12.2746 	152.455	1011.49	150.747
317	-12.2746 	146.332	972.748	140.456
318	-12.2746 	148.55 	1390.35	146.707
319	-12.2746 	151.774	1440.13	152.433
320	-12.2746 	151.461	1097.6 	148.014
321	-12.2746 	155.321	1361.41	153.384
322	-12.2746 	156.634	1068.39	157.379
323	-12.2746 	154.42 	1031.97	153.957
324	-12.2746 	154.71 	1023.93	156.375
325	-12.2746 	152.539	1033.64	155.923
326	-12.2746 	151.744	1564.39	156.515
327	-12.2746 	149.29 	983.331	144.697
328	-12.2746 	151.974	1074.99	150.402
329	-12.2746 	148.596	1160.98	144.791
330	-12.2746 	148.014	1352.05	147.581
331	-12.2746 	144.687	1059.6 	137.435
332	-12.2746 	148.556	990.629	147.479
333	-12.2746 	146.691	986.098	145.569
334	-12.2746 	147.624	1112.13	149.035
335	-12.2746 	148.77 	1106.38	153.428
336	-12.2746 	148.661	1160.58	157.079
337	-12.2746 	147.782	1160.29	152.718
338	-12.2746 	145.443	1160.29	151.095
339	-12.2746 	143.83 	1019.92	148.865
340	-12.2746 	145.03 	1000.75	145.538
341	-12.2746 	142.466	1148.66	144.532
342	-12.2746 	146.313	1254.57	156.765
343	-12.5831 	149.9  	1170.26	163.359
344	-13.3384 	148.879	1170.26	162.271
345	-13.3384 	147.832	1219.73	163.056
346	-13.3384 	146.8  	1219.73	157.289
347	-13.3578 	146.124	1019.76	152.12 
348	-13.3578 	147.422	1221.65	160.604
349	-13.3578 	149.468	960.357	153.512
350	-13.3578 	147.837	952.935	147.636
351	-13.3578 	147.215	974.813	153.589
352	-13.3578 	148.312	1051.51	161.851
353	-13.3578 	143.385	1380.32	159.129
354	-13.3578 	141.174	902.184	143.444
355	-13.3578 	140.817	1238.89	144.92 
356	-13.3578 	140.232	1223.88	140.958
357	-13.3578 	139.006	1599.04	142    
358	-13.3578 	137.331	1065.67	132.419
359	-13.3578 	141.128	1300.17	144.852
360	-13.3578 	135.807	888.504	124.517
361	-13.3578 	136.565	863.187	125.385
362	-13.3578 	135.479	1120.43	125.672
363	-13.3578 	134.127	1232.28	127.65 
364	-13.3578 	134.814	907.931	124.514
365	-13.3578 	136.4  	1172   	132.134
366	-13.3578 	138.847	1004.26	137.396
367	-13.3578 	137.191	811.238	133.997
368	-13.3578 	139.561	1236.18	152.057
369	-13.3578 	140.207	976.214	141.747
370	-13.3578 	139.651	976.214	144.574
371	-13.3578 	141.747	1071.97	149.366
372	-13.3578 	141.018	1071.97	147.177
373	-13.3578 	135.164	978.638	127.549
374	-13.3578 	134.915	944.26 	130.361
375	-13.3578 	137.627	944.26 	137.182
376	-13.3578 	135.925	1178.63	140.663
377	-13.3578 	134.13 	932.79 	132.166
378	-13.3578 	137.536	1063.09	143.938
379	-13.3578 	137.994	1198.73	147.763
380	-13.3578 	135.177	1198.73	137.844
381	-13.3578 	135.656	917.336	138.597
382	-13.3578 	134.165	927.069	132.771
383	-13.3578 	134.022	889.891	129.782
384	-13.3578 	134.272	1237.93	142.443
385	-13.3578 	132.395	1105.79	133.055
386	-13.3578 	129.93 	1084.89	133.788
387	-13.3578 	132.968	953.986	132.41 
388	-13.3578 	130.962	953.986	128.031
389	-13.3578 	131.725	881.535	127.001
390	-13.3578 	131.314	940.773	126.488
391	-13.3578 	129.081	1173.73	125.632
392	-13.3578 	128.054	1173.73	124.529
393	-13.3578 	129.548	674.055	124.088
394	-13.3578 	126.586	980.317	121.182
395	-13.3578 	127.3  	980.317	120.841
396	-13.3578 	130.042	1197.77	130.752
397	-13.3578 	127.334	970.158	124.587
398	-13.3578 	125.897	1007.79	127.449
399	-13.3578 	125.334	918.131	123.756
400	-13.3578 	124.505	1001.58	127.545
401	-13.3578 	125.373	1131.45	133.073
402	-13.3578 	127.427	1131.45	133.434
403	-13.3578 	127.372	1154.25	136.97 
404	-13.3578 	124.678	1196.12	131.121
405	-13.3578 	125.503	882.228	124.086
406	-13.3578 	125.964	922.793	126.747
407	-13.3578 	124.214	1040.58	129.408
408	-13.3578 	127.272	1062.41	139.181
409	-13.3578 	126.918	1062.41	135.07 
410	-13.3578 	127.941	917.91 	137.475
411	-13.3578 	125.181	1577.51	137.383
412	-13.3578 	126.709	851.384	133.954
413	-13.3578 	124.684	1177.74	135.319
414	-13.3578 	123.471	1341.4 	139.803
415	-13.3578 	124.509	1654.8 	144.848
416	-13.3578 	124.493	1346.8 	146.646
417	-13.3578 	121.697	1218.93	132.752
418	-13.3578 	119.457	1027.16	129.626
419	-13.3578 	120.527	938.952	128.703
420	-13.3578 	121.872	1121.3 	131.2  
421	-13.3578 	118.819	1065.51	123.547
422	-13.3578 	122.366	915.265	126.329
423	-13.3578 	120.663	915.265	121.142
424	-13.3578 	121.239	1027.24	124.332
425	-13.3578 	121.056	781.726	117.385
426	-13.3578 	122.332	886.108	123.387
427	-13.3578 	120.954	788.803	120.321
428	-13.3578 	121.335	788.803	120.362
429	-13.3578 	122.108	1163.7 	129.866
430	-13.3578 	121.071	1279.02	132.078
431	-13.3578 	120.37 	1688.04	128.609
432	-13.3578 	120.771	1085.39	121.768
433	-13.3578 	124.097	1071.71	130.823
434	-13.3578 	121.022	940.335	120.785
435	-13.3578 	121.311	937.582	123.983
436	-13.3578 	118.73 	1304.14	128.599
437	-13.3578 	120.111	1218.26	126.861
438	-13.3578 	116.935	796.394	117.793
439	-13.3578 	115.125	754.279	108.93 
440	-13.3578 	113.142	734.262	106.247
441	-13.3578 	114.025	772.572	106.679
442	-13.3578 	112.949	775.316	104.276
443	-13.3578 	116.547	978.355	114.769
444	-13.3578 	116.249	1299.98	121.021
445	-13.3578 	117.197	1227.06	120.742
446	-13.3578 	113.197	828.105	112.116
447	-13.3578 	109.642	658.946	102.574
448	-13.3578 	109.591	781.087	101.769
449	-13.3578 	109.229	686.393	101.144
450	-13.3578 	111.332	801.537	107.504
451	-13.3578 	112.893	758.217	109.298
452	-13.3578 	114.853	1248.29	117.029
453	-13.3578 	112.296	787.329	112.143
454	-13.3578 	113.044	723.738	107.217
455	-13.3578 	113.58 	771.445	115.708
456	-13.3578 	109.92 	771.445	108.186
457	-13.3578 	110.782	699.781	106.156
458	-13.3578 	110.875	630.523	106.757
459	-13.3578 	114.479	975.927	115.709
460	-13.3578 	112.29 	975.927	110.226
461	-13.3578 	110.424	644.433	102.35 
462	-13.3578 	113.913	686.731	113.37 
463	-13.3578 	113.861	1077.86	116.107
464	-13.3578 	113.632	1127.96	119.405
465	-13.3578 	114.614	917.362	124.775
466	-13.3578 	114.573	845.243	121.207
467	-13.3578 	112.15 	727.673	108.93 
468	-13.3578 	112.432	869.407	112.676
469	-13.3578 	110.224	849.651	107.587
470	-13.3578 	108.637	696.922	103.713
471	-13.3578 	107.932	666.734	100.281
472	-13.3578 	106.65 	730.361	102.783
473	-13.3578 	107.237	858.684	103.596
474	-13.3578 	108.267	770.002	106.739
475	-13.3578 	108.704	770.002	112.433
476	-13.3578 	108.773	964.718	112.201
477	-13.3578 	106.999	729.083	110.159
478	-13.3578 	106.718	904.894	112.287
479	-13.3578 	105.991	766.47 	105.566
480	-13.3578 	104.791	747.808	107.81 
481	-13.3578 	105.011	799.268	107.578
482	-13.3578 	103.877	687.247	99.5816
483	-13.3578 	104.079	774.044	102.179
484	-13.3578 	103.427	774.044	99.0218
485	-13.3578 	104.655	668.983	99.0371
486	-13.3578 	103.818	568.503	96.594 
487	-13.3578 	104.855	568.503	98.2447
488	-13.3578 	104.626	542.696	96.2106
489	-13.3578 	102.831	643.01 	93.5155
490	-13.3578 	102.024	690.979	95.0473
491	-13.3578 	102.805	820.853	96.6365
492	-13.3578 	99.9231	639.421	88.8999
493	-13.3578 	102.129	823.352	94.8508
494	-13.3578 	100.364	676.192	91.4197
495	-13.3578 	100.941	676.192	92.7698
496	-13.3578 	99.6944	638.628	89.7691
497	-13.3578 	100.257	625.337	90.3521
498	-13.3578 	99.9681	649.615	90.425 
499	-13.3578 	100.242	819.497	99.3658
-16.93999999
