gen	min    	avg    	max    	std    
0  	85.2342	156.519	241.566	26.9828
1  	85.2342	156.466	233.517	26.7933
2  	85.2342	156.408	236.815	26.9294
3  	85.2342	156.33 	236.002	27.1904
4  	85.2342	156.29 	228.27 	26.9369
5  	85.2342	156.213	233.252	27.047 
6  	85.2342	156.132	235.56 	27.2937
7  	85.2342	156.062	236.827	27.4082
8  	85.2342	156.021	232.237	27.7774
9  	84.6277	155.837	230.246	27.6574
10 	84.6277	155.779	230.668	27.2416
11 	84.6277	155.557	233.139	27.5907
12 	84.6277	155.561	238.388	27.2186
13 	84.6277	155.453	230.004	26.9264
14 	84.6277	155.306	231.752	26.4705
15 	84.6277	155.254	247.035	26.5425
16 	84.6277	155.061	231.764	26.5438
17 	84.6277	154.898	231.764	26.3883
18 	84.6277	154.748	242.454	26.4697
19 	83.8042	154.612	232.836	27.0591
20 	83.8042	154.54 	229.74 	26.8494
21 	83.8042	154.467	229.74 	27.1785
22 	83.5374	154.479	247.125	27.1699
23 	83.5374	154.362	234.047	26.9842
24 	83.5374	154.277	234.671	26.8134
25 	83.5374	154.329	231.221	26.6541
26 	83.5374	154.298	233.898	27.2009
27 	83.5374	154.201	233.898	27.3339
28 	83.5374	154.176	233.877	27.5565
29 	83.5374	153.968	238.155	27.5311
30 	83.5374	153.86 	233.47 	28.0082
31 	83.5374	153.701	233.47 	28.1695
32 	83.5374	153.727	248.373	28.3022
33 	83.5374	153.657	248.373	28.5005
34 	83.5374	153.485	242.936	27.9873
35 	83.5374	153.4  	238.61 	27.854 
36 	80.3243	153.29 	235.889	27.5969
37 	80.3243	153.183	233.088	27.5445
38 	80.3243	153.055	231.229	27.7777
39 	80.3243	152.874	234.086	27.9092
40 	80.2443	152.854	234.086	27.6212
41 	80.2443	152.739	231.106	27.9355
42 	80.2443	152.72 	240.443	28.7575
43 	80.2443	152.574	240.68 	28.3363
44 	80.2443	152.442	243.259	28.9288
45 	80.2443	152.402	245.596	28.7909
46 	80.2443	152.227	242.366	27.7937
47 	80.2443	152.092	241.519	27.7875
48 	80.2443	151.902	234.265	27.1735
49 	80.2443	151.791	234.265	26.9024
50 	80.2443	151.684	231.684	26.5922
51 	80.2443	151.391	237.362	26.8367
52 	80.2443	151.209	236.416	27.0128
53 	80.2443	151.103	242.661	27.4034
54 	80.2443	151.035	236.767	27.6109
55 	80.2443	150.918	230.869	27.6503
56 	80.2443	150.829	230.869	27.3546
57 	80.2443	150.79 	233.569	26.9977
58 	80.2443	150.606	246.038	27.2779
59 	80.2443	150.462	243.929	27.6784
60 	80.2443	150.338	237.658	27.8644
61 	80.2443	150.185	228.428	28.0237
62 	80.2443	150.172	228.284	28.1697
63 	80.2443	150.046	237.014	27.7682
64 	80.2443	149.976	237.449	28.1669
65 	80.2443	149.839	244.173	28.3014
66 	80.2443	149.619	242.359	28.0486
67 	80.2443	149.619	238.056	27.9395
68 	80.2299	149.57 	234.576	27.7356
69 	80.2299	149.587	229.753	27.6559
70 	80.2299	149.454	232.805	28.0685
71 	80.2299	149.322	232.805	27.9966
72 	80.2299	149.203	227.561	27.9885
73 	80.2299	149.224	234.424	28.4435
74 	80.2299	149.098	235.764	28.2572
75 	80.2299	148.984	235.192	28.3969
76 	80.2299	148.988	230.608	28.6934
77 	80.2299	148.931	230.608	28.6856
78 	80.2299	148.826	233.189	29.4814
79 	80.2299	148.739	240.825	29.1248
80 	80.2299	148.609	242.859	29.2199
81 	80.2299	148.393	245.617	28.7743
82 	80.2299	148.233	246.375	28.7536
83 	80.2299	148.103	237.745	29.2674
84 	80.2299	148.012	237.745	29.7688
85 	80.2299	147.792	247.619	30.1432
86 	80.2299	147.707	247.383	29.7589
87 	80.2299	147.616	236.674	29.1393
88 	80.2299	147.512	235.549	29     
89 	80.2299	147.533	235.549	29.2735
90 	80.2299	147.474	233.903	28.6245
91 	80.2299	147.442	229.21 	28.6683
92 	80.2299	147.359	229.21 	28.3333
93 	80.2299	147.187	244.024	29.0045
94 	80.2299	147.04 	239.196	28.9665
95 	80.2299	146.95 	236.536	28.8912
96 	80.2299	146.89 	236.049	28.5499
97 	80.2299	146.772	239.126	28.3507
98 	80.2299	146.671	239.852	28.4519
99 	80.0165	146.576	240.391	28.0234
100	80.0165	146.418	229.564	27.7271
101	80.0165	146.391	228.875	28.0043
102	80.0165	146.324	230.179	27.6029
103	79.9549	146.255	223.87 	27.5345
104	79.9549	146.159	249.124	27.6349
105	79.9549	146.145	225.815	27.7417
106	79.9549	145.991	226.762	27.5659
107	79.9549	145.939	227.797	27.4387
108	79.9549	145.802	227.525	26.5862
109	79.9549	145.604	232.959	26.9668
110	79.9549	145.501	227.902	27.2652
111	79.9549	145.318	239.289	27.4744
112	79.9549	145.12 	232.703	27.1223
113	79.9549	144.958	245.003	27.0788
114	79.9549	144.76 	245.003	27.0614
115	79.9549	144.674	238.726	27.2365
116	79.9549	144.554	232.23 	26.9359
117	79.9549	144.423	219.083	26.8484
118	79.9549	144.401	219.083	26.2853
119	79.9549	144.303	224.813	26.6615
120	79.9549	144.256	236.252	27.5163
121	79.9549	144.085	224.813	27.221 
122	79.9372	144.069	232.099	27.5132
123	79.9372	144.009	241.353	27.1551
124	79.9372	143.962	242.37 	27.1573
125	79.9372	143.831	229.64 	27.3793
126	79.9372	143.728	250.946	27.3816
127	79.9372	143.639	241.942	27.9322
128	79.9372	143.543	235.393	27.9919
129	79.9372	143.351	229.615	28.0426
130	79.9372	143.258	236.107	27.4749
131	79.9372	143.15 	233.673	27.5853
132	79.9372	143.024	231.476	27.5917
133	79.9372	143.037	231.476	27.8537
134	79.9372	143.013	232.814	26.9342
135	79.9372	142.977	220.956	26.5025
136	79.9372	142.93 	227.099	26.7978
137	79.9372	142.993	223.849	26.4639
138	79.9372	142.875	241.273	26.632 
139	79.9372	142.802	238.614	26.1481
140	79.9372	142.687	225.606	25.9442
141	79.9372	142.614	219.381	25.8433
142	79.9372	142.54 	230.617	26.1234
143	79.9372	142.433	221.451	26.3216
144	79.9372	142.458	221.451	26.0594
145	79.9372	142.386	223.266	26.5008
146	79.9372	142.238	236.104	27.0298
147	79.9372	142.232	236.104	26.7741
148	79.9372	142.22 	230.957	26.957 
149	79.9372	142.11 	229.461	27.2042
150	79.6918	141.962	229.748	27.4733
151	79.684 	141.84 	237.708	27.015 
152	79.684 	141.724	229.061	27.2399
153	79.684 	141.588	238.019	27.4452
154	79.684 	141.386	226.026	27.2844
155	79.684 	141.247	222.28 	26.9926
156	79.684 	141.037	225.48 	26.742 
157	79.684 	141.007	224.801	26.3792
158	79.684 	140.905	236.678	26.3261
159	79.6552	140.788	225.194	26.096 
160	79.6552	140.623	225.194	26.2986
161	79.6552	140.418	222.779	25.8329
162	79.6552	140.394	220.715	25.9332
163	79.6552	140.194	210.295	25.7692
164	79.6552	140.098	220.317	26.0471
165	79.6552	140.159	215.928	25.9   
166	79.6552	140.153	213.553	25.9659
167	79.6552	140.105	216.438	26.1656
168	79.6552	140.052	221.115	26.4118
169	79.6552	140    	216.222	25.8855
170	79.6552	139.905	215.261	25.8584
171	79.6552	139.818	216.106	25.5562
172	79.6552	139.753	209.381	25.1705
173	79.6552	139.636	210.169	25.2172
174	79.6133	139.668	220.265	25.2852
175	79.6133	139.558	221.338	25.3985
176	79.6133	139.422	230.011	25.0672
177	79.6133	139.294	221.526	25.094 
178	79.6133	139.272	221.523	25.6229
179	79.6133	139.281	230.369	25.629 
180	79.6133	139.194	210.456	25.6306
181	79.6133	139.148	224.42 	26.252 
182	79.6133	139.073	227.085	27.1232
183	79.6133	139.049	226.67 	26.5548
184	79.6133	138.867	223.199	26.4128
185	79.6133	138.672	231.79 	26.2794
186	79.6133	138.672	231.79 	26.4323
187	79.6133	138.583	224.694	26.5874
188	79.6133	138.393	223.252	26.1857
189	79.6133	138.317	247.678	26.7434
190	79.6133	138.165	231.171	26.6418
191	79.6133	138.138	226.613	26.5137
192	79.6133	138.034	225.76 	26.2983
193	79.6133	137.96 	220.586	26.397 
194	79.6133	137.908	221.989	27.135 
195	79.6133	137.877	223.843	27.1553
196	79.6133	137.866	221.055	26.4679
197	79.6133	137.87 	225.892	26.2354
198	79.6133	137.74 	237.135	25.8834
199	79.6133	137.685	219.957	25.8376
200	79.6133	137.563	220.523	25.6359
201	79.6133	137.541	216.238	26.095 
202	79.6133	137.401	220.538	26.4379
203	79.6133	137.269	228.388	26.7523
204	79.6133	137.209	223.156	26.5219
205	79.6133	137.097	219.537	25.9479
206	79.6133	136.983	210.666	25.5073
207	79.6133	136.892	212.764	25.8393
208	79.6133	136.839	209.169	26.1852
209	79.6133	136.895	215.593	25.9222
210	79.6133	136.855	217.067	25.4984
211	79.6133	136.831	216.286	25.877 
212	79.6133	136.72 	231.34 	25.6649
213	79.6133	136.609	226.245	26.1215
214	79.6133	136.443	228.223	25.5021
215	79.6133	136.346	214.918	25.4116
216	79.6133	136.236	216.356	25.6504
217	79.6133	136.173	216.356	24.8376
218	79.6133	136.116	218.861	24.8776
219	79.6133	136.035	215.649	24.691 
220	79.6133	136.012	219.459	25.5609
221	79.6133	136.043	217.436	25.699 
222	79.6133	136.089	227.191	25.8369
223	79.6133	136.011	222.264	25.8645
224	79.6133	135.956	226.86 	25.7213
225	79.6133	135.843	237.076	26.1625
226	79.6133	135.714	235.506	26.5621
227	79.6133	135.513	235.506	25.9828
228	79.6133	135.406	235.506	25.9691
229	79.6133	135.196	235.506	26.3472
230	79.6133	135.109	237.677	26.1363
231	79.6133	134.893	225.838	25.8864
232	79.6133	134.724	225.838	25.7293
233	79.6133	134.599	224.634	26.2033
234	79.6133	134.492	224.634	26.1066
235	79.6133	134.461	216.122	26.1992
236	79.6133	134.38 	218.037	25.7436
237	79.6133	134.336	217.825	25.7237
238	79.6133	134.243	215.966	25.3871
239	79.6133	134.243	218.71 	25.0017
240	79.6133	134.177	210.043	24.9565
241	79.6133	134.118	220.56 	25.2592
242	79.6133	134.006	215.647	25.298 
243	79.593 	133.92 	224.129	25.1428
244	79.593 	133.87 	221.517	25.5206
245	79.593 	133.85 	221.517	25.6124
246	79.5599	133.666	231.294	26.2538
247	79.5599	133.581	231.294	25.6443
248	79.5599	133.459	217.256	25.5256
249	79.5599	133.373	211.125	25.0555
250	79.5599	133.251	211.013	24.6601
251	79.5599	133.187	221.471	24.4456
252	79.5599	133.089	221.471	24.4646
253	79.5599	133.036	218.577	24.3982
254	79.5599	132.967	215.517	24.5935
255	79.5599	132.832	216.072	24.4747
256	79.5599	132.699	222.752	24.8537
257	79.5599	132.612	220.355	25.1432
258	79.5599	132.511	219.658	25.1341
259	79.5599	132.495	214.612	25.6802
260	79.5599	132.363	214.612	25.6302
261	79.5599	132.149	213.747	25.194 
262	79.5599	132.016	212.691	24.5443
263	79.5599	132.009	214.723	24.8157
264	79.5599	131.85 	214.723	24.3808
265	79.5599	131.814	208.055	24.6133
266	79.5599	131.78 	206.17 	24.305 
267	79.5599	131.785	218.021	24.216 
268	79.5599	131.687	218.021	23.8663
269	79.5599	131.576	222.282	24.4182
270	79.5599	131.442	227.85 	24.3327
271	79.5599	131.368	210.712	23.9669
272	79.5599	131.253	210.757	23.7723
273	79.5599	131.238	210.599	23.9687
274	79.5599	131.118	211.089	23.5298
275	79.5599	131.094	212.466	23.907 
276	79.5599	130.98 	212.466	23.7698
277	79.5599	131.004	217.97 	24.0125
278	79.5599	130.945	224.936	24.2765
279	79.5599	130.804	216.466	24.3062
280	79.5599	130.712	218.222	24.163 
281	79.5599	130.615	212.822	23.2737
282	79.5599	130.534	219.465	23.1083
283	79.5599	130.359	215.627	23.0224
284	79.5599	130.262	215.627	23.3194
285	79.5599	130.203	209.798	22.8782
286	79.5599	130.088	207.803	23.0912
287	79.5599	130.086	204.766	23.1151
288	79.5599	130.147	201.962	23.3109
289	79.5599	130.077	217.438	23.8716
290	79.5599	129.958	215.943	24.3298
291	79.5599	129.836	224.426	24.4701
292	79.5599	129.759	212.118	24.2488
293	79.5599	129.736	211.681	24.1622
294	79.5599	129.651	211.681	24.4482
295	79.5599	129.568	212.593	24.6828
296	79.5599	129.513	212.593	24.6196
297	79.5599	129.392	211.385	24.228 
298	79.5599	129.354	212.125	24.1171
299	79.5599	129.297	222.074	24.196 
300	79.5599	129.19 	218.123	23.9696
301	79.5599	129.103	218.123	24.5225
302	79.5599	129.098	207.681	24.0653
303	79.5599	129.118	210.912	23.9438
304	79.5599	129.025	211.145	23.7403
305	79.5599	128.932	205.007	23.2185
306	79.5599	128.815	205.007	23.0394
307	79.5599	128.724	205.007	23.3558
308	79.5599	128.614	201.463	23.0273
309	79.5599	128.604	195.959	23.2335
310	79.5599	128.561	205.441	23.0143
311	79.5599	128.527	198.346	22.8793
312	79.5599	128.45 	206.421	22.5766
313	79.5599	128.348	209.861	22.371 
314	79.5599	128.342	206.421	22.3396
315	79.5599	128.186	206.876	22.4461
316	79.5599	128.097	202.253	21.94  
317	79.5599	128.073	209.844	22.6503
318	79.5599	128.001	210.886	22.7416
319	79.5599	127.952	204.882	22.6055
320	79.5599	127.939	202.549	22.1581
321	79.5599	127.867	202.419	22.0395
322	79.5599	127.868	197.664	22.2203
323	79.5599	127.81 	203.962	22.255 
324	79.5599	127.728	205.1  	22.4132
325	79.5599	127.681	208.363	22.4051
326	79.5599	127.553	207.791	22.166 
327	79.5599	127.426	215.756	21.9202
328	79.5599	127.316	203.972	21.7728
329	79.5599	127.274	203.972	22.0471
330	79.5599	127.169	203.807	22.0038
331	79.5599	127.14 	203.138	21.7764
332	79.5599	127.071	199.012	21.8036
333	79.5599	126.98 	193.839	22.0689
334	79.5599	126.932	215.123	22.0749
335	79.5599	126.893	197.519	21.7189
336	79.5599	126.745	208.065	22.2129
337	79.5599	126.654	200.157	21.8978
338	79.5599	126.65 	200.157	22.0725
339	79.5599	126.793	200.157	21.683 
340	79.5599	126.672	202.848	21.6948
341	79.5599	126.562	194.912	21.3892
342	79.5599	126.535	193.849	21.4568
343	79.5599	126.423	207.902	21.5912
344	79.5599	126.34 	198.151	22.0549
345	79.5599	126.262	190.75 	22.1323
346	79.5599	126.203	193.474	22.371 
347	79.5599	126.084	196.837	22.3613
348	79.5599	125.962	198.122	21.788 
349	79.5599	125.932	206.248	22.0632
350	79.5599	125.915	216.145	22.1311
351	79.5599	125.914	198.065	22.4305
352	79.5599	125.897	195.99 	22.1839
353	79.5599	125.828	198.16 	22.377 
354	79.5599	125.757	194.699	22.0974
355	79.5599	125.713	194.699	22.2403
356	79.5599	125.754	196.415	22.0566
357	79.5599	125.699	199.852	22.1338
358	79.5599	125.541	202.532	21.9033
359	79.5599	125.442	201.98 	21.4488
360	79.5599	125.33 	200.028	21.4788
361	79.5599	125.359	194.029	21.3957
362	79.5599	125.296	194.899	21.5395
363	79.5599	125.315	194.899	21.1571
364	79.5599	125.274	191.341	21.0618
365	79.5599	125.095	188.727	21.1396
366	79.5599	124.952	190.635	20.6848
367	79.5599	124.966	186.407	20.8116
368	79.5599	124.856	187.082	20.7319
369	79.5599	124.801	190.253	20.9241
370	79.5599	124.665	197.044	21.3585
371	79.5599	124.619	205.21 	21.3413
372	79.5599	124.537	203.754	21.3765
373	79.5599	124.473	199.967	21.0578
374	79.5599	124.343	199.967	20.9789
375	79.5599	124.255	202.176	21.3185
376	79.5599	124.295	202.113	21.1645
377	79.5599	124.208	193.251	21.2942
378	79.5599	124.229	203.4  	21.4628
379	79.5599	124.177	192.289	21.6122
380	79.5599	124.173	192.521	21.9651
381	79.5599	124.001	207.375	21.7503
382	79.5599	123.904	192.521	21.7192
383	79.5599	123.915	205.476	21.66  
384	79.5599	123.78 	205.476	21.6571
385	79.5599	123.642	203.623	21.3309
386	79.5599	123.635	198.323	21.4154
387	79.5599	123.548	199.108	21.4647
388	79.5458	123.371	203.528	21.7736
389	79.5458	123.295	199.139	21.5821
390	79.5458	123.251	197.719	21.4583
391	79.5458	123.231	209.981	21.6602
392	79.5458	123.062	209.981	21.7008
393	79.5458	122.947	206.633	21.5149
394	79.5458	122.861	197.285	21.2696
395	79.5458	122.795	199.324	21.5947
396	79.5458	122.734	196.594	21.3691
397	79.5458	122.613	196.16 	20.8852
398	79.5458	122.528	196.701	20.93  
399	79.5458	122.512	189.394	20.5542
400	79.5458	122.576	189.936	21.0836
401	79.5458	122.628	205.895	20.3958
402	79.5458	122.482	189.394	19.9296
403	79.5458	122.525	189.388	20.3359
404	79.5458	122.52 	194.013	20.1023
405	79.5458	122.434	193.235	20.303 
406	79.5458	122.33 	196.292	20.3318
407	79.5458	122.377	196.292	20.2555
408	79.5458	122.4  	196.292	20.3644
409	79.5458	122.416	196.183	20.4346
410	79.5458	122.33 	192.69 	20.2343
411	79.5458	122.256	189.633	20.2761
412	79.5458	122.182	190.137	20.2814
413	79.5458	122.102	198.344	20.3031
414	79.5458	122.129	193.941	20.1731
415	79.5458	122.16 	196.146	20.2416
416	79.5458	122.107	196.146	20.2935
417	79.5458	122.174	196.146	20.4387
418	79.5458	122.12 	196.146	21.2235
419	79.5458	122.065	196.146	21.1455
420	79.5458	122.06 	200.602	21.3392
421	79.5458	121.956	194.332	21.4058
422	79.5458	121.899	195.241	21.3075
423	79.5458	121.899	194.222	20.8827
424	79.5458	121.853	185.143	20.9686
425	79.5458	121.774	185.143	20.9025
426	79.5458	121.836	185.117	20.863 
427	79.5458	121.764	185.117	20.9307
428	79.5458	121.756	189.995	21.1717
429	79.5458	121.722	189.16 	20.9433
430	79.5458	121.673	197.023	21.1086
431	79.5458	121.615	197.023	21.1735
432	79.5458	121.589	184.113	21.0795
433	79.5458	121.463	190.312	21.4464
434	79.5458	121.469	194.433	21.5642
435	79.5458	121.412	192.154	21.5457
436	79.5458	121.411	187.125	21.3517
437	79.5458	121.351	187.66 	20.9536
438	79.5458	121.278	185.667	20.9395
439	79.5458	121.252	189.209	20.9398
440	79.5458	121.187	195.467	20.9403
441	79.5458	121.181	191.247	21.0598
442	79.5458	121.143	205.166	21.1391
443	79.5458	121.048	197.4  	21.0673
444	79.5458	121.071	191.24 	20.5976
445	79.5458	120.974	189.482	20.4354
446	79.5458	120.924	185.105	20.4126
447	79.5458	120.831	188.144	20.3826
448	79.5458	120.736	188.6  	20.3184
449	79.5458	120.728	184.563	19.5445
450	79.5458	120.735	184.694	19.4925
451	79.5458	120.666	187.221	19.4832
452	79.5458	120.649	196.309	19.8699
453	79.5458	120.647	182.236	19.6875
454	79.5458	120.61 	192.447	20.108 
455	79.5458	120.532	200.026	19.914 
456	79.5458	120.511	193.351	19.899 
457	79.5458	120.529	193.351	20.2856
458	79.5458	120.488	188.303	19.7388
459	79.5458	120.409	188.278	19.8536
460	79.5458	120.387	188.24 	19.6836
461	79.5458	120.398	190.878	19.8243
462	79.5219	120.304	190.878	20.0686
463	79.5219	120.244	189.857	20.1102
464	79.5219	120.232	184.063	19.6061
465	79.5219	120.218	188.668	19.619 
466	79.5219	120.202	200.812	19.1696
467	79.5219	120.152	181.335	18.8744
468	79.5219	120.16 	179.823	19.1765
469	79.5219	120.113	182.705	19.1284
470	79.5219	120.068	186.058	19.5934
471	79.5219	119.976	182.802	19.4282
472	79.5219	119.863	183.263	19.5441
473	79.5219	119.751	180.026	19.2197
474	79.5219	119.742	185.968	19.4056
475	79.5219	119.72 	185.968	19.2753
476	79.5219	119.751	185.968	19.3941
477	79.5219	119.718	202.241	19.3218
478	79.5219	119.638	180.752	19.4376
479	79.5219	119.506	194.781	20.0181
480	79.5219	119.406	193.436	19.7886
481	79.5219	119.376	185.075	19.9419
482	79.5219	119.308	185.075	20.2892
483	79.5219	119.252	193.125	20.0007
484	79.5219	119.285	190.217	19.9613
485	79.5219	119.266	186.934	19.8447
486	79.5219	119.228	186.934	19.6453
487	79.5219	119.193	188.507	19.7608
488	79.5219	119.093	186.934	19.5696
489	79.5219	119.073	186.934	19.7149
490	79.5219	119.012	185.641	19.9924
491	79.5219	118.947	189.741	20.1219
492	79.5219	118.934	197.584	20.0439
493	79.5219	118.871	189.741	20.0425
494	79.5219	118.943	195.504	19.9436
495	79.5219	118.962	191.359	19.5977
496	79.5219	118.927	181.523	19.4138
497	79.5219	118.827	185.071	19.5395
498	79.5219	118.749	181.726	19.3377
499	79.5219	118.669	183.303	18.7736
79.48000001
