gen	min    	avg    	max    	std    
0  	91.7069	159.142	247.921	27.6028
1  	88.3598	159    	246.849	27.8498
2  	88.3598	158.828	240.265	28.1061
3  	88.3598	158.728	240.508	28.067 
4  	88.0565	158.598	240.157	28.4008
5  	88.0565	158.334	236.566	27.7036
6  	88.0565	158.34 	234.342	27.3228
7  	88.0565	158.176	231.808	27.4895
8  	88.0565	158.099	244.239	27.484 
9  	88.0565	158.026	239.286	27.37  
10 	87.1862	157.891	246.591	27.634 
11 	87.1862	157.748	241.438	27.6032
12 	87.1862	157.661	246.259	27.7293
13 	87.1862	157.665	249.498	27.8157
14 	87.1862	157.592	242.406	27.7405
15 	87.1862	157.503	239.028	27.2864
16 	87.1862	157.515	243.033	27.0965
17 	83.5777	157.36 	237.755	26.6341
18 	83.5777	157.242	240.636	26.659 
19 	83.5777	157.086	239.093	27.2555
20 	83.5777	156.965	239.093	27.144 
21 	83.5777	156.953	229.596	27.6649
22 	82.5265	156.595	234.617	28.0044
23 	82.5265	156.524	259.71 	27.6507
24 	82.5265	156.504	228.514	28.0068
25 	82.5265	156.344	258.848	27.7591
26 	82.5265	156.302	244.426	28.0892
27 	82.5265	156.136	245.466	28.1873
28 	82.5265	156.101	242.187	28.8599
29 	82.5265	155.949	249.28 	29.0725
30 	82.5265	155.764	246.688	29.0861
31 	82.3952	155.724	246.688	28.6231
32 	82.3952	155.742	246.112	28.9506
33 	82.3952	155.517	242.766	29.0812
34 	82.3952	155.488	265.879	29.461 
35 	82.2013	155.419	244.423	29.6103
36 	82.2013	155.301	240.023	29.0825
37 	82.2013	155.186	240.023	28.8526
38 	82.2013	155.043	243.927	28.7191
39 	82.2013	154.949	243.308	29.0416
40 	82.2013	154.895	243.308	29.2774
41 	82.2013	154.75 	235.285	29.0249
42 	82.2013	154.754	246.678	29.29  
43 	82.2013	154.59 	235.823	29.3547
44 	82.2013	154.355	240.398	28.9569
45 	82.2013	154.142	231.024	28.9601
46 	82.2013	153.988	236.531	29.4512
47 	82.1127	153.938	249.104	29.3638
48 	82.1127	153.778	249.626	29.101 
49 	82.1127	153.751	249.626	28.5166
50 	82.1127	153.634	263.693	29.0842
51 	82.1127	153.602	236.022	28.636 
52 	82.1127	153.478	251.077	28.0553
53 	82.1127	153.387	251.077	28.2614
54 	82.1127	153.297	243.966	28.4422
55 	82.1127	153.186	245.395	28.8254
56 	82.1127	152.994	246.306	28.5545
57 	82.1127	152.777	253.914	28.5652
58 	82.1127	152.654	239.975	28.6069
59 	81.4199	152.576	232.451	28.3566
60 	81.4199	152.453	236.205	28.9489
61 	81.4199	152.369	235.711	28.3346
62 	81.4199	152.208	239.126	28.3142
63 	81.4199	152.038	237.567	28.2814
64 	81.4199	151.841	233.553	27.9039
65 	81.4199	151.632	236.109	28.6956
66 	81.4199	151.576	233.553	28.5448
67 	81.4199	151.436	228.919	28.4896
68 	81.4199	151.37 	232.418	28.4664
69 	81.4199	151.269	239.945	28.8233
70 	81.4199	151.253	239.945	28.4626
71 	81.4199	151.207	238.323	28.4427
72 	81.4199	151.269	241.908	27.8784
73 	81.4199	151.148	234.333	27.6734
74 	81.4199	151.15 	227.122	28.117 
75 	81.4199	151.031	232.708	28.0269
76 	81.4199	150.93 	250.274	27.458 
77 	81.4199	150.819	232.847	28.4877
78 	81.4199	150.714	240.687	28.814 
79 	81.4199	150.581	240.159	28.5432
80 	81.4199	150.446	239.414	28.6274
81 	81.4199	150.406	237.863	29.0366
82 	81.4199	150.33 	243.048	28.9428
83 	81.3489	150.099	237.729	28.0102
84 	81.3489	150.054	228.128	27.5894
85 	81.3489	149.967	225.857	27.5287
86 	81.3489	149.876	233.313	27.6917
87 	81.3489	149.759	239.255	27.9418
88 	81.3489	149.581	233.434	27.4599
89 	81.3489	149.458	232.904	26.7788
90 	81.3489	149.178	238.211	26.6498
91 	81.3489	149.156	232.257	26.1494
92 	81.3489	149.042	225.197	26.2137
93 	80.6139	148.991	229.239	26.3992
94 	80.6139	148.893	229.239	26.6794
95 	80.6139	148.889	222.348	26.6059
96 	80.6139	148.75 	225.167	27.1346
97 	80.6139	148.51 	225.167	27.0433
98 	80.6139	148.363	225.745	26.9456
99 	80.6139	148.341	224.526	27.5109
100	80.6139	148.08 	227.456	27.3768
101	80.6139	147.978	225.832	27.2462
102	80.6139	147.817	230.843	26.843 
103	80.6132	147.841	223.964	27.0767
104	80.6132	147.775	224.734	26.9733
105	80.6132	147.562	227.512	27.2994
106	80.6132	147.502	227.858	26.6141
107	80.6132	147.456	231.65 	26.8153
108	80.6132	147.309	230.89 	26.8465
109	80.6132	147.251	230.234	27.4154
110	80.6132	147.242	230.234	27.888 
111	80.6132	147.106	227.034	27.7785
112	80.6132	146.967	230.424	27.3645
113	80.6132	146.851	234.505	28.0279
114	80.6132	146.742	235.997	28.2331
115	80.6132	146.561	227.413	28.3009
116	80.6132	146.475	223.431	27.926 
117	80.6132	146.338	227.412	27.8087
118	80.6132	146.322	228.289	27.5144
119	80.6132	146.279	228.289	27.7018
120	80.6132	146.129	235.243	28.0201
121	80.6132	146.08 	233.806	27.9975
122	80.6132	145.944	228.952	27.5963
123	80.6132	145.85 	228.952	27.9262
124	80.6132	145.656	234.775	28.6182
125	80.6132	145.615	234.775	28.5481
126	80.6132	145.448	237.158	27.5474
127	80.6132	145.312	237.158	27.5863
128	80.6132	145.176	234.775	26.9984
129	80.6132	145.014	234.775	27.6393
130	80.6132	144.837	225.037	26.8253
131	80.6132	144.826	220.262	26.435 
132	80.6132	144.639	231.083	26.8025
133	80.6132	144.505	221.728	26.5334
134	80.6132	144.484	220.304	26.3521
135	80.6132	144.319	223.831	26.0449
136	80.6132	144.181	223.631	26.2849
137	80.4627	144.162	225.002	26.7577
138	80.4627	144.066	232.596	26.9457
139	80.3962	143.917	244.344	26.6264
140	80.3962	143.77 	244.344	26.8125
141	80.3962	143.661	234.304	27.1321
142	80.3962	143.66 	228.501	26.6361
143	80.3962	143.511	235.451	25.816 
144	80.3962	143.465	218.723	25.2664
145	80.3962	143.303	228.737	25.6738
146	80.3962	143.203	230.772	25.6755
147	80.3962	143.07 	234.215	25.7537
148	80.3962	142.983	229.228	25.8116
149	80.3962	142.985	227.299	26.0676
150	80.3962	142.908	227.299	26.5939
151	80.3962	142.749	231.003	26.7577
152	80.3962	142.649	228.244	26.458 
153	80.1287	142.568	225.856	26.0604
154	80.1287	142.371	224.92 	25.7951
155	80.1287	142.219	224.92 	25.6839
156	80.1287	142.141	222.262	26.2199
157	80.1287	142.169	222.262	26.5103
158	80.1287	142.011	223.793	26.6598
159	80.1287	141.922	232.089	27.1154
160	80.1287	141.88 	230.663	26.9424
161	80.1287	141.813	229.139	26.3666
162	80.1287	141.78 	229.139	26.3262
163	80.1287	141.685	235.521	26.5629
164	80.1287	141.653	229.139	26.9664
165	80.1287	141.45 	229.139	27.3297
166	80.1287	141.29 	221.481	26.8491
167	80.1287	141.161	232.695	27.1722
168	80.1287	141.224	232.695	27.3679
169	80.1287	141.105	228.81 	27.0354
170	80.1287	141.012	227.831	26.6739
171	80.1287	140.855	227.087	26.2354
172	80.1287	140.695	226.42 	26.4997
173	80.1287	140.599	223.33 	26.7889
174	80.1287	140.469	232.793	27.3353
175	80.1287	140.448	231.374	27.4091
176	80.1287	140.441	228.757	27.5809
177	80.1287	140.288	228.596	27.0179
178	80.1287	140.248	228.194	26.4756
179	80.1287	140.233	223.769	26.6595
180	80.1287	140.064	236.166	26.6647
181	80.1287	139.967	236.166	26.5005
182	80.1287	139.882	238.21 	26.9214
183	80.1287	139.685	216.486	27.064 
184	80.1287	139.634	212.699	27.0059
185	80.1287	139.54 	212.699	27.1136
186	80.1287	139.586	212.606	26.8882
187	80.1287	139.493	229.429	26.5099
188	80.1287	139.344	219.47 	26.5545
189	80.1287	139.207	216.692	26.5441
190	80.1287	139.09 	220.33 	26.1666
191	80.1287	138.95 	220.578	26.6801
192	80.1287	138.818	251.438	26.5208
193	80.1287	138.691	231.31 	26.0013
194	80.1287	138.597	228.062	26.1271
195	80.1287	138.527	224.841	25.5704
196	80.1287	138.478	220.648	26.0156
197	80.1287	138.321	229.587	25.7484
198	80.1287	138.21 	229.587	26.1241
199	80.1287	138.07 	218.535	26.1075
200	80.1287	137.967	217.245	25.7413
201	80.1287	137.838	217.1  	25.4763
202	80.1287	137.683	216.679	25.1659
203	80.1287	137.595	216.679	25.3057
204	79.6308	137.452	216.635	26.0251
205	79.6308	137.443	225.494	26.4989
206	79.6308	137.332	219.042	26.2461
207	79.6308	137.18 	222.68 	26.5196
208	79.6308	137.12 	225.856	26.3651
209	79.6308	137.07 	235.377	26.156 
210	79.6308	136.937	221.032	25.7226
211	79.6308	136.826	218.282	25.0788
212	79.6308	136.625	221.858	25.1753
213	79.5688	136.569	222.282	25.8817
214	79.5688	136.445	222.244	26.222 
215	79.5688	136.489	214.809	26.7725
216	79.5688	136.303	216.973	26.1626
217	79.5688	136.253	216.973	26.1873
218	79.5688	136.048	228.041	26.1222
219	79.5688	135.946	228.041	26.3428
220	79.5688	135.812	225.946	25.9882
221	79.5688	135.648	225.946	25.9253
222	79.5688	135.522	228.743	26.009 
223	79.5688	135.388	228.743	26.2051
224	79.5688	135.293	228.743	26.1091
225	79.5688	135.129	228.743	26.3254
226	79.5688	135.046	219.678	26.16  
227	79.5688	135.009	223.967	26.2611
228	79.5688	134.921	227.561	25.9281
229	79.5688	134.774	227.561	25.2623
230	79.5688	134.626	210.886	25.3752
231	79.5688	134.525	210.886	25.0779
232	79.5688	134.464	224.914	25.2607
233	79.5688	134.291	224.914	24.4453
234	79.5688	134.206	217.903	24.6933
235	79.5688	134.102	213.933	25.0388
236	79.5688	133.973	213.933	24.8324
237	79.5688	134.011	220.517	25.0784
238	79.5688	133.947	223.249	25.2299
239	79.5688	133.882	221.726	25.3573
240	79.5688	133.869	223.803	25.0997
241	79.5688	133.779	216.481	24.7972
242	79.5688	133.8  	218.377	25.0376
243	79.5688	133.685	217.717	24.9174
244	79.5688	133.562	217.717	25.0927
245	79.5688	133.406	217.683	25.1158
246	79.5688	133.284	220.185	25.2373
247	79.5688	133.293	220.776	25.3905
248	79.5688	133.223	220.776	25.1501
249	79.5688	133.121	217.81 	25.0345
250	79.5688	132.962	219.421	24.7446
251	79.5688	132.945	217.81 	24.7532
252	79.5688	132.902	208.893	24.6115
253	79.5688	132.897	222.155	24.8093
254	79.5688	132.829	207.335	24.0676
255	79.5688	132.757	210.408	24.4127
256	79.5688	132.696	228.142	24.4992
257	79.5688	132.604	221.031	24.5285
258	79.5688	132.455	216.443	24.1832
259	79.5688	132.314	211.988	24.2046
260	79.5688	132.234	203.555	23.5826
261	79.5688	132.148	207.234	23.7942
262	79.5688	132.146	204.843	23.7952
263	79.5688	132.138	211.726	23.517 
264	79.5688	131.97 	207.877	23.5618
265	79.5688	131.874	205.643	23.9434
266	79.5688	131.835	204.318	24.1577
267	79.5688	131.738	204.318	24.2698
268	79.5688	131.584	226.115	24.1315
269	79.5688	131.523	212.802	24.1603
270	79.5688	131.511	206.076	23.6425
271	79.5688	131.508	209.117	24.1527
272	79.5688	131.407	206.516	23.8815
273	79.5532	131.318	206.516	24.021 
274	79.5532	131.318	206.853	24.2867
275	79.5532	131.347	208.544	24.4366
276	79.5532	131.199	207.727	23.7292
277	79.5419	131.193	206.779	23.4619
278	79.5419	131.116	201.349	23.194 
279	79.5419	130.968	204.028	22.9525
280	79.5419	131.049	205.198	22.4148
281	79.5419	130.962	207.132	23.1608
282	79.5419	130.913	207.132	23.1778
283	79.5419	130.765	207.132	23.3138
284	79.5419	130.845	207.132	23.6238
285	79.5419	130.875	206.535	23.7385
286	79.5419	130.761	210.394	24.177 
287	79.5419	130.702	210.394	23.9211
288	79.5419	130.556	206.886	24.3864
289	79.5419	130.48 	204.872	23.8342
290	79.5419	130.297	208.939	23.768 
291	79.5419	130.294	204.119	23.4487
292	79.5419	130.286	211.833	23.4601
293	79.5419	130.098	211.833	23.2601
294	79.5419	130.081	203.091	23.1079
295	79.5419	130.089	200.394	23.2844
296	79.5419	130.09 	198.126	22.736 
297	79.5419	129.95 	213.45 	22.9095
298	79.5419	129.852	208.026	23.0961
299	79.5419	129.837	208.026	22.9438
300	79.5419	129.811	208.026	23.2849
301	79.5419	129.701	208.655	23.0209
302	79.5419	129.645	206.274	23.5034
303	79.5379	129.531	212.194	23.4364
304	79.5379	129.465	212.194	23.5385
305	79.5379	129.557	212.194	23.7099
306	79.5379	129.444	220.742	24.1053
307	79.5379	129.378	207.969	23.5405
308	79.5379	129.3  	205.298	23.4687
309	79.5379	129.249	205.298	23.2837
310	79.5379	129.127	201.19 	22.718 
311	79.5379	129.09 	202.823	23.0441
312	79.5379	128.951	210.621	23.1738
313	79.5379	128.877	203.714	23.2783
314	79.5379	128.877	203.714	22.9224
315	79.5379	128.886	200.281	23.1311
316	79.5379	128.761	209.947	23.2442
317	79.5379	128.758	220.738	23.1965
318	79.5379	128.696	210.828	22.8112
319	79.5379	128.637	201.696	22.458 
320	79.5379	128.58 	200.654	22.6588
321	79.5379	128.392	203.083	22.6497
322	79.5379	128.366	214.445	23.0441
323	79.5354	128.308	214.445	22.94  
324	79.5354	128.254	214.445	23.0221
325	79.5354	128.262	205.98 	23.0048
326	79.5354	128.207	225.385	23.0691
327	79.5354	128.066	207.948	22.6456
328	79.5354	127.981	217.555	22.351 
329	79.5354	127.95 	203.891	22.6772
330	79.5354	127.827	207.107	22.452 
331	79.5354	127.721	195.593	22.3641
332	79.5354	127.784	195.593	22.9146
333	79.5354	127.759	200.545	22.6586
334	79.5354	127.646	216.415	23.0201
335	79.5354	127.614	211.092	22.9347
336	79.5354	127.515	215.835	23.1485
337	79.5354	127.422	207.487	23.1428
338	79.5354	127.291	211.294	22.8792
339	79.5354	127.24 	200.475	22.9207
340	79.5354	127.167	201.165	22.8134
341	79.5354	127.158	205.28 	22.363 
342	79.5354	127.101	205.28 	22.7073
343	79.5354	126.983	204.554	22.492 
344	79.5354	126.875	223.919	22.8036
345	79.5354	126.766	221.802	22.0544
346	79.5354	126.697	217.861	21.9576
347	79.5354	126.633	217.147	22.3747
348	79.5354	126.463	207.314	22.5935
349	79.5354	126.303	211.297	22.8018
350	79.5354	126.293	205.752	22.5098
351	79.5354	126.203	199.324	22.1241
352	79.5354	126.147	197.325	21.7823
353	79.5354	126.012	196.715	21.7103
354	79.5354	125.864	196.715	21.7659
355	79.5354	125.818	188.53 	21.6687
356	79.5354	125.75 	197.215	22.0677
357	79.5338	125.674	197.215	21.4289
358	79.5338	125.602	201.058	21.7945
359	79.5338	125.592	193.987	21.7364
360	79.5338	125.505	194.115	21.8431
361	79.5338	125.451	194.115	22.0163
362	79.5338	125.393	194.115	21.6308
363	79.5338	125.415	194.115	21.6634
364	79.5338	125.379	193.354	21.5185
365	79.5338	125.313	193.354	21.4983
366	79.5338	125.294	191.289	21.6926
367	79.5338	125.292	191.192	21.8388
368	79.5338	125.25 	195.507	21.6661
369	79.5338	125.193	205.919	21.6918
370	79.5338	125.067	205.576	21.7   
371	79.5338	124.968	196.529	21.6593
372	79.5338	124.923	196.529	21.8663
373	79.5338	124.863	196.529	21.823 
374	79.5338	124.851	202.989	21.7758
375	79.5338	124.811	194.839	21.6514
376	79.5338	124.74 	213.686	21.5172
377	79.5338	124.655	213.686	21.326 
378	79.5338	124.529	213.686	21.1723
379	79.5338	124.464	207.099	21.1672
380	79.5338	124.446	204.165	20.9361
381	79.5338	124.369	204.165	20.9453
382	79.5338	124.287	195.17 	21.1095
383	79.5338	124.325	195.17 	21.0688
384	79.5338	124.354	190.587	20.8   
385	79.5338	124.237	193.98 	20.8394
386	79.5338	124.207	189.332	21.0768
387	79.5338	124.115	197.589	21.1718
388	79.5338	123.996	189.015	21.3017
389	79.5338	123.912	187.616	21.2684
390	79.5338	124.008	195.571	21.4532
391	79.5338	123.899	192.278	21.4759
392	79.5338	123.773	195.228	21.4453
393	79.5338	123.886	192.278	21.6639
394	79.5338	123.858	188.235	21.471 
395	79.5338	123.763	205.549	21.2395
396	79.5338	123.704	205.549	21.5476
397	79.5338	123.577	201.956	21.4401
398	79.5338	123.499	201.956	21.3439
399	79.5338	123.459	198.978	21.1211
400	79.5338	123.523	188.694	21.2862
401	79.5338	123.436	201.45 	21.5662
402	79.5338	123.461	201.052	21.939 
403	79.5338	123.429	203.557	21.5152
404	79.5338	123.295	197.231	21.1524
405	79.5338	123.246	204.043	20.9317
406	79.5338	123.162	204.043	20.8691
407	79.5338	123.088	206.599	21.5591
408	79.5338	123.047	197.012	21.1562
409	79.5338	122.931	218.113	21.2335
410	79.5338	122.816	218.113	21.4888
411	79.5338	122.701	190.76 	21.3297
412	79.5338	122.602	190.529	21.1362
413	79.5338	122.548	186.474	21.1117
414	79.5338	122.398	189.783	21.429 
415	79.5338	122.369	189.783	20.5968
416	79.5338	122.222	208.817	20.6304
417	79.5338	122.122	182.628	20.3239
418	79.5338	122.152	183.461	20.2616
419	79.5338	122.126	184.965	20.2913
420	79.5338	122.088	183.099	20.4292
421	79.5338	121.979	188.204	20.5027
422	79.5338	121.884	199.527	20.4212
423	79.5338	121.889	199.527	20.5281
424	79.5338	121.776	198.21 	20.4324
425	79.5338	121.721	192.429	20.3568
426	79.5338	121.664	189.661	20.1964
427	79.5338	121.565	188.027	19.8226
428	79.5338	121.551	187.163	19.8204
429	79.5338	121.556	185.508	19.9831
430	79.5338	121.593	193.416	20.3564
431	79.5338	121.563	193.416	20.5278
432	79.5338	121.605	192.878	20.3176
433	79.5338	121.608	192.878	20.0719
434	79.5338	121.559	189.648	20.1532
435	79.5338	121.546	186.753	20.625 
436	79.5338	121.533	192.432	20.3895
437	79.5338	121.571	212.734	20.862 
438	79.5338	121.51 	194.306	21.0569
439	79.5338	121.358	193.591	20.7213
440	79.5338	121.363	193.591	20.4245
441	79.5338	121.312	199.102	20.2763
442	79.5338	121.257	198.891	20.0029
443	79.5338	121.258	195.65 	19.9226
444	79.5338	121.203	189.353	19.834 
445	79.5338	121.134	188.027	19.8787
446	79.5338	121.057	185.627	19.948 
447	79.5338	120.995	185.627	19.9093
448	79.5338	120.881	205.875	20.0575
449	79.5338	120.846	185.656	20.0899
450	79.5338	120.81 	185.656	20.185 
451	79.5338	120.799	195.332	20.0718
452	79.5338	120.739	191.796	19.8884
453	79.5338	120.625	196.085	20.0882
454	79.532 	120.609	194.599	19.9699
455	79.532 	120.505	187.635	20.1573
456	79.532 	120.509	194.33 	20.3915
457	79.532 	120.4  	186.422	20.1889
458	79.532 	120.378	188.377	19.9099
459	79.532 	120.36 	187.749	19.6607
460	79.532 	120.346	187.749	19.9071
461	79.532 	120.359	192.671	19.7639
462	79.532 	120.4  	187.34 	20.0659
463	79.532 	120.373	182.391	20.1422
464	79.532 	120.282	182.391	20.1451
465	79.532 	120.316	182.458	20.4326
466	79.532 	120.233	181.844	19.7077
467	79.532 	120.27 	192.305	20.0072
468	79.532 	120.234	191.39 	19.7474
469	79.532 	120.203	183.694	19.5106
470	79.532 	120.119	188.823	19.4504
471	79.532 	120.009	191.824	19.4511
472	79.532 	119.955	189.104	19.702 
473	79.532 	119.958	188.154	19.985 
474	79.532 	119.875	197.018	20.2711
475	79.532 	119.784	197.018	20.1467
476	79.532 	119.762	195.996	20.1352
477	79.532 	119.733	193.487	20.5072
478	79.532 	119.689	188.568	20.4074
479	79.532 	119.751	188.568	20.2322
480	79.532 	119.695	188.55 	20.0038
481	79.532 	119.672	186.953	19.9094
482	79.532 	119.601	186.955	19.7181
483	79.532 	119.614	186.955	19.5424
484	79.532 	119.574	184.762	19.5538
485	79.532 	119.574	184.762	19.3885
486	79.532 	119.427	182.704	19.3988
487	79.532 	119.48 	182.619	19.5064
488	79.532 	119.479	180.884	19.4544
489	79.532 	119.511	188.774	19.4805
490	79.532 	119.424	197.288	20.0911
491	79.532 	119.363	190.717	20.1865
492	79.532 	119.25 	186.189	19.9215
493	79.532 	119.202	185.276	19.7211
494	79.532 	119.156	187.414	19.5268
495	79.532 	119.052	192.44 	19.6592
496	79.532 	118.994	191.206	19.4786
497	79.532 	118.945	188.051	19.5807
498	79.532 	118.871	188.165	19.1741
499	79.532 	118.836	184.851	19.2738
79.48000001
