/usr/lib/python2.7/site-packages/deap/tools/_hypervolume/pyhv.py:33: ImportWarning: Falling back to the python version of hypervolume module. Expect this to be very slow.
  "module. Expect this to be very slow.", ImportWarning)
gen	min    	avg    	max   	std    
0  	719.188	69933.5	248464	48555.2
1  	719.188	69924.1	250883	48285.7
2  	719.188	70086.4	250883	48191.9
3  	-55.838	69887.6	279728	49355.3
4  	-85.6641	69566.1	248812	49148  
5  	-325.619	69284.4	245678	48406.1
6  	-325.619	68924.6	245678	48163.9
7  	-325.619	68614.8	235713	49207.9
8  	-371.91 	68090.1	230842	47975.7
9  	-371.91 	68029.1	246720	48949.5
10 	-371.91 	67736.3	244964	47854.4
11 	-371.91 	67517.4	288923	48269.2
12 	-417.68 	67071.4	250878	47904  
13 	-417.68 	67017  	243324	48096.9
14 	-417.68 	66547.6	236151	47610.1
15 	-417.68 	66429.1	239790	47332.6
16 	-538.351	66752.8	237619	47453.8
17 	-538.351	66824.7	237575	48078.9
18 	-538.351	67316.7	238581	49491.5
19 	-538.562	67018.4	244205	48515.3
20 	-538.562	66464.7	241251	47032.3
21 	-538.756	66726.3	241323	48434.4
22 	-538.756	66415.4	247103	49274.7
23 	-538.756	66476.4	238002	49417.9
24 	-538.756	66102.5	238416	49332.1
25 	-538.756	65857.8	248975	49765.3
26 	-538.756	65601.6	248975	49677.1
27 	-538.756	65302.1	251452	48050.7
28 	-539.003	65301  	251432	48774.8
29 	-539.029	65031.7	251432	48126.1
30 	-542.229	64880.3	237403	47516.7
31 	-542.229	64943.1	229227	47006.7
32 	-542.553	64949.1	222772	47534.2
33 	-542.553	64525.6	246192	47998.3
34 	-542.553	64652.3	255988	48597.9
35 	-542.553	63893.5	255988	47287.1
36 	-542.553	63534.3	238852	47172  
37 	-542.553	63048.6	249033	47175.7
38 	-542.772	62774.7	255025	47184.4
39 	-542.772	62908.1	239758	46295.7
40 	-542.772	62913.3	239758	46952.8
41 	-542.772	62740.3	311961	46983.1
42 	-542.772	62861.3	265669	47343.8
43 	-542.772	62262.8	226389	46895.7
44 	-542.772	61691.2	216123	44984.9
45 	-542.772	61699.1	247995	46056.5
46 	-542.772	61636.6	245031	46148.8
47 	-542.772	61220.9	227202	45516.8
48 	-542.772	61118  	238796	45914.8
49 	-542.772	61372  	220583	45724.4
50 	-542.812	61447.5	212947	44992.7
51 	-542.812	61221.6	261516	45459.4
52 	-542.812	60563.2	212354	44655.6
53 	-542.812	60644.3	229620	45618  
54 	-542.812	60341.5	216098	45156.5
55 	-542.812	60002  	225879	45437.5
56 	-542.812	59714.4	289151	46255.6
57 	-542.812	59508.7	258610	45579.6
58 	-542.812	59496.5	251031	45941.8
59 	-542.812	59192.6	232683	45376.8
60 	-542.812	59372.1	233945	45780.5
61 	-542.812	59119.9	221445	45286.2
62 	-542.812	58705.6	218305	44192  
63 	-542.812	58597.9	235992	44182.4
64 	-542.812	58622.8	309765	46167.1
65 	-542.812	58479.7	259774	45256.7
66 	-542.902	58378.9	264737	45290.7
67 	-542.902	57682.2	236428	42753.3
68 	-542.902	57824.2	263271	43427.1
69 	-542.902	57748  	227438	43757  
70 	-542.902	57597.9	232685	43831.3
71 	-542.902	56940.7	223139	42987.7
72 	-542.902	56555.4	216926	42232.2
73 	-542.902	56375.1	216926	42750.8
74 	-542.902	56305.3	215256	42844.4
75 	-542.902	56364.5	215256	43878.3
76 	-542.902	56066.9	222062	43503.2
77 	-542.902	56292.1	216487	43305.2
78 	-542.902	56156  	216487	42649.4
79 	-542.902	56098.1	230427	42631.2
80 	-542.902	55805.1	219110	42014.8
81 	-542.902	55556.6	211968	41100.9
82 	-542.902	55458.7	209191	42483.1
83 	-542.902	55434  	204241	42721  
84 	-542.902	55274.1	204241	42469.5
85 	-542.902	54944.9	229304	41321.8
86 	-542.902	55173.6	200599	41313.5
87 	-543.384	54928.7	209046	42018.3
88 	-543.384	54566.1	206154	41729.6
89 	-543.384	54182.3	205227	41643.8
90 	-543.51 	53775.4	204068	40773.9
91 	-543.51 	53851.9	193931	40256.9
92 	-543.51 	53802.3	186164	40600.4
93 	-543.51 	53760.7	222018	41015  
94 	-543.51 	53236.6	201294	40061.1
95 	-543.51 	52816.1	222882	39705.6
96 	-543.51 	52994.7	212664	39811.6
97 	-543.51 	53399.6	224437	40724.2
98 	-543.51 	53295.1	199839	39571.7
99 	-543.51 	52822.9	198642	38957.1
100	-543.51 	52690.8	213161	39554.2
101	-543.51 	52567.6	213887	38950.6
102	-543.51 	52448.2	211140	38588.5
103	-543.51 	52690.6	193266	39290.8
104	-543.51 	52367.8	193266	38371.2
105	-543.51 	52023.1	192231	37328.8
106	-543.51 	51761.3	196078	37466.4
107	-543.732	52431.1	185809	38011.3
108	-543.732	52168.2	180397	37742.4
109	-543.732	52101.3	211700	37868.7
110	-543.78 	51900.7	195897	36863.7
111	-543.78 	51685.4	192471	36698.6
112	-543.78 	51630.4	192471	37205  
113	-543.78 	51364  	212907	37518.6
114	-543.78 	51380.9	212816	39557  
115	-543.78 	51670.2	215591	39975  
116	-543.78 	51915.3	215830	40902.7
117	-543.78 	51283.6	203331	38843.2
118	-543.78 	51077.9	210178	38941.9
119	-543.78 	51372  	191380	39390  
120	-543.78 	51336.6	199721	38999.6
121	-543.78 	51381  	194987	39325  
122	-543.78 	51355.3	191300	38687.7
123	-543.78 	50954  	191300	38546.9
124	-543.78 	50406.3	209622	37702.1
125	-543.78 	50569.4	200601	38592.7
126	-543.78 	50433.5	181984	37672.7
127	-543.78 	50481.4	215943	38479.8
128	-543.78 	50249.9	184976	37840.9
129	-543.78 	49729.4	183705	37619.9
130	-543.78 	49514.7	215782	37052.4
131	-543.78 	49546.5	224161	37651.2
132	-543.78 	49524.8	224176	38299.6
133	-543.78 	49642.3	219263	39456.5
134	-543.78 	49114.8	198957	38902.2
135	-543.78 	48615.7	189361	38550  
136	-543.78 	48165.4	189174	37801.7
137	-543.78 	48054.4	191833	37431.6
138	-543.78 	47770.2	191833	37058.3
139	-543.78 	47576.7	189093	36809.3
140	-543.78 	47223.6	196734	36495.2
141	-543.78 	47577.4	200309	36863.9
142	-543.78 	47445.1	196493	35936.9
143	-543.78 	47148.4	176755	35436  
144	-543.78 	47021.5	176755	34642.9
145	-543.78 	46575.5	210055	35029.7
146	-543.78 	46325  	210055	35249.1
147	-543.78 	46662.1	210055	34996.8
148	-543.78 	46421.3	184520	35444.7
149	-543.78 	46042.3	180984	34794.6
150	-543.78 	45907.7	166364	34548.3
151	-543.78 	46055.2	165457	34974.3
152	-543.78 	45648.7	166106	35069.9
153	-543.78 	45571.9	187798	35430.4
154	-543.78 	45324.1	191178	35104.6
155	-543.78 	44898.6	188095	34317.7
156	-543.905	44758  	188652	33756.4
157	-543.905	44736.3	189309	34293.1
158	-543.905	44659.2	186312	34835.6
159	-543.905	44554  	186312	34716.6
160	-543.905	44452  	204672	34442.1
161	-544.466	44154.7	195039	34267.8
162	-544.466	44281.4	168569	33591.1
163	-544.466	44275.8	174586	33500.2
164	-544.466	44441.4	174586	34209.2
165	-544.466	44630.9	175236	34394.6
166	-544.466	44700.5	193770	34986.6
167	-544.466	44454.5	185285	34651.3
168	-544.466	44106.3	186556	34455.9
169	-544.466	43867.9	186556	34152.1
170	-544.466	44333.2	179857	35510.8
171	-544.466	44024.9	189922	35383  
172	-544.466	43863.9	197284	35567  
173	-544.466	43650  	201709	35013.7
174	-544.466	43199.1	193360	34493.5
175	-544.506	43040.9	190710	34638.8
176	-544.506	42688.6	189574	34347.8
177	-544.506	43066  	189574	34736  
178	-544.506	42790.4	166159	33584.3
179	-544.506	42423.6	165802	33382  
180	-544.506	42420.1	173728	33458.9
181	-544.506	42287.7	173728	33037.9
182	-544.506	41796.1	194283	31948.7
183	-544.506	41632.8	175970	31424.4
184	-544.506	41850.4	180066	32110.4
185	-544.506	41564.8	176805	31232.9
186	-544.506	41660.7	174647	31640.4
187	-544.506	41769.8	174626	32087.8
188	-544.506	41697  	166546	32328.8
189	-544.506	41764.4	162247	31878.6
190	-544.506	41752  	189695	32441.7
191	-544.506	41554.6	187201	31878.7
192	-544.506	41490.4	172333	31824.9
193	-544.506	41341  	172333	32148.2
194	-544.506	40941.7	181786	32287.4
195	-544.506	40581.2	173653	32066.3
196	-544.506	40437.4	168099	31862.7
197	-544.506	40504.1	171308	31777.4
198	-544.508	40723.4	164545	31638  
199	-544.508	40563.2	164790	31300.9
200	-544.508	40543.6	162126	31044.4
201	-544.508	40025.2	152719	29998.5
202	-544.508	40178.6	176124	31104.8
203	-544.508	39762.6	165711	30465.9
204	-544.508	39495.8	165711	30362.1
205	-544.508	39498.3	170132	30822.5
206	-544.508	39365.1	168022	30253  
207	-544.508	39681.7	168022	30679.9
208	-544.508	39488  	159348	30357.5
209	-544.508	39233.6	178748	30168.4
210	-544.508	39160.7	175441	30493.2
211	-544.508	38829.4	169760	29635.3
212	-544.508	38650.9	189056	30575.9
213	-544.508	38498.8	174520	30269.4
214	-544.508	38656.1	187554	30250.6
215	-544.508	38939  	152516	30397.5
216	-544.508	38625  	150830	29752.8
217	-544.508	38074.9	150288	29077.3
218	-544.508	38245  	142242	29763.9
219	-544.508	38218.7	142242	29918.1
220	-544.508	38072.3	171843	29830.5
221	-544.508	38023.5	151666	29464.9
222	-544.508	38011.6	139661	29115.1
223	-544.508	37996.7	189573	29299.9
224	-544.508	37938.2	163970	29333.8
225	-544.508	38128.8	156131	29648.8
226	-544.508	38157.8	150126	29395.2
227	-544.508	38024.3	161906	29549.8
228	-544.508	38369.7	159458	30035.9
229	-544.508	38019.8	159579	30467.2
230	-544.508	37879.3	156686	30217.9
231	-544.508	37982.5	156686	30201.8
232	-544.508	37959.7	161656	30516.2
233	-544.508	37655.6	161055	29712.8
234	-544.508	37284.4	159348	28977.1
235	-544.508	37421.2	157377	28780  
236	-544.508	37578  	148290	28944.5
237	-544.508	37559.6	159401	29093.8
238	-544.508	37304.7	171592	28629.8
239	-544.508	37371.2	167614	28650.6
240	-544.508	37232.8	163624	28113.5
241	-544.508	37159.3	154184	28353.6
242	-544.508	37524.7	173714	28562.4
243	-544.508	37397.8	164153	28504.6
244	-544.508	37284.8	169613	28889.4
245	-544.508	37232.8	163975	28540.2
246	-544.508	37015.9	154190	28626.3
247	-544.508	36921.7	181390	28857.8
248	-544.508	36646.1	181390	28999.7
249	-544.508	36177.1	159448	28089.3
250	-544.508	36347.4	166263	28668.4
251	-544.508	36388.1	157958	28365  
252	-544.508	36816.8	157958	28520.2
253	-544.508	36785.1	149433	28641.5
254	-544.508	36718.9	151510	29121.3
255	-544.508	36535.6	152880	29104.6
256	-544.532	36219  	145865	28751.4
257	-544.532	36352.3	170262	28972.1
258	-544.532	36053.2	167679	28529.9
259	-544.532	35652.2	165448	28049.9
260	-544.532	35731.6	147359	28012  
261	-544.532	35438.2	147363	27771.4
262	-544.532	35518.1	135419	27797.5
263	-544.532	35474  	135419	28205.1
264	-544.532	35426  	134731	28417.9
265	-544.532	35262.8	151977	28239.7
266	-544.532	35391.5	135645	28274.2
267	-544.532	35393.5	189739	28418.7
268	-544.532	35360.4	163420	28056.5
269	-544.532	35175.5	163420	27540.5
270	-544.532	35162  	163420	27691.9
271	-544.532	34625.3	163420	27402.3
272	-544.532	34907.5	147155	27611.7
273	-544.532	34626.8	138540	26790.7
274	-544.532	34439.8	152106	26950  
275	-544.532	34385.6	157231	27981.5
276	-544.532	34603.5	152106	26994.9
277	-544.532	34483  	149023	26312.3
278	-544.532	34053.1	137667	25783.6
279	-544.532	34273.2	129551	26180  
280	-544.532	34567.5	160730	26666.4
281	-544.532	34245.4	135276	26220.6
282	-544.532	33772.6	139965	25642.2
283	-544.532	33667.9	133597	25758  
284	-544.532	33594.7	120330	25598.6
285	-544.532	33645.4	126444	26038.2
286	-544.532	33615.5	134710	26006.6
287	-544.532	33701.5	147815	26692.1
288	-544.532	33874.8	139517	26147.2
289	-544.532	33898.5	139872	26767.6
290	-544.532	33933.5	139069	26615.4
291	-544.532	33501.6	139069	26530.6
292	-544.532	33605.6	138741	26759.1
293	-544.532	33880.6	141943	26869.1
294	-544.532	33778.9	147238	26970.2
295	-544.532	33968.8	143460	27054.5
296	-544.532	33983.8	154006	27188.9
297	-544.532	34169.6	135508	27049.3
298	-544.532	33915.5	135508	27409.3
299	-544.532	33712.5	135381	26823.3
300	-544.532	33816.7	142552	27204  
301	-544.532	33693.8	153374	27656.5
302	-544.532	33616.1	156861	27613  
303	-544.532	33678.1	153374	28556.6
304	-544.532	33572.6	160606	28604.1
305	-544.532	33576.3	149272	27393.4
306	-544.532	33407.3	147507	26800.3
307	-544.532	33382.9	156158	27199.6
308	-544.532	32850.4	145153	26216.7
309	-544.532	32916.4	136482	26209.1
310	-544.532	33075.7	135735	26600.5
311	-544.532	33241.4	139931	26699.1
312	-544.532	32966  	136804	26292.7
313	-544.532	32865.8	173624	26170  
314	-544.532	32987.7	142088	26041  
315	-544.532	33105  	141335	26261.5
316	-544.532	32968.8	141335	25829.4
317	-544.532	32862.7	141136	25989  
318	-544.532	32625.3	142681	26239.8
319	-544.532	32654.9	133132	25487.9
320	-544.532	32245.7	132781	24972.5
321	-544.532	32012.3	125903	24553.5
322	-544.532	32140.2	125903	24498.2
323	-544.532	32181.2	125903	24643.2
324	-544.532	32123  	133008	24991.1
325	-544.532	32049.2	135900	24875.7
326	-544.532	31587.7	133329	24769.3
327	-544.532	31931.9	133329	24733.2
328	-544.532	32095.6	136871	25289.8
329	-544.532	32298  	136662	25460.6
330	-544.532	32215.9	132573	25699.3
331	-544.532	31911.6	125632	24817.1
332	-544.532	31904.5	133614	25348.8
333	-544.532	31753.9	133614	24862.2
334	-544.532	31608  	176409	25170.6
335	-544.532	31471  	164546	25606  
336	-544.532	31596.1	151663	25190.7
337	-544.532	32003.3	147547	25450.4
338	-544.532	31746.1	147547	25285.6
339	-544.532	31539.5	147485	25390.8
340	-544.532	31622.5	138483	25618.5
341	-544.532	31605.5	132119	25590.4
342	-544.532	31741.4	126285	25754.8
343	-544.532	31444  	142606	26342  
344	-544.532	31720.2	144369	26028  
345	-544.532	31302.8	162731	25828  
346	-544.532	31210.8	151955	24673.2
347	-544.532	31059.8	144670	24466.5
348	-544.532	31007.9	136290	23952.6
349	-544.532	30963.1	136248	24197.8
350	-544.532	30920.7	127811	24365.2
351	-544.532	30758.3	136305	24231.1
352	-544.599	30775.5	125181	24573.6
353	-544.599	30836.5	126234	24844.5
354	-544.599	30904.7	117720	24908.4
355	-544.599	30917.4	120609	24841.7
356	-544.599	30846.2	120762	24796.5
357	-544.599	30864.4	126625	24931.5
358	-544.599	31085.5	117709	24740.8
359	-544.599	30997  	117709	24479.6
360	-544.599	30974  	117179	24151.4
361	-544.599	30902.9	133210	24552.7
362	-544.599	31015.2	143693	25312.6
363	-544.599	30793.9	141460	24845.6
364	-544.599	30633.1	132154	25443.5
365	-544.599	30411.2	131292	24795.4
366	-544.599	30264.7	128087	24092.3
367	-544.599	29862.8	118509	23485.9
368	-544.599	29892.4	115048	23041.5
369	-544.599	29767.7	121194	23698.3
370	-544.599	29407.3	116326	22484.4
371	-544.599	29705.7	126197	23211.2
372	-544.599	29703.4	120467	22700.4
373	-544.599	29535  	110383	22746.3
374	-544.599	29601.4	114155	22776  
375	-544.599	29639.4	112146	22777.2
376	-544.599	29655.2	112146	22590.3
377	-544.696	29709.2	112146	23077.4
378	-544.696	29633.8	119856	22709.9
379	-544.725	29712.3	119856	22531.1
380	-544.725	29533.8	112588	22008.7
381	-544.725	29259.2	138965	22424.9
382	-544.725	29405.3	132815	23219.9
383	-544.725	29129.8	132815	22538.8
384	-544.725	29233.1	134472	22477.5
385	-544.725	28921.6	134472	22142.2
386	-544.725	28974.4	124956	22715.7
387	-544.725	28593.9	115350	22185.3
388	-544.725	28345.9	107612	21968.1
389	-544.725	28700.3	111284	22372.8
390	-544.725	28644.4	111284	22173.8
391	-544.782	28919.5	111284	22330.2
392	-544.782	28714  	126090	22601.8
393	-544.782	28652.4	110960	22561.3
394	-544.782	28351.5	109497	22464.6
395	-544.782	28470.3	121321	22818.4
396	-544.782	28604.8	119976	22551  
397	-544.782	28740.5	119976	22277.8
398	-544.782	28449.6	106455	21705.9
399	-544.782	28763.1	134146	21915  
400	-544.782	28658.5	131084	22000.6
401	-544.782	28606.3	122707	22520.6
402	-544.782	28248.2	126387	21543  
403	-544.782	27912.2	126387	21457.9
404	-544.782	27801.3	126387	21766.7
405	-544.782	27858.9	132303	21797.7
406	-544.782	28065.4	141203	21821.7
407	-544.782	28140.2	120793	21851.2
408	-544.782	28022.1	117262	21240.6
409	-544.782	28232.8	117690	21681.2
410	-544.782	27846.4	117690	21424.7
411	-544.782	27910.9	117690	21231.8
412	-544.782	27968.6	111481	21565.7
413	-544.782	28015.4	109746	21805.1
414	-544.782	27843.7	141893	22435.1
415	-544.782	27379.7	130805	21737.2
416	-544.782	27348.2	130805	21549.8
417	-544.782	27240.3	133483	21440.6
418	-544.782	27294.3	123489	21715.4
419	-544.782	27301.7	114591	22085.1
420	-544.782	27532.7	126613	22490.1
421	-544.782	27286.7	123259	22396.9
422	-544.782	27235.8	132702	22018.4
423	-544.782	27407.3	123776	22073.8
424	-544.782	27426.8	118657	22236.3
425	-544.782	27365.9	128067	22475  
426	-544.782	27561.9	120948	22373.4
427	-544.782	27569.9	121377	22035.9
428	-544.782	27275.7	114436	22006.2
429	-544.782	27371.3	119647	21783.4
430	-544.782	27184.7	115209	21138.5
431	-544.782	27087.2	105244	20679.6
432	-544.782	26892.2	105244	20924.9
433	-544.782	26915.3	104422	20637  
434	-544.782	26891.8	101017	20508.9
435	-544.782	26663.8	101017	20138.6
436	-544.782	26793.7	101017	20160.2
437	-544.782	26829  	101017	20848  
438	-544.782	26957  	100557	20495.3
439	-544.782	26765.4	108068	20375.4
440	-544.782	26707  	132229	20560  
441	-544.782	26769.4	132229	21500.9
442	-544.782	26617.6	125438	21171.1
443	-544.782	26832.7	125438	21105.4
444	-544.782	26525.6	118261	20936  
445	-544.782	26554.9	121029	21013.5
446	-544.782	26512.7	114381	21127.8
447	-544.782	26655.8	113295	21224.4
448	-544.782	26497.5	113571	20993.8
449	-544.782	26409.8	116261	21458.5
450	-544.782	26235.4	113613	21411.7
451	-544.782	26381.4	127885	22051.7
452	-544.782	26304.4	118229	21652.4
453	-544.782	25995.8	113613	21210.7
454	-544.782	26235.6	126623	22154.2
455	-544.782	25864.6	126623	21953.4
456	-544.782	25693.4	126735	21945.4
457	-544.782	25603.5	118298	21316.2
458	-544.782	25655.8	105332	21361  
459	-544.782	25580.6	114618	20842.9
460	-544.782	25606.2	110855	20540.8
461	-544.782	25889.5	110855	20303.9
462	-544.782	25641.7	106079	20449.7
463	-544.782	25882.9	106079	20638.3
464	-544.782	25872.1	126225	20489.4
465	-544.782	25864.6	126770	20953.8
466	-544.782	25630  	120235	20599.3
467	-544.782	25604.9	111719	20373.4
468	-544.782	25684.6	115038	20552.8
469	-544.782	25613.8	115038	20154.5
470	-544.782	25739.9	108625	20438.5
471	-544.782	25619.8	102868	19771.7
472	-544.782	25388.8	119415	19607.2
473	-544.782	25146.9	119415	19693.6
474	-544.782	25380.8	119415	20091.5
475	-544.782	25462  	110878	20161.9
476	-544.782	25253.7	122818	20145  
477	-544.782	25366.9	116709	19822.6
478	-544.782	25218  	122043	20253.6
479	-544.782	25171.9	122043	20269.7
480	-544.782	25344.1	121799	20798.5
481	-544.782	25107.7	112962	20152.2
482	-544.782	25305.3	128744	20445.7
483	-544.782	25382.3	109023	20741.8
484	-544.782	25088.7	106946	20134.5
485	-544.782	25083.1	106924	20071.6
486	-544.782	25036.6	106924	19901.5
487	-544.782	24864.9	110959	19740.6
488	-544.782	24609.8	113886	19641  
489	-544.782	24529.2	112234	19962.5
490	-544.782	24367  	112178	19837.4
491	-544.782	24363.7	108475	19766.8
492	-544.782	24500.3	108213	20210.9
493	-544.782	24465.1	100700	20105.7
494	-544.782	24454.7	100700	20378.3
495	-544.782	24424.9	100500	20076.9
496	-544.782	24242.2	100500	19419.2
497	-544.786	24228.3	96177.9	19364.3
498	-544.786	24351  	106384 	20010.2
499	-544.786	24350.3	106384 	19884  
-546.49999999
