/usr/lib/python2.7/site-packages/deap/tools/_hypervolume/pyhv.py:33: ImportWarning: Falling back to the python version of hypervolume module. Expect this to be very slow.
  "module. Expect this to be very slow.", ImportWarning)
gen	min     	avg    	max   	std    
0  	-205.143	70981.8	251810	51733.4
1  	-291.18 	70815  	248711	50411.7
2  	-415.663	70345.6	256572	50296.9
3  	-415.663	69985.8	244486	49307.2
4  	-415.663	69545.4	280472	49065.1
5  	-415.663	69382.6	281277	49213.2
6  	-415.663	69142.1	281277	50160.4
7  	-415.663	69065.3	277686	50453.1
8  	-415.663	69012.9	271711	50438.7
9  	-415.663	68829.9	281514	51051.2
10 	-526.341	68792.8	262039	51732  
11 	-526.341	68540.6	260786	52333.4
12 	-541.576	68297.5	260785	51044.5
13 	-541.576	68229.8	269873	50901.8
14 	-541.576	67738.5	260771	50398.9
15 	-541.699	67871.5	234000	50084  
16 	-541.699	67591  	234888	49413  
17 	-541.699	67635.2	250981	50544.2
18 	-541.923	67771.9	251603	50018.2
19 	-541.923	67758.4	240650	49730.9
20 	-542.478	67501.9	236953	49650.7
21 	-542.478	67885  	268419	51178.8
22 	-542.478	67400.9	239072	49862.3
23 	-542.86 	67164.7	232380	49810.1
24 	-542.86 	66692.4	231654	48086.6
25 	-542.86 	66806.8	231654	48270.4
26 	-542.86 	66663.8	257388	49411.6
27 	-542.86 	66567.8	266905	49880.6
28 	-542.86 	65983.5	257611	49430.4
29 	-542.86 	65760.8	277833	49548.1
30 	-542.86 	65564.1	280994	50533.1
31 	-542.86 	65299.4	274095	49208.3
32 	-542.86 	65467.3	286869	49159  
33 	-542.86 	65139.8	286869	47974  
34 	-542.986	64334.8	246775	47428  
35 	-542.986	63824.4	245239	46809.9
36 	-542.986	63954.6	244073	46600.9
37 	-542.986	64175.5	244073	47050.1
38 	-543.079	64238.9	241721	48285.3
39 	-543.079	64557  	230209	48881.8
40 	-543.079	64297.8	251567	48383.6
41 	-543.086	63930.1	243311	47951  
42 	-543.086	63845.4	234147	48046.7
43 	-543.086	63508.2	286838	47707.6
44 	-543.086	62571.5	286838	46722.3
45 	-543.086	62316.7	247583	46954.3
46 	-543.086	61657  	237195	45403  
47 	-543.086	61563.3	237195	45467.2
48 	-543.086	61477  	231439	45710.9
49 	-543.086	61156.5	231439	45549.2
50 	-543.086	60947.5	239413	46606.7
51 	-543.086	61166.2	234566	45846.9
52 	-543.086	60857.3	230246	46024.1
53 	-543.086	60599.4	266367	46417.5
54 	-543.199	60802.6	290690	47498.8
55 	-543.199	60836.6	240546	47524.8
56 	-543.199	60298.5	273098	47191.7
57 	-543.199	60128.5	257922	46506.8
58 	-543.199	60088.6	257922	46849.5
59 	-543.314	59795  	232178	45351.9
60 	-543.314	59941.7	232178	45222.8
61 	-543.314	59548.9	221278	44616.6
62 	-543.314	59253.2	220934	44407.8
63 	-543.314	59081.1	220496	44546.5
64 	-543.314	58923.5	221579	43682.5
65 	-543.314	58468.2	221025	43012.1
66 	-543.314	58593.3	210085	44164.7
67 	-543.314	58373  	217975	43676.2
68 	-543.466	57881.8	233397	43455.7
69 	-543.466	58117  	229046	43729.2
70 	-543.466	57968  	211068	43424.9
71 	-543.473	57410.8	211068	42774.8
72 	-543.473	57290.9	209509	42652.6
73 	-543.473	56974.2	208113	42414.4
74 	-543.473	56841.1	208848	42359.4
75 	-543.473	56796.8	208457	42748  
76 	-543.473	56400.5	218887	42226.5
77 	-543.575	56351  	225543	43670.1
78 	-543.575	56392.5	219390	43465.1
79 	-543.575	56370.2	245362	43916.2
80 	-543.575	56113.6	257541	43548.9
81 	-543.575	55916.3	240275	43635.4
82 	-543.575	55584.3	241349	41607  
83 	-543.575	55479.6	247079	41101.7
84 	-543.575	55407.6	247079	41698.8
85 	-543.575	55221.2	247079	42055.1
86 	-543.575	55112.9	234021	41578.8
87 	-543.575	55270.7	232924	42558.7
88 	-543.575	55205  	236166	42006.2
89 	-543.575	54932.8	233419	41013.9
90 	-543.575	54744.4	223318	39534  
91 	-543.575	54612  	220632	40665.2
92 	-543.575	54376.8	247004	41162.6
93 	-543.575	53926.8	214815	40718.9
94 	-543.575	53898.9	210257	40624.2
95 	-543.575	53808.1	210257	40340.7
96 	-543.575	53891.3	210956	41792.8
97 	-543.575	53365.8	232734	40946.4
98 	-543.575	53167.8	212662	39749.6
99 	-543.575	53404.7	230708	40795.7
100	-543.575	52866.5	233632	41185.2
101	-543.575	52787.3	230708	41171.9
102	-543.575	52548.7	226043	41089.1
103	-543.575	52513  	236520	41615.8
104	-543.575	52682.1	228426	41519.3
105	-543.575	53138  	223388	42276.4
106	-543.575	52661.7	223388	41924.2
107	-543.575	52677.8	210556	41432.3
108	-543.575	52622.6	210556	41116.8
109	-543.575	52332.1	210556	41004.3
110	-543.575	51836.1	205634	39607.4
111	-543.575	51312.4	204760	39122.4
112	-543.575	51548.9	247849	39494  
113	-543.575	51491  	212107	39540.6
114	-543.575	51239.7	211338	39731.6
115	-543.992	50936.7	211338	39204.6
116	-543.992	51134.9	197553	39539.4
117	-543.992	50622  	227087	38223.5
118	-543.992	50509  	236171	38839.4
119	-543.992	50440.2	236171	39048.8
120	-543.992	50514.2	220327	38553.6
121	-543.992	50376.3	193076	38769.7
122	-543.992	50333  	226217	39405.9
123	-543.992	49852.4	210494	39541.6
124	-543.992	49536.9	215744	39300.1
125	-543.992	49075  	215138	37705.9
126	-543.992	49143.7	215118	38937.8
127	-543.992	49182.1	227259	40144  
128	-543.992	49366.4	213343	40314.6
129	-543.992	49207.4	233980	40273.9
130	-543.992	48890.1	227813	39501.6
131	-543.992	48548.9	217620	38907.1
132	-543.992	48653  	207573	39248.1
133	-543.992	48353  	227954	38988.6
134	-543.992	48516.8	203825	39418.7
135	-543.992	48377.5	210116	39864.8
136	-543.992	48413.9	210116	39446.9
137	-543.992	48317.5	196854	38764.8
138	-543.992	47957.3	196854	38165.2
139	-543.992	47919  	196854	37962.1
140	-543.992	47814.3	207162	38156.5
141	-543.992	48183.8	210913	38460.9
142	-543.992	48223.3	196498	37969.5
143	-543.992	48709.4	196498	38477.6
144	-543.992	48419.1	203271	38341.8
145	-543.992	48016.6	211991	37266.5
146	-543.992	47627.5	189471	36217.4
147	-543.992	47172.1	226995	36075.6
148	-543.992	46890.2	193573	35895.8
149	-543.992	46840.8	208008	36974  
150	-543.992	46654.2	208740	36173.8
151	-543.992	46928.4	198553	36318.9
152	-543.992	46496.2	190201	36303.3
153	-543.992	46474.8	190201	36382.1
154	-543.992	46256.5	202222	35982.1
155	-543.992	46031.1	219412	36240.3
156	-543.992	45796.8	218358	36647.1
157	-543.992	45270  	208901	35547  
158	-543.992	45436.1	176979	35937.5
159	-544.286	45478  	201159	35789.2
160	-544.286	45449.4	176815	35244.9
161	-544.286	45322.5	172708	35382.6
162	-544.541	45072.2	172708	35052.6
163	-544.541	45258.3	170390	34921.2
164	-544.541	44889.6	191210	34800.7
165	-544.541	45254.3	205174	35867.1
166	-544.541	44957  	197448	35364.8
167	-544.541	44791.5	197448	35627.3
168	-544.541	44645.9	183495	34532.6
169	-544.541	44684.3	183495	34851.3
170	-544.541	44748.3	177303	34436.2
171	-544.541	44693  	176366	34307.2
172	-544.541	44594  	169079	33788.3
173	-544.541	44519.9	169079	33964.9
174	-544.541	44338.4	163932	33531.7
175	-544.541	44691.6	163932	33492.5
176	-544.541	44721.2	159875	33046.7
177	-544.541	44581.6	225209	34176.1
178	-544.541	44070.8	225209	34515.7
179	-544.541	43611.6	191219	34495.6
180	-544.541	43783.6	193337	35454.3
181	-544.541	43601.9	193337	34883.7
182	-544.541	43339.1	186388	33647  
183	-544.541	43600.1	186340	33401.4
184	-544.541	43434.8	186340	33344.7
185	-544.541	43595.6	188431	33987.5
186	-544.541	43467.5	186459	34372.8
187	-544.541	43312.8	197550	33994.9
188	-544.541	42984.4	216676	33701.8
189	-544.541	42822.8	173812	33004.5
190	-544.541	42840.4	171291	33011.5
191	-544.541	42598.8	171999	32979.1
192	-544.541	42556.5	171291	32559.4
193	-544.541	42446.6	153319	32468.7
194	-544.541	42126.5	170848	32274  
195	-544.541	41891.9	170960	32132  
196	-544.541	41785.4	188471	31483  
197	-544.541	41643.7	164541	31105.9
198	-544.541	41550.8	166125	31495.9
199	-544.541	41642.8	226622	32593.9
200	-544.541	41305.9	226622	32632.8
201	-544.541	41261.9	199262	33304.8
202	-544.541	40921.8	178773	32898.2
203	-544.541	40941.7	171017	32480.7
204	-544.541	41223  	171017	33331.8
205	-544.541	41172.6	171017	33282.2
206	-544.541	41389.8	168411	33169.7
207	-544.541	41400.7	168201	33243.9
208	-544.541	41072.6	168028	32670.4
209	-544.541	41103.1	171858	33484.4
210	-544.541	40734  	183820	32894.5
211	-544.541	40751.4	165292	32877.8
212	-544.541	40620.8	160686	32298.4
213	-544.541	40541.1	163874	32463.5
214	-544.584	40770.4	160686	32967.2
215	-544.584	40795.5	167196	33637.6
216	-544.584	40922.1	167196	33455.6
217	-544.584	40552.4	169469	32901.7
218	-544.584	40739.9	164149	33436.9
219	-544.584	40596.3	164149	33543.7
220	-544.584	40474.1	164149	32930.3
221	-544.584	40447.6	165221	32937.6
222	-544.584	40528.4	164149	32741.1
223	-544.584	40385  	170160	32277  
224	-544.584	40120.3	201767	32010.9
225	-544.584	40160.3	185275	32367.3
226	-544.584	39826  	181465	32693  
227	-544.584	39690  	168293	32084.8
228	-544.584	39608  	185121	32257  
229	-544.584	39550.4	171403	31490.6
230	-544.584	39981.1	176693	31987  
231	-544.584	39650.4	188300	32168.6
232	-544.584	39666  	186248	31760.3
233	-544.584	40064.9	186248	31200.6
234	-544.584	39994.3	171550	30812.8
235	-544.584	39699.5	172834	30015.8
236	-544.584	39476.3	172834	30545.4
237	-544.584	39283.8	175806	30776.2
238	-544.584	39126.5	184684	30793.5
239	-544.584	38964.6	171825	30265.1
240	-544.584	38782.1	166805	30134.2
241	-544.584	38948.2	164860	30416.5
242	-544.584	38714.9	164860	30228.8
243	-544.584	38494  	168119	30146  
244	-544.584	38550.8	193165	31198.5
245	-544.584	38176.3	154320	29991  
246	-544.584	38103.5	163232	30859.2
247	-544.584	38083  	175134	30162  
248	-544.584	38116.7	175134	29641.5
249	-544.584	38178.3	175134	29494.5
250	-544.584	37971.5	188803	30459  
251	-544.584	37848.1	181707	30426.8
252	-544.584	37576.4	175833	29604.7
253	-544.701	37601.9	194401	29357.2
254	-544.701	37734.7	140154	29103.5
255	-544.701	37894.5	142203	29566.3
256	-544.701	37810.1	170119	30511.5
257	-544.701	37764.9	156235	30195  
258	-544.701	37290.3	152109	29779.1
259	-544.701	36999.1	152109	29161.3
260	-544.701	37019.6	152109	29260.1
261	-544.701	36767.5	152109	29709.7
262	-544.701	36540.7	152109	29772.7
263	-544.701	36761.4	176957	30817.3
264	-544.701	36885.8	163450	30685  
265	-544.701	36435.6	155611	29771.8
266	-544.701	36385  	155611	29491.8
267	-544.701	36494.1	152653	29321.4
268	-544.701	36262.4	159255	28165  
269	-544.701	36023.9	151181	27982.3
270	-544.701	36112.8	157905	28459.1
271	-544.701	36282.1	156945	28451  
272	-544.701	35853.4	150309	27971.9
273	-544.701	35344.7	144940	27590.2
274	-544.701	35094  	130490	26956.7
275	-544.744	35276.2	135215	26942.2
276	-544.744	35543.3	126491	27206.6
277	-544.744	35253.1	141478	27906.9
278	-544.744	35284.4	133481	27768.1
279	-544.744	35177.1	162919	27228.8
280	-544.945	35071  	137036	26957.4
281	-544.945	35230.6	148424	27650.8
282	-544.945	35518  	195460	28429  
283	-544.945	35134.1	157966	28733.6
284	-544.945	35031.7	157966	28720.5
285	-544.945	35001.3	157888	28540.3
286	-544.945	35194  	159284	28921.5
287	-544.945	35185.4	172795	28919.6
288	-544.945	35057.8	172795	29184.9
289	-544.945	34857.3	159133	28176.4
290	-544.945	34670.2	159133	27637.4
291	-544.945	34238.2	141115	27038.1
292	-544.945	34089.1	141115	27037.7
293	-544.945	34089.5	143474	27201.4
294	-544.964	34266.7	143340	27534.6
295	-544.964	34282.9	142048	27528.5
296	-544.964	34416.2	138807	27174.7
297	-544.964	34086.3	146681	27272.6
298	-544.964	34211.8	158579	27972.2
299	-544.964	34111.3	158579	28111.6
300	-544.964	34041.1	172669	28388.6
301	-544.964	33828.3	168072	27456.3
302	-544.964	33814.6	168036	27456.5
303	-544.964	33474.8	153476	26222.6
304	-544.964	33357.4	155410	26154.3
305	-544.964	33294.7	152646	25945.9
306	-544.964	33199.8	137472	25759.1
307	-544.964	33280.4	127683	25263.8
308	-544.964	33418.5	148275	26135.3
309	-544.964	33545.9	143422	26330.7
310	-544.964	33427.5	147534	26194.1
311	-544.964	33371.4	149618	26275.3
312	-544.964	33310.9	136414	25854.9
313	-544.964	33289.7	136414	26064.3
314	-544.964	33037.4	130401	25641  
315	-544.964	32998.7	130401	25209.3
316	-544.964	32802.2	130401	25358.6
317	-544.964	32638.1	136580	25615.5
318	-544.964	32557.7	133422	25331.3
319	-544.964	32698.4	130401	25433.5
320	-544.964	32919.7	135762	26030.8
321	-544.964	33197.3	135762	26577.4
322	-544.964	33198.1	138627	26358.1
323	-544.964	32883.3	154185	25722.9
324	-544.964	32902.6	138627	25395.6
325	-544.964	33055.8	167835	25743.2
326	-544.964	32924.7	135117	25988.1
327	-544.964	32661.6	133670	24973.9
328	-544.964	32393.4	130762	25141.8
329	-544.964	32140.3	130248	24943.5
330	-544.964	32247.5	131184	25242.8
331	-544.964	32017.7	131184	25172.8
332	-544.964	32352.6	134893	26033.8
333	-545.019	31980.6	134893	25565.2
334	-545.019	31858.2	134384	25422.9
335	-545.019	31785.8	135804	25939  
336	-545.019	31665.7	166268	26085.2
337	-545.019	31733.5	144799	26213.2
338	-545.019	31741.7	139674	26372.4
339	-545.019	31851.2	134384	26387.3
340	-545.019	31813.6	133112	25934.6
341	-545.019	31612.7	120729	25542.7
342	-545.019	31490.8	121680	25046.6
343	-545.019	31295.8	144092	24655.1
344	-545.019	31646.2	133258	24986.7
345	-545.019	31307.5	136776	24577.2
346	-545.019	31348.7	138420	24807.5
347	-545.019	31396.5	136043	24259.6
348	-545.019	31265.9	118904	24314.8
349	-545.019	31084  	117582	24177.6
350	-545.019	30886  	115131	23827.4
351	-545.019	30654.3	124474	23460.7
352	-545.019	30710.2	127874	23908.2
353	-545.019	30746.8	141385	24754.9
354	-545.019	30601.9	119590	24345.1
355	-545.019	30360.3	130739	24349.8
356	-545.019	30498.5	115457	23996.7
357	-545.019	30414.7	125664	23807.4
358	-545.019	30571.3	125048	24276.5
359	-545.019	30515.1	124545	23570.2
360	-545.019	30337.5	132806	23570.6
361	-545.019	30094.5	122927	23026.9
362	-545.019	30309.5	106269	22787.3
363	-545.019	30298.4	114151	23186  
364	-545.019	30166.7	118738	23280.7
365	-545.019	30249.8	178157	24175.9
366	-545.019	30273  	149797	24227.8
367	-545.019	30082.1	133888	24020.2
368	-545.019	29826.1	132970	23742.7
369	-545.019	29989  	126439	24475.7
370	-545.019	29572.8	114391	23653  
371	-545.019	29502.8	114391	23232.3
372	-545.019	29426.6	125100	23212.9
373	-545.019	29541  	125100	22971.1
374	-545.019	29899.9	148988	24059  
375	-545.084	29861.3	113310	23598.7
376	-545.084	29803.3	143774	24145.9
377	-545.084	29670.1	146085	24023.7
378	-545.084	29813.9	156251	24110  
379	-545.084	29777  	159466	24577  
380	-545.084	29587.8	146163	23727.7
381	-545.084	29269.3	136624	23157.2
382	-545.084	29282.3	117394	23072.5
383	-545.088	29053.8	119718	23270.9
384	-545.088	29433.5	136432	24212.4
385	-545.088	29374.5	119033	22905.1
386	-545.088	29533.4	108936	22969.1
387	-545.088	29797.8	108936	23447.7
388	-545.088	29680.9	140337	23374.1
389	-545.088	29470.9	140337	23150.4
390	-545.088	29327.4	135732	22982.5
391	-545.088	29222.2	155920	23326.9
392	-545.088	29279.3	139457	23235.8
393	-545.088	29165.2	129080	23472.4
394	-545.088	29046.2	122182	23446.6
395	-545.088	29106.1	122182	23777  
396	-545.088	29402.8	124480	24151.4
397	-545.088	29336.7	126022	24099.3
398	-545.088	29315.9	124430	23795.5
399	-545.088	29311.7	119930	24256.2
400	-545.088	29328  	124309	24106.2
401	-545.088	29276.2	158977	25107.3
402	-545.088	29078.5	143838	24205.2
403	-545.088	29217.3	147318	24550.9
404	-545.088	29061.5	121184	23604.4
405	-545.088	28611.8	110860	23040.2
406	-545.088	28737.4	112062	22873.2
407	-545.088	28681.9	108925	22850.9
408	-545.088	28842.3	116840	22850.3
409	-545.088	28663  	131617	23064.7
410	-545.088	28540.6	113593	22692.7
411	-545.088	28894  	104713	23038.9
412	-545.088	28799.7	119249	22986.4
413	-545.125	28937  	119249	23818.8
414	-545.125	28946.9	111183	23339.4
415	-545.125	29105.9	111318	23567.9
416	-545.125	28847.9	112535	23259.4
417	-545.125	28740  	119330	23314.5
418	-545.125	28652.8	112472	23139  
419	-545.125	28456.1	107462	22732.5
420	-545.125	28344.2	105956	22511.9
421	-545.125	28537.2	103689	22186.2
422	-545.125	28436.2	103689	22256  
423	-545.125	27784.2	104249	21806.1
424	-545.125	27910.8	104249	21925.7
425	-545.125	28016.7	124883	21896.4
426	-545.125	27931.8	143259	22763.6
427	-545.125	27754  	124883	22307.6
428	-545.125	27978.5	125514	22880  
429	-545.125	27980.1	123190	23162.8
430	-545.125	27761.4	123641	22699.3
431	-545.125	27671.5	121639	22319.1
432	-545.125	27568.6	111576	22323.3
433	-545.125	27985.4	118871	22896.4
434	-545.125	27661.4	113600	22624.7
435	-545.125	27420.5	108285	22199.9
436	-545.125	27375.2	108285	22079.2
437	-545.125	27367.9	113816	22263  
438	-545.125	27310  	108971	22024.7
439	-545.125	27553  	126549	22828.2
440	-545.125	27423.3	108891	22286.4
441	-545.125	27313.6	108891	22114.3
442	-545.125	27142.7	108891	22007.1
443	-545.125	27009.8	107869	21913.5
444	-545.125	27086.5	101461	21852.3
445	-545.125	26879.3	106105	21964  
446	-545.125	26919.9	106104	22612.4
447	-545.125	27020.1	103616	22373.8
448	-545.125	26990.2	103616	22216.3
449	-545.125	26950.8	113903	22765.3
450	-545.125	26679.8	110751	22337.2
451	-545.125	26529.2	107022	22074.6
452	-545.125	26503.8	107625	21758  
453	-545.125	26394.5	107625	21511.8
454	-545.125	26491.1	106458	21288.5
455	-545.125	26439.1	110428	21734  
456	-545.125	26286.2	117492	21616.1
457	-545.127	26224.9	117492	21267.9
458	-545.127	26254.1	115400	21412.6
459	-545.127	26055.2	112730	21626.4
460	-545.127	26457.4	111497	21727.4
461	-545.127	26294.4	111497	21402.6
462	-545.127	26475.4	125042	21079.6
463	-545.127	26173.6	107153	20440.2
464	-545.127	26455.7	120905	21713.6
465	-545.127	26515.1	118853	21296.3
466	-545.127	26574.8	118853	21336.8
467	-545.127	26464.6	116045	21541.6
468	-545.127	26424.9	116487	21444.6
469	-545.127	26440.6	111068	20848.4
470	-545.127	26469  	111192	20782.5
471	-545.127	26532.7	106401	20667.4
472	-545.127	26855.7	118154	21489.7
473	-545.127	26695.4	141522	21530.9
474	-545.127	26480.2	118395	21014.7
475	-545.127	26417.7	108852	20579.5
476	-545.127	26424.2	108775	20262.4
477	-545.127	26293  	102036	20364.8
478	-545.127	26223.6	99451.1	20272.1
479	-545.127	26611.1	111335 	21148.8
480	-545.127	26702.1	111335 	21419  
481	-545.127	26456.7	108605 	20832.3
482	-545.127	26346.9	106092 	20626.5
483	-545.127	26464.5	114239 	21088.5
484	-545.127	26153.6	101284 	20965.9
485	-545.127	26134.9	100251 	20727.1
486	-545.127	25918.4	95738.1	20341.5
487	-545.127	25999  	105965 	20526.1
488	-545.127	25899.6	103286 	20390.3
489	-545.127	25769.5	107816 	20511.7
490	-545.127	25832  	107149 	20883.6
491	-545.127	25729.1	105819 	20183.8
492	-545.127	25672.1	107630 	20370.6
493	-545.127	25851.6	105869 	20551.1
494	-545.127	25852.6	108351 	21030.1
495	-545.127	25826.4	108351 	21099.3
496	-545.127	25807.1	109311 	21441.5
497	-545.127	25926.8	114164 	21301.8
498	-545.127	26109  	114163 	21395.7
499	-545.127	25606.8	109783 	21002.5
-546.49999999
