/usr/lib/python2.7/site-packages/deap/tools/_hypervolume/pyhv.py:33: ImportWarning: Falling back to the python version of hypervolume module. Expect this to be very slow.
  "module. Expect this to be very slow.", ImportWarning)
gen	min    	avg    	max    	std    
0  	60.7657	117.261	126.386	6.74587
1  	54.844 	117.238	126.154	6.78987
2  	54.844 	117.278	126.377	7.2489 
3  	54.844 	117.251	126.578	7.41382
4  	54.844 	117.066	126.751	7.30059
5  	54.844 	117.017	126.588	7.63862
6  	54.844 	117.205	126.38 	7.35973
7  	54.844 	117.201	126.226	7.41217
8  	54.844 	117.102	126.175	7.68616
9  	54.844 	117.195	126.626	7.65515
10 	54.844 	117.377	126.127	6.9861 
11 	54.844 	117.296	126.276	6.50653
12 	54.844 	117.339	125.988	6.73919
13 	54.844 	117.564	126.071	6.66496
14 	54.844 	117.278	126.44 	7.19645
15 	54.844 	117.168	126.146	7.17981
16 	51.75  	117.123	126.159	7.61118
17 	51.75  	117.083	126.407	7.85851
18 	51.75  	117.127	126.024	7.73639
19 	51.75  	117.355	126.225	7.40543
20 	51.75  	117.396	126.16 	7.40543
21 	51.75  	117.406	126.515	7.0685 
22 	51.75  	117.083	126.436	7.40818
23 	51.75  	117.066	126.436	7.10332
24 	51.75  	116.937	126.312	7.59876
25 	51.75  	117.069	126.663	7.24467
26 	51.75  	117.2  	126.505	7.32256
27 	51.75  	117.077	126.993	7.89245
28 	51.75  	117.048	126.295	7.71339
29 	51.75  	117.217	126.817	7.1119 
30 	51.75  	117.204	126.623	6.82663
31 	51.75  	117.309	126.623	7.19212
32 	51.75  	117.181	126.623	6.91265
33 	51.75  	117.275	126.566	6.68063
34 	51.75  	117.235	126.219	6.86819
35 	51.75  	117.278	126.478	7.09672
36 	51.75  	117.134	126.239	7.15209
37 	51.75  	117.262	126.309	7.47446
38 	51.75  	117.295	126.371	7.50152
39 	51.75  	117.229	126.425	7.4058 
40 	51.75  	117.002	126.371	7.83657
41 	51.75  	116.91 	126.46 	7.58302
42 	51.75  	116.863	126.59 	7.97973
43 	51.75  	116.807	126.546	8.22709
44 	51.75  	116.998	126.962	7.57088
45 	51.75  	116.836	126.962	8.00294
46 	51.75  	116.7  	126.675	8.52154
47 	51.75  	116.917	126.675	7.85997
48 	51.75  	116.719	126.947	7.96057
49 	51.75  	117.027	126.479	7.84424
50 	51.75  	116.818	126.233	8.31553
51 	51.4009	116.75 	126.085	8.21456
52 	50.7816	116.719	126.288	8.08979
53 	50.7816	116.815	126.472	8.07788
54 	50.7816	116.976	126.307	7.99256
55 	50.7816	116.74 	126.292	8.15684
56 	50.7816	116.751	126.292	7.90096
57 	50.7816	116.696	127.124	8.28502
58 	50.7816	116.786	127.11 	8.39917
59 	50.7816	116.823	127.023	7.62009
60 	50.7816	116.791	127.037	7.74573
61 	50.7816	116.775	126.48 	8.16936
62 	50.7816	116.88 	126.393	7.69398
63 	50.7816	116.901	126.393	7.66707
64 	50.7816	116.966	126.492	7.79878
65 	50.7816	117.126	126.492	7.29589
66 	50.7816	117.085	126.033	7.06509
67 	50.7816	116.938	126.391	7.1351 
68 	50.7816	116.682	126.714	7.71819
69 	50.7028	116.862	126.619	7.5393 
70 	50.7028	116.822	126.619	7.73069
71 	50.7028	116.861	126.619	7.70543
72 	50.7028	116.866	126.144	7.83474
73 	50.7028	117.082	126.496	7.35971
74 	49.1809	117.079	126.496	7.61414
75 	49.1809	117.253	126.481	7.81006
76 	49.1809	117.256	128.921	7.89978
77 	48.704 	117.105	126.538	8.22639
78 	48.704 	116.934	126.987	8.16395
79 	48.704 	116.868	127.597	8.40332
80 	48.704 	117.075	127.493	8.05791
81 	48.704 	117.297	127.272	7.74822
82 	48.704 	117.31 	126.771	7.63504
83 	48.704 	117.134	126.528	7.66876
84 	48.704 	117.145	127.074	8.09101
85 	48.704 	117.227	127.95 	8.1511 
86 	48.704 	117.52 	127.329	7.33928
87 	48.704 	117.684	126.791	6.96028
88 	48.704 	117.668	127.463	6.88304
89 	48.704 	117.579	127.329	7.01907
90 	48.704 	117.34 	127.329	7.79408
91 	48.704 	117.4  	126.902	7.41936
92 	48.704 	117.334	126.772	7.18708
93 	48.704 	117.159	126.471	7.7565 
94 	48.704 	117.302	126.471	8.04746
95 	48.704 	117.34 	126.471	7.56788
96 	48.704 	117.415	126.64 	7.45766
97 	48.704 	117.348	126.779	7.77603
98 	48.704 	117.089	126.784	8.26395
99 	48.704 	117.375	126.794	7.64124
100	48.704 	116.895	126.794	8.30338
101	48.704 	116.961	126.707	8.38199
102	48.704 	116.834	126.755	8.31384
103	48.704 	117.148	126.755	7.69705
104	48.704 	117.018	127.254	7.90701
105	48.704 	117.01 	128.484	8.54982
106	48.704 	117.039	127.941	8.45465
107	48.704 	117.219	126.907	7.98088
108	48.704 	117.061	127.218	8.14933
109	48.704 	117.118	126.896	8.25773
110	48.704 	116.993	126.896	8.64403
111	48.704 	117.05 	126.843	8.74732
112	47.7745	116.815	127.687	8.83006
113	47.7745	116.823	126.878	8.77213
114	47.7745	116.943	126.676	9.05738
115	47.7745	116.775	127.756	9.7908 
116	47.7745	116.728	127.349	9.75496
117	47.7745	116.716	127.435	9.5806 
118	47.7745	116.65 	127.935	9.54707
119	47.7745	117.39 	127.283	7.35619
120	47.7745	117.172	127.283	8.33717
121	47.7745	117.087	127.28 	8.32105
122	46.3022	116.892	129.147	8.62171
123	46.3022	116.708	126.827	8.94426
124	46.3022	117.171	127.211	8.17513
125	46.3022	116.993	127.211	8.62067
126	46.3022	117.053	126.897	8.45956
127	46.3022	117.44 	126.749	8.4036 
128	46.3022	117.352	126.59 	8.37657
129	46.3022	117.398	126.781	8.51064
130	46.3022	117.284	126.761	8.54404
131	46.3022	117.202	126.628	8.9195 
132	46.3022	117.148	127.866	9.0057 
133	46.3022	117.211	127.216	8.67375
134	46.3022	117.154	127.533	8.24706
135	46.3022	117.032	127.835	8.16532
136	46.3022	117.242	127.166	7.87671
137	46.3022	116.934	127.051	8.60678
138	46.3022	116.781	127.704	8.82615
139	46.3022	116.967	126.769	8.62169
140	46.3022	117.102	126.693	8.27723
141	46.3022	117.142	127.374	8.23729
142	46.3022	116.981	127.135	8.58852
143	46.3022	117.069	126.835	8.50124
144	46.3022	117.184	126.769	8.63741
145	46.3022	117.391	126.751	7.69809
146	46.3022	117.581	126.737	7.52763
147	46.3022	117.356	127.081	7.77294
148	46.3022	117.11 	126.793	7.82629
149	46.3022	117.037	127.166	8.58827
150	46.3022	116.875	127.517	8.94839
151	46.3022	117.203	126.9  	8.70972
152	46.3022	117.069	126.786	9.05648
153	46.3022	117.546	126.724	7.54127
154	45.9501	117.624	126.724	7.64719
155	45.9501	117.353	127.203	8.07345
156	45.9501	117.4  	127.683	7.37057
157	45.9501	117.392	126.885	7.27495
158	45.9501	117.424	126.89 	7.67131
159	45.9501	117.271	126.941	8.23512
160	45.9501	117.177	127.141	8.72088
161	45.9501	117.276	127.496	8.807  
162	45.9501	117.476	126.995	8.32523
163	45.9501	117.262	127.362	9.02404
164	45.9501	117.133	129.555	8.90802
165	45.9501	116.998	127.453	9.10046
166	45.9501	116.635	127.453	9.7273 
167	45.9501	116.912	127.031	9.09792
168	45.9501	116.775	128.666	9.54247
169	45.9501	116.694	127.171	9.53361
170	45.9501	117.2  	127.146	8.57363
171	45.9501	116.997	129.862	8.5937 
172	45.9501	117.234	127.571	8.57169
173	45.9501	117.272	127.011	8.51668
174	45.9501	117.163	126.915	8.74456
175	45.9501	117.204	127.751	9.02241
176	45.9501	117.124	127.751	8.94319
177	45.9501	117.025	127.164	9.20054
178	45.9501	116.981	128.013	9.3623 
179	45.9501	117.038	127.443	9.16883
180	45.9501	117.066	128.8  	9.18101
181	45.9501	116.676	128.8  	9.32853
182	45.9501	116.947	128.416	8.73626
183	45.9501	117.136	128.078	8.7416 
184	45.9501	117.276	128.178	8.47898
185	45.9501	117.223	127.85 	8.11788
186	45.9501	117.086	127.993	8.24316
187	45.9501	117.063	127.375	8.2761 
188	45.9501	116.983	128.55 	8.03971
189	45.9501	116.89 	128.164	8.61337
190	45.9501	116.996	127.343	8.67584
191	45.9501	116.916	127.237	8.831  
192	45.9501	117.201	127.183	8.44864
193	45.9501	116.986	126.877	8.72833
194	45.9501	116.668	127.038	9.37809
195	45.9501	116.668	127.249	9.22587
196	45.9501	116.604	127.259	9.19295
197	45.9501	117.016	127.748	8.64496
198	45.9501	117.015	127.259	8.87843
199	45.9501	117.1  	128.508	8.60682
200	45.9501	116.448	128.21 	9.2587 
201	45.9501	116.585	127.212	9.03465
202	45.9501	116.64 	128.083	9.38667
203	45.9501	116.908	128.083	9.32222
204	45.9501	117.095	127.554	9.08285
205	45.9501	117.041	127.27 	8.88465
206	45.9501	116.96 	127.274	8.92936
207	45.9501	116.852	128.154	9.00319
208	45.9501	116.698	126.9  	9.30334
209	45.9501	116.561	127.457	9.35903
210	45.9501	116.72 	127.377	9.16523
211	45.9501	116.547	127.807	9.5538 
212	45.9501	116.606	127.377	9.6562 
213	45.5213	116.616	127.424	9.96276
214	45.5213	116.671	130.202	9.91356
215	45.5213	116.551	127.397	9.89984
216	45.5213	116.605	127.608	9.23155
217	45.5213	116.822	127.375	8.94063
218	45.5213	116.982	127.725	8.85992
219	45.5213	116.985	127.662	9.05153
220	45.5213	117.087	127.368	8.78811
221	45.5213	117.274	127.227	8.44703
222	45.5213	117.32 	127.666	8.42748
223	45.5213	117.386	127.414	8.31845
224	45.5213	117.298	127.99 	8.7925 
225	45.5213	117.409	127.904	8.42743
226	45.5213	117.362	127.696	8.13103
227	44.4701	117.318	127.696	8.04061
228	44.4701	117.346	128.049	7.61712
229	44.4701	117.217	127.696	8.56659
230	44.4701	117.244	127.506	8.17544
231	44.4701	117.377	127.741	8.02728
232	44.4701	117.144	127.249	8.58404
233	44.4701	117.148	127.879	8.86659
234	44.4701	116.912	128.226	9.47351
235	44.4701	116.921	128.106	9.97308
236	44.4701	117.243	127.739	8.81038
237	44.4701	116.925	127.108	9.50317
238	44.4701	116.983	127.504	9.27095
239	44.4701	117.191	127.753	8.80626
240	44.4701	116.965	127.583	9.10971
241	44.4701	117.199	127.59 	9.15123
242	44.4701	117.085	128.074	8.6247 
243	44.4701	117.063	127.4  	8.55625
244	44.4701	116.71 	127.162	9.07935
245	44.4701	116.835	128.145	9.03497
246	44.4701	116.676	127.28 	9.54815
247	44.4701	116.978	127.804	8.99475
248	44.4701	116.536	127.272	9.28261
249	44.4701	116.683	127.272	8.82022
250	44.4701	116.599	128.578	9.15654
251	44.4701	116.772	128.074	9.2683 
252	44.4701	116.996	128.074	9.11364
253	44.4701	116.887	127.739	9.40518
254	44.4701	116.788	127.852	9.68858
255	44.4701	116.859	128.086	9.1061 
256	44.4701	116.898	127.615	8.82942
257	44.4701	116.899	127.683	8.38012
258	44.4701	116.966	127.18 	8.91657
259	44.4701	117.01 	128.288	9.17272
260	44.4701	117.144	127.821	8.74139
261	44.4701	117.092	128.473	8.92174
262	44.4701	116.973	128.473	9.46377
263	44.4701	117.271	128.479	9.21363
264	44.4701	117.223	129.134	9.08207
265	44.4701	117.031	128.493	9.31276
266	44.4701	117.008	128.687	9.19256
267	44.4701	117.194	128.56 	9.08761
268	44.4701	117.08 	128.56 	9.50777
269	44.351 	116.857	130.182	9.77946
270	44.351 	116.851	130.182	9.65035
271	44.351 	117.009	129.163	9.34131
272	44.351 	117.081	128.966	9.60886
273	44.351 	117.282	128.32 	8.84258
274	44.351 	117.428	127.758	8.5371 
275	44.351 	117.536	129.004	8.44367
276	44.351 	117.29 	128.966	9.06019
277	44.351 	117.065	127.932	10.0068
278	44.351 	116.944	128.632	10.0016
279	44.351 	117.019	128.508	9.57544
280	44.351 	116.997	128.351	9.60429
281	44.2459	117.243	128.351	8.8155 
282	44.2459	117.276	128.619	9.1535 
283	44.2459	117.209	128.619	9.44244
284	44.2459	117.036	128.152	9.77003
285	44.2459	117.012	127.667	9.85269
286	44.2459	116.87 	127.482	10.0529
287	44.2459	116.952	127.278	9.79513
288	44.2459	117.117	128.715	9.52923
289	44.2459	117.165	128.126	9.0339 
290	44.2459	117.125	128.126	9.22371
291	44.2459	116.986	127.513	9.57969
292	44.2459	116.868	127.698	9.64133
293	44.2459	116.878	128.219	9.54805
294	44.2459	116.859	128.421	9.33915
295	44.2459	116.801	127.427	9.37086
296	44.2459	116.985	127.427	9.02863
297	44.2459	117.203	127.427	8.30141
298	44.2459	116.832	127.427	9.03985
299	44.2459	116.949	127.823	8.73178
300	44.2459	117.19 	129.294	9.05696
301	44.2459	117.066	128.368	9.73794
302	44.2459	117.229	128.28 	9.33214
303	44.2459	117.261	130.034	9.57064
304	44.2459	117.17 	128.118	9.62449
305	44.2459	116.32 	128.118	10.7592
306	44.2459	116.489	128.391	9.9895 
307	44.2459	116.487	128.259	9.75663
308	44.2459	116.629	129.757	9.86988
309	44.2459	116.837	127.819	9.29344
310	44.2459	116.602	129.579	10.1714
311	44.2459	116.668	128.111	10.387 
312	44.2459	116.88 	129.327	10.1429
313	44.2459	116.619	129.498	10.4556
314	44.0658	116.628	129.178	10.6593
315	44.0658	116.862	129.178	10.1354
316	44.0658	116.933	128.232	9.76414
317	44.0658	116.636	128.649	10.0551
318	44.0658	116.763	128.649	9.72141
319	44.0658	116.859	128.248	9.51956
320	44.0658	117.069	128.077	9.36309
321	44.0658	116.916	127.685	9.2187 
322	44.0658	116.779	127.685	9.21177
323	44.0658	116.511	127.377	9.39543
324	44.0658	116.244	129.071	10.1848
325	44.0658	116.13 	127.896	10.0495
326	44.0658	116.578	127.742	9.78006
327	44.0658	116.809	127.777	9.58243
328	44.0658	116.894	128.006	9.45887
329	44.0658	116.276	127.895	10.6974
330	44.0658	116.66 	128.695	10.1698
331	43.9766	116.622	127.895	10.2205
332	43.9766	116.693	127.732	9.73157
333	43.9766	116.67 	127.699	9.65437
334	43.9766	116.813	127.485	9.06921
335	43.9766	116.604	127.485	9.12945
336	43.9766	116.738	128.035	9.25201
337	43.9766	116.837	127.969	8.76454
338	43.9766	116.917	128.15 	8.57721
339	43.9766	116.974	128.44 	8.84555
340	43.9766	116.793	128.364	9.25282
341	43.9766	116.81 	128.241	9.46252
342	43.9766	116.711	128.238	9.79131
343	43.9766	116.949	128.191	9.40656
344	43.9766	117.354	128.191	8.66205
345	43.9766	117.342	127.758	9.03474
346	43.9766	116.939	127.975	9.01589
347	43.8731	116.763	127.975	9.57498
348	43.8731	116.941	128.845	9.34007
349	43.8731	116.698	128.811	9.49847
350	43.8731	116.625	128.285	9.64806
351	43.8731	116.863	128.621	9.18605
352	43.8731	116.873	128.379	9.44225
353	43.8731	117.286	128.379	8.85736
354	43.8731	117.137	128.164	9.61752
355	43.8731	116.925	129.588	9.39948
356	43.8731	116.83 	127.646	9.23326
357	43.8731	116.697	128.061	9.80063
358	43.8731	116.735	128.061	9.45821
359	43.8731	117.051	128.271	9.43929
360	43.8731	116.806	128.086	9.38125
361	43.8731	116.644	128.487	9.9654 
362	43.8731	116.472	128.397	10.0776
363	43.8731	116.522	128.397	9.75511
364	43.8731	116.673	128.911	9.3883 
365	43.8731	116.585	127.739	10.0343
366	43.8731	116.223	127.588	10.2593
367	43.8731	116.216	127.737	10.5972
368	43.8731	116.046	128.753	10.7502
369	43.7683	116.394	127.886	10.6366
370	43.7683	116.416	127.875	10.6836
371	43.7683	116.774	127.898	10.5543
372	43.7683	116.773	127.64 	9.75851
373	43.7683	116.523	128.669	10.296 
374	43.7683	116.622	128.669	10.155 
375	43.7683	116.563	128.195	10.1973
376	43.7683	116.346	128.485	10.4426
377	43.7683	116.65 	130.009	9.66512
378	43.7683	116.552	129.988	9.82155
379	43.7683	116.511	128.063	9.66502
380	43.7683	116.766	128.035	9.41891
381	43.7683	116.683	127.823	9.4845 
382	43.7683	116.596	131.929	10.2462
383	43.7683	116.473	128.153	10.1437
384	43.7683	116.428	127.605	10.6344
385	43.7683	116.408	128.285	10.2698
386	43.7683	116.294	128.705	10.8165
387	43.7683	116.325	128.705	10.7716
388	43.7683	116.109	128.403	11.2347
389	43.7006	116.082	128.377	11.1603
390	43.7006	116.044	128.377	11.0564
391	43.7006	116.125	128.314	10.9666
392	43.6403	116.206	128.365	10.7962
393	43.6403	116.065	128.128	10.8214
394	43.6403	116.018	128.128	11.0338
395	43.6403	116.302	127.989	10.7036
396	43.6403	116.303	132.517	10.3046
397	43.6403	116.376	129.028	10.1844
398	43.6403	116.448	128.766	10.4215
399	43.6403	116.388	128.756	10.1092
400	43.6403	116.578	129.655	10.3722
401	43.6403	116.517	128.944	10.4812
402	43.6403	116.565	128.2  	10.2571
403	43.6403	116.233	128.014	10.5941
404	43.6403	116.324	128.014	10.2858
405	43.6403	116.284	128.206	10.3953
406	43.6403	116.199	127.844	10.9358
407	43.6403	116.328	128.106	11.2177
408	43.6403	116.329	128.285	10.7699
409	43.6403	116.334	128.297	10.2502
410	43.6403	116.253	128.113	10.579 
411	43.6403	116.286	128.338	10.5861
412	43.6403	116.504	128.339	10.6241
413	43.6403	116.775	130.184	9.71828
414	43.6403	116.854	129.663	9.48823
415	43.6403	116.604	129.584	9.91671
416	43.6403	116.77 	129.674	10.0339
417	43.6403	116.429	128.463	10.2263
418	43.6403	116.278	128.466	10.3628
419	43.6403	116.283	128.508	9.96023
420	43.6403	116.539	128.185	9.6937 
421	43.6403	116.536	128.041	9.92058
422	43.6403	116.554	129.897	10.1796
423	43.6403	116.335	128.877	10.5406
424	43.6403	116.566	128.314	10.1423
425	43.6403	116.748	128.529	10.1629
426	43.6403	116.628	131.686	10.622 
427	43.6403	116.413	130.882	10.4142
428	43.6403	116.456	130.843	10.7538
429	43.6403	116.12 	128.547	10.9566
430	43.6403	115.745	130.581	11.8078
431	43.6403	115.917	129.869	11.5643
432	43.6403	116.053	129.958	11.4439
433	43.6403	115.992	128.874	11.6031
434	43.6403	115.903	128.667	11.3043
435	43.6403	116.549	130.747	10.1549
436	43.6403	116.8  	130.203	9.58132
437	43.6403	116.794	130.203	9.93795
438	43.6403	116.755	130.203	9.90085
439	43.6403	116.633	129.926	10.4711
440	43.6403	116.441	129.673	10.6461
441	43.6403	116.316	129.663	10.7954
442	43.6403	116.215	129.663	10.6482
443	43.6403	116.395	130.747	10.7445
444	43.6403	116.293	130.858	11.2534
445	43.6403	116.239	130.858	11.1072
446	43.6403	116.276	128.819	10.5706
447	43.6403	116.437	130.938	10.4967
448	43.6403	116.323	130.797	10.9193
449	43.6403	116.395	131.029	10.774 
450	43.6403	116.102	130.564	10.9626
451	43.6403	116.098	130.419	11.0327
452	43.6403	116.089	130.547	11.0905
453	43.6403	115.93 	130.021	11.1434
454	43.6403	115.67 	128.794	11.0938
455	43.6403	115.887	128.132	11.2026
456	43.6403	116.24 	128.539	10.2194
457	43.6403	116.213	128.607	10.4242
458	43.6403	116.383	128.841	10.5324
459	43.6403	116.519	128.297	10.4163
460	43.6403	116.32 	128.526	10.7016
461	43.6403	116.665	128.753	10.2311
462	43.6403	116.755	128.909	9.73922
463	43.6403	116.341	128.21 	10.4789
464	43.6403	116.302	128.857	10.4899
465	43.6403	116.231	129.417	11.1181
466	43.6403	116.362	129.698	10.7196
467	43.6403	116.326	131.418	10.4831
468	43.6403	116.468	129.505	10.7214
469	43.6403	115.929	129.505	11.0417
470	43.6403	115.964	128.773	10.5881
471	43.6403	115.878	128.877	11.3231
472	43.6403	115.932	131.175	10.9427
473	43.6403	116.172	128.879	10.2503
474	43.6403	116.367	129.113	10.4508
475	43.6403	116.099	129.132	11.1438
476	43.6403	115.748	129.987	11.1137
477	43.6403	115.834	131.113	11.102 
478	43.6403	115.586	131.08 	12.0035
479	43.6403	115.811	130.12 	11.6754
480	43.6403	115.84 	129.737	11.74  
481	43.6403	115.682	129.54 	12.1417
482	43.5898	115.91 	130.426	11.729 
483	43.5898	115.928	129.136	11.7358
484	43.5898	115.798	129.668	11.9487
485	43.5898	115.761	129.367	12.379 
486	43.5898	116.105	129.345	11.6104
487	43.5898	115.991	129.51 	11.2631
488	43.5898	115.952	129.51 	11.0271
489	43.5898	116.1  	129.192	10.7219
490	43.5898	116.178	128.938	10.3581
491	43.5898	116.237	130.03 	10.9102
492	43.5898	116.03 	129.485	11.1433
493	43.5898	115.996	129.485	11.0762
494	43.5898	116.01 	130.556	11.2102
495	43.5898	115.931	129.713	11.3775
496	43.5898	115.622	129.552	11.4584
497	43.5898	115.528	129.552	11.7364
498	43.5898	116.161	129.149	10.6717
499	43.5898	116.256	128.526	10.2511
40.78000001
