/usr/lib/python2.7/site-packages/deap/tools/_hypervolume/pyhv.py:33: ImportWarning: Falling back to the python version of hypervolume module. Expect this to be very slow.
  "module. Expect this to be very slow.", ImportWarning)
gen	min    	avg    	max   	std    
0  	67.5555	117.688	126.29	6.50756
1  	67.5555	117.74 	126.31	6.43574
2  	67.5555	117.595	126.175	6.80522
3  	61.8636	117.227	126.713	7.46149
4  	61.8636	117.591	126.151	6.86514
5  	61.8636	117.448	126.086	7.17096
6  	61.8636	117.643	126.439	6.7687 
7  	61.8636	117.484	126.636	7.13922
8  	61.8636	117.205	126.519	7.86905
9  	61.8636	117.343	126.364	7.20396
10 	61.8636	117.283	126.224	7.0347 
11 	61.8636	117.632	126.413	6.67187
12 	61.8636	117.348	126.401	6.93402
13 	54.5453	117.455	126.275	7.04024
14 	54.5453	117.408	126.275	7.28865
15 	54.398 	117.535	126.58 	7.06306
16 	54.398 	117.666	126.446	6.64931
17 	52.9643	117.658	126.295	6.68047
18 	52.9643	117.308	126.342	7.61514
19 	52.9643	117.287	126.374	7.54431
20 	52.9643	117.384	126.328	7.51386
21 	52.9643	117.488	126.592	7.32529
22 	52.9643	117.445	126.468	7.65112
23 	52.9643	117.495	126.544	7.07173
24 	52.9643	117.757	126.887	6.80161
25 	50.2969	117.788	126.691	7.10705
26 	48.9512	117.714	126.683	7.8755 
27 	48.9288	117.721	126.659	7.81378
28 	48.707 	117.723	126.653	7.73057
29 	48.707 	117.666	126.346	7.60909
30 	48.707 	117.659	126.452	7.80805
31 	48.707 	117.611	128.369	7.64456
32 	48.707 	117.484	128.028	7.904  
33 	48.707 	117.228	126.744	8.46089
34 	48.707 	117.174	126.71 	7.77259
35 	48.707 	117.266	126.79 	7.82772
36 	48.707 	117.492	127.332	7.87298
37 	48.707 	117.596	127.012	8.00172
38 	48.707 	117.932	126.645	7.66972
39 	48.707 	117.826	126.645	7.55456
40 	48.707 	117.793	126.645	7.15283
41 	48.707 	117.622	126.808	7.69294
42 	48.707 	117.819	126.4  	6.86488
43 	48.707 	117.913	127.031	6.59119
44 	48.707 	118.002	126.738	6.48611
45 	48.707 	117.85 	126.403	6.96935
46 	48.707 	117.96 	128.456	6.53762
47 	48.707 	117.629	127.074	7.29175
48 	48.707 	117.944	126.369	6.71605
49 	48.707 	118.026	126.262	6.52082
50 	48.707 	118.029	126.389	6.99326
51 	48.707 	117.873	126.51 	6.60592
52 	48.707 	117.975	126.51 	6.41576
53 	48.707 	117.857	126.636	7.02474
54 	48.707 	117.922	126.654	7.34976
55 	48.707 	117.747	128.571	7.89963
56 	48.707 	117.673	126.694	7.42421
57 	47.9938	117.654	127.12 	7.78915
58 	47.9938	117.511	126.449	7.52104
59 	47.9938	117.662	126.449	7.64292
60 	47.9938	117.597	126.232	7.28639
61 	47.9938	117.846	126.397	6.85608
62 	47.746 	118.005	126.304	6.76357
63 	47.746 	118.058	126.952	6.94035
64 	47.746 	118.271	126.378	6.63772
65 	47.746 	118.203	127.033	7.19483
66 	47.746 	118.139	126.63 	6.9909 
67 	47.746 	118.204	127.057	6.48743
68 	47.746 	118.148	127.24 	6.78554
69 	47.746 	118.037	126.874	7.69403
70 	47.746 	118.16 	126.874	7.04707
71 	47.746 	117.868	126.874	7.89749
72 	47.746 	118.032	127.238	7.30266
73 	47.746 	117.89 	127.062	7.48998
74 	47.746 	117.926	126.855	7.55697
75 	47.746 	117.852	126.725	7.49249
76 	47.746 	118.015	127.007	7.18632
77 	47.746 	118.085	127.094	7.54927
78 	47.746 	117.945	127.373	7.26032
79 	47.746 	117.902	127.137	7.17163
80 	47.746 	117.889	126.966	7.7331 
81 	47.746 	117.964	126.581	7.76261
82 	47.746 	117.867	126.562	7.59797
83 	47.746 	118.156	126.723	7.59899
84 	47.746 	118.189	126.903	6.43453
85 	47.746 	118.044	126.903	6.34694
86 	47.746 	118.131	126.894	6.51398
87 	47.746 	117.904	127.213	6.89519
88 	47.746 	117.868	126.879	7.52043
89 	47.746 	117.808	126.857	7.30062
90 	47.746 	117.724	126.836	7.84973
91 	47.746 	117.946	126.875	7.42048
92 	47.746 	117.744	128.259	7.5181 
93 	47.746 	117.723	126.836	7.99158
94 	47.746 	118.061	126.836	7.51583
95 	47.746 	118.1  	126.739	7.83328
96 	47.746 	118.111	127.487	7.73996
97 	47.746 	118.094	127.176	7.79424
98 	47.746 	117.782	126.86 	8.01369
99 	47.746 	117.718	126.976	7.98215
100	47.746 	117.969	127.079	7.46847
101	47.746 	117.908	126.894	7.68784
102	47.746 	117.638	126.86 	8.00979
103	47.746 	117.639	126.665	7.93535
104	47.746 	117.91 	127.101	7.71751
105	47.746 	118.095	127.084	7.51589
106	47.746 	117.947	127.084	8.21434
107	47.746 	117.929	127.072	7.82252
108	47.746 	117.98 	126.881	7.75704
109	47.746 	117.624	127.302	8.09515
110	47.746 	117.753	126.966	7.68657
111	47.746 	117.728	127.115	7.54934
112	47.746 	117.82 	126.963	7.77659
113	47.746 	117.553	126.833	8.40091
114	47.746 	117.802	126.776	7.41774
115	47.746 	117.84 	126.894	7.10074
116	47.746 	118.124	126.946	6.53639
117	47.746 	118.042	126.946	6.84157
118	47.746 	117.91 	127.579	7.82255
119	47.746 	118.056	126.944	7.35574
120	47.746 	118.085	126.575	7.50727
121	47.746 	118.117	126.547	7.38831
122	47.746 	118.483	126.776	6.86957
123	47.746 	118.336	126.911	6.87748
124	47.746 	118.237	126.911	6.99638
125	47.746 	118.323	127.03 	7.75712
126	47.746 	118.11 	126.93 	7.91986
127	47.746 	118.372	126.93 	7.29635
128	47.746 	118.48 	127.144	6.47582
129	47.5726	118.074	127.022	7.87929
130	47.5726	118.08 	126.93 	7.48693
131	47.5726	117.898	126.8  	7.89567
132	47.5726	117.864	126.671	7.73613
133	47.5726	117.856	127.252	7.91624
134	47.5726	118.211	127.009	7.16224
135	47.5726	118.048	126.632	7.21137
136	47.5726	117.957	126.652	7.31745
137	47.5726	118.042	126.822	7.75086
138	47.5726	117.939	127.073	7.55961
139	47.5726	118.095	126.971	8.0969 
140	47.5726	118.115	126.971	7.73573
141	47.5726	118.071	126.96 	7.53341
142	47.5726	117.827	126.713	7.84286
143	47.5726	118.087	126.84 	7.1922 
144	47.5726	118.308	126.811	6.75786
145	47.5726	118.463	127.316	6.68939
146	47.5726	118.519	127.316	6.58805
147	47.5726	118.299	127.109	7.31018
148	47.5726	118.297	127.529	7.28148
149	47.5726	118.306	126.846	7.44384
150	47.5726	118.093	126.854	7.34358
151	47.5726	117.928	126.854	7.82029
152	47.5726	117.992	126.615	7.75825
153	47.5726	118.138	127.37 	7.11966
154	47.5726	118.172	127.261	7.22063
155	47.5726	118.086	127.792	7.68084
156	47.5726	118.046	128.116	8.02304
157	47.5726	117.647	127.55 	8.82354
158	47.5726	117.713	127.592	8.16551
159	47.5726	117.798	128.164	8.36136
160	47.5726	118.089	128.119	7.31673
161	47.5726	117.988	127.55 	7.07622
162	47.5551	118.102	127.483	7.2418 
163	47.5551	118.127	127.563	7.01046
164	47.5551	117.988	127.518	7.68368
165	47.5551	118.485	127.483	6.74001
166	47.5551	118.332	127.875	6.83972
167	47.5551	118.106	127.579	7.54382
168	47.5551	117.847	127.47 	7.32585
169	47.5551	117.935	127.503	7.5272 
170	47.549 	117.947	127.589	7.83726
171	47.549 	118.148	127.47 	7.66786
172	47.549 	118.418	128.605	6.96239
173	47.549 	118.096	128.38 	7.12544
174	47.549 	118.116	127.192	7.53989
175	47.549 	118.035	127.536	7.40806
176	47.549 	117.832	127.789	8.13706
177	47.549 	118.123	127.192	7.14077
178	47.549 	117.738	127.093	8.00881
179	47.549 	117.776	127.6  	8.5056 
180	47.549 	117.957	127.6  	8.62326
181	47.549 	118.196	127.767	8.21177
182	47.549 	118.236	127.676	8.24911
183	47.549 	118.419	127.606	7.90124
184	47.549 	118.523	127.584	7.47154
185	47.549 	118.147	127.584	8.01199
186	47.549 	118.119	127.924	7.99321
187	47.549 	117.994	127.998	7.69447
188	47.549 	117.968	128.955	7.59698
189	47.549 	117.943	127.858	8.02552
190	47.549 	117.887	127.816	7.62854
191	47.549 	117.928	129.22 	7.95146
192	47.549 	118.111	129.22 	7.58959
193	47.549 	117.913	131.465	7.86904
194	47.549 	117.904	129.022	8.41192
195	47.549 	117.778	128.153	8.80548
196	47.549 	117.6  	129.974	8.86842
197	47.549 	117.706	127.805	8.49995
198	47.549 	117.946	127.894	7.5979 
199	47.549 	118.168	127.894	7.74137
200	47.549 	118.073	127.681	7.91857
201	47.549 	118.036	128.457	8.20319
202	47.549 	118.035	127.681	8.28957
203	47.549 	118.028	127.203	8.02034
204	47.549 	118.097	127.536	7.84249
205	47.549 	117.704	127.756	8.62245
206	47.549 	117.721	127.873	8.95075
207	47.549 	117.638	127.183	8.64932
208	47.549 	117.74 	127.209	8.79293
209	47.549 	117.836	127.665	8.34719
210	47.549 	117.926	127.304	8.35204
211	47.549 	117.831	127.616	8.48316
212	47.549 	118.019	127.613	8.1646 
213	47.549 	118.201	127.343	7.62023
214	47.549 	117.852	127.481	8.10585
215	47.549 	118.116	127.343	8.19739
216	47.549 	118.282	127.219	7.84727
217	47.549 	118.22 	127.215	8.0158 
218	47.549 	118.118	128.554	8.35695
219	47.549 	117.954	127.526	8.19433
220	47.549 	118.311	127.415	7.76443
221	47.549 	118.201	127.28 	7.8808 
222	47.549 	118.188	128.888	8.27837
223	47.549 	118.143	127.644	8.06756
224	47.549 	118.122	128.464	7.89868
225	47.549 	118.219	127.594	8.22455
226	46.9567	118.192	127.594	7.79341
227	46.9567	118.327	127.836	7.64628
228	46.9567	118.245	127.836	8.4971 
229	46.9567	118.236	127.988	8.3198 
230	46.9567	118.046	127.623	8.50535
231	46.9567	118.062	128.544	8.7709 
232	46.9567	118.001	128.128	8.80449
233	46.9567	118.065	127.869	8.71009
234	46.9567	118.517	129.272	8.01017
235	46.9567	118.468	127.83 	7.92818
236	46.9567	118.816	127.431	7.25411
237	46.9567	118.765	127.475	7.05766
238	46.9567	118.645	128.248	7.34551
239	46.9532	118.569	128.599	7.86266
240	46.9532	118.42 	127.019	8.29703
241	46.9532	118.315	127.602	8.30349
242	46.9532	118.348	128.146	8.57395
243	46.9532	118.551	127.912	7.96782
244	46.6751	118.314	127.867	8.07687
245	46.6527	118.296	127.78 	8.49953
246	46.6527	117.951	127.78 	8.9482 
247	46.6527	118.087	127.618	8.65233
248	46.6527	118.02 	127.721	8.29387
249	46.6527	118.339	127.802	7.72797
250	46.6527	118.454	128.444	7.47419
251	46.6527	118.606	128.444	7.33012
252	46.6527	118.595	127.625	7.56535
253	46.6527	118.493	127.298	7.26698
254	46.6527	118.294	127.341	8.31373
255	46.6394	118.398	127.341	8.12529
256	46.6394	118.295	128.252	8.30525
257	46.6394	118.201	128.347	8.21667
258	46.6394	118.373	128.269	7.63216
259	46.6394	118.082	127.743	8.21675
260	46.6394	118.184	129.085	8.54609
261	46.6394	118.14 	129.085	8.72227
262	46.6394	118.127	129.085	8.4742 
263	46.6394	117.992	128.424	8.38729
264	46.6394	117.681	127.887	8.69552
265	46.6394	117.794	127.29 	9.08919
266	46.5405	117.692	127.292	9.18361
267	46.5405	117.986	127.804	8.13542
268	46.5405	117.976	127.89 	8.34975
269	46.5405	117.825	127.825	7.91325
270	46.5405	118.394	127.652	7.64305
271	46.5405	118.578	127.748	7.45898
272	46.5405	118.604	127.34 	7.69078
273	46.5405	118.699	127.871	7.77647
274	46.5405	118.626	128.361	7.57662
275	46.5405	118.406	128.361	8.29746
276	46.5405	118.292	128.145	8.57602
277	46.5405	118.068	128.145	8.68812
278	46.5405	117.957	128.905	8.97471
279	46.5405	117.756	128.905	9.214  
280	46.5405	117.868	128.905	9.01327
281	46.5405	117.959	128.116	9.23851
282	46.5405	118.298	127.504	8.55265
283	46.5405	118.24 	128.254	8.19271
284	46.5405	118.148	129.285	8.80979
285	46.5405	118.404	128.239	8.45763
286	46.5405	118.268	127.621	9.08148
287	46.5405	118.237	126.962	8.66174
288	46.5405	118.184	127.932	9.14549
289	46.5405	118.169	126.925	8.79288
290	46.5405	118.31 	128.573	8.31663
291	46.5405	118.422	127.441	7.99005
292	46.5405	118.283	127.191	8.0822 
293	46.5405	118.288	127.755	8.11702
294	46.5405	118.28 	128.249	8.09144
295	46.5405	118.433	128.034	8.30652
296	46.5405	118.632	128.849	6.92104
297	46.5405	118.485	128.849	7.24598
298	46.5405	118.42 	128.756	7.50545
299	46.5405	118.436	132.629	7.6588 
300	46.3145	118.492	128.488	7.64341
301	46.3145	118.676	128.348	7.70491
302	46.3145	118.67 	128.052	7.52133
303	46.3145	118.446	128.79 	8.03195
304	46.3145	118.281	129.008	8.43792
305	46.3145	118.511	128.017	8.07699
306	46.3145	118.307	129.061	8.34282
307	46.3145	118.402	128.659	8.65924
308	46.3145	118.567	128.659	8.50778
309	46.3145	118.396	128.53 	8.69331
310	46.3145	118.463	128.221	8.38743
311	46.3145	118.718	127.878	7.68352
312	46.3145	118.685	127.814	7.19158
313	46.3145	118.627	127.682	7.1873 
314	46.3145	118.468	127.505	7.88838
315	46.3145	118.307	128.51 	8.21416
316	46.3145	118.365	128.365	8.01199
317	46.3145	118.321	129.198	8.11507
318	46.3145	118.324	128.254	8.35761
319	46.3145	118.238	127.946	8.56198
320	46.3145	118.106	127.931	8.17005
321	46.3145	118.044	129.219	8.86418
322	46.3145	117.997	129.185	8.87835
323	46.3145	117.812	128.598	8.77113
324	46.3145	118.144	128.6  	8.16868
325	46.3145	118.098	128.507	8.69395
326	46.3145	118.099	127.97 	8.47587
327	46.3145	118.084	128.691	8.60249
328	46.3145	118.158	128.691	8.06892
329	46.3054	118.276	128.286	8.07459
330	46.3054	118.383	128.616	7.85215
331	46.3054	118.095	128.286	8.2436 
332	46.3054	118.215	127.607	8.35529
333	46.3054	117.835	127.593	9.28139
334	46.3054	118.212	127.908	8.25139
335	46.3054	118.542	131.051	8.4951 
336	46.3054	118.531	129.084	8.35349
337	46.3054	118.597	128.615	7.78949
338	46.3054	118.28 	128.615	8.20566
339	46.3054	118.387	129.327	8.02906
340	46.3054	118.34 	128.581	8.63304
341	46.3054	118.254	128.297	8.77317
342	46.3054	118.3  	128.297	8.5593 
343	46.3054	118.506	127.951	8.28981
344	46.3054	118.61 	127.9  	7.69396
345	46.3054	118.73 	128.248	7.98344
346	46.3054	118.606	128.15 	7.61165
347	46.3054	118.362	128.309	8.04511
348	46.3054	118.561	129.426	7.85503
349	46.3054	118.691	129.086	7.40613
350	46.186 	118.666	128.17 	7.45985
351	46.186 	118.625	127.705	7.14554
352	46.186 	118.572	128.007	7.54458
353	46.186 	118.609	128.517	7.90288
354	46.186 	118.339	128.871	8.52275
355	46.186 	118.335	128.225	8.64611
356	46.186 	118.293	128.081	9.25343
357	46.186 	118.338	127.675	9.1514 
358	46.186 	118.48 	128.642	8.85604
359	46.186 	118.253	129.548	8.99259
360	46.186 	118.504	129.548	8.26834
361	46.186 	118.427	128.971	8.51252
362	46.1507	118.237	128.78 	8.53785
363	46.1507	118.143	128.726	8.52622
364	46.1507	118.465	128.022	8.40442
365	46.1507	118.248	128.232	8.82495
366	46.1507	118.588	128.07 	7.96702
367	46.1507	118.569	129.858	8.53009
368	46.1507	118.438	129.607	8.90378
369	46.1507	118.569	128.071	8.53351
370	46.1507	118.422	128.318	8.58915
371	46.1507	118.106	128.318	9.23554
372	46.1507	117.883	128.318	9.3437 
373	46.1507	118.199	129.038	8.72276
374	46.1507	118.082	128.465	9.50501
375	46.1507	118.276	128.465	9.17216
376	46.1507	118.328	128.561	8.30363
377	46.1507	118.561	128.671	7.73817
378	46.1507	118.218	128.687	8.58856
379	46.1507	118.39 	131.185	8.37183
380	46.1507	118.104	130.17 	8.70483
381	46.1507	118.028	128.34 	8.84681
382	46.1507	118.099	128.34 	8.71176
383	46.1507	118.199	128.253	8.59691
384	46.1507	118.328	128.627	8.22905
385	46.1507	118.412	128.318	8.72475
386	46.1507	118.241	127.595	9.23133
387	46.1507	118.317	127.595	8.84814
388	46.1507	118.326	128.009	8.93264
389	46.1507	118.6  	128.208	7.94876
390	46.1507	118.293	127.56 	8.51058
391	46.1507	118.3  	128.176	8.70989
392	46.1507	118.459	128.176	8.30246
393	46.1507	118.101	127.919	9.21272
394	46.1507	118.315	128.174	8.84349
395	46.1507	118.327	127.866	9.07463
396	45.9711	118.706	127.866	9.09034
397	45.9711	118.723	128.355	9.00548
398	45.9711	118.451	127.997	9.36904
399	45.9711	118.57 	128.25 	9.17134
400	45.9711	118.531	128.364	8.61523
401	45.9711	118.094	129.27 	9.45784
402	45.9711	118.113	130.295	9.1538 
403	45.9711	118.157	128.394	9.6836 
404	45.9711	118.315	129.254	8.98903
405	45.9711	118.249	129.514	9.04755
406	45.9711	118.249	129.196	9.10371
407	45.9711	118.227	128.794	9.27464
408	45.9711	118.151	128.995	8.96933
409	45.9711	118.083	128.634	9.3498 
410	45.9711	118.007	128.68 	8.92325
411	45.9711	118.075	129.271	8.5664 
412	45.9711	118.171	128.456	8.65335
413	45.9711	118.143	128.28 	8.91933
414	45.9711	118.196	128.266	8.36265
415	45.9711	118.121	128.58 	8.20034
416	45.9711	118.114	128.559	8.46839
417	45.9711	118.294	128.828	8.75903
418	45.9711	118.187	128.179	8.84121
419	45.9711	117.93 	127.928	9.34251
420	45.9711	117.72 	128.673	9.33426
421	45.9711	117.732	127.928	9.23705
422	45.9711	117.763	129.11 	9.21637
423	45.9711	117.985	130.15 	8.97821
424	45.9711	117.902	128.031	8.9895 
425	45.9711	118.276	127.868	8.50432
426	45.905 	118.01 	127.66 	9.25142
427	45.905 	117.776	130.023	9.8916 
428	45.905 	117.922	129.552	9.8836 
429	45.905 	117.635	128.643	10.2959
430	45.905 	117.718	129.174	9.67054
431	45.905 	117.996	128.623	9.09717
432	45.905 	118.456	128.246	8.66004
433	45.905 	118.567	128.647	8.63026
434	45.905 	118.58 	129.169	8.28694
435	45.905 	118.5  	128.878	8.07477
436	45.905 	118.502	128.991	8.24259
437	45.905 	118.146	128.557	8.8109 
438	45.905 	118.474	130.257	8.65407
439	45.905 	118.407	129.551	9.04757
440	45.905 	118.317	128.741	8.78153
441	45.905 	118.016	127.837	8.96857
442	45.905 	118.058	128.755	8.65531
443	45.905 	118.036	128.216	9.00782
444	45.905 	117.947	128.101	9.7917 
445	45.905 	118.052	128.347	9.77287
446	45.905 	117.928	130.342	9.88341
447	45.905 	118.376	130.313	8.95479
448	45.905 	117.953	129.122	9.89758
449	45.905 	118.059	128.918	9.1896 
450	45.905 	117.943	129.087	9.608  
451	45.905 	117.499	128.981	10.8551
452	45.8373	117.683	129.25 	10.7212
453	45.8373	117.723	128.917	10.4151
454	45.8373	117.617	128.735	10.6497
455	45.8373	117.745	128.903	9.98013
456	45.8373	117.739	128.903	9.8897 
457	45.8373	117.799	128.575	9.65647
458	45.8373	117.706	128.731	9.12596
459	45.8373	117.49 	128.982	9.5566 
460	45.8373	117.761	128.841	9.60831
461	45.8373	118.058	129.275	9.57133
462	45.8373	118.205	128.871	9.21418
463	45.8373	118.34 	128.767	8.88196
464	45.8373	118.293	129.142	9.47115
465	45.8373	118.507	130.207	8.84393
466	45.8373	118.341	129.167	9.33505
467	45.8373	118.067	129.073	9.74483
468	45.8373	118.278	128.425	9.47086
469	45.8373	118.049	128.718	9.47552
470	45.8373	118.181	128.326	9.09589
471	45.8373	118.267	128.173	8.78376
472	45.8373	118.274	128.434	9.26054
473	45.8373	118.084	128.906	9.80194
474	45.8373	118.267	128.518	9.46611
475	45.8164	118.148	128.763	9.4598 
476	45.8164	118.409	128.198	8.24693
477	45.8164	118.61 	131.672	8.06688
478	45.8164	118.273	130.523	8.78779
479	45.8164	117.784	128.523	9.53652
480	45.8164	117.883	128.576	9.54132
481	45.8164	117.868	129.721	9.28016
482	45.8164	117.904	129.452	9.57929
483	45.8164	117.715	128.915	9.87532
484	45.8164	117.717	128.888	9.99292
485	45.8164	117.602	128.833	10.5187
486	45.8164	117.852	129.673	9.8453 
487	45.8164	117.933	129.31 	9.45778
488	45.8164	118.068	128.662	9.43892
489	45.8164	118.017	128.526	9.13439
490	45.8164	118.128	127.85 	9.06561
491	45.8164	118.082	129.969	8.9356 
492	45.8164	118.456	128.74 	8.59519
493	45.8164	118.507	129.139	8.60802
494	45.8164	118.374	129.005	9.11068
495	45.8164	118.369	129.346	8.33796
496	45.8164	117.964	129.346	8.82434
497	45.8164	117.966	128.995	9.55421
498	45.8164	118.319	128.995	8.8063 
499	45.8164	118.289	128.964	8.72684
40.78000001
