/usr/lib/python2.7/site-packages/deap/tools/_hypervolume/pyhv.py:33: ImportWarning: Falling back to the python version of hypervolume module. Expect this to be very slow.
  "module. Expect this to be very slow.", ImportWarning)
gen	min    	avg    	max     	std   
0  	-955.94	-918.71	-913.502	5.5357
1  	-955.94	-918.746	-913.525	5.52305
2  	-956.694	-918.731	-913.526	5.43225
3  	-958.689	-918.567	-913.522	5.2004 
4  	-958.689	-918.601	-913.526	5.4175 
5  	-958.689	-918.477	-913.526	5.53615
6  	-988.435	-918.824	-913.558	6.39437
7  	-988.435	-918.965	-913.343	7.05655
8  	-988.435	-918.863	-913.476	6.94894
9  	-988.435	-919.126	-913.479	7.32792
10 	-988.435	-919.081	-913.479	7.33809
11 	-988.435	-918.851	-913.541	7.27586
12 	-988.435	-918.62 	-913.604	6.22713
13 	-988.435	-918.737	-913.604	6.80689
14 	-989.826	-918.685	-913.494	6.95207
15 	-989.826	-918.576	-913.513	6.29324
16 	-989.826	-918.647	-913.513	6.30223
17 	-989.826	-918.817	-913.434	6.23836
18 	-989.826	-918.779	-913.511	6.21551
19 	-989.826	-918.725	-913.517	6.02544
20 	-996.706	-918.845	-913.528	6.63935
21 	-996.706	-918.746	-913.532	6.20221
22 	-996.706	-918.781	-913.544	6.2739 
23 	-996.706	-918.812	-913.544	6.56569
24 	-996.706	-919.03 	-913.515	7.63415
25 	-996.706	-918.797	-913.518	7.08356
26 	-996.706	-918.872	-913.392	6.88905
27 	-996.706	-918.956	-913.54 	7.36326
28 	-996.706	-919.145	-913.515	7.82952
29 	-996.706	-919.021	-913.119	7.30935
30 	-996.706	-918.937	-913.443	7.26792
31 	-996.706	-918.859	-913.042	6.4483 
32 	-996.706	-918.798	-913.49 	6.66597
33 	-996.706	-918.663	-913.497	6.25896
34 	-996.706	-918.824	-913.483	6.92773
35 	-996.706	-918.736	-913.452	6.16613
36 	-996.706	-918.938	-913.51 	7.09397
37 	-996.706	-918.936	-913.475	6.72761
38 	-996.706	-918.844	-913.509	6.93396
39 	-996.706	-918.861	-913.409	6.55801
40 	-996.706	-919.064	-913.522	7.18955
41 	-996.706	-919.123	-913.498	6.93463
42 	-996.706	-919.052	-913.335	7.01228
43 	-996.706	-919.124	-913.205	7.01246
44 	-996.706	-919.231	-913.467	7.26529
45 	-996.706	-918.997	-913.525	6.82059
46 	-996.706	-919.024	-913.368	6.91934
47 	-996.706	-918.978	-913.071	6.73232
48 	-996.706	-919.108	-913.214	7.50337
49 	-996.706	-919.167	-913.214	8.00296
50 	-996.706	-919.201	-913.281	7.64579
51 	-996.706	-918.848	-913.364	6.93482
52 	-996.706	-918.946	-912.766	6.96655
53 	-996.706	-919.074	-913.221	7.11561
54 	-996.706	-919.028	-913.14 	6.8655 
55 	-996.706	-918.989	-913.14 	7.23664
56 	-996.706	-918.939	-913.5  	7.24842
57 	-996.706	-918.814	-913.5  	6.80444
58 	-996.706	-918.86 	-913.033	6.70498
59 	-996.706	-919.038	-912.959	6.90462
60 	-996.706	-918.909	-913.533	6.96818
61 	-996.706	-918.709	-913.578	6.0373 
62 	-996.706	-918.793	-911.471	6.82621
63 	-996.706	-918.81 	-913.259	7.07733
64 	-996.706	-918.813	-913.163	7.04184
65 	-996.706	-918.771	-912.989	7.28139
66 	-996.706	-918.872	-913.418	7.20427
67 	-996.706	-918.732	-913.344	6.47108
68 	-996.706	-918.849	-913.42 	7.10078
69 	-996.706	-919.016	-913.463	7.12125
70 	-996.706	-918.822	-910.928	6.66693
71 	-996.706	-919.127	-912.491	7.4279 
72 	-996.706	-918.853	-912.576	6.53088
73 	-996.706	-918.895	-913.412	6.6524 
74 	-996.706	-918.852	-913.386	6.56821
75 	-996.706	-918.919	-913.386	6.93983
76 	-996.706	-918.781	-913.165	6.11105
77 	-996.706	-918.802	-912.73 	6.55086
78 	-996.706	-918.961	-913.331	7.0497 
79 	-996.706	-919.139	-912.29 	7.58433
80 	-996.706	-919.176	-912.565	7.31932
81 	-996.706	-919.203	-911.968	7.69134
82 	-996.706	-919.228	-912.732	7.79449
83 	-996.706	-919.049	-912.915	7.08778
84 	-996.706	-918.936	-912.871	7.05176
85 	-996.706	-918.944	-912.857	7.16615
86 	-996.706	-919.03 	-912.981	7.32814
87 	-996.706	-919.172	-912.909	7.98591
88 	-997.714	-919.133	-912.898	8.27003
89 	-997.714	-919.307	-912.945	8.90931
90 	-997.714	-919.058	-912.945	7.59774
91 	-997.714	-918.938	-912.945	7.35774
92 	-997.714	-918.778	-911.237	7.28168
93 	-997.714	-919.103	-911.942	8.42618
94 	-997.714	-919.048	-913.196	7.68321
95 	-997.714	-918.937	-912.655	8.06681
96 	-997.714	-919.234	-912.796	8.65595
97 	-997.714	-919.307	-912.796	8.14028
98 	-997.714	-919.161	-910.872	7.06099
99 	-997.714	-919.184	-912.587	6.83097
100	-997.714	-919.298	-909.969	7.78044
101	-997.714	-919.146	-911.544	6.88411
102	-997.714	-919.054	-912.636	7.49549
103	-997.714	-919.143	-912.636	7.41048
104	-998.108	-919.248	-912.841	8.08874
105	-998.108	-919.209	-913.093	7.87179
106	-998.108	-918.963	-913.038	6.69222
107	-998.108	-918.878	-913.319	6.79685
108	-998.108	-918.851	-913.262	6.25049
109	-998.108	-919.157	-913.159	6.8673 
110	-998.108	-919.229	-913.159	7.44567
111	-998.108	-919.231	-912.555	7.16115
112	-998.108	-919.134	-912.629	7.23849
113	-998.108	-919.246	-913.034	7.6018 
114	-998.108	-919.38 	-912.409	7.54723
115	-998.108	-919.275	-911.337	7.37174
116	-998.108	-919.489	-911.585	8.37798
117	-998.108	-919.41 	-911.586	8.12499
118	-998.108	-919.65 	-912.241	8.75189
119	-998.108	-919.423	-912.265	7.65297
120	-998.108	-919.397	-912.521	8.17207
121	-998.108	-919.224	-913.02 	7.71148
122	-998.108	-919.294	-912.511	7.83625
123	-998.108	-919.317	-912.71 	8.07854
124	-998.108	-919.424	-912.686	8.22404
125	-998.108	-919.043	-912.686	7.07055
126	-998.108	-919.243	-912.48 	7.48498
127	-998.108	-919.094	-912.716	7.05189
128	-998.108	-918.974	-912.956	6.33031
129	-998.108	-918.828	-912.588	7.15902
130	-998.108	-918.892	-912.887	7.00631
131	-998.108	-918.892	-912.657	6.83679
132	-998.108	-918.905	-912.371	6.81704
133	-998.108	-918.885	-912.474	7.15758
134	-998.108	-918.963	-911.909	6.96005
135	-998.108	-918.916	-911.56 	6.88131
136	-998.108	-918.913	-911.923	6.32851
137	-998.108	-918.928	-912.756	6.33096
138	-998.108	-918.999	-912.676	7.39633
139	-998.108	-919.108	-912.676	7.11536
140	-998.108	-918.834	-912.676	6.78436
141	-998.474	-919.072	-912.978	7.78354
142	-998.474	-919.158	-912.675	7.85683
143	-998.474	-919.262	-912.586	7.9876 
144	-998.474	-919.253	-912.534	8.15714
145	-998.474	-919.365	-912.5  	8.1549 
146	-998.474	-919.533	-912.514	9.06661
147	-998.474	-919.418	-912.573	8.78973
148	-998.474	-919.447	-912.263	8.63995
149	-998.474	-918.986	-912.263	7.51765
150	-998.474	-919.022	-912.381	7.56616
151	-998.661	-918.828	-912.405	7.15718
152	-998.661	-918.727	-912.232	7.33125
153	-998.661	-918.819	-912.327	7.1489 
154	-998.858	-919.142	-912.621	8.00841
155	-998.858	-919.12 	-912.621	7.39314
156	-998.858	-919.08 	-912.865	7.09554
157	-998.858	-918.988	-912.865	6.84572
158	-998.858	-918.969	-912.485	6.69641
159	-998.858	-919.063	-911.614	6.62177
160	-998.858	-919.059	-912.206	6.44593
161	-998.858	-919.191	-912.543	7.43054
162	-998.858	-919.268	-912.85 	7.87263
163	-998.858	-919.129	-912.729	7.34061
164	-998.858	-919.151	-912.845	7.10882
165	-998.858	-919.188	-911.745	7.50321
166	-998.858	-919.19 	-912.132	7.20848
167	-998.858	-919.091	-912.586	6.96337
168	-998.858	-919.068	-912.586	6.82048
169	-998.858	-919.187	-912.552	6.63251
170	-998.858	-918.927	-912.841	6.58342
171	-998.858	-918.763	-912.831	6.02784
172	-998.858	-918.961	-912.831	6.98479
173	-998.858	-918.987	-911.996	7.22126
174	-998.858	-918.952	-912.775	7.76829
175	-998.858	-918.931	-912.424	7.81238
176	-998.858	-919.05 	-912.536	7.45781
177	-998.858	-919.004	-912.536	7.8925 
178	-998.858	-919.057	-912.514	7.21452
179	-998.858	-918.964	-912.159	6.699  
180	-998.858	-918.991	-912.076	6.82371
181	-998.858	-918.892	-912.076	7.08763
182	-998.858	-918.834	-912.571	6.71907
183	-998.858	-919.105	-912.61 	7.56416
184	-998.906	-919.179	-912.299	7.90212
185	-998.906	-919.124	-912.179	8.02169
186	-998.906	-919.293	-912.316	8.11566
187	-998.906	-919.198	-912.316	7.97077
188	-998.946	-919.263	-912.665	7.91861
189	-998.946	-919.177	-912.677	7.9599 
190	-998.946	-919.402	-912.677	8.40746
191	-998.946	-919.202	-912.588	7.41683
192	-998.946	-919.27 	-912.488	7.77273
193	-998.946	-919.075	-911.755	7.61957
194	-998.946	-918.933	-911.941	7.36634
195	-998.946	-918.974	-912.571	7.43362
196	-998.946	-919.096	-911.987	7.90343
197	-998.946	-918.966	-911.987	7.57408
198	-998.946	-919.125	-911.987	7.73977
199	-998.946	-919.104	-911.69 	7.79745
200	-998.946	-919.054	-911.69 	6.79856
201	-998.946	-919.01 	-912.111	6.63724
202	-998.946	-918.92 	-912.682	6.59418
203	-998.946	-918.91 	-912.533	6.73752
204	-998.946	-919.086	-911.398	7.19223
205	-998.946	-919.03 	-911.639	6.90859
206	-998.946	-919.101	-911.988	7.54446
207	-998.946	-919.178	-912.475	7.86662
208	-998.946	-919.375	-910.847	8.70557
209	-998.946	-919.32 	-911.539	8.3806 
210	-998.946	-919.484	-912.046	8.78029
211	-998.946	-919.548	-911.907	8.45259
212	-998.946	-919.551	-911.506	8.30348
213	-998.946	-919.271	-910.939	7.50257
214	-998.946	-919.19 	-911.436	7.24051
215	-998.946	-919.267	-911.846	7.97097
216	-998.946	-919.43 	-911.893	8.17609
217	-998.946	-919.467	-912.121	8.2429 
218	-998.946	-919.529	-912.34 	8.5447 
219	-998.946	-919.589	-912.203	8.95736
220	-998.946	-919.217	-912.089	8.03941
221	-998.946	-919.397	-912.197	8.48092
222	-998.946	-919.411	-912.197	8.56478
223	-998.946	-919.249	-912.475	8.31188
224	-998.946	-919.086	-912.475	7.63309
225	-998.946	-919.165	-912.533	7.75705
226	-999.044	-919.273	-912.037	8.1711 
227	-999.044	-919.211	-911.2  	7.68176
228	-999.044	-919.037	-912.037	7.10484
229	-999.044	-919.272	-912.183	7.35383
230	-999.044	-919.22 	-912.183	7.17438
231	-999.044	-919.062	-912.242	6.65025
232	-999.387	-919.286	-912.529	7.53229
233	-999.387	-919.326	-912.705	7.11978
234	-999.387	-919.552	-912.705	7.82282
235	-999.387	-919.576	-912.89 	8.40931
236	-999.387	-919.344	-912.778	8.31658
237	-999.387	-919.397	-912.778	8.63607
238	-999.387	-919.489	-912.781	8.46991
239	-999.387	-919.59 	-912.783	9.05913
240	-999.387	-919.414	-912.488	8.6235 
241	-999.387	-919.321	-912.069	7.90175
242	-999.387	-919.409	-911.746	8.06894
243	-999.397	-919.337	-912.561	7.85111
244	-999.397	-919.295	-911.256	7.97328
245	-999.397	-919.136	-911.173	7.02708
246	-999.397	-919.113	-912.531	7.01268
247	-999.397	-919.337	-911.331	7.38955
248	-999.397	-919.329	-912.766	7.57992
249	-999.397	-919.534	-912.319	8.0115 
250	-999.397	-919.46 	-912.208	7.38119
251	-999.397	-919.415	-912.215	8.57977
252	-999.397	-919.223	-912.215	7.78708
253	-999.397	-919.382	-912.29 	8.21519
254	-999.397	-919.405	-912.29 	7.47438
255	-999.397	-919.401	-912.76 	7.3306 
256	-999.397	-919.432	-912.625	7.89536
257	-999.397	-919.435	-912.665	8.32538
258	-999.397	-919.302	-912.694	7.66815
259	-999.397	-919.523	-911.86 	8.50285
260	-999.397	-919.442	-912.199	8.94219
261	-999.397	-919.326	-912.467	8.54287
262	-999.397	-919.158	-912.565	7.62115
263	-999.397	-919.411	-912.243	8.42688
264	-999.397	-919.256	-912.243	7.72248
265	-999.397	-919.32 	-912.519	8.06294
266	-999.397	-919.319	-912.519	7.64872
267	-999.397	-919.159	-912.41 	7.00131
268	-999.397	-919.156	-912.41 	7.27243
269	-999.397	-919.095	-912.596	6.64579
270	-999.397	-919.352	-909.71 	7.31728
271	-999.397	-919.669	-911.864	8.03594
272	-999.397	-919.764	-911.363	8.07046
273	-999.397	-919.511	-911.329	7.61054
274	-999.397	-919.714	-912.004	8.11466
275	-999.397	-919.626	-910.714	7.72006
276	-999.397	-919.548	-911.777	7.59496
277	-999.397	-919.566	-912.302	7.75374
278	-999.397	-919.381	-912.287	7.44979
279	-999.397	-919.473	-911.73 	8.0947 
280	-999.397	-919.48 	-911.471	7.97736
281	-999.397	-919.402	-912.13 	8.03286
282	-999.397	-919.454	-912.025	8.00385
283	-999.397	-919.58 	-912.173	8.22384
284	-999.397	-919.398	-912.395	8.1532 
285	-999.397	-919.268	-911.126	8.41531
286	-999.397	-919.163	-911.899	7.00178
287	-999.397	-919.122	-912.058	7.08683
288	-999.397	-919.418	-912.006	7.69338
289	-999.397	-919.444	-912.451	8.07244
290	-999.397	-919.458	-912.036	8.6783 
291	-999.397	-919.417	-911.933	7.93956
292	-999.397	-919.354	-912.04 	7.4635 
293	-999.397	-919.612	-912.399	7.84106
294	-999.397	-919.527	-911.801	8.42046
295	-999.397	-919.321	-911.877	7.83   
296	-999.397	-919.322	-912.606	7.8051 
297	-999.397	-919.325	-912.579	8.02943
298	-999.397	-919.23 	-911.406	7.54613
299	-999.397	-919.199	-911.902	7.65465
300	-999.397	-919.329	-912.508	8.39615
301	-999.397	-919.424	-911.674	8.61324
302	-999.397	-919.599	-912.419	9.19751
303	-999.397	-919.427	-912.571	8.95016
304	-999.397	-919.66 	-912.571	9.24849
305	-999.397	-919.922	-912.21 	10.0673
306	-999.397	-919.936	-910.702	9.69888
307	-999.397	-919.802	-912.378	9.02539
308	-999.397	-919.545	-912.392	8.24984
309	-999.397	-919.361	-912.513	7.92196
310	-999.481	-919.247	-912.686	7.43109
311	-999.481	-919.29 	-912.789	7.59266
312	-999.481	-919.373	-912.686	7.71183
313	-999.481	-919.334	-911.795	7.7089 
314	-999.481	-919.216	-912.282	6.70557
315	-999.481	-919.316	-912.119	8.0412 
316	-999.481	-919.32 	-912.119	7.84013
317	-999.481	-919.223	-912.119	7.78606
318	-999.481	-919.34 	-912.03 	7.7202 
319	-999.481	-919.53 	-912.03 	7.90395
320	-999.481	-919.33 	-912.138	7.66649
321	-999.481	-919.423	-912.257	7.7334 
322	-999.481	-919.954	-912.447	8.8455 
323	-999.481	-919.785	-912.447	8.10836
324	-999.481	-920.029	-912.447	8.20391
325	-999.481	-919.826	-912.565	8.19892
326	-999.481	-919.591	-910.895	7.43221
327	-999.481	-919.822	-911.886	8.11465
328	-999.481	-919.716	-912.242	8.16067
329	-999.481	-919.717	-910.151	8.58814
330	-999.481	-919.905	-912.082	8.81295
331	-999.481	-919.645	-912.37 	8.38718
332	-999.481	-919.481	-912.37 	8.45546
333	-999.481	-919.282	-912.57 	7.67009
334	-999.481	-919.61 	-912.649	8.38833
335	-999.481	-919.557	-912.649	8.15019
336	-999.481	-919.648	-911.871	8.44497
337	-999.481	-919.437	-912.041	7.53878
338	-999.481	-919.36 	-911.965	7.11875
339	-999.481	-919.151	-911.965	7.17945
340	-999.481	-919.349	-911.96 	8.00541
341	-999.481	-919.413	-912.206	8.13578
342	-999.481	-919.395	-911.637	7.83911
343	-999.481	-919.292	-912.41 	7.38139
344	-999.481	-919.221	-912.126	6.78457
345	-999.481	-919.276	-912.51 	6.71432
346	-999.481	-919.375	-912.566	6.67408
347	-999.481	-919.626	-912.359	7.57972
348	-999.481	-919.584	-912.533	7.21071
349	-999.481	-919.419	-912.359	7.3237 
350	-999.481	-919.366	-912.252	7.30759
351	-999.481	-919.615	-912.408	8.47691
352	-999.481	-919.651	-912.272	8.67508
353	-999.5  	-919.584	-912.48 	8.73256
354	-999.5  	-919.8  	-911.995	9.18582
355	-999.5  	-919.751	-912.6  	8.94589
356	-999.5  	-919.622	-912.023	8.08745
357	-999.5  	-919.654	-912.023	8.62939
358	-999.5  	-919.805	-912.688	8.75716
359	-999.5  	-919.938	-912.382	9.0826 
360	-999.5  	-919.812	-911.722	8.78366
361	-999.5  	-919.764	-911.84 	8.97827
362	-999.5  	-919.709	-912.099	8.54872
363	-999.5  	-919.704	-912.099	8.27206
364	-999.5  	-919.658	-912.159	8.19711
365	-999.5  	-919.915	-911.828	8.58909
366	-999.5  	-919.789	-911.828	8.39342
367	-999.5  	-919.852	-911.934	8.23732
368	-999.5  	-919.906	-912.426	8.13696
369	-999.5  	-919.84 	-912.388	8.06508
370	-999.5  	-919.817	-912.388	8.46565
371	-999.5  	-919.97 	-912.388	8.65362
372	-999.5  	-919.943	-912.344	8.61779
373	-999.5  	-919.669	-912.351	7.2674 
374	-999.5  	-919.795	-912.351	8.08982
375	-999.5  	-919.926	-912.511	8.8724 
376	-999.5  	-919.872	-912.58 	9.02589
377	-999.5  	-919.932	-912.158	8.66195
378	-999.5  	-919.868	-912.569	9.07546
379	-999.5  	-919.749	-912.55 	8.39025
380	-999.5  	-919.512	-912.512	7.68851
381	-999.5  	-919.51 	-912.369	8.4848 
382	-999.5  	-919.828	-912.347	8.59187
383	-999.5  	-919.703	-912.419	8.26859
384	-999.5  	-919.512	-912.419	7.68762
385	-999.5  	-919.65 	-911.972	8.74524
386	-999.5  	-919.744	-911.966	8.46508
387	-999.533	-919.554	-911.972	8.27762
388	-999.533	-919.964	-912.304	9.17812
389	-999.533	-920.115	-912.184	9.66009
390	-999.533	-919.722	-908.964	8.86262
391	-999.533	-919.58 	-911.898	8.22606
392	-999.533	-919.258	-910.999	7.68146
393	-999.533	-919.225	-911.655	7.45234
394	-999.563	-919.202	-911.87 	7.98156
395	-999.563	-919.24 	-911.833	7.9112 
396	-999.563	-919.446	-911.768	8.56802
397	-999.563	-919.517	-911.856	8.42383
398	-999.563	-919.421	-911.888	7.88685
399	-999.563	-919.33 	-912.337	7.12899
400	-999.712	-919.517	-911.698	7.9706 
401	-999.712	-919.741	-911.719	8.82194
402	-999.712	-919.686	-911.92 	8.54204
403	-999.712	-919.508	-912.348	8.49208
404	-999.712	-919.571	-912.264	8.1222 
405	-999.712	-919.33 	-912.259	7.51589
406	-999.712	-919.457	-912.277	8.29575
407	-999.712	-919.423	-912.062	7.89757
408	-999.712	-919.652	-912.149	8.06244
409	-999.712	-919.494	-911.994	7.94526
410	-999.712	-919.522	-911.994	7.8161 
411	-999.712	-919.525	-912.082	7.33164
412	-999.712	-919.683	-911.95 	7.73325
413	-999.712	-919.763	-912.082	7.95973
414	-999.712	-919.953	-912.409	8.44645
415	-999.712	-919.732	-911.599	7.8493 
416	-999.712	-919.551	-911.839	7.24089
417	-999.712	-919.763	-912.116	8.17332
418	-999.712	-919.99 	-912.529	8.41166
419	-999.712	-920.26 	-912.007	9.73855
420	-999.712	-919.952	-912.063	8.77841
421	-999.712	-919.681	-912.299	8.18653
422	-999.712	-919.645	-912.365	8.30614
423	-999.712	-919.817	-912.494	8.25709
424	-999.712	-919.705	-912.531	8.16315
425	-999.712	-919.895	-911.396	8.85749
426	-999.712	-919.914	-912.303	8.89707
427	-999.712	-919.845	-911.68 	9.14712
428	-999.712	-919.901	-912.407	8.96268
429	-999.712	-919.991	-912.437	9.23673
430	-999.712	-920.03 	-912.536	9.41572
431	-999.712	-920    	-911.361	9.30608
432	-999.712	-920.219	-911.361	9.46536
433	-999.712	-919.999	-912.222	8.87408
434	-999.712	-919.886	-912.222	8.56834
435	-999.712	-919.935	-912.222	7.9588 
436	-999.712	-920.044	-911.378	8.72113
437	-999.712	-919.689	-911.35 	8.12169
438	-999.712	-919.9  	-912.287	8.22279
439	-999.712	-920.016	-911.748	8.42775
440	-999.712	-919.893	-911.58 	8.1778 
441	-999.712	-919.784	-912.099	7.44782
442	-999.712	-919.834	-912.317	7.76163
443	-999.712	-919.792	-912.313	7.63835
444	-999.712	-919.892	-912.637	7.72366
445	-999.712	-919.763	-912.129	7.30559
446	-999.712	-919.699	-911.134	7.63247
447	-999.712	-919.895	-912.155	8.36423
448	-999.712	-919.78 	-912.091	7.78364
449	-999.712	-919.812	-912.091	8.61539
450	-999.712	-919.754	-911.484	8.52495
451	-999.712	-919.91 	-911.484	8.63604
452	-999.712	-919.967	-911.615	8.49069
453	-999.712	-919.922	-911.243	8.78941
454	-999.712	-919.953	-911.61 	8.83299
455	-999.712	-920.147	-911.639	8.93348
456	-999.712	-920.284	-910.741	9.47417
457	-999.712	-920.431	-910.847	9.96925
458	-999.712	-920.382	-911.218	9.97826
459	-999.712	-920.016	-910.969	9.13788
460	-999.712	-920.004	-911.676	8.66064
461	-999.712	-920.006	-911.649	8.65522
462	-999.712	-919.869	-911.772	8.70849
463	-999.771	-919.998	-911.586	8.64746
464	-999.771	-919.989	-911.9  	8.49762
465	-999.771	-920.032	-911.9  	8.6095 
466	-999.771	-920.153	-911.907	8.64481
467	-999.771	-920.266	-911.972	8.46533
468	-999.771	-920.383	-911.922	9.42079
469	-999.771	-920.438	-912.531	9.28605
470	-999.771	-920.317	-910.064	9.38325
471	-999.771	-920.06 	-911.963	8.55258
472	-999.771	-920.223	-912.519	8.90281
473	-999.771	-920.216	-912.616	8.59699
474	-999.771	-919.81 	-912.411	7.66148
475	-999.771	-920.071	-912.426	8.71804
476	-999.771	-920.594	-912.426	9.66646
477	-999.771	-920.413	-912.184	8.95518
478	-999.771	-920.284	-911.629	8.86849
479	-999.771	-920.34 	-911.629	8.78911
480	-999.771	-920.462	-911.647	9.23176
481	-999.771	-920.397	-911.647	8.83672
482	-999.771	-920.313	-911.951	8.6713 
483	-999.771	-920.275	-911.964	9.09336
484	-999.771	-920.295	-911.976	8.7974 
485	-999.771	-920.319	-911.892	8.98455
486	-999.771	-920.161	-912.161	8.77475
487	-999.771	-920.172	-912.541	8.90672
488	-999.771	-920.219	-912.448	9.4526 
489	-999.771	-920.15 	-912.487	8.77461
490	-999.771	-920.313	-912.416	8.90865
491	-999.771	-920.287	-912.382	9.0203 
492	-999.771	-920.165	-911.578	9.10829
493	-999.771	-920.163	-911.578	9.18937
494	-999.771	-920.102	-911.907	9.10512
495	-999.771	-919.974	-911.907	9.2097 
496	-999.771	-920.03 	-912.011	9.07677
497	-999.771	-920.326	-912.011	9.5592 
498	-999.771	-920.249	-912.011	9.32956
499	-999.771	-919.848	-912.097	8.88757
-999.99999999
