/usr/lib/python2.7/site-packages/deap/tools/_hypervolume/pyhv.py:33: ImportWarning: Falling back to the python version of hypervolume module. Expect this to be very slow.
  "module. Expect this to be very slow.", ImportWarning)
gen	min    	avg    	max    	std    
0  	9.96143	23.1956	44.9455	6.70698
1  	9.96143	23.2063	44.017 	6.53041
2  	9.96143	23.1617	44.017 	6.51965
3  	8.74715	22.9874	43.9712	6.46238
4  	8.458  	22.8436	42.5406	6.32373
5  	8.458  	22.9007	44.547 	6.45935
6  	8.458  	23.1791	43.2746	6.50646
7  	8.458  	23.1957	43.2746	6.65215
8  	8.458  	23.0843	43.1969	6.55094
9  	8.458  	22.9799	42.6944	6.64652
10 	8.458  	22.9191	42.1158	6.64763
11 	8.458  	22.6986	43.709 	6.59976
12 	8.458  	22.8561	43.0404	6.51234
13 	8.458  	22.7953	42.5453	6.51065
14 	8.458  	22.9805	42.5146	6.69983
15 	8.458  	22.735 	41.4082	6.59103
16 	8.458  	22.7254	43.3473	6.47575
17 	8.458  	22.8737	42.9607	6.68334
18 	8.458  	22.868 	42.9607	6.4464 
19 	8.458  	22.8273	44.7376	6.46753
20 	8.458  	22.7616	43.5951	6.23811
21 	8.458  	22.628 	42.0762	6.27423
22 	8.458  	22.9681	41.659 	6.71688
23 	8.458  	22.9622	43.8263	7.18245
24 	8.458  	22.8583	43.6005	6.7942 
25 	8.458  	22.6857	44.9352	6.69092
26 	8.458  	22.9125	43.7284	6.51147
27 	8.458  	23.2454	43.8541	6.4124 
28 	8.458  	23.2728	45.4324	6.53189
29 	8.458  	23.4788	45.9043	6.69236
30 	8.458  	23.7284	45.9043	6.7184 
31 	8.458  	23.5434	45.0198	6.56876
32 	8.458  	23.3918	46.0209	6.78891
33 	8.458  	23.4   	45.5279	7.09154
34 	8.458  	22.7496	44.4987	6.6409 
35 	8.458  	22.8651	43.401 	6.6548 
36 	8.458  	23.23  	43.8638	6.81286
37 	8.458  	23.1091	43.8638	6.67341
38 	8.458  	23.2761	43.8638	6.73163
39 	8.458  	23.1564	43.1026	6.50595
40 	8.458  	23.0014	41.841 	6.66148
41 	8.458  	22.8082	44.7914	6.71098
42 	8.458  	22.7063	43.4154	6.37544
43 	8.458  	22.8966	43.8125	6.54897
44 	8.458  	22.8598	43.8125	6.68522
45 	8.458  	23.2036	43.8125	6.57999
46 	8.458  	22.8129	43.8262	6.75985
47 	8.458  	23.1592	44.0237	6.54637
48 	8.458  	23.2986	43.4746	6.65363
49 	8.458  	22.9787	46.7367	6.55491
50 	8.458  	23.1371	42.3956	6.72443
51 	8.458  	23.1659	40.3386	6.64657
52 	8.458  	23.5596	42.5491	7.09076
53 	8.458  	23.347 	42.7832	6.68387
54 	8.458  	23.0584	43.2536	6.60784
55 	8.458  	22.9658	44.1299	6.50765
56 	8.458  	23.105 	44.1299	6.75139
57 	8.458  	23.1954	44.1299	6.76339
58 	8.458  	23.6346	44.8229	6.89443
59 	8.458  	23.2097	44.0414	6.62295
60 	8.458  	22.9798	43.9129	6.70839
61 	8.458  	23.1532	42.3881	6.49443
62 	8.458  	23.0216	44.7127	6.63608
63 	8.458  	22.8087	45.9313	6.90245
64 	8.458  	22.9504	45.0378	6.78133
65 	8.458  	23.2052	43.9447	6.59351
66 	8.458  	23.4059	43.7922	6.53439
67 	8.458  	23.0738	42.7155	6.46473
68 	8.458  	23.1091	45.8014	6.68618
69 	8.458  	23.1027	42.0969	6.42872
70 	8.458  	23.1502	43.8658	6.65369
71 	8.458  	23.1326	45.2718	6.55798
72 	8.458  	22.9746	42.8672	6.60384
73 	8.458  	22.9702	41.5672	6.52435
74 	8.458  	23.0344	42.6663	6.65499
75 	8.458  	23.0308	42.6336	6.69386
76 	8.458  	23.0446	44.4912	6.80733
77 	8.458  	22.8728	43.0703	6.52521
78 	8.458  	23.1659	44.171 	6.42288
79 	8.03838	22.9147	42.8492	6.71766
80 	8.03838	22.9559	43.1705	6.66017
81 	8.03838	23.1064	44.6402	6.68619
82 	8.03838	23.2814	42.9743	6.68894
83 	8.03838	23.3238	42.9743	6.84869
84 	8.03838	23.1578	43.7577	6.66953
85 	8.03838	23.0541	41.7945	6.60467
86 	8.03838	23.0844	46.1814	6.91101
87 	8.03838	23.3324	46.1814	6.87314
88 	8.03838	23.4255	45.2758	6.96789
89 	8.03838	23.097 	44.2597	6.69911
90 	8.03838	22.8097	47.4539	6.73058
91 	8.03838	22.8422	43.3666	6.67399
92 	8.03838	22.5995	42.504 	6.46871
93 	8.03838	22.8232	45.216 	6.77043
94 	8.03838	22.5564	42.1483	6.64172
95 	8.03838	22.8473	42.065 	6.28326
96 	8.03838	23.183 	44.1732	6.70656
97 	8.03838	23.119 	44.1493	6.57894
98 	8.03838	23.3248	44.1493	6.53828
99 	8.03838	23.2384	44.1493	6.78729
100	8.03838	23.3651	44.061 	6.83166
101	8.03838	23.0341	43.7686	6.59955
102	8.03838	22.9156	44.4207	6.50418
103	8.03838	23.1749	43.9136	6.49086
104	8.03838	23.419 	43.7654	6.72459
105	8.03838	23.6159	44.2907	6.52073
106	8.03838	23.1527	43.9186	6.57518
107	8.03838	23.3256	43.9186	6.77273
108	8.03838	23.0668	43.9186	6.66593
109	8.03838	22.9009	42.304 	6.47328
110	8.03838	23.3159	43.7325	6.80213
111	8.03838	22.9982	43.432 	6.89984
112	8.03838	23.0638	41.3389	6.73979
113	8.03838	22.8962	42.0053	6.75966
114	8.03838	22.7482	42.7642	6.78649
115	8.03838	23.036 	43.6974	6.47642
116	8.03838	23.0868	43.6974	6.43215
117	8.03838	23.1989	43.1601	6.6868 
118	8.03838	23.0239	40.3136	6.49393
119	8.03838	23.366 	43.5114	6.74697
120	8.03838	23.5554	43.5114	6.68298
121	8.03838	23.4634	43.5114	6.6183 
122	8.03838	23.5277	43.5114	6.68878
123	8.03838	23.0308	43.5114	6.60461
124	8.03838	23.2961	43.9338	6.39023
125	8.03838	23.1242	43.1074	6.52393
126	8.03838	23.1932	42.5796	6.74294
127	8.03838	22.9211	41.873 	6.61257
128	8.03838	22.897 	41.6497	6.52692
129	8.03838	22.6817	45.4444	6.47235
130	8.03838	22.935 	41.7396	6.67004
131	8.03838	22.9811	44.7272	6.70509
132	8.03838	23.0898	45.0108	6.78891
133	8.03838	22.9409	43.2854	6.58914
134	8.03838	23.2659	42.912 	6.97802
135	8.03838	23.3908	45.1962	6.91234
136	8.03838	23.387 	44.2569	6.54114
137	8.03838	23.0589	43.0609	6.43232
138	8.03838	22.782 	43.4462	6.48135
139	8.03838	23.3398	43.4462	6.72738
140	8.03838	23.2536	45.0658	6.83825
141	8.03838	23.4071	45.0189	6.66372
142	8.03838	23.5032	44.0722	6.77208
143	8.03838	23.4894	47.1281	6.87593
144	8.03838	23.2137	45.0116	6.80507
145	8.03838	22.9031	45.0116	6.76977
146	8.03838	23.2018	44.3346	6.53232
147	8.03838	23.3853	44.7375	6.6838 
148	8.03838	23.2313	43.7337	6.59038
149	8.03838	23.7438	43.3235	6.74715
150	8.03838	23.2364	43.0872	6.82573
151	8.03838	23.2626	42.4894	6.71969
152	8.03838	23.304 	42.8425	6.92214
153	8.03838	23.639 	46.3609	6.81495
154	8.03838	23.6465	46.3609	6.88124
155	8.03838	23.5986	46.3609	6.80171
156	8.03838	23.6969	46.7974	6.88046
157	8.03838	23.6734	46.7974	6.66163
158	8.03838	23.6531	45.6563	6.59049
159	8.03838	23.3972	42.8862	6.44225
160	8.03838	23.2823	45.0984	6.58006
161	8.03838	22.8972	46.0059	6.50682
162	8.03838	22.9242	41.6   	6.64593
163	8.03838	23.1504	45.0714	6.61761
164	8.03838	23.0842	44.3933	6.6088 
165	8.03838	23.2058	44.3933	6.80496
166	8.03838	23.2445	44.0874	6.57991
167	8.03838	22.9348	44.0874	6.45144
168	8.03838	23.2679	41.9619	6.60933
169	8.03838	23.4525	42.6919	6.74004
170	8.03838	23.3286	42.26  	6.66763
171	8.03838	23.2629	42.8747	6.53634
172	8.03838	23.7935	44.0867	6.95316
173	8.03838	23.4951	44.2138	6.8978 
174	8.03838	23.3996	44.2138	6.84725
175	8.03838	23.492 	41.7437	6.84871
176	8.03838	23.6352	42.4134	6.66289
177	8.03838	23.5987	48.1196	6.63441
178	8.03838	23.1774	45.4678	6.85612
179	8.03838	23.213 	46.3594	6.92974
180	8.03838	22.9242	44.6794	6.89028
181	8.03838	23.1954	44.3345	6.92526
182	8.03838	23.1365	44.3345	6.82513
183	8.03838	23.4972	43.2422	6.73427
184	8.03838	23.135 	42.7989	6.51154
185	8.03838	23.221 	42.4398	6.75642
186	8.03838	23.213 	44.2185	6.64079
187	8.03838	23.6813	43.8326	6.70681
188	8.03838	23.0749	44.3336	6.68672
189	8.03838	23.2039	44.3336	6.7055 
190	8.03838	23.6359	43.9907	6.84734
191	8.03838	23.7723	43.6867	6.91543
192	8.03838	23.6046	43.6139	6.89616
193	8.03838	23.5613	42.4766	6.53864
194	8.03838	23.5255	45.5846	6.58895
195	8.03838	23.1108	43.2403	6.63755
196	8.03838	23.1705	44.2065	6.72984
197	8.03838	23.7771	44.5266	6.89002
198	8.03838	23.5196	45.0426	6.91502
199	8.03838	23.6377	42.2354	6.75072
200	8.03838	23.3433	45.5251	6.87393
201	8.03838	23.4585	43.2392	7.05809
202	8.03838	23.4104	43.4579	6.8647 
203	8.03838	23.4118	44.3669	6.5995 
204	8.03838	23.3611	44.2308	6.65081
205	8.03838	23.0853	43.2499	6.57183
206	8.03838	23.2705	43.5274	6.53151
207	8.03838	23.395 	46.3402	6.7171 
208	8.03838	23.347 	42.3548	6.67836
209	8.03838	23.179 	41.9392	6.64431
210	8.03838	23.3182	42.0232	6.50458
211	8.03838	23.2965	41.8478	6.61297
212	8.03838	23.8846	46.3329	6.86937
213	8.03838	23.3823	45.4335	6.92909
214	8.03838	23.8063	42.4855	6.89274
215	8.03838	23.6388	45.9462	6.90665
216	8.03838	23.7153	43.8565	7.01267
217	8.03838	23.3831	43.9381	6.80885
218	8.03838	23.4364	43.9381	6.52613
219	8.03838	23.6699	44.8316	6.85393
220	8.03838	23.3614	44.017 	6.60713
221	8.03838	23.2511	41.9664	6.42616
222	8.03838	23.651 	47.5554	6.49271
223	8.03838	23.6752	43.3196	6.51067
224	8.03838	23.6976	46.9929	6.79329
225	8.03838	23.6771	45.0216	6.91604
226	8.03838	23.7265	46.7659	6.76967
227	8.03838	23.2178	45.0295	6.65497
228	8.03838	23.4   	49.8016	6.77099
229	8.03838	23.2107	44.3888	6.81999
230	8.03838	23.2956	46.4033	6.90299
231	8.03838	23.6233	45.6476	7.03771
232	8.03838	23.7704	46.6124	7.0289 
233	8.03838	23.6727	45.493 	6.96465
234	8.03838	23.6633	43.5641	6.97852
235	8.03838	23.6599	43.5641	6.74754
236	8.03838	23.8213	43.5641	6.629  
237	8.03838	23.6367	42.8655	6.44177
238	8.03838	23.3934	46.9852	6.84811
239	8.03838	23.523 	44.7244	6.54351
240	8.03838	23.4664	46.579 	6.63504
241	8.03838	23.5494	44.5817	6.68228
242	8.03838	23.4691	43.6574	6.88483
243	8.03838	23.1734	43.2753	6.63449
244	8.03838	23.5095	42.0239	6.65707
245	8.03838	23.197 	44.355 	6.60835
246	8.03838	23.2644	46.3266	6.71837
247	8.03838	23.4552	44.7587	6.79501
248	8.03838	23.5327	42.1707	6.4909 
249	8.03838	23.6822	44.4375	6.70942
250	8.03838	23.9852	44.3697	6.99066
251	8.03838	23.6723	43.626 	6.84447
252	8.03838	23.7412	42.7839	6.55041
253	8.03838	23.4195	41.4592	6.65898
254	8.03838	23.3131	45.4792	6.7678 
255	8.03838	23.3402	45.5968	6.70977
256	8.03838	23.3967	45.4792	6.61318
257	8.03838	23.3956	44.2471	6.63218
258	8.03838	23.2819	42.7776	6.56261
259	8.03838	23.5783	43.7226	6.83753
260	8.03838	23.5637	40.9666	6.3983 
261	8.03838	23.1108	45.7978	6.35747
262	8.03838	23.4323	45.7978	6.64624
263	8.03838	23.1269	43.6596	6.69042
264	8.03838	23.1346	44.0524	6.52461
265	8.03838	23.4159	44.7891	6.58772
266	8.03838	23.1314	43.5777	6.48843
267	8.03838	23.5544	42.7849	6.71874
268	8.03838	23.4139	46.436 	6.93526
269	8.03838	23.6968	44.1181	7.14315
270	8.03838	23.2273	44.1181	6.83336
271	8.03838	23.4128	43.5007	6.70414
272	8.03838	23.443 	43.5007	6.58268
273	8.03838	23.4693	41.4538	6.63078
274	8.03838	23.6199	44.2584	6.70123
275	8.03838	23.5321	45.0041	6.89728
276	8.03838	23.5014	43.4442	6.71194
277	7.72395	23.4853	43.4442	6.8131 
278	7.72395	23.335 	43.4524	6.76226
279	7.72395	23.2944	46.6613	6.87563
280	7.72395	23.407 	43.4524	6.81642
281	7.72395	23.0466	43.4524	6.53725
282	7.72395	23.081 	43.4524	6.61921
283	7.72395	22.9502	43.0287	6.62831
284	7.72395	23.3934	45.8569	6.99996
285	7.72395	23.2017	45.822 	6.92242
286	7.72395	22.8685	45.6365	6.58619
287	7.72395	23.4109	45.3526	6.93894
288	7.72395	23.4612	43.0258	6.68379
289	7.72395	23.3153	45.3634	6.76719
290	7.72395	23.1271	45.3634	6.73826
291	7.72395	23.0715	43.7906	6.78742
292	7.72395	23.6335	45.707 	6.76299
293	7.72395	23.5537	45.6787	6.82286
294	7.72395	23.9362	45.6787	6.7924 
295	7.72395	23.6667	45.297 	6.59999
296	7.72395	23.3189	44.8681	6.65595
297	7.72395	23.3949	44.8552	6.57793
298	7.72395	23.4763	43.6712	6.57512
299	7.72395	23.5012	44.3483	6.80756
300	7.72395	23.6463	43.81  	6.84487
301	7.72395	23.6802	43.8372	6.77361
302	7.72395	23.8512	41.7076	6.53488
303	7.72395	23.8129	44.3934	6.57853
304	7.72395	23.594 	48.5534	6.85942
305	7.72395	23.2544	43.9615	6.64923
306	7.72395	23.4926	43.7116	6.70824
307	7.72395	23.2944	45.3452	6.86573
308	7.72395	22.8271	42.9607	6.30978
309	7.72395	23.4122	45.8224	6.66247
310	7.72395	23.6453	44.2438	7.16193
311	7.72395	23.6436	44.2438	7.01578
312	7.72395	23.4511	43.6153	7.02966
313	7.70152	23.0484	43.6153	6.7744 
314	7.70152	23.1743	43.4627	6.54894
315	7.70152	23.5102	41.7378	6.73265
316	7.70152	23.4955	41.7378	6.54218
317	7.70152	23.4922	42.5528	6.52432
318	7.70152	23.7167	44.6629	6.54657
319	7.70152	23.7677	49.8851	6.66651
320	7.70152	23.9495	43.4148	6.68446
321	7.70152	23.5324	44.3229	6.6325 
322	7.70152	23.3482	43.4148	6.51388
323	7.70152	23.6579	45.3347	6.59799
324	7.70152	23.6714	46.2085	6.61659
325	7.70152	23.4596	47.0485	6.81542
326	7.70152	23.4615	45.4385	6.74163
327	7.70152	23.4595	45.6236	7.00609
328	7.70152	23.2791	43.2507	6.9237 
329	7.70152	23.4232	45.7679	6.71972
330	7.70152	23.2922	44.9849	6.66571
331	7.70152	23.5278	44.5986	6.63705
332	7.70152	23.2529	41.0657	6.60629
333	7.70152	23.4722	43.2371	6.45015
334	7.70152	23.534 	43.3338	6.63573
335	7.70152	23.4338	43.2371	6.90182
336	7.70152	23.152 	42.9669	6.70671
337	7.70152	23.108 	44.2395	6.53849
338	7.70152	23.3127	44.5255	6.69548
339	7.70152	23.4355	46.6595	6.67001
340	7.70152	23.5784	45.3064	6.77447
341	7.70152	23.5539	45.3064	6.53799
342	7.70152	23.7813	44.2964	6.54875
343	7.70152	23.4979	44.5993	6.91693
344	7.70152	23.7546	43.6149	6.85484
345	7.70152	23.5088	45.0577	6.68763
346	7.70152	23.4874	46.357 	6.8647 
347	7.70152	23.6596	46.0715	6.68075
348	7.70152	23.4727	42.8262	6.78617
349	7.70152	23.4049	43.5272	6.58383
350	7.70152	23.5854	42.2104	6.5871 
351	7.70152	23.6042	43.9656	6.69382
352	7.70152	23.5239	41.7953	6.6862 
353	7.70152	23.5876	42.9948	6.67872
354	7.70152	23.6429	42.9948	6.64732
355	7.70152	23.7022	45.5743	6.85974
356	7.70152	23.5151	46.347 	7.04031
357	7.70152	23.4792	44.8725	6.77447
358	7.70152	23.3473	44.8725	6.87535
359	7.70152	23.3338	44.9187	6.74366
360	7.70152	22.6656	44.9187	6.46314
361	7.70152	23.0295	40.3202	6.5255 
362	7.70152	23.4277	41.7942	6.65411
363	7.70152	23.4464	41.1784	6.76447
364	7.70152	23.2154	41.5233	6.83442
365	7.70152	23.7681	45.5835	6.94389
366	7.70152	24.0494	45.5835	6.83356
367	7.70152	23.5126	45.5835	6.84698
368	7.70152	23.2052	44.3707	6.62409
369	7.70152	23.0364	44.5543	6.51389
370	7.70152	23.5478	44.5543	6.71184
371	7.70152	23.3751	41.8467	6.43028
372	7.70152	23.627 	43.5726	6.43247
373	7.70152	23.8193	43.5726	6.72768
374	7.70152	23.704 	46.5491	6.73963
375	7.70152	23.5889	46.5491	6.55151
376	7.70152	23.4848	42.5817	6.5933 
377	7.70152	23.7269	44.1841	6.54484
378	7.70152	23.5619	46.7154	6.58356
379	7.70152	23.4995	43.2259	6.67781
380	7.70152	23.5969	43.2259	6.79146
381	7.70152	23.9125	42.7241	6.74656
382	7.70152	23.8442	45.3584	6.70664
383	7.70152	23.6474	42.9943	6.45149
384	7.70152	23.674 	44.6682	6.78589
385	7.70152	23.2425	43.7609	6.60539
386	7.70152	23.7391	42.3452	6.72342
387	7.70152	23.6538	43.5041	6.92884
388	7.70152	23.5661	47.6686	6.74839
389	7.70152	23.9539	44.271 	6.77876
390	7.70152	24.2839	45.8863	7.14038
391	7.70152	24.4992	46.7887	7.19629
392	7.70152	24.3676	43.8293	7.02157
393	7.70152	24.0145	43.2155	6.8094 
394	7.70152	23.9375	43.3448	6.77702
395	7.70152	23.5146	48.5779	6.56698
396	7.70152	23.4408	46.778 	6.65983
397	7.70152	23.8373	44.6277	6.61912
398	7.70152	23.792 	43.632 	6.79403
399	7.70152	23.7011	47.7458	6.98421
400	7.70152	23.4476	43.9737	6.86373
401	7.70152	23.7283	43.9874	6.96145
402	7.70152	23.665 	47.3723	6.95095
403	7.70152	23.6172	44.4559	6.71637
404	7.70152	23.755 	44.2105	6.6742 
405	7.70152	23.9238	45.5207	7.03928
406	7.70152	23.8803	44.6039	6.87117
407	7.70152	23.4302	45.5555	6.84992
408	7.70152	23.8249	45.5555	6.84309
409	7.70152	23.7272	45.031 	6.84168
410	7.70152	23.7456	45.031 	6.87925
411	7.70152	23.5259	44.9588	6.78545
412	7.70152	23.5024	43.9273	6.7945 
413	7.70152	23.411 	44.8758	6.68706
414	7.70152	23.7331	45.4327	6.74602
415	7.70152	23.7361	46.2966	6.85009
416	7.70152	23.8601	49.0257	6.98369
417	7.70152	23.904 	46.2966	7.16131
418	7.70152	23.6502	43.8762	6.79166
419	7.70152	23.7604	43.0825	6.81876
420	7.70152	23.916 	45.2365	7.09719
421	7.70152	23.9308	47.406 	6.89139
422	7.70152	23.8875	44.4308	6.75449
423	7.70152	23.6666	44.2236	6.85691
424	7.70152	23.5657	46.685 	6.80599
425	7.70152	23.4401	45.9552	6.67108
426	7.70152	23.5939	44.2564	6.70428
427	7.70152	23.3363	42.8293	6.44535
428	7.70152	23.4295	47.5281	6.69066
429	7.70152	23.4251	43.7751	6.56765
430	7.70152	23.7015	44.2953	6.68163
431	7.70152	24.0642	43.7679	6.94205
432	7.70152	23.8919	43.7679	6.71576
433	7.70152	24.1916	44.2304	6.72721
434	7.70152	23.6958	44.2304	6.72326
435	7.70152	23.99  	44.6308	6.88913
436	7.70152	23.8372	45.3302	6.88878
437	7.70152	23.4567	45.5151	6.8335 
438	7.70152	24.1896	45.7172	7.09151
439	7.70152	23.4645	43.998 	6.66182
440	7.70152	23.9174	43.998 	6.64362
441	7.70152	24.0872	48.2377	6.84996
442	7.70152	24.111 	46.4594	6.91998
443	7.70152	24.3171	48.3877	7.19574
444	7.70152	24.3013	47.4555	6.92493
445	7.70152	23.8968	44.9276	6.85084
446	7.70152	23.7661	44.9276	6.6835 
447	7.70152	23.7145	44.8014	6.66047
448	7.70152	23.8749	48.0878	6.78072
449	7.70152	23.8456	44.6984	6.78616
450	7.70152	23.669 	44.6984	6.84527
451	7.70152	23.5256	44.0035	6.65241
452	7.70152	23.5288	44.0035	6.68308
453	7.70152	23.5134	45.8394	6.69214
454	7.70152	23.4699	44.5825	6.82741
455	7.70152	23.7174	43.6863	6.72616
456	7.70152	23.4707	42.3246	6.58172
457	7.70152	23.6444	43.5761	6.78879
458	7.70152	23.6018	49.0154	7.05045
459	7.70152	23.4016	48.1626	6.94361
460	7.70152	23.5642	48.1626	7.05663
461	7.70152	24.0527	48.1626	6.87752
462	7.70152	23.9619	46.548 	6.91326
463	7.70152	23.9124	46.4847	6.92351
464	7.70152	23.8468	49.4986	6.94151
465	7.70152	23.8854	49.1097	6.83727
466	7.70152	23.6133	47.0343	6.84538
467	7.70152	23.8274	42.3726	6.58151
468	7.70152	23.664 	45.353 	6.89013
469	7.70152	23.7833	45.3596	6.68872
470	7.70152	23.8468	42.6315	6.8601 
471	7.70152	24.114 	45.339 	6.99772
472	7.70152	23.7689	45.339 	6.71727
473	7.70152	23.3926	45.2265	6.65962
474	7.70152	23.5841	42.9196	6.73312
475	7.70152	23.7077	45.832 	6.93926
476	7.70152	23.6676	44.7754	6.80815
477	7.70152	23.7667	47.0966	6.90321
478	7.70152	23.7902	48.1372	6.94483
479	7.70152	24.1517	47.0966	6.82228
480	7.70152	24.0682	47.0966	7.07211
481	7.70152	24.0498	47.0966	6.85879
482	7.70152	23.8321	46.6884	6.90027
483	7.70152	23.5061	43.48  	6.82719
484	7.70152	23.772 	43.4125	6.76259
485	7.70152	24.0124	48.4384	6.93928
486	7.70152	24.1586	43.751 	6.75459
487	7.70152	24.1286	46.0487	6.62856
488	7.70152	23.9012	43.8612	6.76785
489	7.70152	23.5188	45.245 	6.73964
490	7.70152	23.9708	47.1102	6.81231
491	7.70152	24.1083	47.1102	6.86005
492	7.70152	24.1044	46.7198	6.9651 
493	7.70152	23.6023	44.2545	6.67167
494	7.70152	23.9203	43.5555	7.01806
495	7.70152	24.2199	45.0052	7.03097
496	7.70152	23.6303	45.0052	6.7091 
497	7.70152	23.2767	45.0052	6.6013 
498	7.70152	23.614 	47.283 	6.92718
499	7.70152	23.8013	46.1945	6.69628
6.87000001
