/usr/lib/python2.7/site-packages/deap/tools/_hypervolume/pyhv.py:33: ImportWarning: Falling back to the python version of hypervolume module. Expect this to be very slow.
  "module. Expect this to be very slow.", ImportWarning)
gen	min    	avg    	max    	std    
0  	227.388	385.485	1666.44	82.6703
1  	227.388	388.372	1667.2 	89.3411
2  	227.388	389.08 	1667.2 	95.6561
3  	224.624	396.508	3380.3 	165.309
4  	219.864	395.921	3394.66	164.715
5  	219.864	390.376	2536.89	125.595
6  	182.724	404.04 	6611.53	304.904
7  	182.724	395.926	5215.49	210.893
8  	182.724	395.177	5166.39	210.178
9  	182.724	391.221	2488.63	126.957
10 	182.724	389.304	1712.08	100.409
11 	182.724	386.998	1353.92	89.604 
12 	182.724	386.903	1341.63	84.5938
13 	182.724	389.41 	1796.96	104.375
14 	182.724	390.299	1753.72	107.803
15 	182.724	391.473	1753.72	111.811
16 	182.724	391.592	1413.23	100.123
17 	182.724	391.284	1375.67	98.107 
18 	182.724	391.539	1371.8 	91.6174
19 	182.724	391.284	1369.37	92.6061
20 	182.724	388.098	1341.93	88.93  
21 	182.724	389.264	1339.29	89.9546
22 	182.724	388.137	1339.29	90.7995
23 	182.724	387.914	1211.42	83.4508
24 	182.724	387.589	1114.85	75.93  
25 	182.724	390.076	1226.94	84.4848
26 	182.724	390.682	1185.57	85.3026
27 	182.724	392.322	1798.97	99.8498
28 	182.724	391.417	1173.03	91.7512
29 	182.724	396.987	6063.03	221.152
30 	182.724	396.267	4103.58	160.771
31 	182.724	395.76 	4057.8 	158.657
32 	182.724	400.85 	4082.86	195.065
33 	182.724	403.479	4082.86	220.45 
34 	182.724	399.594	3552.25	179.184
35 	182.724	395.903	3273.77	140.755
36 	182.724	396.664	2129.49	115.763
37 	182.724	394.987	1205.31	100.334
38 	182.724	397.208	3046.22	138.617
39 	182.724	396.578	3005.93	138.634
40 	182.724	398.533	3005.93	138.659
41 	182.724	399.761	3039.38	152.566
42 	182.724	399.333	2192.08	130.719
43 	182.724	410.515	6229.21	252.208
44 	182.724	409.783	6199.2 	249.773
45 	182.724	400.627	2186.9 	142.974
46 	182.724	402.004	2082.23	140.025
47 	182.724	400.485	2007.89	125.462
48 	182.724	399.289	2007.89	124.94 
49 	182.724	399.936	2007.89	124.105
50 	182.724	399.5  	2007.89	126.642
51 	182.724	397.278	1594.28	111.233
52 	182.724	397.951	1543.75	108.418
53 	182.724	402.896	3129.48	160.121
54 	182.724	404.792	3189.91	163.893
55 	182.724	407.694	3189.91	190.397
56 	182.724	414.116	3189.91	205.599
57 	182.724	411.506	2937.99	186.876
58 	182.724	454.174	19103.7	786.41 
59 	182.724	475.186	19103.7	982.746
60 	182.724	453.468	17079.3	730.101
61 	182.26 	433.104	9073.94	430.72 
62 	182.26 	427.355	6962.84	346.783
63 	182.26 	428.302	6962.84	349.151
64 	182.26 	423.357	5456.47	300.834
65 	182.26 	428.218	5438.69	310.831
66 	182.26 	426.439	4614.98	278.074
67 	182.26 	433.476	4770.44	317.299
68 	182.26 	450.306	5219.21	392.334
69 	182.26 	465.496	9804.35	529.163
70 	182.26 	479.172	9804.35	628.823
71 	182.26 	488.361	9898.67	672.073
72 	182.26 	507.335	14767.4	839.294
73 	182.26 	506.235	13432.5	810.715
74 	182.26 	492.553	9877.58	675.151
75 	182.26 	481.591	9781.12	587.465
76 	182.26 	475.043	9827.24	570.86 
77 	182.26 	465.453	7034.82	472.466
78 	182.26 	466.855	5791.17	474.357
79 	182.26 	466.256	5851.14	476.173
80 	182.26 	460.371	5212.31	437.513
81 	182.26 	460.237	4848.65	425.378
82 	182.26 	464.106	4896.2 	430.126
83 	182.26 	460.903	4359.46	404.234
84 	182.26 	456.803	4057.71	376.826
85 	182.26 	477.339	6315.88	507.435
86 	182.26 	486.451	6289.83	525.464
87 	182.26 	485.757	6391.33	526.93 
88 	182.26 	489.222	6398.79	536.767
89 	182.26 	485.293	6133.98	499.256
90 	182.26 	480.927	5509.23	467.655
91 	182.26 	500.216	10228.9	598.993
92 	182.26 	502.514	8301.47	583.032
93 	182.26 	490.923	5487.07	511.394
94 	182.26 	493.199	5487.07	518.911
95 	182.26 	520.968	23497.6	961.181
96 	182.26 	491.278	5532.14	513.907
97 	182.26 	491.9  	5384.32	506.575
98 	182.26 	486.111	4820.24	473.677
99 	182.26 	482.692	4541.72	446.724
100	182.26 	505.019	12446.8	660.042
101	182.26 	497.568	7333.66	551.538
102	182.26 	497.069	6514.34	520.866
103	182.26 	496.033	4697.32	490.289
104	182.26 	506.878	6052.3 	547.41 
105	182.26 	510.17 	6204.55	562.976
106	182.26 	509.094	6204.55	561.157
107	182.26 	516.33 	6204.55	578.558
108	182.26 	509.494	6044.95	558.583
109	182.26 	508.417	5603.97	548.656
110	182.26 	509.59 	5368.44	556.994
111	182.26 	504.781	5065.42	535.202
112	182.26 	504.674	5054.77	532.334
113	182.26 	509.779	5005.84	542.803
114	182.26 	513.492	4981.19	554.09 
115	182.26 	522.919	4967.35	586.353
116	182.26 	526.053	5118.9 	597.764
117	182.26 	527.662	5216.39	598.677
118	182.26 	528.1  	5238.28	598.565
119	182.26 	524.607	5067.79	578.856
120	182.26 	521.382	5090.77	579.81 
121	182.26 	517.81 	4923.02	561.206
122	182.26 	530.072	7878.43	623.734
123	182.26 	541.373	7918.73	665.722
124	182.26 	560.277	12739.1	799.214
125	182.26 	554.154	7881.8 	686.652
126	182.26 	553.637	7881.8 	681.594
127	182.26 	555.613	7640.92	681.878
128	182.26 	557.597	7683.11	681.587
129	181.245	549.241	5539.65	647.471
130	181.245	569.454	13075.9	790.599
131	181.245	573.371	9223.35	750.979
132	181.245	580.581	9223.35	769.929
133	181.245	609.185	19776.4	1035.44
134	181.245	591.937	9223.35	829.293
135	181.245	583.606	7044.77	759.571
136	181.245	579.163	6300.46	744.56 
137	181.245	583.109	6231.25	734.631
138	181.245	574.579	5665.6 	701.395
139	181.245	582.391	6687.16	730.902
140	181.245	598.174	9688.28	809.401
141	181.245	649.486	23389.1	1358.29
142	181.245	686.321	23361.8	1584.89
143	181.245	669.345	23017.9	1402.9 
144	181.245	649.854	21970.2	1188.23
145	181.245	634.043	9627.34	924.551
146	181.245	624.086	8807.7 	872.239
147	181.245	645.01 	18630.5	1076.85
148	181.245	623.644	8857.98	868.529
149	181.245	626.788	8857.98	873.596
150	181.245	638.509	8861.32	920.776
151	181.245	634.57 	8727.17	889.652
152	181.245	648.678	15550.1	1014.19
153	181.245	672.805	15550.1	1132.57
154	181.245	676.913	15497  	1161.86
155	181.245	683.66 	15497  	1176.25
156	181.245	701.229	11124.9	1179.46
157	181.245	719.956	12996.4	1261.36
158	181.245	712.639	13008.1	1241.33
159	181.245	727.479	13001.9	1312.38
160	181.245	731.395	13047.6	1318.42
161	181.245	731.048	13047.6	1336.89
162	181.245	725.649	11402.8	1281.35
163	181.245	742.818	13346.6	1366.79
164	181.245	788.321	14776.5	1516.72
165	181.245	765.847	13326.6	1429.75
166	181.245	751.715	12044  	1373.09
167	181.245	755.02 	11985.8	1365.21
168	181.245	754.291	11985.8	1367.08
169	181.245	746.138	11480.2	1341.58
170	181.245	742.265	10988.3	1288.67
171	181.245	750.279	10935  	1293.52
172	181.245	743.407	10921.1	1286.6 
173	181.245	739.239	10034  	1229.69
174	181.245	729.594	9934.17	1221.59
175	181.245	729.714	9934.17	1222.57
176	181.245	734.321	9880.64	1210.24
177	181.245	735.343	9296.34	1203.17
178	181.245	736.626	9296.34	1201.06
179	181.245	798.634	38937.8	1877.91
180	181.245	775.845	16956  	1394.63
181	181.245	758.1  	12789.5	1263.85
182	181.245	753.138	11142.1	1227.25
183	181.245	749.404	11142  	1217.56
184	181.245	752.492	11133.8	1235.9 
185	181.245	741.416	9184.27	1171.36
186	181.245	738.238	9079.9 	1160.79
187	181.245	728.392	9023.56	1110.37
188	181.245	749.198	15895.6	1222.75
189	181.245	739.518	8968.04	1110.91
190	181.245	724.975	8949   	1080.4 
191	181.245	698.683	7783.88	992.122
192	181.245	693.64 	7101.39	969.361
193	181.245	698    	7070.53	977.366
194	181.245	691.89 	7070.53	987.121
195	181.245	703.885	7101.16	1003.7 
196	181.245	712.118	8852.77	1034.37
197	178.199	709.05 	6971.43	1007.02
198	178.199	747.658	13973.7	1161   
199	178.199	814.766	27024.2	1624.74
200	178.199	776.082	18764.9	1324.83
201	178.199	764.531	14092.4	1227.35
202	178.199	750.298	11850.2	1136.02
203	178.199	785.583	20717.8	1368.11
204	178.199	853.001	56133  	2382.15
205	178.199	791.417	20677.8	1376.99
206	178.199	798.392	19833.7	1374.29
207	178.199	772.877	11871.5	1194.14
208	178.199	813.465	19555.3	1420.55
209	178.199	840.076	19561.4	1502.69
210	178.199	825.15 	11801.4	1362.77
211	178.199	854.556	12161  	1448.34
212	178.199	852.522	12161  	1442.98
213	178.199	870.132	12230.3	1469.76
214	178.199	858.393	11642.4	1419.54
215	178.199	873.567	12413.5	1480.07
216	178.199	859.641	11650.8	1421.58
217	178.199	868.728	13049.9	1451.58
218	178.199	877.291	13304.3	1501.89
219	178.199	863.539	11473.1	1429.89
220	178.199	898.955	28957.3	1757.59
221	178.199	962.822	47075.7	2399.84
222	178.199	974.024	47075.7	2437.52
223	178.199	966.249	40254.3	2305.38
224	178.199	935.39 	28953.2	1897.45
225	178.199	901.517	13092.7	1613.02
226	178.199	886.555	12756.9	1559.7 
227	178.199	898.862	12801.4	1572.39
228	178.199	931.31 	24446  	1773.21
229	178.199	938.068	14823.5	1713.71
230	178.199	947.254	14154.7	1742.4 
231	178.199	952.603	14154.7	1710.23
232	178.199	950.284	14932.6	1758.73
233	178.199	965.998	14923.3	1792.89
234	178.199	945.129	14316.1	1743.1 
235	178.199	945.761	14080.1	1709.89
236	178.199	923.715	12418.8	1639.84
237	178.199	914.922	12025.8	1575.06
238	178.199	963.698	21397.4	1757.28
239	178.199	1014.77	41347  	2270.43
240	178.199	1014.8 	44491.7	2333.99
241	171.239	1091.45	44491.7	2913.07
242	171.239	1042.96	32380.2	2455.95
243	171.239	996.918	31082.8	2186.19
244	171.239	966.903	26158  	1942.3 
245	171.239	936.179	22159.3	1726.86
246	170.315	918.434	21485.4	1659.7 
247	170.315	956.301	27047.1	1954.25
248	170.315	923.717	21544.3	1722.62
249	170.315	898.601	16122.1	1581.5 
250	170.315	902.229	16122.1	1580.07
251	170.315	879.081	11587.2	1477.88
252	170.315	879.353	11569.1	1480.42
253	169.292	913.654	13709.7	1584.63
254	169.292	905.541	11748.9	1525.51
255	169.292	910.882	11955.9	1544.04
256	169.292	897.612	11756.3	1511.29
257	169.292	915.493	11520  	1555.56
258	169.292	903.309	11216.8	1507.88
259	169.292	892.31 	10965.5	1449.5 
260	169.292	885.122	10975.7	1433.75
261	169.292	871.695	8897.6 	1391.53
262	169.292	875.841	13049.2	1421.29
263	169.292	886.561	11013.7	1439.99
264	169.292	876.296	8869.73	1410.02
265	169.292	927.196	33964.5	1893.6 
266	169.292	911.791	19222.4	1645.4 
267	169.292	913.799	19608.3	1673.04
268	169.292	922.531	19595.6	1699.62
269	169.292	913.389	13858.8	1635.61
270	169.292	945.772	27635.4	1906.29
271	169.292	913.092	13749.8	1657.61
272	169.292	920.886	13749.8	1671.59
273	169.292	927.053	13688.9	1711.25
274	169.292	995.377	27310  	2068.33
275	169.292	999.456	27310  	2069.46
276	169.292	976.716	19715.7	1912.12
277	169.292	959.288	16242.2	1792.45
278	169.292	947.055	13237.2	1716.75
279	169.292	953.473	13181.3	1741.66
280	169.292	975.883	18960.3	1854.08
281	169.292	1012.01	16527.3	1915.9 
282	169.292	1122.14	67237.2	3276.44
283	169.292	1038.24	38432.3	2300.14
284	169.292	989.202	16535.2	1873.17
285	169.292	973.996	16491.6	1832.65
286	169.292	969.093	16491.6	1806.88
287	169.292	950.928	13165.1	1722.43
288	169.292	943.276	13165.1	1716.28
289	169.292	956.532	13165.1	1735.96
290	169.292	982.225	14399.9	1835.5 
291	169.292	976.324	13130.1	1777.81
292	169.292	961.917	13081.9	1720.35
293	169.292	964.453	17939.7	1776.63
294	169.292	1000.76	26115.9	2003.45
295	169.292	964.147	17935  	1812.47
296	169.292	1005.36	25423.9	2046.91
297	169.292	1065.69	33787.6	2398.32
298	169.292	1021.68	25601.6	2149.72
299	169.292	989.482	17886.7	1919.43
300	169.292	967.918	13817.1	1841.26
301	169.292	980.179	13969.2	1854.88
302	169.292	966.329	13073.9	1753.72
303	169.292	1034.61	25144.8	2036.88
304	169.292	1063.78	25127.3	2165.55
305	169.292	1038.5 	23191.8	1991.11
306	169.292	1021.51	13054.9	1883.94
307	169.292	1016.92	14754.7	1890.72
308	169.292	1048.47	19159.3	2080.27
309	169.292	1106.95	33844.1	2440.19
310	169.292	1091.12	19203.1	2204.89
311	169.292	1094.61	19128.1	2219.18
312	169.292	1088.41	17553.5	2121.04
313	169.292	1112.22	17331.9	2143.03
314	169.292	1132.3 	17337.9	2192.57
315	169.292	1125.54	17320.6	2184.93
316	169.292	1156.16	17292.5	2274.19
317	169.292	1170.27	17026.2	2319   
318	169.292	1150.6 	14783  	2228.18
319	169.292	1137   	13823  	2171.05
320	169.292	1118.57	13823  	2156.12
321	169.292	1123.6 	20964.5	2228.53
322	169.292	1093.61	22611.1	2228.66
323	169.292	1115.02	26155  	2395.2 
324	169.292	1117.13	25279.7	2369.18
325	169.292	1142.6 	25279.7	2486.61
326	169.292	1200.03	25279.7	2704.58
327	169.292	1171.76	24676.8	2600.27
328	169.292	1166.51	23719.3	2515.07
329	169.292	1140.43	18009.6	2272.47
330	169.292	1191.46	47348.7	2779.7 
331	169.292	1152.99	18009.6	2291.36
332	169.292	1134.61	17547  	2210.88
333	169.292	1134.94	20742.6	2263.05
334	169.292	1117.38	17616.1	2159.37
335	169.292	1135.03	17616.1	2216.72
336	169.292	1140.82	16468.2	2198.67
337	169.292	1131.43	18612.6	2231.65
338	169.292	1152.18	18583.8	2315.62
339	169.292	1144.63	18583.8	2282.98
340	169.292	1126.82	16558.8	2180.88
341	169.292	1129.48	16558.8	2213.95
342	169.292	1114.07	16411.3	2183.54
343	169.292	1093.21	16224  	2124.51
344	169.292	1148.15	19806.5	2303.12
345	169.292	1153.23	19894.8	2313.21
346	169.292	1155.2 	19855.8	2275.59
347	169.292	1164.24	19855.8	2283.96
348	169.292	1206.5 	25683.9	2496.05
349	169.292	1174.91	21291.1	2334.43
350	169.292	1138.55	14753.2	2199.47
351	169.292	1138.64	14782.8	2205.53
352	169.292	1132.8 	14782.8	2207.17
353	169.292	1131.26	14458.7	2184.81
354	169.292	1108.95	14321.8	2132.66
355	169.292	1111.49	13428.6	2096.63
356	169.292	1108.15	13478.1	2089.46
357	169.292	1091.66	13406.9	2039.73
358	169.292	1111.98	19752.1	2134.44
359	169.292	1084.55	13476.5	2025.9 
360	169.292	1113.27	13476.5	2067.82
361	169.292	1136.25	15985.4	2124.56
362	169.292	1148.75	16717.1	2231.37
363	169.292	1139.03	15965  	2186.59
364	169.292	1144   	14971.4	2183.19
365	169.292	1134.29	14963.9	2182.56
366	169.292	1115.61	15041.8	2151.92
367	169.292	1118.99	15045.4	2149.37
368	169.292	1128.35	15045.4	2144.25
369	169.292	1144.13	15045.4	2178.67
370	169.292	1126.41	13333.6	2117.97
371	169.292	1165.85	17754.9	2287.7 
372	169.292	1193.62	19933.6	2423.45
373	169.292	1167.14	17754.9	2344.8 
374	169.292	1159.17	17783.6	2368.29
375	169.292	1153.64	17773.8	2361.94
376	169.292	1153.98	16859.7	2324.02
377	169.292	1145.55	18096.2	2339.36
378	169.292	1146.29	16789.7	2306.81
379	169.292	1169.16	16749.2	2296.21
380	169.292	1178.86	16749.2	2283.58
381	169.292	1198.06	16754.8	2317.94
382	169.292	1183.38	13122  	2245.3 
383	169.292	1177.6 	13122  	2205.29
384	169.292	1237.91	46533.7	2729.63
385	169.292	1223.81	29772.4	2414.6 
386	169.292	1283.18	29772.4	2603.61
387	169.292	1251.74	18923.1	2412.48
388	169.292	1230.28	18000.5	2364.18
389	169.292	1231.46	25144.4	2447.11
390	169.292	1202.32	17868.6	2349.05
391	169.292	1268.59	29666.3	2705.99
392	169.292	1268.59	22472.1	2597.57
393	169.292	1285.63	22472.1	2706.59
394	169.292	1276.22	20949.1	2592.54
395	169.292	1254.47	19111.2	2419.81
396	169.292	1273.27	20827  	2510.45
397	169.292	1258.14	17963.8	2411.59
398	169.292	1231   	17737.5	2305.4 
399	169.292	1295.12	30801.5	2609.41
400	169.292	1300.27	27421.4	2572.26
401	169.292	1279.34	22917.9	2521.3 
402	169.292	1293.39	22876.2	2655.51
403	169.292	1272.23	22876.2	2562.08
404	169.292	1317.16	22876.2	2700.84
405	169.292	1322.67	21109.4	2670.5 
406	169.292	1292.39	19105.8	2542.44
407	169.292	1316.66	19027.8	2620.68
408	169.292	1290.29	18403.1	2563.29
409	169.292	1270.92	16887.7	2558.55
410	169.292	1252.03	16744.2	2466.43
411	169.292	1269.61	18290.4	2439.31
412	169.292	1265.53	18328.7	2423.46
413	169.292	1278.5 	18328.7	2450.78
414	169.292	1257.62	14955.7	2365.09
415	169.292	1250.73	15004.4	2368.34
416	169.292	1240.74	14297  	2334.3 
417	169.292	1239.49	14297  	2316.19
418	169.292	1244.01	14297  	2323.82
419	169.292	1244.35	14349.6	2307.61
420	169.292	1294.47	29557.8	2573.8 
421	169.292	1283.03	25949.9	2503.28
422	169.292	1249.21	18245.5	2341.94
423	169.292	1244.47	15843.4	2314.3 
424	169.292	1239.18	15793.2	2312.99
425	169.292	1234.97	15783.7	2326.84
426	169.292	1238.2 	15776.7	2330.55
427	169.292	1227.78	15755  	2312.69
428	169.292	1212.89	15752.5	2271.94
429	169.292	1261.97	19648.3	2464.59
430	169.292	1258.22	19053.7	2407.3 
431	169.292	1251.84	19053.7	2426.39
432	169.292	1242.61	19051.7	2444.58
433	169.292	1244.33	16237.1	2432.98
434	169.292	1272.79	17735.9	2526.61
435	169.292	1271.78	17415.6	2479.15
436	169.292	1273.89	17415.6	2478.95
437	169.292	1271.3 	17367.5	2464.73
438	169.292	1279.98	16329.5	2447.31
439	169.292	1306.36	34646.9	2680.23
440	169.292	1312.79	23670.4	2644.09
441	169.292	1325.01	22933  	2671.17
442	169.292	1313.38	22933  	2680.02
443	169.292	1323.21	22395.8	2611.96
444	169.292	1355.36	22379.3	2674.99
445	169.292	1350.58	22274.2	2672.18
446	169.292	1392.44	22224.2	2795.05
447	169.292	1396.79	22217.3	2811.49
448	169.292	1442.76	36680.4	3097.81
449	169.292	1448.86	26984.7	2998.12
450	169.292	1478.75	27359.6	3102.51
451	169.292	1435.72	27256.6	3053.09
452	169.292	1427.45	27256.6	3100.31
453	169.292	1468.31	27513.1	3192.53
454	169.292	1411.89	28281  	3042.74
455	169.292	1407.27	27462.6	2967.85
456	169.292	1386.64	27462.6	2859.09
457	169.292	1418.84	27462.6	2905.5 
458	169.292	1413.73	27377.9	2891.39
459	169.292	1402.44	19293.4	2775.91
460	169.292	1399.85	16911.9	2741.9 
461	169.292	1386.88	16914.9	2720.6 
462	169.292	1385.95	16909.2	2675.14
463	169.292	1377.05	16399  	2622.07
464	169.292	1372.44	15855.3	2644.24
465	169.292	1375.37	15855.3	2648.68
466	169.292	1389.21	23476.6	2730.64
467	169.292	1381.49	15839.4	2623.1 
468	169.292	1371.71	24092  	2675.87
469	169.292	1343.94	15844.9	2561.33
470	169.292	1408.75	41327.4	2950.44
471	169.292	1358.62	20129.1	2595.23
472	169.292	1358.79	20096.6	2600.2 
473	169.292	1354.95	16861.9	2549.43
474	169.292	1371.77	24118.8	2743   
475	169.292	1428.15	31808.5	2972.75
476	169.292	1458.6 	34249.3	3042.5 
477	169.292	1504.44	34216.7	3133.33
478	169.292	1523.48	34261.7	3249.25
479	169.292	1493.9 	26713.7	3059.46
480	169.292	1529.31	27800.3	3219.62
481	169.292	1519.17	28586.9	3216.08
482	169.292	1508.64	28606.5	3238.28
483	169.292	1486.94	26566.9	3128.02
484	169.292	1482.72	26566.9	3037.08
485	169.292	1470.69	25149.5	2923.03
486	169.292	1483.77	19569.9	2901.83
487	169.292	1489.63	19503.4	2898.31
488	169.292	1500.64	21168.2	2953.91
489	169.292	1483.19	19497.5	2847.05
490	169.292	1464.78	17863.9	2797.9 
491	169.292	1442.41	17884  	2761.16
492	169.292	1455.45	18975.8	2877.35
493	169.292	1447.92	18442  	2865.33
494	169.292	1452.74	17605.4	2835.1 
495	169.292	1456.8 	19551.1	2833.98
496	169.292	1446.15	19551.1	2809.4 
497	169.292	1539.1 	79800.4	3939.8 
498	169.292	1452.42	23322.1	2900.28
499	169.292	1430.42	19615.4	2819.7 
102.61000001
