gen	min   	avg        	max        	std        
0  	222695	1.25376e+07	4.27493e+07	1.15157e+07
1  	222695	1.24771e+07	4.21801e+07	1.14955e+07
2  	220269	1.24157e+07	3.99323e+07	1.14882e+07
3  	180155	1.23439e+07	3.99323e+07	1.14252e+07
4  	180155	1.2278e+07 	3.94826e+07	1.13485e+07
5  	180155	1.22453e+07	3.95972e+07	1.13774e+07
6  	132230	1.22092e+07	3.9637e+07 	1.13071e+07
7  	132230	1.21595e+07	3.98036e+07	1.12673e+07
8  	132230	1.20946e+07	3.95956e+07	1.12196e+07
9  	132230	1.20441e+07	3.88158e+07	1.12261e+07
10 	123459	1.19862e+07	3.90986e+07	1.12134e+07
11 	119981	1.19669e+07	3.90986e+07	1.12381e+07
12 	119981	1.19234e+07	3.90461e+07	1.12408e+07
13 	51022.1	1.19028e+07	3.90461e+07	1.13201e+07
14 	51022.1	1.18363e+07	4.24985e+07	1.123e+07  
15 	51022.1	1.17851e+07	4.12836e+07	1.11946e+07
16 	51022.1	1.17423e+07	4.09291e+07	1.11497e+07
17 	51022.1	1.16961e+07	3.9536e+07 	1.1114e+07 
18 	51022.1	1.167e+07  	3.90192e+07	1.10668e+07
19 	51022.1	1.16157e+07	3.87055e+07	1.10391e+07
20 	51021.7	1.15695e+07	3.81668e+07	1.09745e+07
21 	50108  	1.1489e+07 	4.07222e+07	1.09141e+07
22 	50108  	1.14334e+07	4.07227e+07	1.09456e+07
23 	50108  	1.13895e+07	4.07227e+07	1.09454e+07
24 	50108  	1.13529e+07	4.07229e+07	1.08883e+07
25 	50108  	1.12928e+07	3.8985e+07 	1.08573e+07
26 	50108  	1.12397e+07	3.8985e+07 	1.08124e+07
27 	50108  	1.11941e+07	3.78336e+07	1.07332e+07
28 	50104.1	1.11956e+07	3.96446e+07	1.07482e+07
29 	50104.1	1.11561e+07	3.96672e+07	1.07186e+07
30 	49541.8	1.11225e+07	4.16011e+07	1.07127e+07
31 	49541.8	1.10928e+07	4.16011e+07	1.06379e+07
32 	49541.8	1.10481e+07	3.86456e+07	1.0548e+07 
33 	49541.8	1.10134e+07	3.79259e+07	1.04947e+07
34 	42991  	1.09749e+07	3.7645e+07 	1.05241e+07
35 	42991  	1.09603e+07	3.76582e+07	1.05341e+07
36 	17709.6	1.09202e+07	3.76582e+07	1.05021e+07
37 	17709.6	1.09016e+07	3.76582e+07	1.05102e+07
38 	17709.6	1.08837e+07	3.75767e+07	1.04916e+07
39 	17709.6	1.08658e+07	4.81275e+07	1.05256e+07
40 	17709.6	1.08152e+07	4.24e+07   	1.04801e+07
41 	17709.6	1.07562e+07	3.83351e+07	1.04164e+07
42 	17709.6	1.06952e+07	3.95523e+07	1.03789e+07
43 	17709.6	1.06776e+07	3.95523e+07	1.03766e+07
44 	17709.6	1.06137e+07	3.82723e+07	1.03674e+07
45 	17709.6	1.05937e+07	3.7722e+07 	1.03478e+07
46 	17174.9	1.05455e+07	3.76793e+07	1.02898e+07
47 	17174.9	1.051e+07  	3.77906e+07	1.02644e+07
48 	17174.9	1.04543e+07	3.75968e+07	1.01603e+07
49 	16759.8	1.04101e+07	3.749e+07  	1.01034e+07
50 	16759.8	1.03426e+07	3.71932e+07	1.00186e+07
51 	16759.8	1.02955e+07	3.71178e+07	1.0034e+07 
52 	16759.8	1.02629e+07	3.68457e+07	9.98018e+06
53 	16759.8	1.02186e+07	3.68457e+07	9.9419e+06 
54 	16759.8	1.01694e+07	3.68481e+07	9.92128e+06
55 	16759.8	1.01222e+07	3.68679e+07	9.9044e+06 
56 	16759.8	1.00893e+07	3.67484e+07	9.81939e+06
57 	16759.8	1.00403e+07	3.58939e+07	9.76726e+06
58 	16759.8	1.00096e+07	3.6057e+07 	9.70663e+06
59 	16759.8	9.93129e+06	3.6057e+07 	9.65015e+06
60 	16759.8	9.91851e+06	3.5698e+07 	9.61123e+06
61 	16759.8	9.84954e+06	3.5698e+07 	9.57539e+06
62 	16759.8	9.81776e+06	3.92369e+07	9.61516e+06
63 	16759.8	9.79232e+06	3.65386e+07	9.58837e+06
64 	16759.8	9.77663e+06	3.57658e+07	9.58791e+06
65 	16700  	9.73782e+06	3.63591e+07	9.56856e+06
66 	7902.58	9.67315e+06	3.60847e+07	9.51909e+06
67 	7902.58	9.61197e+06	3.61088e+07	9.42486e+06
68 	7902.58	9.60466e+06	3.64343e+07	9.39941e+06
69 	7902.58	9.56915e+06	3.60834e+07	9.36442e+06
70 	7902.58	9.5181e+06 	3.54091e+07	9.33056e+06
71 	7902.58	9.48388e+06	3.52303e+07	9.32183e+06
72 	7843.01	9.4374e+06 	3.52303e+07	9.27875e+06
73 	6812.66	9.40762e+06	3.54556e+07	9.30092e+06
74 	6812.66	9.37165e+06	3.7634e+07 	9.32023e+06
75 	6812.66	9.33424e+06	3.65881e+07	9.31136e+06
76 	6812.66	9.31331e+06	3.66059e+07	9.21105e+06
77 	6812.66	9.28883e+06	3.57915e+07	9.16008e+06
78 	6744.11	9.26442e+06	3.70118e+07	9.13505e+06
79 	6744.11	9.24519e+06	3.57911e+07	9.13217e+06
80 	6736.1 	9.21252e+06	4.37315e+07	9.19512e+06
81 	6736.1 	9.16781e+06	3.57911e+07	9.10425e+06
82 	6736.1 	9.13441e+06	3.41557e+07	9.03568e+06
83 	6736.1 	9.09927e+06	3.41557e+07	9.0518e+06 
84 	6736.1 	9.05028e+06	3.37387e+07	8.94481e+06
85 	6736.1 	8.99032e+06	3.33787e+07	8.83048e+06
86 	6736.1 	8.95945e+06	3.32173e+07	8.77533e+06
87 	6736.1 	8.93152e+06	3.32166e+07	8.75983e+06
88 	6736.1 	8.90183e+06	3.33935e+07	8.7262e+06 
89 	6736.1 	8.85112e+06	3.33931e+07	8.6924e+06 
90 	6736.1 	8.81673e+06	3.34395e+07	8.63795e+06
91 	6736.1 	8.79908e+06	3.43802e+07	8.65333e+06
92 	6736.1 	8.71712e+06	3.30633e+07	8.58401e+06
93 	6736.1 	8.66881e+06	3.31929e+07	8.58859e+06
94 	6736.1 	8.63346e+06	3.29456e+07	8.51115e+06
95 	6153.34	8.60618e+06	3.29456e+07	8.48336e+06
96 	6153.34	8.58066e+06	3.29456e+07	8.51652e+06
97 	6153.34	8.54051e+06	3.2735e+07 	8.48022e+06
98 	6153.34	8.49272e+06	3.55331e+07	8.44611e+06
99 	4116.04	8.46669e+06	3.17341e+07	8.38565e+06
100	4116.04	8.43008e+06	3.16287e+07	8.44319e+06
101	4116.04	8.41197e+06	3.15734e+07	8.41373e+06
102	4116.04	8.35067e+06	3.31481e+07	8.36528e+06
103	4116.04	8.36313e+06	3.15731e+07	8.37835e+06
104	4116.04	8.36324e+06	3.28082e+07	8.38774e+06
105	4022.99	8.31601e+06	3.18765e+07	8.34776e+06
106	4022.99	8.2817e+06 	3.17258e+07	8.33974e+06
107	4022.99	8.27701e+06	3.14827e+07	8.35395e+06
108	4022.99	8.29051e+06	3.35502e+07	8.42915e+06
109	4022.99	8.25748e+06	3.28006e+07	8.355e+06  
110	4022.99	8.22915e+06	3.34104e+07	8.34783e+06
111	4022.99	8.19843e+06	3.28015e+07	8.27547e+06
112	4022.99	8.19817e+06	3.18916e+07	8.27461e+06
113	4022.99	8.14362e+06	3.15373e+07	8.20714e+06
114	4022.99	8.08905e+06	3.15373e+07	8.16767e+06
115	4022.99	8.04857e+06	3.15373e+07	8.13348e+06
116	4022.99	8.0384e+06 	3.14081e+07	8.08952e+06
117	4022.99	8.04186e+06	3.53334e+07	8.14391e+06
118	4022.99	8.03099e+06	3.21841e+07	8.12079e+06
119	4022.99	8.02249e+06	3.19616e+07	8.1605e+06 
120	4018.58	7.98562e+06	3.11956e+07	8.0477e+06 
121	4018.58	7.9644e+06 	3.11956e+07	8.02064e+06
122	4018.58	7.96175e+06	3.11951e+07	8.00636e+06
123	4018.58	7.90483e+06	3.10262e+07	7.97644e+06
124	4018.58	7.90022e+06	3.8981e+07 	7.9666e+06 
125	3951.67	7.87e+06   	3.43084e+07	7.94878e+06
126	3951.67	7.83681e+06	3.43084e+07	7.96922e+06
127	3951.67	7.80345e+06	3.08647e+07	7.92058e+06
128	3951.67	7.79894e+06	3.07431e+07	7.92356e+06
129	3951.67	7.76746e+06	3.07357e+07	7.89316e+06
130	3951.67	7.72994e+06	3.01378e+07	7.83952e+06
131	3480.47	7.71002e+06	3.12294e+07	7.8209e+06 
132	3480.47	7.68849e+06	3.05974e+07	7.75762e+06
133	3480.47	7.65183e+06	3.24877e+07	7.70204e+06
134	3480.47	7.60757e+06	3.07212e+07	7.64134e+06
135	3480.47	7.58422e+06	3.07083e+07	7.65028e+06
136	3480.47	7.54599e+06	3.2905e+07 	7.62043e+06
137	3480.47	7.51484e+06	3.09604e+07	7.58254e+06
138	3480.47	7.52949e+06	3.0708e+07 	7.60969e+06
139	3480.47	7.4999e+06 	2.98785e+07	7.60991e+06
140	3480.47	7.44555e+06	2.98785e+07	7.54969e+06
141	3480.47	7.43153e+06	2.93994e+07	7.54811e+06
142	3480.47	7.40843e+06	2.93994e+07	7.50921e+06
143	3480.47	7.38859e+06	2.93793e+07	7.46509e+06
144	3480.47	7.3331e+06 	3.02783e+07	7.41588e+06
145	3480.47	7.27169e+06	2.93793e+07	7.33297e+06
146	3095.16	7.24086e+06	2.93793e+07	7.29831e+06
147	3095.16	7.24161e+06	2.84089e+07	7.23104e+06
148	3095.16	7.20544e+06	2.83937e+07	7.20777e+06
149	3095.16	7.17931e+06	2.79482e+07	7.20551e+06
150	3095.16	7.18292e+06	2.78815e+07	7.19622e+06
151	3095.16	7.13696e+06	2.81829e+07	7.19548e+06
152	3095.16	7.0959e+06 	2.78815e+07	7.14224e+06
153	3095.16	7.0684e+06 	2.78752e+07	7.16578e+06
154	3095.16	7.03899e+06	2.78173e+07	7.16311e+06
155	3090.46	7.00721e+06	2.78173e+07	7.16343e+06
156	3090.46	6.97974e+06	2.7085e+07 	7.0791e+06 
157	3063.7 	6.94968e+06	2.8796e+07 	7.09111e+06
158	3063.7 	6.9457e+06 	2.76877e+07	7.06774e+06
159	3063.68	6.89802e+06	2.65962e+07	6.97999e+06
160	3063.68	6.88803e+06	2.68898e+07	6.95714e+06
161	3063.68	6.87506e+06	2.65955e+07	6.93799e+06
162	3063.68	6.8292e+06 	2.66166e+07	6.90318e+06
163	3063.68	6.84119e+06	2.67278e+07	6.92913e+06
164	3063.68	6.82374e+06	2.67318e+07	6.89277e+06
165	3063.68	6.78382e+06	2.67318e+07	6.89499e+06
166	3063.68	6.77005e+06	2.67318e+07	6.85688e+06
167	3063.68	6.76338e+06	2.67686e+07	6.88563e+06
168	3063.68	6.73423e+06	2.6746e+07 	6.83258e+06
169	3063.68	6.73617e+06	2.64949e+07	6.77655e+06
170	3063.68	6.72479e+06	3.04544e+07	6.80603e+06
171	3063.68	6.69019e+06	2.96417e+07	6.76851e+06
172	3061.98	6.68091e+06	3.36314e+07	6.80691e+06
173	3061.98	6.65208e+06	2.98529e+07	6.74432e+06
174	3061.98	6.63817e+06	2.98529e+07	6.7577e+06 
175	3061.98	6.62129e+06	2.98529e+07	6.74e+06   
176	3061.98	6.59887e+06	2.86504e+07	6.70404e+06
177	3061.98	6.60806e+06	2.86504e+07	6.64748e+06
178	3061.98	6.58103e+06	2.73029e+07	6.59547e+06
179	3061.98	6.56392e+06	2.70143e+07	6.58067e+06
180	3061.98	6.51972e+06	2.66168e+07	6.57279e+06
181	3061.98	6.4991e+06 	2.74146e+07	6.55206e+06
182	3061.98	6.44656e+06	2.74146e+07	6.5313e+06 
183	3061.98	6.42555e+06	2.75826e+07	6.5388e+06 
184	3061.98	6.39256e+06	2.71566e+07	6.51761e+06
185	3061.98	6.35993e+06	2.68123e+07	6.4932e+06 
186	3061.98	6.32641e+06	2.61214e+07	6.45129e+06
187	3061.98	6.31371e+06	2.57784e+07	6.41825e+06
188	3061.98	6.27597e+06	2.541e+07  	6.34562e+06
189	3061.98	6.24872e+06	2.56487e+07	6.33235e+06
190	3061.98	6.22303e+06	2.66996e+07	6.34243e+06
191	3061.98	6.19753e+06	2.6676e+07 	6.29666e+06
192	3061.98	6.13149e+06	2.66214e+07	6.25081e+06
193	3061.98	6.09709e+06	2.55998e+07	6.24207e+06
194	3061.98	6.07596e+06	2.53814e+07	6.19971e+06
195	3061.98	6.03135e+06	2.53803e+07	6.23679e+06
196	3061.98	6.01058e+06	2.53494e+07	6.18572e+06
197	3061.98	5.98475e+06	2.52802e+07	6.17831e+06
198	3061.98	5.95749e+06	2.51433e+07	6.14157e+06
199	3061.98	5.94082e+06	2.51433e+07	6.09108e+06
200	3061.98	5.90172e+06	2.51409e+07	6.09755e+06
201	3061.98	5.86476e+06	2.5157e+07 	6.04408e+06
202	3061.98	5.86462e+06	2.5157e+07 	6.0457e+06 
203	3061.98	5.83832e+06	2.51558e+07	6.048e+06  
204	3061.98	5.82934e+06	2.74928e+07	6.03158e+06
205	3061.98	5.82131e+06	2.51912e+07	6.00516e+06
206	3061.98	5.80398e+06	2.51079e+07	5.96476e+06
207	3061.98	5.78015e+06	2.80068e+07	5.94616e+06
208	2897.16	5.75801e+06	2.80068e+07	5.91142e+06
209	2897.16	5.75955e+06	2.56239e+07	5.89886e+06
210	2897.16	5.73721e+06	2.51008e+07	5.87986e+06
211	2897.16	5.72916e+06	2.49044e+07	5.81291e+06
212	2897.16	5.70646e+06	2.44788e+07	5.72632e+06
213	2897.16	5.67818e+06	2.41783e+07	5.67595e+06
214	2871.32	5.65105e+06	2.41588e+07	5.65912e+06
215	2871.32	5.61885e+06	2.41588e+07	5.60946e+06
216	2871.32	5.61587e+06	2.40343e+07	5.57639e+06
217	2871.32	5.63614e+06	2.40533e+07	5.62594e+06
218	2871.32	5.62994e+06	2.37233e+07	5.64035e+06
219	2871.32	5.61576e+06	2.35443e+07	5.61931e+06
220	2864.36	5.57389e+06	2.35615e+07	5.57062e+06
221	2864.36	5.54928e+06	2.55071e+07	5.5995e+06 
222	2864.36	5.51349e+06	2.55071e+07	5.53854e+06
223	2769.39	5.47058e+06	2.53761e+07	5.48203e+06
224	2769.39	5.43886e+06	2.38785e+07	5.43155e+06
225	2769.39	5.46838e+06	2.75049e+07	5.51134e+06
226	2769.39	5.4453e+06 	2.38785e+07	5.44445e+06
227	2769.39	5.45228e+06	2.389e+07  	5.52939e+06
228	2769.39	5.4053e+06 	2.389e+07  	5.46366e+06
229	2769.39	5.38476e+06	2.42561e+07	5.48491e+06
230	2769.39	5.35034e+06	2.382e+07  	5.4617e+06 
231	2769.39	5.31916e+06	2.32737e+07	5.42724e+06
232	2769.39	5.2998e+06 	2.41996e+07	5.3968e+06 
233	2767.94	5.31422e+06	2.32806e+07	5.44771e+06
234	2757.98	5.2814e+06 	2.3112e+07 	5.37366e+06
235	2757.98	5.26185e+06	2.28205e+07	5.33771e+06
236	2757.98	5.23247e+06	2.33128e+07	5.2877e+06 
237	2757.98	5.21802e+06	2.33292e+07	5.24846e+06
238	2757.98	5.19324e+06	2.33292e+07	5.23079e+06
239	2757.98	5.17577e+06	2.29329e+07	5.16085e+06
240	2757.98	5.17265e+06	2.28454e+07	5.11883e+06
241	2757.98	5.13003e+06	2.30025e+07	5.07066e+06
242	2757.98	5.12871e+06	2.28454e+07	5.10059e+06
243	2757.98	5.10582e+06	2.22795e+07	5.01645e+06
244	2757.98	5.07834e+06	2.14503e+07	5.006e+06  
245	2757.98	5.05619e+06	2.11459e+07	4.94164e+06
246	2757.98	5.03688e+06	2.10578e+07	4.91837e+06
247	2757.98	5.05571e+06	2.10976e+07	4.97012e+06
248	2757.98	5.03116e+06	2.14061e+07	4.95209e+06
249	2757.98	5.03079e+06	2.14061e+07	4.98895e+06
250	2749.23	5.00365e+06	2.11486e+07	4.94467e+06
251	2749.23	4.97354e+06	2.13301e+07	4.94887e+06
252	2749.23	4.94118e+06	2.13266e+07	4.93898e+06
253	2749.23	4.92581e+06	2.13763e+07	4.89933e+06
254	2749.23	4.91062e+06	2.13757e+07	4.862e+06  
255	2749.23	4.90281e+06	2.13294e+07	4.82954e+06
256	2749.23	4.87383e+06	2.11482e+07	4.78642e+06
257	2749.23	4.85167e+06	2.06916e+07	4.73835e+06
258	2749.23	4.83334e+06	2.07372e+07	4.7015e+06 
259	2749.23	4.80249e+06	2.06918e+07	4.68574e+06
260	2749.23	4.77394e+06	1.99766e+07	4.58989e+06
261	2749.23	4.74913e+06	1.98837e+07	4.58774e+06
262	2749.23	4.7437e+06 	1.98837e+07	4.59364e+06
263	2749.23	4.7207e+06 	1.98336e+07	4.56354e+06
264	2749.23	4.71625e+06	2.84602e+07	4.62634e+06
265	2749.23	4.68911e+06	2.29321e+07	4.59511e+06
266	2749.23	4.70014e+06	2.25141e+07	4.61803e+06
267	2749.23	4.66219e+06	2.25154e+07	4.59896e+06
268	2749.23	4.66803e+06	2.1888e+07 	4.58333e+06
269	2749.23	4.664e+06  	2.1888e+07 	4.54854e+06
270	2749.23	4.64683e+06	2.18881e+07	4.53721e+06
271	2749.23	4.64178e+06	2.03377e+07	4.50446e+06
272	2749.23	4.63381e+06	2.00841e+07	4.53948e+06
273	2749.23	4.62429e+06	2.18577e+07	4.50821e+06
274	2749.23	4.58654e+06	2.18578e+07	4.50227e+06
275	2749.23	4.56412e+06	2.00841e+07	4.472e+06  
276	2749.23	4.56108e+06	1.9683e+07 	4.45097e+06
277	2749.23	4.53929e+06	2.35658e+07	4.43407e+06
278	2749.23	4.54326e+06	2.05571e+07	4.42258e+06
279	2749.23	4.5553e+06 	2.05571e+07	4.39749e+06
280	2749.23	4.53236e+06	2.0242e+07 	4.3339e+06 
281	2749.23	4.52951e+06	2.18426e+07	4.33533e+06
282	2749.23	4.51038e+06	1.92501e+07	4.26881e+06
283	2749.23	4.49177e+06	1.90081e+07	4.20768e+06
284	2749.23	4.4675e+06 	1.9533e+07 	4.24392e+06
285	2281.36	4.45976e+06	2.01073e+07	4.23234e+06
286	2281.36	4.45119e+06	1.93646e+07	4.16407e+06
287	2281.36	4.44944e+06	2.10071e+07	4.15562e+06
288	2281.36	4.44122e+06	2.10071e+07	4.12738e+06
289	2281.36	4.42558e+06	1.99618e+07	4.07131e+06
290	2281.36	4.43481e+06	1.91497e+07	4.13559e+06
291	2281.36	4.43209e+06	1.91855e+07	4.14394e+06
292	2281.36	4.42736e+06	1.91847e+07	4.08594e+06
293	2281.36	4.40063e+06	1.89119e+07	4.07169e+06
294	2122.27	4.39624e+06	1.81793e+07	4.05515e+06
295	2122.27	4.38201e+06	1.86724e+07	4.06347e+06
296	2122.27	4.37967e+06	1.80993e+07	4.0403e+06 
297	2122.27	4.38577e+06	1.78273e+07	4.0395e+06 
298	2122.27	4.36702e+06	1.81529e+07	4.01524e+06
299	2122.27	4.36579e+06	1.78273e+07	4.0033e+06 
300	2122.27	4.34261e+06	1.73855e+07	3.97915e+06
301	2122.27	4.3254e+06 	1.70787e+07	3.9668e+06 
302	2122.27	4.305e+06  	1.69423e+07	3.93957e+06
303	2118.33	4.28143e+06	1.72942e+07	3.89644e+06
304	2117.99	4.27431e+06	2.0463e+07 	3.88757e+06
305	2117.99	4.26154e+06	2.00123e+07	3.89824e+06
306	2117.99	4.24485e+06	1.76113e+07	3.86553e+06
307	2117.99	4.25155e+06	1.76093e+07	3.81135e+06
308	1806.31	4.23012e+06	1.77607e+07	3.80202e+06
309	1806.31	4.21977e+06	1.77841e+07	3.82972e+06
310	1806.31	4.21608e+06	1.74172e+07	3.77789e+06
311	1806.31	4.19843e+06	1.68555e+07	3.75357e+06
312	475.862	4.18333e+06	1.68555e+07	3.76678e+06
313	475.862	4.16294e+06	1.67341e+07	3.73486e+06
314	475.862	4.14744e+06	1.60877e+07	3.69953e+06
315	475.862	4.12894e+06	1.60247e+07	3.70657e+06
316	475.862	4.10757e+06	1.60247e+07	3.68812e+06
317	475.862	4.10224e+06	1.59858e+07	3.67797e+06
318	475.862	4.10973e+06	1.65857e+07	3.66589e+06
319	475.862	4.0934e+06 	1.65839e+07	3.66734e+06
320	475.862	4.08333e+06	1.64163e+07	3.64016e+06
321	475.862	4.07888e+06	1.64795e+07	3.63564e+06
322	475.862	4.06195e+06	1.64795e+07	3.59976e+06
323	475.862	4.05608e+06	1.65059e+07	3.5769e+06 
324	475.862	4.0334e+06 	1.64458e+07	3.58139e+06
325	475.862	4.03336e+06	1.63967e+07	3.54408e+06
326	475.574	4.0315e+06 	1.77373e+07	3.56632e+06
327	475.574	4.02064e+06	1.75822e+07	3.54597e+06
328	475.574	4.01089e+06	1.61949e+07	3.46953e+06
329	475.574	3.98432e+06	1.55699e+07	3.42448e+06
330	475.574	3.96352e+06	1.55699e+07	3.42364e+06
331	475.574	3.95135e+06	1.55699e+07	3.42872e+06
332	475.574	3.92523e+06	1.55729e+07	3.39524e+06
333	475.574	3.93451e+06	1.64634e+07	3.39634e+06
334	475.574	3.93236e+06	1.64634e+07	3.40572e+06
335	475.574	3.90691e+06	1.74684e+07	3.38558e+06
336	475.574	3.90222e+06	1.74656e+07	3.38667e+06
337	475.574	3.89827e+06	1.55827e+07	3.3715e+06 
338	475.574	3.88494e+06	1.55827e+07	3.34135e+06
339	475.574	3.89451e+06	1.55777e+07	3.33864e+06
340	472.172	3.91531e+06	1.72336e+07	3.39908e+06
341	472.172	3.90263e+06	1.62952e+07	3.39146e+06
342	472.172	3.90446e+06	1.62934e+07	3.38857e+06
343	472.172	3.8877e+06 	1.62921e+07	3.38494e+06
344	472.172	3.87483e+06	1.57485e+07	3.3852e+06 
345	472.172	3.86108e+06	1.59e+07   	3.38935e+06
346	472.172	3.84117e+06	1.59e+07   	3.36542e+06
347	472.172	3.83057e+06	1.58787e+07	3.35133e+06
348	472.172	3.80856e+06	1.75086e+07	3.37261e+06
349	472.172	3.81224e+06	1.75086e+07	3.41688e+06
350	472.172	3.80005e+06	1.75086e+07	3.39271e+06
351	472.172	3.79141e+06	1.6125e+07 	3.38185e+06
352	472.172	3.79257e+06	1.55354e+07	3.37559e+06
353	472.172	3.79238e+06	1.44778e+07	3.38476e+06
354	472.172	3.78773e+06	1.51333e+07	3.35234e+06
355	472.172	3.78443e+06	1.45178e+07	3.30579e+06
356	472.172	3.77939e+06	1.43948e+07	3.29131e+06
357	472.172	3.76331e+06	1.42879e+07	3.23961e+06
358	472.172	3.7466e+06 	1.42879e+07	3.26561e+06
359	472.172	3.73848e+06	1.47588e+07	3.25571e+06
360	472.172	3.75259e+06	2.293e+07  	3.32901e+06
361	472.172	3.73813e+06	1.64886e+07	3.28771e+06
362	472.172	3.74041e+06	1.64691e+07	3.29481e+06
363	472.172	3.74733e+06	1.91515e+07	3.34544e+06
364	472.172	3.73144e+06	1.66663e+07	3.33864e+06
365	472.172	3.73937e+06	1.64691e+07	3.3124e+06 
366	472.172	3.74599e+06	1.64691e+07	3.3123e+06 
367	472.172	3.73002e+06	1.55594e+07	3.26945e+06
368	472.172	3.73147e+06	1.5188e+07 	3.28204e+06
369	472.172	3.71308e+06	1.39089e+07	3.24479e+06
370	472.172	3.71955e+06	1.39089e+07	3.2515e+06 
371	449.58 	3.70501e+06	1.39089e+07	3.19529e+06
372	449.58 	3.67571e+06	1.38063e+07	3.17846e+06
373	449.58 	3.67615e+06	1.38063e+07	3.18004e+06
374	449.58 	3.67187e+06	1.38061e+07	3.16375e+06
375	344.952	3.67099e+06	1.36237e+07	3.1471e+06 
376	344.952	3.66566e+06	1.55566e+07	3.16397e+06
377	344.952	3.65039e+06	1.37008e+07	3.1142e+06 
378	341.066	3.65515e+06	1.85204e+07	3.14169e+06
379	341.066	3.65164e+06	1.30825e+07	3.12362e+06
380	341.066	3.63005e+06	1.30817e+07	3.12651e+06
381	341.066	3.61419e+06	1.51086e+07	3.15029e+06
382	341.066	3.62349e+06	1.31527e+07	3.15329e+06
383	341.066	3.64067e+06	1.43091e+07	3.15094e+06
384	341.066	3.62402e+06	1.42873e+07	3.15884e+06
385	341.066	3.64708e+06	2.08009e+07	3.23614e+06
386	341.066	3.64147e+06	1.81194e+07	3.19358e+06
387	341.066	3.64301e+06	1.86267e+07	3.2161e+06 
388	341.066	3.63401e+06	1.8585e+07 	3.13915e+06
389	341.066	3.63237e+06	1.66879e+07	3.13299e+06
390	341.066	3.62343e+06	1.42888e+07	3.07294e+06
391	341.066	3.60918e+06	1.37008e+07	3.07944e+06
392	341.066	3.61094e+06	1.45966e+07	3.07842e+06
393	341.066	3.60162e+06	1.35505e+07	3.01983e+06
394	335.351	3.57765e+06	1.34946e+07	3.00962e+06
395	335.351	3.56712e+06	1.34947e+07	3.02721e+06
396	335.351	3.56722e+06	2.16248e+07	3.10077e+06
397	333.197	3.56048e+06	1.53205e+07	3.07253e+06
398	333.197	3.53887e+06	1.49667e+07	3.06822e+06
399	333.197	3.52677e+06	1.34973e+07	3.0267e+06 
400	333.197	3.51649e+06	1.34828e+07	3.01925e+06
401	333.197	3.49268e+06	1.22575e+07	2.95952e+06
402	328.808	3.47776e+06	1.22555e+07	2.94055e+06
403	328.245	3.46085e+06	1.19956e+07	2.91608e+06
404	328.245	3.44404e+06	1.23297e+07	2.9085e+06 
405	328.245	3.42855e+06	1.19956e+07	2.90059e+06
406	328.245	3.42132e+06	1.34332e+07	2.91227e+06
407	328.245	3.41747e+06	1.2964e+07 	2.91959e+06
408	328.245	3.41504e+06	1.2964e+07 	2.86158e+06
409	328.245	3.39537e+06	1.34286e+07	2.89139e+06
410	328.245	3.37817e+06	1.2964e+07 	2.89056e+06
411	328.245	3.37974e+06	1.25006e+07	2.86467e+06
412	328.245	3.37678e+06	1.26288e+07	2.87645e+06
413	328.245	3.36746e+06	1.19519e+07	2.83847e+06
414	328.245	3.36828e+06	1.21952e+07	2.84274e+06
415	328.245	3.36465e+06	1.21952e+07	2.8656e+06 
416	328.245	3.36247e+06	1.2194e+07 	2.86951e+06
417	328.245	3.36844e+06	1.24573e+07	2.86862e+06
418	328.245	3.36114e+06	1.24233e+07	2.84032e+06
419	328.245	3.38173e+06	1.35995e+07	2.88409e+06
420	328.245	3.36612e+06	1.3799e+07 	2.86807e+06
421	328.245	3.36655e+06	1.54909e+07	2.88153e+06
422	328.245	3.37625e+06	1.54909e+07	2.92992e+06
423	328.245	3.38651e+06	1.5395e+07 	2.93489e+06
424	328.245	3.37132e+06	1.37989e+07	2.94679e+06
425	328.245	3.35129e+06	1.35182e+07	2.92718e+06
426	328.245	3.33553e+06	1.33362e+07	2.86924e+06
427	328.245	3.32674e+06	1.33362e+07	2.83239e+06
428	328.245	3.31514e+06	1.3104e+07 	2.80151e+06
429	328.245	3.30132e+06	1.26574e+07	2.71983e+06
430	328.245	3.30658e+06	1.65816e+07	2.80994e+06
431	328.245	3.30049e+06	1.4731e+07 	2.8301e+06 
432	328.245	3.30366e+06	1.4731e+07 	2.83973e+06
433	328.245	3.30366e+06	1.35835e+07	2.84463e+06
434	328.245	3.28981e+06	1.3295e+07 	2.80286e+06
435	328.245	3.26953e+06	1.25527e+07	2.78892e+06
436	328.245	3.25051e+06	1.23088e+07	2.77566e+06
437	328.245	3.24584e+06	1.23093e+07	2.77566e+06
438	328.245	3.26648e+06	1.29809e+07	2.80398e+06
439	328.245	3.2538e+06 	1.2607e+07 	2.79471e+06
440	328.245	3.25361e+06	1.2607e+07 	2.79105e+06
441	328.245	3.27191e+06	1.76106e+07	2.92263e+06
442	328.245	3.2658e+06 	1.73618e+07	2.88433e+06
443	328.245	3.24203e+06	1.28666e+07	2.81815e+06
444	328.245	3.24833e+06	1.35059e+07	2.84143e+06
445	328.245	3.23519e+06	1.28588e+07	2.80685e+06
446	328.245	3.23761e+06	1.27301e+07	2.79623e+06
447	328.009	3.23866e+06	1.32647e+07	2.78628e+06
448	328.009	3.24536e+06	1.28621e+07	2.77603e+06
449	328.009	3.22919e+06	1.34238e+07	2.76592e+06
450	328.009	3.20449e+06	1.28604e+07	2.75077e+06
451	328.009	3.16151e+06	1.28405e+07	2.70315e+06
452	328.009	3.17754e+06	1.23414e+07	2.73361e+06
453	328.009	3.17006e+06	1.60701e+07	2.75988e+06
454	328.009	3.16195e+06	1.43677e+07	2.73792e+06
455	328.009	3.15648e+06	1.23118e+07	2.73434e+06
456	328.009	3.16939e+06	1.31416e+07	2.74504e+06
457	328.009	3.15156e+06	1.21956e+07	2.75698e+06
458	328.009	3.14814e+06	1.21675e+07	2.78481e+06
459	328.009	3.15097e+06	1.2146e+07 	2.78031e+06
460	328.009	3.16248e+06	1.20633e+07	2.76314e+06
461	328.009	3.15753e+06	1.222e+07  	2.73897e+06
462	328.009	3.14475e+06	1.22202e+07	2.7689e+06 
463	328.009	3.13505e+06	1.16023e+07	2.76054e+06
464	328.009	3.12717e+06	1.1605e+07 	2.73089e+06
465	328.009	3.12494e+06	1.15257e+07	2.68697e+06
466	328.009	3.12736e+06	1.1523e+07 	2.67577e+06
467	328.009	3.13258e+06	1.1523e+07 	2.68626e+06
468	328.009	3.12726e+06	1.16265e+07	2.68526e+06
469	328.009	3.11407e+06	1.15353e+07	2.67613e+06
470	328.009	3.11563e+06	1.10446e+07	2.69067e+06
471	328.009	3.09579e+06	1.22975e+07	2.66995e+06
472	328.009	3.07555e+06	1.15464e+07	2.67104e+06
473	328.009	3.07592e+06	1.24104e+07	2.66976e+06
474	328.009	3.04723e+06	1.24104e+07	2.63179e+06
475	328.009	3.03552e+06	1.24103e+07	2.6302e+06 
476	328.009	3.02133e+06	1.14825e+07	2.61544e+06
477	328.009	3.02191e+06	1.21507e+07	2.67262e+06
478	328.009	3.01561e+06	1.23503e+07	2.66066e+06
479	328.009	2.99154e+06	1.24058e+07	2.62727e+06
480	328.009	2.99274e+06	1.43631e+07	2.66226e+06
481	328.009	3.01556e+06	1.32037e+07	2.69231e+06
482	328.009	3.01157e+06	1.32037e+07	2.63715e+06
483	328.009	2.99871e+06	1.29952e+07	2.62425e+06
484	328.009	2.98366e+06	1.22427e+07	2.59696e+06
485	328.009	3.00374e+06	1.78273e+07	2.68102e+06
486	328.009	2.99144e+06	1.56579e+07	2.62707e+06
487	328.009	2.98291e+06	1.33798e+07	2.59608e+06
488	328.009	2.97307e+06	1.33798e+07	2.59727e+06
489	328.009	2.956e+06  	1.33792e+07	2.59446e+06
490	328.009	2.95267e+06	1.28835e+07	2.5857e+06 
491	328.009	2.94729e+06	1.08198e+07	2.57306e+06
492	328.009	2.94754e+06	1.10571e+07	2.57612e+06
493	328.009	2.93682e+06	1.08015e+07	2.55355e+06
494	328.009	2.94422e+06	1.07642e+07	2.5548e+06 
495	328.009	2.94647e+06	1.10977e+07	2.49759e+06
496	328.009	2.95194e+06	1.0479e+07 	2.49953e+06
497	328.009	2.95834e+06	1.0479e+07 	2.51802e+06
498	328.009	2.959e+06  	1.0282e+07 	2.48744e+06
499	328.009	2.94719e+06	1.02825e+07	2.49857e+06
-209.87999999
