gen	min   	avg        	max        	std        
0  	128114	1.24648e+07	4.35017e+07	1.14545e+07
1  	48173.4	1.24088e+07	4.28946e+07	1.13695e+07
2  	48173.4	1.23469e+07	4.28946e+07	1.13849e+07
3  	48173.4	1.23145e+07	4.04222e+07	1.13196e+07
4  	48173.4	1.22608e+07	4.23123e+07	1.12741e+07
5  	48173.4	1.22073e+07	4.13999e+07	1.1272e+07 
6  	47219  	1.21751e+07	4.14079e+07	1.12281e+07
7  	47219  	1.21431e+07	4.11058e+07	1.12832e+07
8  	43280.5	1.20985e+07	4.18656e+07	1.12637e+07
9  	43280.5	1.20908e+07	4.11052e+07	1.12786e+07
10 	43261.6	1.20505e+07	4.08402e+07	1.12071e+07
11 	38303  	1.20148e+07	4.05971e+07	1.12127e+07
12 	35578.3	1.19561e+07	4.05703e+07	1.1114e+07 
13 	11992.5	1.1911e+07 	4.06319e+07	1.11119e+07
14 	11992.5	1.1884e+07 	4.04554e+07	1.10807e+07
15 	11992.5	1.18578e+07	4.32652e+07	1.11314e+07
16 	11992.5	1.18379e+07	4.12308e+07	1.1118e+07 
17 	11992.5	1.17768e+07	4.12308e+07	1.10374e+07
18 	11992.5	1.16969e+07	4.10402e+07	1.09504e+07
19 	11992.5	1.16273e+07	4.04398e+07	1.08938e+07
20 	11826.4	1.15998e+07	3.99118e+07	1.0838e+07 
21 	11826.4	1.15515e+07	3.92358e+07	1.08142e+07
22 	11826.4	1.15007e+07	3.86629e+07	1.08037e+07
23 	11826.4	1.14441e+07	3.82241e+07	1.07734e+07
24 	11826.4	1.14295e+07	3.7927e+07 	1.07275e+07
25 	11826.4	1.13994e+07	3.7927e+07 	1.07007e+07
26 	11789.4	1.13704e+07	3.81098e+07	1.0688e+07 
27 	11789.4	1.13062e+07	3.84521e+07	1.06371e+07
28 	11789.1	1.12911e+07	4.12054e+07	1.0629e+07 
29 	11789.1	1.12736e+07	4.04291e+07	1.05981e+07
30 	11784.7	1.12279e+07	3.90558e+07	1.05055e+07
31 	11784.7	1.11714e+07	3.90318e+07	1.05387e+07
32 	11784.7	1.11075e+07	3.85307e+07	1.0499e+07 
33 	11784.7	1.10827e+07	3.83572e+07	1.05034e+07
34 	11784.7	1.10383e+07	3.77466e+07	1.04418e+07
35 	11534.6	1.09867e+07	3.77236e+07	1.03791e+07
36 	11534.6	1.09295e+07	3.77236e+07	1.03676e+07
37 	11534.6	1.09098e+07	3.94216e+07	1.04097e+07
38 	11534.6	1.08861e+07	3.73247e+07	1.03614e+07
39 	11534.6	1.08466e+07	3.74615e+07	1.03415e+07
40 	11534.6	1.0803e+07 	3.70879e+07	1.03003e+07
41 	11534.6	1.07798e+07	3.7107e+07 	1.02487e+07
42 	9533   	1.07391e+07	3.68307e+07	1.02172e+07
43 	9533   	1.06631e+07	3.68307e+07	1.01333e+07
44 	9533   	1.06402e+07	3.68307e+07	1.01823e+07
45 	9533   	1.06245e+07	4.12883e+07	1.01516e+07
46 	9533   	1.0577e+07 	3.68333e+07	1.00996e+07
47 	9533   	1.0518e+07 	3.66998e+07	1.00748e+07
48 	9533   	1.04635e+07	3.66403e+07	9.99254e+06
49 	9533   	1.04114e+07	3.64238e+07	9.9576e+06 
50 	3780.37	1.03793e+07	3.63951e+07	9.91927e+06
51 	3780.37	1.0371e+07 	3.65605e+07	9.96287e+06
52 	3780.37	1.03621e+07	3.65605e+07	9.94075e+06
53 	3780.37	1.03266e+07	3.77412e+07	9.88589e+06
54 	3780.37	1.02757e+07	3.77412e+07	9.89417e+06
55 	3780.37	1.02526e+07	3.62693e+07	9.79542e+06
56 	3780.37	1.02093e+07	3.61086e+07	9.75912e+06
57 	3780.37	1.01605e+07	3.63807e+07	9.75938e+06
58 	3780.37	1.01047e+07	3.63807e+07	9.76378e+06
59 	3780.37	1.00812e+07	3.61063e+07	9.72822e+06
60 	3780.37	1.0069e+07 	3.57549e+07	9.71174e+06
61 	3780.37	1.00239e+07	3.4852e+07 	9.66076e+06
62 	3780.37	9.97894e+06	3.61556e+07	9.66373e+06
63 	3780.37	9.94336e+06	3.53785e+07	9.6288e+06 
64 	3780.14	9.92355e+06	3.53784e+07	9.65756e+06
65 	3780.14	9.86688e+06	3.53792e+07	9.59202e+06
66 	3780.14	9.8169e+06 	3.48944e+07	9.56742e+06
67 	3780.14	9.78472e+06	3.42105e+07	9.58162e+06
68 	3780.14	9.76939e+06	3.44005e+07	9.57673e+06
69 	3780.14	9.74329e+06	3.42104e+07	9.49035e+06
70 	3780.14	9.70378e+06	3.43532e+07	9.46807e+06
71 	3780.14	9.66284e+06	3.42315e+07	9.45426e+06
72 	3780.14	9.61382e+06	3.45581e+07	9.4504e+06 
73 	3780.14	9.60597e+06	3.45581e+07	9.42041e+06
74 	3780.14	9.56548e+06	3.45581e+07	9.39905e+06
75 	3601.15	9.52996e+06	3.45581e+07	9.32904e+06
76 	3601.15	9.49717e+06	3.42541e+07	9.30008e+06
77 	3601.15	9.45043e+06	3.42563e+07	9.25711e+06
78 	3601.15	9.39497e+06	3.42563e+07	9.2204e+06 
79 	3601.15	9.3484e+06 	3.39916e+07	9.17765e+06
80 	3601.15	9.33517e+06	3.3755e+07 	9.15733e+06
81 	3601.15	9.28895e+06	3.3755e+07 	9.1168e+06 
82 	3601.15	9.25849e+06	3.36203e+07	9.07375e+06
83 	3601.15	9.24451e+06	3.33717e+07	9.06994e+06
84 	3601.15	9.22087e+06	3.29155e+07	9.01185e+06
85 	3601.15	9.19411e+06	3.61793e+07	9.02459e+06
86 	3601.15	9.14558e+06	3.61793e+07	9.01475e+06
87 	3601.15	9.1318e+06 	3.63979e+07	8.99488e+06
88 	3601.15	9.07001e+06	3.62175e+07	8.91731e+06
89 	3601.15	9.04928e+06	3.62175e+07	8.90699e+06
90 	3601.15	9.02691e+06	3.39774e+07	8.92157e+06
91 	3601.15	8.98863e+06	3.43161e+07	8.8944e+06 
92 	3601.15	8.94095e+06	3.39774e+07	8.84679e+06
93 	3601.15	8.90007e+06	3.37673e+07	8.77142e+06
94 	3601.15	8.86778e+06	3.37673e+07	8.75936e+06
95 	3601.15	8.82985e+06	3.39292e+07	8.74709e+06
96 	3601.15	8.79319e+06	3.29307e+07	8.70598e+06
97 	3601.15	8.76316e+06	3.29307e+07	8.65417e+06
98 	3601.15	8.71941e+06	3.41048e+07	8.6068e+06 
99 	3601.15	8.65672e+06	3.49262e+07	8.54426e+06
100	3601.15	8.60709e+06	3.41055e+07	8.52006e+06
101	3601.15	8.58109e+06	3.40264e+07	8.40592e+06
102	3601.15	8.57936e+06	3.40267e+07	8.3748e+06 
103	3601.15	8.56037e+06	3.29591e+07	8.36749e+06
104	3479.74	8.52431e+06	3.44237e+07	8.36587e+06
105	3479.74	8.47355e+06	3.29966e+07	8.3573e+06 
106	3479.74	8.48098e+06	3.29228e+07	8.37012e+06
107	3479.74	8.4806e+06 	3.59638e+07	8.36436e+06
108	3479.74	8.45426e+06	3.57004e+07	8.3369e+06 
109	3479.74	8.44256e+06	3.42412e+07	8.27935e+06
110	3479.74	8.41655e+06	3.42412e+07	8.29832e+06
111	3479.74	8.36855e+06	3.42412e+07	8.27899e+06
112	3087.53	8.33482e+06	3.40767e+07	8.27509e+06
113	3087.53	8.29499e+06	3.34111e+07	8.24835e+06
114	3087.53	8.27482e+06	3.35947e+07	8.24412e+06
115	3087.53	8.22323e+06	3.36018e+07	8.19773e+06
116	3087.53	8.23056e+06	3.26374e+07	8.25908e+06
117	3087.53	8.22465e+06	3.26318e+07	8.2296e+06 
118	3087.53	8.20235e+06	3.26324e+07	8.21102e+06
119	3087.53	8.17978e+06	3.26327e+07	8.15275e+06
120	3087.53	8.15144e+06	3.30707e+07	8.11185e+06
121	3087.53	8.1588e+06 	3.26327e+07	8.08226e+06
122	3087.53	8.13597e+06	3.24866e+07	8.07754e+06
123	3087.53	8.09539e+06	3.14853e+07	8.05237e+06
124	3087.53	8.06516e+06	3.10684e+07	7.98039e+06
125	3087.53	8.00996e+06	3.07455e+07	7.90926e+06
126	3087.53	7.97663e+06	3.00222e+07	7.79826e+06
127	3087.53	7.94603e+06	3.00811e+07	7.82215e+06
128	3087.53	7.91054e+06	2.99881e+07	7.76888e+06
129	3087.53	7.86858e+06	2.98874e+07	7.75375e+06
130	3087.53	7.844e+06  	2.9865e+07 	7.70017e+06
131	3087.53	7.8054e+06 	2.94949e+07	7.64556e+06
132	3087.53	7.77552e+06	2.95266e+07	7.60998e+06
133	3087.53	7.75076e+06	2.9719e+07 	7.57914e+06
134	3087.53	7.7178e+06 	2.95266e+07	7.56974e+06
135	3087.53	7.68349e+06	2.92495e+07	7.53095e+06
136	3087.53	7.62003e+06	3.0208e+07 	7.53418e+06
137	3087.53	7.59394e+06	3.02063e+07	7.56651e+06
138	3087.53	7.58033e+06	2.9445e+07 	7.50526e+06
139	3087.53	7.56437e+06	2.94113e+07	7.47891e+06
140	3087.53	7.52822e+06	2.94113e+07	7.44615e+06
141	3087.53	7.51659e+06	2.92006e+07	7.4247e+06 
142	3087.53	7.47406e+06	2.84968e+07	7.32055e+06
143	3087.53	7.43766e+06	2.84968e+07	7.28213e+06
144	3087.53	7.39511e+06	2.85942e+07	7.26051e+06
145	3087.53	7.34905e+06	2.82301e+07	7.24323e+06
146	3087.53	7.33747e+06	2.81939e+07	7.20515e+06
147	3087.53	7.29423e+06	2.81939e+07	7.15607e+06
148	3087.53	7.29622e+06	2.93001e+07	7.16147e+06
149	3087.53	7.27495e+06	2.83356e+07	7.13245e+06
150	3087.53	7.23976e+06	2.83981e+07	7.1178e+06 
151	3071.82	7.21225e+06	2.80184e+07	7.08411e+06
152	3071.82	7.18259e+06	2.81011e+07	7.01956e+06
153	3071.82	7.16885e+06	2.81011e+07	7.02249e+06
154	3071.82	7.13316e+06	2.91558e+07	6.96873e+06
155	3071.82	7.13112e+06	2.88381e+07	7.06946e+06
156	3071.82	7.11438e+06	2.90737e+07	7.05506e+06
157	3071.82	7.10012e+06	2.88381e+07	7.00851e+06
158	3071.82	7.08908e+06	2.88361e+07	6.95522e+06
159	3071.82	7.05555e+06	2.88401e+07	6.92122e+06
160	3071.82	7.03001e+06	2.8808e+07 	6.87411e+06
161	3071.82	7.02044e+06	2.68582e+07	6.86048e+06
162	3071.82	7.01183e+06	3.46278e+07	6.87568e+06
163	3071.82	6.97024e+06	2.69359e+07	6.76399e+06
164	3071.82	6.94427e+06	2.65192e+07	6.75782e+06
165	3071.82	6.90374e+06	2.65186e+07	6.71669e+06
166	3071.82	6.89085e+06	2.77643e+07	6.68105e+06
167	3071.82	6.88466e+06	2.77643e+07	6.70456e+06
168	3071.82	6.85575e+06	2.77752e+07	6.73512e+06
169	3071.82	6.83728e+06	2.68577e+07	6.74481e+06
170	3071.82	6.81018e+06	2.68577e+07	6.71079e+06
171	3071.82	6.7887e+06 	2.63751e+07	6.74654e+06
172	3071.82	6.76514e+06	2.63751e+07	6.71038e+06
173	3071.82	6.75236e+06	2.63751e+07	6.67358e+06
174	3071.82	6.74581e+06	2.63751e+07	6.67177e+06
175	3071.82	6.71415e+06	2.64664e+07	6.67776e+06
176	3071.82	6.69991e+06	2.86655e+07	6.68311e+06
177	3071.82	6.68876e+06	2.71018e+07	6.68998e+06
178	3071.82	6.66194e+06	2.67011e+07	6.65717e+06
179	3071.82	6.64032e+06	2.64037e+07	6.59788e+06
180	3071.82	6.62916e+06	2.58712e+07	6.56168e+06
181	3071.82	6.5938e+06 	2.59413e+07	6.53341e+06
182	3071.82	6.56681e+06	2.59393e+07	6.45168e+06
183	3071.82	6.57422e+06	2.82597e+07	6.52739e+06
184	3071.82	6.53936e+06	2.6066e+07 	6.48876e+06
185	3071.82	6.53876e+06	2.57883e+07	6.46752e+06
186	3071.82	6.53093e+06	2.62456e+07	6.4799e+06 
187	3071.82	6.51916e+06	2.55326e+07	6.46113e+06
188	3071.82	6.48201e+06	2.53962e+07	6.44924e+06
189	3071.82	6.47898e+06	2.56827e+07	6.41296e+06
190	3071.82	6.46322e+06	2.64809e+07	6.36744e+06
191	3071.82	6.43864e+06	2.53882e+07	6.34782e+06
192	3070.41	6.46238e+06	2.53882e+07	6.35974e+06
193	3070.41	6.45004e+06	2.4856e+07 	6.32781e+06
194	3070.41	6.42265e+06	2.42876e+07	6.28073e+06
195	3070.41	6.42634e+06	2.69084e+07	6.31991e+06
196	3070.41	6.40365e+06	2.69084e+07	6.31689e+06
197	3070.41	6.39422e+06	2.46093e+07	6.29616e+06
198	3070.41	6.37451e+06	2.43719e+07	6.24903e+06
199	3070.41	6.32543e+06	2.64982e+07	6.28684e+06
200	3070.41	6.31375e+06	2.54881e+07	6.20121e+06
201	3070.41	6.31319e+06	2.5672e+07 	6.2087e+06 
202	3070.41	6.28324e+06	2.77488e+07	6.22487e+06
203	3070.41	6.27447e+06	2.61655e+07	6.22232e+06
204	3070.41	6.2726e+06 	2.57835e+07	6.22567e+06
205	3070.41	6.2261e+06 	2.57835e+07	6.19336e+06
206	3070.41	6.1995e+06 	2.57835e+07	6.19286e+06
207	3070.41	6.19034e+06	2.53665e+07	6.24631e+06
208	3070.41	6.18218e+06	2.53666e+07	6.26748e+06
209	3070.41	6.1735e+06 	2.48883e+07	6.19131e+06
210	3070.41	6.15173e+06	2.47575e+07	6.12347e+06
211	3070.41	6.15435e+06	2.87714e+07	6.18332e+06
212	3070.41	6.12475e+06	2.59166e+07	6.11927e+06
213	3070.41	6.09435e+06	2.4756e+07 	6.10397e+06
214	3070.41	6.0742e+06 	2.47479e+07	6.11139e+06
215	3070.41	6.02501e+06	2.5261e+07 	6.0746e+06 
216	3070.41	6.00521e+06	2.50244e+07	6.02634e+06
217	3070.41	5.97525e+06	2.43502e+07	5.97051e+06
218	3070.41	5.95429e+06	2.50844e+07	5.96191e+06
219	3070.41	5.93138e+06	2.6713e+07 	5.95089e+06
220	3070.41	5.90655e+06	2.3751e+07 	5.83319e+06
221	3070.41	5.88334e+06	2.31273e+07	5.82671e+06
222	3070.41	5.85836e+06	2.32836e+07	5.79883e+06
223	3070.41	5.82335e+06	2.81908e+07	5.78271e+06
224	3070.41	5.78734e+06	2.54391e+07	5.71533e+06
225	3070.41	5.77184e+06	2.54653e+07	5.71527e+06
226	3070.41	5.75622e+06	2.54657e+07	5.71423e+06
227	3070.41	5.72241e+06	2.54516e+07	5.65278e+06
228	3070.41	5.69468e+06	2.41675e+07	5.62308e+06
229	3070.41	5.65913e+06	2.41918e+07	5.57974e+06
230	3070.41	5.64966e+06	2.40665e+07	5.60694e+06
231	3070.41	5.63017e+06	2.40665e+07	5.61193e+06
232	3070.41	5.58974e+06	2.40665e+07	5.61503e+06
233	3070.41	5.56674e+06	2.37798e+07	5.58597e+06
234	3070.41	5.55714e+06	2.37999e+07	5.58356e+06
235	3070.41	5.53536e+06	2.88758e+07	5.59291e+06
236	3070.41	5.51096e+06	2.43753e+07	5.50344e+06
237	3070.41	5.48226e+06	2.43753e+07	5.44843e+06
238	3070.41	5.45444e+06	2.38815e+07	5.43882e+06
239	3070.41	5.452e+06  	2.3711e+07 	5.39824e+06
240	3070.41	5.44139e+06	2.37114e+07	5.42509e+06
241	3070.41	5.40405e+06	2.33039e+07	5.37433e+06
242	2405.13	5.39629e+06	2.31491e+07	5.34706e+06
243	2405.13	5.37763e+06	2.60242e+07	5.42086e+06
244	2405.13	5.38059e+06	2.77986e+07	5.40816e+06
245	2405.13	5.35996e+06	2.60241e+07	5.37181e+06
246	2405.13	5.31969e+06	2.32103e+07	5.34049e+06
247	2405.13	5.28918e+06	2.36982e+07	5.30323e+06
248	2405.13	5.26891e+06	2.36982e+07	5.26326e+06
249	2405.13	5.24242e+06	2.32952e+07	5.23909e+06
250	2405.13	5.20605e+06	2.32221e+07	5.16817e+06
251	2405.13	5.2099e+06 	2.3217e+07 	5.1351e+06 
252	2405.13	5.17245e+06	2.24529e+07	5.11529e+06
253	2405.13	5.15016e+06	2.24529e+07	5.07164e+06
254	2405.13	5.11739e+06	2.24158e+07	5.04468e+06
255	2405.13	5.08202e+06	2.24158e+07	5.05584e+06
256	2349.08	5.05741e+06	2.24158e+07	5.03614e+06
257	2349.08	5.04392e+06	2.22563e+07	4.99056e+06
258	2349.08	5.02959e+06	2.31316e+07	4.96398e+06
259	2349.08	5.02081e+06	2.14653e+07	4.92913e+06
260	2349.08	5.00273e+06	2.1371e+07 	4.90537e+06
261	2349.08	5.00467e+06	2.59644e+07	4.95802e+06
262	2349.08	4.97914e+06	2.21426e+07	4.89302e+06
263	2349.08	4.95215e+06	2.15515e+07	4.8523e+06 
264	2349.08	4.95121e+06	2.1474e+07 	4.81601e+06
265	2349.08	4.93786e+06	2.14426e+07	4.79128e+06
266	2349.08	4.90847e+06	2.11597e+07	4.76089e+06
267	2349.08	4.88223e+06	2.0168e+07 	4.72341e+06
268	2349.08	4.86058e+06	2.05419e+07	4.71476e+06
269	2349.08	4.84918e+06	2.30984e+07	4.70438e+06
270	2349.08	4.82767e+06	2.06445e+07	4.6749e+06 
271	2349.08	4.79989e+06	2.06445e+07	4.65185e+06
272	2349.08	4.80162e+06	2.07373e+07	4.63024e+06
273	2349.08	4.78151e+06	2.07373e+07	4.61e+06   
274	2349.08	4.76988e+06	2.07373e+07	4.64928e+06
275	2349.08	4.75433e+06	2.07373e+07	4.60288e+06
276	2349.08	4.7481e+06 	2.04208e+07	4.58008e+06
277	2349.08	4.72458e+06	1.99659e+07	4.55427e+06
278	2349.08	4.7225e+06 	1.9922e+07 	4.52657e+06
279	2349.08	4.69791e+06	1.86035e+07	4.47246e+06
280	2349.08	4.7066e+06 	1.85781e+07	4.47878e+06
281	2349.08	4.71313e+06	1.85781e+07	4.47144e+06
282	2349.08	4.70789e+06	1.81787e+07	4.48141e+06
283	2349.08	4.6901e+06 	1.81534e+07	4.43089e+06
284	2349.08	4.68822e+06	1.81423e+07	4.42561e+06
285	2349.08	4.65882e+06	1.80997e+07	4.38374e+06
286	2349.08	4.64127e+06	2.10991e+07	4.39812e+06
287	2349.08	4.62681e+06	1.81125e+07	4.36912e+06
288	2349.08	4.61855e+06	1.81125e+07	4.36229e+06
289	2349.08	4.58158e+06	1.88514e+07	4.31902e+06
290	2349.08	4.57177e+06	1.81125e+07	4.30781e+06
291	2349.08	4.55744e+06	1.80638e+07	4.31472e+06
292	2349.08	4.54866e+06	1.93606e+07	4.30412e+06
293	2349.08	4.52962e+06	1.78126e+07	4.26572e+06
294	2349.08	4.53576e+06	1.77446e+07	4.26225e+06
295	2349.08	4.52407e+06	1.76147e+07	4.27221e+06
296	2349.08	4.51343e+06	2.01187e+07	4.29177e+06
297	2349.08	4.49619e+06	1.97975e+07	4.2665e+06 
298	2349.08	4.49977e+06	1.97974e+07	4.25089e+06
299	2349.08	4.47021e+06	1.97004e+07	4.22885e+06
300	2349.08	4.44791e+06	1.91751e+07	4.18986e+06
301	2349.08	4.42892e+06	1.83072e+07	4.14398e+06
302	516.926	4.40548e+06	1.83619e+07	4.10238e+06
303	516.926	4.40167e+06	1.83619e+07	4.12388e+06
304	516.926	4.397e+06  	1.83619e+07	4.1594e+06 
305	516.926	4.38173e+06	1.83619e+07	4.1832e+06 
306	516.926	4.36796e+06	1.81177e+07	4.13322e+06
307	516.926	4.36142e+06	1.81182e+07	4.1081e+06 
308	516.926	4.34219e+06	1.81192e+07	4.06359e+06
309	516.926	4.33861e+06	1.77563e+07	4.06281e+06
310	516.926	4.32327e+06	1.75246e+07	4.03863e+06
311	516.926	4.3114e+06 	1.74364e+07	3.99018e+06
312	516.926	4.31235e+06	1.7432e+07 	3.97251e+06
313	516.926	4.29748e+06	2.0678e+07 	4.02172e+06
314	516.926	4.27002e+06	1.7432e+07 	3.92984e+06
315	507.508	4.28389e+06	1.82085e+07	3.96801e+06
316	507.508	4.28147e+06	1.82052e+07	3.98074e+06
317	507.508	4.30741e+06	2.02742e+07	4.05449e+06
318	507.508	4.26718e+06	1.82192e+07	4.00928e+06
319	50.1172	4.25037e+06	1.80046e+07	3.95668e+06
320	50.1172	4.23638e+06	1.72974e+07	3.93749e+06
321	50.1172	4.21246e+06	1.72888e+07	3.89098e+06
322	50.1172	4.197e+06  	1.72888e+07	3.85091e+06
323	50.1172	4.1789e+06 	1.80771e+07	3.82389e+06
324	50.1172	4.17287e+06	1.73045e+07	3.79995e+06
325	50.1172	4.15661e+06	1.66463e+07	3.79771e+06
326	50.1172	4.14616e+06	1.67476e+07	3.78786e+06
327	50.1172	4.14171e+06	1.76488e+07	3.80723e+06
328	50.1172	4.13369e+06	1.76174e+07	3.75402e+06
329	50.1172	4.11405e+06	1.76174e+07	3.74534e+06
330	50.1172	4.1015e+06 	1.76174e+07	3.7165e+06 
331	50.1172	4.09428e+06	1.62769e+07	3.71565e+06
332	50.1172	4.08189e+06	1.62914e+07	3.71279e+06
333	50.1172	4.06018e+06	1.65265e+07	3.71943e+06
334	50.1172	4.05848e+06	1.65265e+07	3.73328e+06
335	50.1172	4.04474e+06	1.62912e+07	3.73039e+06
336	50.1172	4.02196e+06	1.60948e+07	3.7296e+06 
337	50.1172	4.00655e+06	1.57041e+07	3.66477e+06
338	50.1172	4.01266e+06	1.54463e+07	3.67157e+06
339	50.1172	4.01955e+06	1.59431e+07	3.66172e+06
340	50.1172	4.02272e+06	1.59431e+07	3.62182e+06
341	50.1172	4.00451e+06	1.53665e+07	3.62889e+06
342	50.1172	4.01142e+06	1.55095e+07	3.60149e+06
343	50.1172	4.01033e+06	1.55095e+07	3.55925e+06
344	50.1172	4.00073e+06	1.66284e+07	3.5955e+06 
345	50.1172	3.97279e+06	1.66293e+07	3.61739e+06
346	50.1172	3.96262e+06	1.61344e+07	3.60747e+06
347	50.1172	3.99429e+06	1.66555e+07	3.64272e+06
348	50.1172	3.97942e+06	1.66555e+07	3.57624e+06
349	29.9241	3.96048e+06	1.58414e+07	3.57355e+06
350	29.9241	3.96218e+06	1.59263e+07	3.58935e+06
351	29.9241	3.95026e+06	1.69244e+07	3.61984e+06
352	29.9241	3.93536e+06	1.69503e+07	3.63701e+06
353	29.9241	3.91912e+06	1.7001e+07 	3.63605e+06
354	29.9241	3.90786e+06	1.7001e+07 	3.62492e+06
355	29.9241	3.93164e+06	1.70113e+07	3.66047e+06
356	29.9241	3.92078e+06	1.59275e+07	3.60733e+06
357	29.9241	3.917e+06  	1.61581e+07	3.59228e+06
358	29.9241	3.90578e+06	1.61581e+07	3.56969e+06
359	29.9241	3.87451e+06	1.56692e+07	3.52939e+06
360	29.9241	3.85528e+06	1.56692e+07	3.50611e+06
361	29.9241	3.85143e+06	1.51691e+07	3.49494e+06
362	29.9241	3.83008e+06	1.48177e+07	3.45682e+06
363	29.9241	3.81624e+06	1.56068e+07	3.46241e+06
364	29.7618	3.80835e+06	1.56377e+07	3.44647e+06
365	29.7618	3.84151e+06	1.94623e+07	3.54583e+06
366	29.7618	3.81622e+06	1.94782e+07	3.51403e+06
367	29.7618	3.79382e+06	1.86762e+07	3.5241e+06 
368	29.7618	3.79879e+06	1.64088e+07	3.45656e+06
369	29.7618	3.77734e+06	1.62459e+07	3.44471e+06
370	29.7618	3.76546e+06	1.62459e+07	3.46374e+06
371	29.7618	3.75386e+06	1.62459e+07	3.47321e+06
372	29.7618	3.7266e+06 	1.59183e+07	3.42257e+06
373	29.7618	3.71932e+06	1.48531e+07	3.36697e+06
374	29.7618	3.7082e+06 	1.56252e+07	3.37222e+06
375	29.7618	3.70648e+06	1.91564e+07	3.4267e+06 
376	29.7618	3.68743e+06	1.56252e+07	3.36008e+06
377	29.7618	3.67284e+06	1.60871e+07	3.35969e+06
378	29.7618	3.65791e+06	1.60871e+07	3.33801e+06
379	29.7618	3.65141e+06	1.58284e+07	3.33255e+06
380	29.7618	3.63856e+06	1.47544e+07	3.30062e+06
381	29.7618	3.62696e+06	1.44903e+07	3.27531e+06
382	29.7618	3.61055e+06	1.43563e+07	3.25882e+06
383	29.7618	3.61372e+06	1.4218e+07 	3.23325e+06
384	29.7618	3.60419e+06	1.42087e+07	3.18366e+06
385	29.7618	3.5849e+06 	1.37888e+07	3.19369e+06
386	29.7618	3.58353e+06	1.36579e+07	3.1653e+06 
387	29.7618	3.57785e+06	1.72845e+07	3.18794e+06
388	29.7618	3.56629e+06	1.47797e+07	3.11767e+06
389	29.7618	3.54987e+06	1.45613e+07	3.16221e+06
390	29.7618	3.53379e+06	1.41432e+07	3.14238e+06
391	29.7618	3.51587e+06	1.40396e+07	3.13148e+06
392	29.7618	3.53281e+06	1.44251e+07	3.12599e+06
393	29.7618	3.52427e+06	1.48005e+07	3.12888e+06
394	29.7618	3.5337e+06 	1.44214e+07	3.14508e+06
395	29.7618	3.52917e+06	1.44214e+07	3.12702e+06
396	29.7618	3.52366e+06	1.77184e+07	3.15683e+06
397	29.7618	3.51601e+06	1.44214e+07	3.15177e+06
398	29.7618	3.52708e+06	1.43493e+07	3.14935e+06
399	28.9481	3.52405e+06	1.43532e+07	3.12283e+06
400	28.9481	3.51415e+06	1.60185e+07	3.16872e+06
401	28.9481	3.50486e+06	1.43212e+07	3.14384e+06
402	28.9481	3.49216e+06	1.43212e+07	3.12212e+06
403	28.9481	3.46757e+06	1.38659e+07	3.09858e+06
404	28.9481	3.45907e+06	1.36795e+07	3.06659e+06
405	28.9481	3.45983e+06	1.35243e+07	3.035e+06  
406	28.9481	3.47533e+06	1.49223e+07	3.07572e+06
407	28.9481	3.46285e+06	1.43267e+07	3.04925e+06
408	28.9481	3.45636e+06	1.4248e+07 	3.00382e+06
409	28.8899	3.44458e+06	1.42375e+07	2.9786e+06 
410	28.8899	3.45748e+06	1.4237e+07 	2.98849e+06
411	28.8899	3.44585e+06	1.4652e+07 	3.00581e+06
412	28.8899	3.42427e+06	1.52142e+07	3.03015e+06
413	28.8899	3.42475e+06	1.34316e+07	3.01967e+06
414	28.8899	3.41318e+06	1.34316e+07	3.00501e+06
415	28.8899	3.40454e+06	1.33982e+07	2.99802e+06
416	28.8899	3.38605e+06	1.29323e+07	2.95274e+06
417	28.8899	3.37896e+06	1.29323e+07	2.92215e+06
418	28.8899	3.37143e+06	1.26382e+07	2.91368e+06
419	28.8899	3.36478e+06	1.24931e+07	2.8617e+06 
420	28.8899	3.36293e+06	1.24931e+07	2.87167e+06
421	28.8899	3.36279e+06	1.4429e+07 	2.90718e+06
422	28.8899	3.34567e+06	1.22716e+07	2.89278e+06
423	28.8899	3.34355e+06	1.23939e+07	2.88122e+06
424	28.8899	3.33074e+06	1.24157e+07	2.87126e+06
425	28.8899	3.32088e+06	1.28319e+07	2.84847e+06
426	28.8899	3.302e+06  	1.28312e+07	2.84304e+06
427	28.8899	3.2987e+06 	1.28675e+07	2.80644e+06
428	28.8899	3.28934e+06	1.28677e+07	2.82178e+06
429	28.8899	3.26193e+06	1.28677e+07	2.80629e+06
430	28.8899	3.26346e+06	1.28677e+07	2.79924e+06
431	28.8899	3.26006e+06	1.28159e+07	2.80558e+06
432	28.8899	3.24595e+06	1.20141e+07	2.79346e+06
433	28.8899	3.23722e+06	1.18963e+07	2.7725e+06 
434	28.8899	3.23621e+06	1.28039e+07	2.83394e+06
435	28.8899	3.21208e+06	1.26051e+07	2.81634e+06
436	28.8899	3.2072e+06 	1.18562e+07	2.78315e+06
437	28.8899	3.20755e+06	1.20943e+07	2.79393e+06
438	28.8899	3.19306e+06	1.20974e+07	2.8046e+06 
439	28.8899	3.19166e+06	1.23736e+07	2.77576e+06
440	28.8899	3.18698e+06	1.41895e+07	2.83041e+06
441	28.8899	3.17936e+06	1.17679e+07	2.79135e+06
442	28.8899	3.18657e+06	1.25845e+07	2.78406e+06
443	28.8899	3.16798e+06	1.20612e+07	2.74409e+06
444	28.8899	3.15847e+06	1.20626e+07	2.73529e+06
445	28.8899	3.14736e+06	1.19575e+07	2.72863e+06
446	28.8899	3.14294e+06	1.19575e+07	2.69542e+06
447	28.8899	3.12606e+06	1.26914e+07	2.65924e+06
448	28.8899	3.15824e+06	1.63757e+07	2.73267e+06
449	28.8899	3.16129e+06	1.51845e+07	2.74031e+06
450	28.8899	3.14844e+06	1.27138e+07	2.68539e+06
451	28.8899	3.14e+06   	1.28699e+07	2.67292e+06
452	28.8899	3.14764e+06	1.22821e+07	2.64677e+06
453	28.8899	3.14363e+06	1.24544e+07	2.68957e+06
454	28.8899	3.14715e+06	1.22139e+07	2.68418e+06
455	28.8899	3.14169e+06	1.18977e+07	2.68065e+06
456	28.8899	3.13211e+06	1.45786e+07	2.73108e+06
457	28.8899	3.13441e+06	1.48589e+07	2.74291e+06
458	28.8899	3.11366e+06	1.48589e+07	2.69015e+06
459	28.8899	3.11384e+06	1.32995e+07	2.67168e+06
460	28.8899	3.11146e+06	1.28388e+07	2.65614e+06
461	28.8899	3.11699e+06	1.51941e+07	2.65062e+06
462	28.8899	3.12118e+06	1.51941e+07	2.63729e+06
463	28.8899	3.11646e+06	1.25011e+07	2.60075e+06
464	28.8899	3.11166e+06	1.19858e+07	2.57458e+06
465	28.8899	3.11171e+06	1.33698e+07	2.59579e+06
466	28.8899	3.11153e+06	1.24357e+07	2.59777e+06
467	28.8899	3.08623e+06	1.24363e+07	2.58268e+06
468	28.8899	3.08194e+06	1.19228e+07	2.58787e+06
469	28.8899	3.08323e+06	1.18539e+07	2.59062e+06
470	28.8899	3.0779e+06 	1.31731e+07	2.59796e+06
471	28.8899	3.07618e+06	1.22097e+07	2.61047e+06
472	28.8899	3.06602e+06	1.28703e+07	2.62722e+06
473	28.8899	3.05685e+06	1.27239e+07	2.62385e+06
474	-76.1952	3.06374e+06	1.27239e+07	2.64102e+06
475	-76.1952	3.05674e+06	1.24726e+07	2.62795e+06
476	-76.1952	3.04076e+06	1.28116e+07	2.63505e+06
477	-76.1952	3.02207e+06	1.28116e+07	2.59387e+06
478	-76.1952	3.0395e+06 	1.64586e+07	2.65585e+06
479	-76.1952	3.01799e+06	1.44641e+07	2.64226e+06
480	-76.1952	3.00766e+06	1.27411e+07	2.62883e+06
481	-76.1952	3.0078e+06 	1.27411e+07	2.62223e+06
482	-76.1952	2.99757e+06	1.28371e+07	2.60144e+06
483	-76.1952	3.00988e+06	1.3402e+07 	2.61957e+06
484	-76.1952	3.0161e+06 	1.51102e+07	2.64388e+06
485	-76.1952	2.99586e+06	1.35671e+07	2.62075e+06
486	-76.1952	2.97939e+06	1.33042e+07	2.58428e+06
487	-76.1952	2.96401e+06	1.33182e+07	2.58365e+06
488	-76.1952	2.95095e+06	1.29098e+07	2.57742e+06
489	-76.1952	2.94555e+06	1.23329e+07	2.55782e+06
490	-76.1952	2.93845e+06	1.13144e+07	2.52521e+06
491	-76.1952	2.91123e+06	1.12484e+07	2.47623e+06
492	-121.069	2.91985e+06	1.28431e+07	2.497e+06  
493	-121.069	2.91171e+06	1.14129e+07	2.4834e+06 
494	-121.069	2.90413e+06	1.19021e+07	2.50571e+06
495	-121.069	2.89554e+06	1.18777e+07	2.46194e+06
496	-121.069	2.87702e+06	1.18777e+07	2.45626e+06
497	-121.069	2.86215e+06	1.18777e+07	2.45177e+06
498	-121.069	2.86172e+06	1.12845e+07	2.43299e+06
499	-121.069	2.85019e+06	1.15893e+07	2.43515e+06
-209.87999999
