gen	min     	avg    	max    	std    
0  	-311.248	25.7246	559.556	158.509
1  	-319.329	24.7465	559.292	158.832
2  	-319.329	24.8771	514.414	158.754
3  	-319.329	24.5554	514.414	159.315
4  	-319.329	24.3666	514.414	156.131
5  	-319.329	25.1413	536.475	157.622
6  	-319.329	24.1904	526.685	160.186
7  	-319.329	23.5084	541.935	161.508
8  	-319.329	22.776 	550.354	162.463
9  	-329.183	21.5708	550.354	165.098
10 	-329.183	21.5747	666.003	166.81 
11 	-335.257	20.4572	567.89 	168.719
12 	-335.257	19.1352	551.334	165.98 
13 	-335.257	18.596 	536.912	165.17 
14 	-335.257	17.4685	536.912	166.113
15 	-335.257	16.3911	586.413	165.926
16 	-345.518	15.4352	532.622	164.858
17 	-345.518	14.4056	516.168	164.768
18 	-353.874	14.3557	740.477	170.384
19 	-353.874	13.1687	621.601	167.268
20 	-364.041	12.2678	574.309	164.294
21 	-364.041	11.6503	529.95 	164.53 
22 	-364.041	10.9606	528.049	161.915
23 	-364.041	11.0234	543.417	158.894
24 	-368.554	11.2026	491.292	158.053
25 	-368.554	11.0482	462.985	159.344
26 	-368.554	9.8272 	453.194	158.781
27 	-368.554	8.78468	479.963	160.375
28 	-368.554	7.81925	492.998	160.124
29 	-368.554	7.79387	490.016	162.471
30 	-368.554	6.63928	490.016	160.939
31 	-368.554	6.22876	495.06 	163.438
32 	-368.554	5.27953	622.761	163.081
33 	-368.554	5.10471	570.266	160.957
34 	-368.554	4.65981	502.284	157.468
35 	-368.554	4.02679	500.233	156.028
36 	-368.554	3.95987	640.837	157.32 
37 	-368.554	2.7408 	505.47 	157.839
38 	-368.554	1.54875	471.342	154.395
39 	-368.554	0.0808297	476.256	154.347
40 	-368.554	-0.540232	476.256	153.379
41 	-368.554	-0.866728	544.271	156.636
42 	-368.554	-1.43211 	544.271	158.777
43 	-368.554	-2.31784 	544.271	154.654
44 	-368.554	-2.84432 	516.551	152.368
45 	-368.554	-3.05653 	516.551	152.984
46 	-368.554	-2.23392 	516.551	155.125
47 	-368.554	-2.70924 	464.125	152.821
48 	-368.554	-2.83952 	522.137	154.663
49 	-368.554	-3.38822 	443.318	157.116
50 	-369.907	-3.00548 	610.401	159.599
51 	-369.907	-3.09589 	515.93 	156.423
52 	-370.647	-3.24717 	482.782	157.73 
53 	-370.647	-4.08523 	484.879	157.122
54 	-370.647	-4.90977 	480.225	156.69 
55 	-370.647	-6.51992 	483.657	155.438
56 	-374.758	-7.55364 	544.79 	153.946
57 	-382.663	-8.37215 	558.038	152.828
58 	-382.663	-8.12393 	523.279	154.979
59 	-382.663	-8.63835 	494.004	155.657
60 	-382.663	-9.21388 	476.295	155.433
61 	-382.663	-9.76506 	462.465	156.012
62 	-382.663	-10.8558 	516.107	158.574
63 	-382.663	-11.7209 	467.099	156.002
64 	-382.663	-11.4199 	509.213	153.215
65 	-383.004	-12.3571 	440.276	150.609
66 	-383.004	-12.5286 	467.687	149.089
67 	-383.004	-12.7241 	469.439	150.427
68 	-383.004	-13.3987 	447.734	153.084
69 	-383.004	-14.0235 	450.553	152.384
70 	-383.004	-14.8538 	450.553	147.976
71 	-383.004	-15.593  	457.104	151.381
72 	-383.004	-15.2959 	447.735	152.345
73 	-383.004	-16.0777 	467.13 	153.779
74 	-383.157	-16.5912 	462.748	151.632
75 	-383.157	-17.5364 	478.363	153.138
76 	-387.438	-17.5019 	459.692	154.629
77 	-387.438	-17.6832 	501.904	155.47 
78 	-387.438	-18.8677 	489.305	154.131
79 	-395.06 	-19.9829 	453.799	154.368
80 	-395.06 	-19.9347 	453.799	156.19 
81 	-395.06 	-20.311  	447.05 	156.259
82 	-395.06 	-21.127  	451.064	154.68 
83 	-395.06 	-21.3917 	449.339	155.673
84 	-395.06 	-21.961  	449.339	153.131
85 	-395.06 	-21.6648 	776.271	156.432
86 	-402.852	-22.6897 	463.07 	155.975
87 	-402.852	-23.2584 	452.5  	155.271
88 	-402.852	-24.0535 	424.803	153.27 
89 	-402.852	-24.7965 	461.841	156.144
90 	-402.852	-24.8439 	461.841	156.65 
91 	-402.852	-25.1547 	427.763	156.119
92 	-402.852	-26.3194 	450.415	155.467
93 	-402.852	-27.3344 	450.415	155.389
94 	-402.852	-28.0444 	378.551	151.255
95 	-402.852	-28.9779 	408.959	153.386
96 	-402.852	-28.6808 	436.991	153.748
97 	-402.852	-29.5287 	440.996	153.797
98 	-402.852	-29.7321 	544.502	156.158
99 	-402.852	-30.33   	479.987	153.797
100	-402.852	-30.7152 	479.987	152.538
101	-402.852	-31.2024 	440.127	151.819
102	-402.852	-31.2906 	446.274	152.693
103	-402.852	-32.3232 	440.65 	152.932
104	-402.852	-33.0076 	482.082	153.375
105	-402.852	-32.7499 	463.991	153.563
106	-402.852	-32.1488 	525.223	154.076
107	-402.852	-32.9944 	530.494	154.404
108	-403.172	-33.5624 	460.361	154.242
109	-403.172	-33.4331 	487.152	153.995
110	-403.172	-34.1967 	474.363	152.361
111	-403.172	-34.8846 	474.929	152.757
112	-403.172	-35.1637 	471.745	148.582
113	-403.172	-35.8977 	404.313	145.021
114	-403.172	-35.7892 	406.212	150.154
115	-403.172	-36.8971 	373.218	147.292
116	-403.172	-37.561  	474.765	150.154
117	-423.846	-38.2434 	414.674	148.643
118	-423.846	-39.0296 	485.108	147.722
119	-423.846	-40.033  	469.409	149.369
120	-423.846	-40.5854 	410.094	151.516
121	-423.846	-41.5606 	430.941	152.447
122	-423.846	-42.4085 	421.799	153.831
123	-423.846	-42.4951 	439.903	157.184
124	-423.846	-42.6819 	490.937	154.47 
125	-423.846	-43.5801 	490.937	156.91 
126	-423.846	-45.0483 	424.161	156.632
127	-423.846	-45.1144 	512.442	156.602
128	-423.846	-46.2381 	459.019	152.136
129	-423.846	-47.5327 	537.681	154.465
130	-423.846	-48.1286 	423.705	153.231
131	-423.846	-48.7564 	468.466	154.866
132	-423.846	-50.1051 	468.466	154.927
133	-423.846	-51.4062 	516.474	151.613
134	-423.846	-51.7705 	558.098	149.667
135	-423.846	-50.7976 	692.202	153.462
136	-423.846	-51.5744 	484.654	150.999
137	-423.846	-51.9178 	483.636	151.823
138	-423.846	-52.3369 	416.096	150.952
139	-423.846	-52.3369 	443.783	150.163
140	-423.846	-52.7017 	443.783	150.044
141	-423.846	-53.4775 	443.783	152.285
142	-423.846	-53.8614 	449.776	151.559
143	-423.846	-55.077  	569.968	151.732
144	-423.846	-54.1426 	639.625	155.882
145	-423.846	-54.8887 	547.179	151.961
146	-423.846	-55.6684 	525.327	152.913
147	-423.846	-56.7151 	525.327	151.645
148	-423.846	-57.3726 	525.327	149.362
149	-423.846	-57.7085 	457.057	145.403
150	-423.846	-58.2441 	436.495	145.504
151	-423.846	-59.1575 	435.67 	143.876
152	-423.846	-59.7894 	509.088	148.976
153	-423.846	-60.2074 	457.483	146.267
154	-423.846	-60.6717 	488.103	149.308
155	-423.846	-61.2935 	451.307	148.097
156	-423.846	-62.6517 	451.307	144.073
157	-423.846	-62.8078 	392.29 	143.493
158	-423.846	-63.8422 	405.32 	147.064
159	-423.846	-64.0776 	385.345	147.183
160	-423.846	-64.784  	378.479	146.037
161	-423.846	-65.431  	389.361	146.334
162	-423.846	-65.9116 	423.691	145.25 
163	-423.846	-66.2583 	416.598	143.739
164	-423.846	-66.4633 	410.916	143.178
165	-423.846	-66.5366 	520.588	146.034
166	-423.846	-66.8404 	442.021	145.857
167	-423.964	-66.9963 	413.821	148.274
168	-423.964	-68.0071 	402.752	145.986
169	-423.964	-68.3922 	402.752	145.548
170	-423.964	-68.3032 	397.915	146.422
171	-423.964	-69.4883 	362.088	146.903
172	-423.964	-70.7304 	336.448	142.554
173	-423.964	-70.6617 	383.581	142.636
174	-423.964	-70.9267 	394.372	141.61 
175	-423.964	-70.6778 	510.061	146.188
176	-423.964	-71.5544 	497.857	148.12 
177	-423.964	-71.6868 	463.152	146.489
178	-423.964	-71.9004 	386.251	146.369
179	-423.964	-72.7708 	512.162	145.42 
180	-423.964	-73.2639 	467.448	148.36 
181	-423.964	-73.5249 	457.187	149.351
182	-423.964	-74.8664 	404.296	149.016
183	-423.964	-75.5224 	528.195	148.594
184	-423.964	-76.9743 	528.195	146.65 
185	-423.964	-76.8184 	388.496	145.509
186	-423.964	-77.1362 	399.122	144.696
187	-423.964	-77.9035 	399.122	145.525
188	-423.964	-78.6715 	394.516	144.783
189	-423.964	-78.4937 	418.239	143.086
190	-423.964	-79.2479 	393.776	142.91 
191	-423.964	-79.7217 	392.566	138.803
192	-423.964	-80.6903 	374.688	135.348
193	-423.964	-81.4771 	413.02 	137.847
194	-423.964	-81.8453 	374.688	138.799
195	-423.964	-82.3136 	374.688	139.595
196	-423.964	-82.919  	458.894	139.414
197	-423.964	-83.2431 	458.894	139.461
198	-426.347	-84.1825 	396.799	140.306
199	-426.347	-85.0674 	377.501	143.239
200	-426.347	-85.8063 	442.945	142.963
201	-426.347	-86.1874 	425.954	141.018
202	-426.347	-86.3817 	409.401	138.675
203	-426.347	-86.9466 	479.426	138.847
204	-426.347	-87.1744 	396.874	138.766
205	-428.175	-88.1988 	383.48 	137.466
206	-428.175	-88.3059 	366.752	135.015
207	-428.175	-88.8014 	352.981	134.504
208	-428.175	-89.168  	335.154	134.171
209	-428.175	-89.5759 	374.13 	137.539
210	-428.175	-89.9885 	344.706	136.67 
211	-428.175	-90.7622 	427.427	140.487
212	-428.175	-91.8256 	396.854	142.23 
213	-428.175	-92.1399 	385.777	141.488
214	-428.175	-92.7137 	418.639	144.225
215	-428.175	-93.3312 	478.784	143.063
216	-428.175	-93.6004 	429.149	142.985
217	-428.667	-94.4094 	357.056	139.909
218	-428.667	-95.0835 	362.272	138.068
219	-428.667	-95.5918 	354.284	139.777
220	-441.88 	-95.541  	344.468	138.068
221	-441.88 	-96.228  	399.362	139.419
222	-441.88 	-96.8136 	360.939	139.295
223	-441.88 	-97.0776 	431.819	135.853
224	-441.88 	-98.2673 	392.745	136.044
225	-441.88 	-98.3654 	435.49 	134.79 
226	-441.88 	-98.777  	366.101	132.004
227	-441.88 	-99.0395 	366.101	131.024
228	-441.88 	-99.654  	345.819	134.061
229	-441.88 	-100.205 	333.8  	132.724
230	-441.88 	-100.802 	323.282	132.412
231	-441.88 	-101.774 	330.075	134.6  
232	-441.88 	-102.088 	330.075	132.955
233	-443.825	-101.426 	394.273	132.868
234	-443.825	-101.791 	410.37 	130.887
235	-443.825	-102.551 	300.771	128.598
236	-443.825	-102.713 	303.173	126.485
237	-443.825	-102.485 	431.559	131.061
238	-443.825	-103.088 	304.493	130.614
239	-443.825	-102.928 	304.75 	134.144
240	-443.825	-103.597 	378.309	132.994
241	-443.825	-104.237 	360.303	131.254
242	-443.825	-104.916 	318.258	132.02 
243	-443.825	-105.05  	268.355	130.181
244	-443.825	-105.543 	305.479	131.248
245	-443.825	-105.834 	350.688	133.204
246	-443.825	-106.469 	350.688	133.741
247	-443.825	-106.384 	330.51 	138.457
248	-443.825	-106.642 	366.614	139.842
249	-443.825	-107.465 	299.44 	140.494
250	-443.825	-107.477 	305.045	137.865
251	-443.825	-107.397 	319.025	136.201
252	-443.825	-107.851 	306.222	135.337
253	-443.825	-108.948 	325.436	135.463
254	-443.825	-109.331 	333.649	134.958
255	-443.825	-109.643 	322.795	134.243
256	-443.825	-109.654 	314.975	134.363
257	-443.825	-109.553 	319.903	137.224
258	-443.825	-110.095 	324.737	134.429
259	-443.825	-110.509 	362.108	132.527
260	-443.825	-110.443 	365.982	133.848
261	-443.825	-111.075 	299.469	136.589
262	-443.825	-110.912 	286.44 	134.221
263	-443.825	-110.821 	277.548	134.99 
264	-443.825	-111.501 	299.72 	135.077
265	-443.825	-112.722 	277.548	132.63 
266	-443.825	-113.007 	313.571	132.202
267	-443.825	-113.236 	305.061	133.716
268	-443.825	-113.49  	323.33 	132.075
269	-443.825	-113.472 	346.314	133.408
270	-443.825	-113.804 	300.996	132.517
271	-443.825	-113.702 	300.214	130.754
272	-443.825	-114.918 	339.719	131.77 
273	-443.825	-115.171 	339.719	131.791
274	-443.825	-114.893 	309.145	133.008
275	-443.825	-115.45  	322.625	134.426
276	-443.825	-116.262 	438.392	134.613
277	-443.825	-116.591 	431.907	135.523
278	-443.825	-117.166 	418.381	132.484
279	-443.825	-116.568 	418.381	133.482
280	-443.825	-117.105 	329.565	137.058
281	-443.825	-117.326 	321.05 	136.384
282	-443.825	-117.804 	354.348	137.919
283	-443.825	-118.225 	380.195	137.421
284	-443.825	-118.707 	321.05 	138.692
285	-443.825	-118.975 	321.05 	135.383
286	-443.825	-118.781 	358.491	133.607
287	-443.825	-119.175 	358.491	134.105
288	-443.825	-119.925 	405.524	131.615
289	-443.825	-120.469 	315.368	131.673
290	-443.825	-120.656 	296.207	128.481
291	-443.825	-120.661 	272.902	130.545
292	-443.825	-121.217 	279.145	131.464
293	-443.825	-121.218 	304.866	131.221
294	-443.825	-121.789 	312.595	129.784
295	-443.825	-121.512 	363.164	130.514
296	-443.825	-121.641 	311.066	129.508
297	-443.825	-121.994 	316.158	128.693
298	-443.825	-122.758 	288.226	129.365
299	-443.825	-123.819 	449.734	129.611
300	-443.825	-124.26  	278.787	129.219
301	-443.825	-124.945 	278.787	130.871
302	-443.825	-125.315 	278.787	129.062
303	-443.825	-125.669 	279.121	128.862
304	-443.825	-125.797 	280.091	128.36 
305	-443.825	-126.314 	283.452	130.501
306	-443.825	-127.084 	324.663	127.411
307	-443.825	-127.483 	292.712	125.551
308	-443.825	-128.324 	291.112	125.188
309	-443.825	-128.571 	304.45 	125.188
310	-443.825	-128.756 	335.367	124.333
311	-443.825	-128.99  	312.056	125.768
312	-443.825	-129.622 	270.863	125.874
313	-443.825	-130.051 	263.101	124.594
314	-443.825	-130.359 	263.101	124.805
315	-443.825	-131.44  	283.473	126.072
316	-443.825	-131.412 	275.024	127.235
317	-443.825	-131.462 	344.026	128.601
318	-443.825	-131.727 	275.024	128.322
319	-443.825	-132.016 	297.854	128.269
320	-443.825	-132.62  	297.854	128.497
321	-443.825	-133.472 	288.687	129.072
322	-444.114	-133.928 	352.17 	132.181
323	-444.114	-133.372 	333.459	129.64 
324	-444.114	-133.79  	310.493	127.615
325	-444.114	-134.356 	304.886	129.534
326	-444.915	-135.246 	304.886	129.961
327	-444.915	-135.386 	304.886	129.913
328	-444.915	-135.714 	259.03 	127.667
329	-444.915	-135.819 	259.03 	127.18 
330	-444.915	-136.25  	315.225	125.399
331	-444.915	-136.475 	270.703	125.948
332	-444.915	-136.846 	302.033	126.531
333	-444.915	-136.78  	318.653	127.658
334	-444.915	-137.582 	342.635	125.461
335	-444.915	-137.341 	252.655	124.394
336	-444.915	-137.691 	239.955	124.906
337	-444.915	-137.742 	298.114	124.658
338	-444.915	-137.37  	297.525	123.658
339	-444.915	-137.38  	297.525	122.614
340	-444.915	-137.602 	297.525	123.887
341	-444.915	-137.499 	297.525	123.383
342	-444.915	-137.49  	287.022	124.872
343	-444.915	-137.338 	258.298	127.306
344	-444.915	-137.601 	257.977	125.167
345	-444.915	-138.532 	257.977	124.637
346	-444.915	-139.038 	284.388	123.502
347	-444.915	-139.212 	239.237	124.998
348	-444.915	-139.526 	270.786	126.115
349	-444.915	-140.128 	258.605	121.531
350	-444.915	-140.429 	276.109	123.427
351	-444.915	-140.742 	286.377	125.13 
352	-444.915	-141.059 	251.212	121.919
353	-444.915	-141.406 	298.99 	122.929
354	-444.915	-142.014 	322.814	121.847
355	-444.915	-142.387 	311.124	120.403
356	-444.915	-142.718 	281.681	124.055
357	-444.915	-142.776 	369.873	123.933
358	-444.915	-143.444 	319.708	122.717
359	-444.915	-143.961 	283.544	122.024
360	-444.915	-144.071 	249.655	120.517
361	-444.915	-144.567 	253.181	119.939
362	-444.915	-144.557 	286.788	120.332
363	-444.915	-145.474 	274.076	120.628
364	-444.915	-146.481 	234.498	120.263
365	-444.915	-146.112 	234.498	120.373
366	-444.915	-146.573 	234.498	120.687
367	-444.915	-147.014 	297.393	120.368
368	-444.915	-146.494 	314.439	124.926
369	-444.915	-145.733 	317.355	126.415
370	-444.915	-146.253 	300.614	124.929
371	-444.915	-146.432 	258.251	124.589
372	-444.915	-147.265 	235.537	121.772
373	-444.915	-147.471 	278.255	120.824
374	-444.915	-148.072 	298.277	122.819
375	-444.915	-147.842 	298.277	122.511
376	-444.915	-148.617 	298.277	119.633
377	-444.915	-148.166 	254.038	119.052
378	-444.915	-148.905 	248.781	119.21 
379	-444.915	-148.988 	250.743	120.128
380	-444.915	-149.469 	211.342	118.63 
381	-444.915	-148.642 	215.295	119.423
382	-444.915	-149.283 	215.295	118.418
383	-444.915	-149.671 	219.047	116.442
384	-444.915	-150.136 	219.047	115.952
385	-444.915	-150.125 	222.344	116.027
386	-444.915	-150.852 	212.124	116.44 
387	-444.915	-150.79  	202.099	115.308
388	-444.915	-150.882 	223.978	113.959
389	-444.915	-151.427 	191.946	114.396
390	-444.915	-151.012 	229.996	116.689
391	-444.915	-151.519 	223.53 	117.993
392	-444.915	-150.833 	335.817	119.393
393	-444.915	-151.318 	325.785	120.443
394	-444.915	-151.728 	298.131	119.699
395	-444.915	-152.399 	298.131	118.122
396	-444.915	-151.929 	233.851	118.377
397	-444.915	-151.589 	256.84 	118.942
398	-444.915	-150.67  	233.851	118.505
399	-444.915	-150.954 	223.849	118.291
400	-444.915	-150.879 	379.497	117.525
401	-444.915	-151.397 	232.843	118.699
402	-444.915	-151.916 	293.733	120.722
403	-444.915	-152.461 	274.042	120.073
404	-444.915	-152.283 	254.787	118.966
405	-444.915	-152.3   	243.935	118.235
406	-444.915	-152.249 	244.7  	117.563
407	-444.915	-152.661 	272.155	118.353
408	-446.487	-152.615 	276.461	121.366
409	-446.487	-153.122 	276.461	119.247
410	-446.487	-152.523 	317.043	118.263
411	-446.487	-152.583 	316.899	117.95 
412	-446.487	-152.703 	318.885	117.179
413	-446.487	-153.366 	278.065	114.665
414	-446.487	-153.682 	284.185	112.94 
415	-446.487	-153.394 	268.563	117.342
416	-446.487	-154.101 	249.006	117.834
417	-446.487	-154.192 	291.205	116.795
418	-446.487	-153.36  	518.762	121.294
419	-446.487	-154.055 	440.354	117.503
420	-446.487	-154.597 	254.3  	118.005
421	-446.487	-154.931 	239.35 	118.156
422	-446.487	-154.755 	280.531	120.357
423	-446.487	-154.409 	292.923	121.886
424	-446.487	-154.513 	229.797	120.915
425	-446.487	-155.245 	253.163	122.134
426	-446.487	-155.678 	263.275	121.697
427	-446.487	-155.518 	319.65 	124.173
428	-446.487	-156.085 	319.65 	121.96 
429	-446.487	-156.703 	268.312	119.937
430	-446.487	-156.961 	257.526	120.124
431	-446.487	-158.03  	324.571	119.412
432	-446.487	-158.213 	231.031	118.744
433	-446.487	-158.453 	284.061	116.87 
434	-446.487	-158.99  	211.101	117.583
435	-446.487	-159.175 	209.658	116.581
436	-446.487	-158.757 	209.658	119.83 
437	-446.487	-159.083 	250.836	119.172
438	-446.487	-158.69  	343.152	119.74 
439	-446.487	-158.902 	298.388	118.315
440	-446.487	-159.074 	232.052	116.568
441	-446.487	-158.797 	231.307	117.22 
442	-446.487	-159.202 	241.5  	119.07 
443	-446.487	-159.853 	331.831	119.752
444	-446.487	-160.228 	327.693	120.338
445	-446.487	-160.123 	391.555	121.877
446	-446.487	-160.834 	327.693	121.123
447	-446.487	-160.741 	327.693	121.58 
448	-446.487	-161.204 	284.675	119.112
449	-446.487	-161.769 	319.908	120.174
450	-446.487	-161.926 	318.819	118.597
451	-446.487	-162.502 	298.832	118.334
452	-446.487	-163.096 	282.469	116.086
453	-446.487	-163.575 	237.86 	117.217
454	-446.487	-163.103 	237.86 	113.302
455	-446.487	-163.398 	314.154	113.049
456	-446.487	-163.83  	238.601	113.777
457	-446.487	-163.276 	227.884	112.972
458	-446.487	-163.116 	228.882	111.861
459	-446.487	-162.978 	248.873	113.013
460	-446.487	-163.767 	248.873	111.768
461	-446.487	-164.35  	218.387	112.075
462	-446.487	-164.372 	182.845	112.8  
463	-446.487	-164.648 	221.69 	113.379
464	-446.487	-164.969 	216.402	114.496
465	-446.487	-165.073 	224.192	113.322
466	-446.487	-164.666 	216.402	114.641
467	-446.487	-164.825 	206.216	112.981
468	-446.487	-164.931 	252.023	114.577
469	-446.487	-165.286 	316.787	115.181
470	-446.487	-165.709 	272.456	112.281
471	-446.487	-165.893 	272.456	117.634
472	-446.487	-166.082 	235.325	116.435
473	-446.487	-166.454 	225.774	116.397
474	-446.487	-166.425 	225.774	115.046
475	-446.713	-167.415 	229.493	111.913
476	-446.713	-167.11  	187.35 	112.102
477	-446.713	-166.968 	238.424	113.561
478	-446.713	-167.022 	203.472	114.965
479	-446.713	-167.198 	230.861	113.196
480	-446.713	-167.15  	189.723	112.06 
481	-446.713	-167.05  	278.418	114.643
482	-446.713	-167.178 	238.465	113.437
483	-446.713	-167.515 	189.577	111.645
484	-446.713	-167.287 	324    	111.431
485	-446.713	-167.202 	303.892	110.955
486	-446.713	-167.169 	208.331	111.922
487	-446.713	-167.519 	192.727	114.562
488	-446.713	-168.298 	192.727	112.666
489	-446.713	-168.061 	204.698	113.065
490	-446.713	-168.264 	220.464	111.913
491	-446.713	-168.322 	223.231	109.643
492	-446.713	-168.869 	195.381	110.256
493	-446.713	-168.883 	182.224	109.92 
494	-446.713	-169.087 	258.228	109.855
495	-448.247	-169.957 	258.228	110.019
496	-448.247	-169.741 	226.134	112.066
497	-448.247	-169.87  	226.134	113.955
498	-448.247	-169.868 	205.536	113.697
499	-448.247	-170.241 	294.625	117.133
-462.08999999
