gen	min     	avg    	max    	std    
0  	-289.628	508.177	4916.35	860.586
1  	-316.336	512.858	4870.68	880.218
2  	-316.336	511.078	4559.04	864.363
3  	-316.336	511.062	4745.26	868.285
4  	-316.336	505.832	4414.24	848.221
5  	-323.408	503.798	4399.14	844.314
6  	-323.408	499.509	4409.39	835.786
7  	-323.681	502.329	4457.53	847.422
8  	-327.783	504.155	4457.53	848.448
9  	-327.783	508.623	4645.49	847.002
10 	-327.783	501.214	4520.8 	835.703
11 	-327.783	495.224	4308.31	820.184
12 	-327.783	489.782	4248.05	813.307
13 	-327.783	486.987	4162.68	818.038
14 	-327.783	481.789	4121.51	807.144
15 	-327.783	480.687	3954.39	796.777
16 	-327.783	484.421	3910.88	799.891
17 	-330.203	481.337	3843.35	779.218
18 	-346.248	480.078	3940.52	789.049
19 	-346.248	476.208	3898.36	785.204
20 	-346.248	473.107	4064.86	784.088
21 	-368.631	465.401	4010.74	771.711
22 	-368.631	462.172	4010.74	771.018
23 	-368.631	458.462	4010.74	764.734
24 	-368.631	453.923	4014.18	759.697
25 	-368.631	450.738	3890.86	758.057
26 	-368.631	448.658	3822.74	749.027
27 	-368.631	446.226	3757.17	748.065
28 	-368.631	445.516	4334.78	742.381
29 	-368.631	439.081	3806.55	737.508
30 	-368.631	433.922	3699.35	726.201
31 	-368.631	430.399	3774.93	710.253
32 	-368.631	429.165	3681.24	720.669
33 	-389.336	425.963	3631.4 	716.628
34 	-389.336	423.416	3549.54	708.382
35 	-389.336	416.63 	3541.46	691.348
36 	-389.336	416.655	3616.33	685.6  
37 	-389.336	410.161	3575.53	674.519
38 	-389.336	409.529	3588.34	675.545
39 	-389.336	405.42 	3366.77	673.581
40 	-389.336	405.794	3559.95	676.391
41 	-389.336	402.955	3224.67	672.822
42 	-389.336	400.847	3215.85	661.297
43 	-389.336	397.498	3278.73	647.208
44 	-389.336	394.942	3389.93	645.33 
45 	-389.336	389.871	3325.06	647.402
46 	-389.336	384.817	3351.6 	640.029
47 	-389.336	388.349	3255.22	641.7  
48 	-389.336	389.371	3247.42	630.506
49 	-389.336	388.562	3289.31	629.419
50 	-389.336	396.603	5000.29	660.184
51 	-389.336	397.442	4058.15	661.62 
52 	-389.336	393.011	3541.96	650.533
53 	-389.336	396.819	3293.57	647.907
54 	-389.336	389.774	3220.38	644.173
55 	-389.336	383.542	3416.19	644.968
56 	-389.336	381.036	3275.46	639.341
57 	-389.336	383    	4734.05	655.506
58 	-389.336	381.513	3819.62	652.351
59 	-389.336	378.178	4337.71	645.608
60 	-389.336	377.622	4337.77	649.485
61 	-389.336	371.066	3436.67	628.015
62 	-389.336	366.769	3317.99	621.542
63 	-389.336	374.206	3847.35	634.285
64 	-389.336	370.468	4752.87	640.175
65 	-389.336	365.366	3850.09	611.412
66 	-389.336	363.665	3286.08	605.6  
67 	-389.336	361.426	3186.28	599.673
68 	-389.336	359.562	3181.18	595.912
69 	-389.336	357.648	3122.16	592.293
70 	-389.336	355.939	3122.16	589.266
71 	-389.336	353.799	2913.84	576.958
72 	-389.336	349.372	2897.98	560.795
73 	-389.336	351.29 	5408.98	591.654
74 	-389.336	345.362	3452.91	576.648
75 	-389.336	345.087	3127.57	566.47 
76 	-397.487	338.795	3022.17	551.977
77 	-397.487	336.775	3183.42	558.468
78 	-397.487	339.549	3025.1 	558.537
79 	-397.487	337.288	2876.86	552.051
80 	-397.487	336.263	2679.77	548.074
81 	-397.487	339.735	2667.3 	543.783
82 	-397.487	343.685	3635.31	551.498
83 	-397.487	342.513	2913.55	551.712
84 	-397.487	349.431	4687.16	570.032
85 	-397.487	344.221	2755.99	542.194
86 	-397.487	344.951	2820.68	540.389
87 	-397.487	339.779	2647.74	533.544
88 	-397.487	337.621	2680.9 	534.621
89 	-397.487	334.604	2878.51	537.42 
90 	-397.487	335.953	2878.51	541.313
91 	-399.64 	333.636	3008.09	546.273
92 	-399.64 	330.656	2878.51	533.858
93 	-399.64 	327.431	2705.06	530.832
94 	-399.64 	325.955	2670.35	521.125
95 	-399.64 	325.023	2635.95	524.102
96 	-399.64 	327.498	2521.89	531.039
97 	-399.64 	323.369	2481.39	523.096
98 	-399.64 	322.706	2460.44	528.029
99 	-399.64 	325.874	2526   	540.334
100	-399.64 	320.5  	2665.56	538.595
101	-399.64 	318.724	2693.55	533.848
102	-399.64 	318.868	2477.8 	530.052
103	-399.64 	316.874	2532.44	537.209
104	-399.64 	316.322	3093.15	537.98 
105	-400.166	312.392	2532.44	530.121
106	-400.166	310.421	2532.44	521.588
107	-400.166	312.613	2603.94	528.901
108	-400.166	321.563	2540.47	542.193
109	-400.166	316.728	2611.79	536.363
110	-400.166	319.015	2447.38	538.424
111	-403.616	316.941	2405.04	528.504
112	-403.616	317.354	2468.82	537.239
113	-403.616	318.717	2931.69	541.535
114	-403.616	320.085	2904.38	536.744
115	-403.616	319.639	2525.47	529.402
116	-403.616	324.013	2377.52	524.861
117	-403.616	330.241	3408.15	549.373
118	-403.616	329.616	3205.06	558.505
119	-403.616	327.118	3068.18	546.794
120	-403.616	329.536	2955.6 	537.302
121	-403.616	326.286	3098.98	536.773
122	-403.616	326.734	3117.32	533.415
123	-403.616	326.644	2915.74	534.449
124	-403.616	324.526	3284.92	537.52 
125	-403.616	325.113	3295.06	545.021
126	-403.616	321.24 	2743.79	543.483
127	-403.616	317.746	2818.32	548.626
128	-403.616	320.427	2989.32	553.07 
129	-403.616	320.286	3938.22	563.483
130	-403.616	319.694	2908.18	549.071
131	-403.616	324.639	2816.08	555.434
132	-403.616	321.304	2726.17	544.176
133	-403.616	314.753	3668.69	542.594
134	-403.616	311.955	2726.17	533.004
135	-403.616	309.85 	2613.71	532.383
136	-403.616	311.416	2980.23	538.936
137	-403.616	313.365	2980.23	544.247
138	-403.616	310.517	2613.71	537.352
139	-407.325	310.484	2571.79	544.398
140	-407.325	308.252	2600.05	547.412
141	-407.325	315.355	5195.98	575.726
142	-407.325	314.526	2823.75	562.202
143	-407.325	311.251	2684.22	546.259
144	-407.325	308.781	2768.79	536.552
145	-407.325	311.568	3901.63	558.719
146	-407.325	305.593	2709.47	540.635
147	-407.325	307.502	3140.04	556.341
148	-407.325	307.898	3202.18	544.358
149	-407.325	312.518	5292.76	573.841
150	-407.325	307.297	4189.94	548.306
151	-409.356	298.506	3526.03	519.83 
152	-409.356	298.049	3656.26	532.971
153	-409.356	295.421	3536   	537.269
154	-409.356	294.994	3474.37	529.301
155	-409.356	294.081	3209.22	519.267
156	-414.231	293.939	3121.89	519.012
157	-414.231	296.877	3121.89	522.007
158	-414.231	296.42 	2666.13	510.115
159	-414.231	295.517	2666.13	503.965
160	-414.231	293.863	2631.25	493.935
161	-414.231	292.419	2426.69	491.875
162	-414.231	290.023	2426.69	490.897
163	-414.231	290.475	2273.74	496.168
164	-414.231	286.831	2537.1 	500.334
165	-414.231	284.496	2300.94	499.414
166	-414.231	288.717	2477.66	505.309
167	-414.231	286.471	2473.64	501.223
168	-414.231	285.146	2442.43	495.666
169	-414.231	280.944	2442.43	499.056
170	-414.231	283.738	2442.43	498.45 
171	-414.231	280.998	2263.54	492.601
172	-414.231	277.625	2238.42	488.196
173	-414.231	277.276	2238.42	486.918
174	-414.231	279.495	2888.64	496.158
175	-414.231	277.084	2481.23	493.79 
176	-414.231	277.863	2762.34	509.837
177	-414.231	274.913	2722.57	505.832
178	-414.231	273.484	2926.13	500.032
179	-414.231	271.305	3093.34	510.797
180	-414.231	268.225	2933.5 	500.193
181	-414.231	265.205	2778.33	490.883
182	-414.231	263.556	2563.06	489.949
183	-414.231	264.091	2563.06	493.685
184	-414.231	264.554	2871.33	492.395
185	-414.231	261.078	2427.72	479.393
186	-414.231	260.273	2306.36	474.231
187	-414.231	260.862	2306.36	473.524
188	-414.231	263.111	2458.02	483.698
189	-414.231	262.939	2329.65	490.633
190	-414.231	261.475	2301.19	484.205
191	-414.231	261.326	2241.04	474.444
192	-414.231	260.265	3136.6 	483.372
193	-414.231	266.178	4589.55	522.388
194	-414.231	263.536	4589.55	527.447
195	-414.231	259.597	3028.13	511.604
196	-414.231	263.701	2755.44	501.439
197	-414.231	260.868	2626.9 	489.346
198	-416.221	257.15 	2602.82	470.945
199	-416.221	261.479	2599.85	473.715
200	-416.221	259.669	2550.46	462.939
201	-416.221	263.502	3596.56	484.458
202	-416.221	261.654	3194.54	479.443
203	-416.221	259.566	3194.54	479.948
204	-416.221	257.504	2673.77	471.197
205	-416.221	254.482	2495.13	467.381
206	-416.221	250.851	2435.34	465.485
207	-416.221	250.577	2455.97	465.052
208	-416.221	254.797	2368.86	476.894
209	-416.221	255.207	2291.13	469.759
210	-416.221	253.512	2291.13	465.762
211	-416.221	256.305	2954.6 	469.803
212	-416.221	253.276	2284.13	461.626
213	-416.221	256.395	2180.92	467.625
214	-416.221	253.252	2758.6 	469.806
215	-416.221	249.662	2455.86	468.099
216	-416.221	251.18 	3129.15	477.105
217	-416.221	251.308	3016.64	466.912
218	-416.221	255.575	3085.56	465.447
219	-416.221	251.878	2569.25	454.049
220	-416.221	248.688	2349.58	448.212
221	-416.221	244.949	2349.58	451.546
222	-416.221	248.404	2298.63	458.524
223	-416.221	246.688	2238.48	449.07 
224	-416.221	248.019	2354.25	456.896
225	-416.233	246.639	2125.39	450.964
226	-416.233	249.145	2495.2 	468.378
227	-416.233	249.274	2489.55	469.769
228	-416.233	248.373	2357.9 	461.612
229	-416.233	249.175	2978.98	466.91 
230	-416.233	251.486	3003.38	471.105
231	-416.233	250.151	2434.85	466.49 
232	-416.233	250.713	2469.27	478.301
233	-416.233	248.145	2652.96	477.104
234	-416.233	244.986	2407.68	476.507
235	-416.233	247.751	2407.68	481.241
236	-416.233	245.924	2270.89	470.386
237	-416.233	246.14 	2080.56	460.692
238	-416.233	246.15 	2018.44	450.513
239	-416.233	244.674	2221.78	453.426
240	-416.233	244.822	2277.05	456.194
241	-416.233	243.721	2227.99	451.714
242	-416.233	244.005	2329.45	452.271
243	-416.233	240.459	2388.44	446.006
244	-416.233	242.139	2393.43	450.918
245	-416.233	240.972	2306.62	449.328
246	-416.233	243.5  	2375.1 	462.196
247	-416.233	241.39 	2199.43	449.066
248	-416.233	240.095	2215.41	442.15 
249	-416.233	236.446	2217   	441.069
250	-416.233	236.036	2140.09	437.053
251	-416.233	236.953	2140.09	442.066
252	-416.233	235.581	2140.09	429.221
253	-416.233	232.745	2290.01	433.851
254	-420.833	236.3  	2141.08	445.961
255	-420.833	234.122	2053.91	447.527
256	-420.833	233.582	2053.91	443.088
257	-420.833	233.307	2053.91	445.878
258	-420.833	234.559	2065.82	447.824
259	-420.833	233.589	2065.82	447.958
260	-420.833	236.807	2147.48	450.555
261	-421.988	237.456	2132.52	453.205
262	-421.988	239.119	1963.76	454.827
263	-421.988	240.328	2389.52	463.268
264	-421.988	240.007	2000.77	462.381
265	-421.988	238.508	2454.23	463.231
266	-421.988	242.696	2187.74	470.007
267	-421.988	243.571	2150.63	468.478
268	-421.988	244.442	2580.27	471.509
269	-421.988	243.606	2603.26	471.838
270	-421.988	243.301	2590.71	474.827
271	-421.988	240.931	2499.04	473.655
272	-421.988	245.07 	3480.77	503.316
273	-421.988	243.06 	3098.15	485.819
274	-421.988	246.136	2716.11	490.432
275	-421.988	243.65 	2305.26	478.994
276	-421.988	241.927	2225.83	467.666
277	-421.988	238.628	2225.83	458.488
278	-421.988	234.469	2163.78	455.637
279	-421.988	236.979	2322.33	466.285
280	-421.988	232.986	2285.51	461.236
281	-421.988	232.163	2288.65	460.625
282	-421.988	229.454	2271.95	452.287
283	-421.988	233.3  	2271.95	462.461
284	-421.988	233.992	2278.57	460.666
285	-421.988	233.104	2271.95	455.822
286	-421.988	230.293	2371.01	454.898
287	-421.988	227.022	2274.31	444.637
288	-421.988	229.813	2274.31	450.957
289	-436.089	228.9  	2014.04	449.863
290	-436.089	232.736	3320.19	473.921
291	-436.089	231.904	2910.04	466.93 
292	-436.089	231.696	2972.61	466.26 
293	-436.089	227.085	2526.01	457.494
294	-436.089	231.466	2267.48	455.58 
295	-436.089	228.602	2264.24	451.001
296	-436.089	227.708	2152.72	451.333
297	-436.089	225.107	2249.48	448.638
298	-436.089	228.697	2249.48	455.43 
299	-436.089	229.059	2249.48	459.962
300	-436.089	229.258	2439   	473.445
301	-436.089	227.473	2194.01	475.536
302	-436.089	225.398	2273.31	472.228
303	-436.791	226.344	2007.44	459.143
304	-436.791	224.545	1972.62	451.952
305	-436.791	222.242	1972.62	445.716
306	-436.791	219.753	1809.25	436.435
307	-436.791	220.136	1781.59	431.767
308	-436.791	221.392	2171.6 	430.887
309	-436.791	222.801	2445   	446.599
310	-439.542	225.797	2455.22	442.381
311	-439.542	225.234	2455.22	444.971
312	-439.542	226.882	2191.61	446.303
313	-439.542	232.847	1990.12	448.977
314	-439.542	232.044	2048.99	453.203
315	-439.542	232.64 	1991.83	449.517
316	-439.542	231.74 	2952.93	460.902
317	-439.542	228.834	2556.26	452.096
318	-439.542	229.522	2236.06	448.51 
319	-439.542	229.047	2199.35	454.681
320	-439.542	227.682	2139.02	450.209
321	-439.542	226.92 	2104.91	449.511
322	-439.542	229.185	2104.91	454.228
323	-439.542	227.889	2152.38	460.989
324	-439.542	224.85 	2182.93	457.512
325	-439.542	220.896	2182.93	455.381
326	-439.542	221.973	2182.93	460.935
327	-439.542	225.221	2212.41	456.844
328	-439.542	230.801	3166.48	463.059
329	-439.542	229.658	3052.21	467.762
330	-439.542	230.051	2634.26	469.554
331	-439.542	228.913	2384.72	472.453
332	-439.542	228.09 	2245.63	464.91 
333	-439.542	228.625	2815.49	475.171
334	-439.542	225.451	2430.62	462.906
335	-439.542	230.526	2410.82	466.255
336	-439.542	237.652	4815.69	502.648
337	-439.542	238.67 	4803.91	509.057
338	-439.687	232.72 	2421.35	473.619
339	-439.687	234.734	2896.31	475.037
340	-439.687	239.44 	2292.11	481.637
341	-439.687	240.141	3240.81	489.318
342	-439.687	238.625	2425.41	477.144
343	-439.687	239.176	2403.2 	466.714
344	-439.687	235.852	2592.83	458.586
345	-439.687	234.461	2018.13	453.519
346	-439.687	234.486	2018.13	452.252
347	-439.687	233.074	2018.13	446.397
348	-439.687	231.009	1969.09	447.207
349	-439.687	228.769	1995.1 	453.041
350	-439.687	229.149	1971   	448.918
351	-439.687	226.648	1950.47	448.904
352	-439.687	229.328	2295.09	449.972
353	-439.687	224.945	2295.09	445.569
354	-439.687	225.692	2452.96	448.638
355	-439.687	229.217	2400.57	455.32 
356	-439.687	231.278	2410.06	465.972
357	-439.687	233.414	2400.72	460.962
358	-439.687	231.638	2400.72	470.269
359	-439.687	243.77 	3610.44	512.459
360	-439.687	243.307	3298.49	501.579
361	-439.687	244.152	3298.97	501.198
362	-439.687	244.41 	2804.46	500.575
363	-439.687	242.357	2731.77	498.83 
364	-439.687	244.451	2815.85	495.048
365	-439.687	241.63 	2702.63	490.325
366	-439.687	246.845	2702.63	491.949
367	-439.687	244.03 	2331.53	479.547
368	-439.687	243.247	2424.31	478.757
369	-439.687	243.229	2331.53	472.047
370	-439.687	240.671	2261.84	457.752
371	-439.687	239.115	2252.15	454.797
372	-439.687	238.555	2179.05	453.4  
373	-439.687	236.881	2115.82	458.81 
374	-439.687	238.411	2329.94	466.666
375	-439.687	236.881	2329.94	471.761
376	-439.687	235.287	2169.88	465.072
377	-439.687	232.975	1980.66	454.945
378	-439.687	234.341	1991.82	456.134
379	-439.687	231.682	1975.31	448.937
380	-439.687	236.196	2369.58	464.275
381	-439.687	232.803	2369.58	452.879
382	-439.687	230.387	2590.04	455.674
383	-439.687	229.298	2424.52	451.12 
384	-439.687	230.802	2151.36	452.698
385	-439.687	232.622	2195.07	458.573
386	-439.687	236.617	3328.42	488.59 
387	-439.687	238.389	2855.63	479.557
388	-439.687	235.88 	2799.8 	484.792
389	-439.687	241.808	2912.31	488.436
390	-439.687	240.301	2687.55	481.835
391	-439.687	242.782	2394.26	476.247
392	-439.687	241.825	2345.82	476.522
393	-439.687	242.886	2459.41	474.614
394	-439.687	242.829	2168.29	471.819
395	-439.687	243.568	2168.29	476.324
396	-439.687	240.554	2191.02	479.29 
397	-439.687	242.825	2135.22	474.21 
398	-439.687	243.454	2151.94	469.842
399	-439.687	243.478	2249.2 	474.399
400	-439.687	245.791	2224.03	472.041
401	-439.687	248.308	2438.33	467.948
402	-439.687	248.157	2438.33	474.214
403	-439.687	248.344	2719.08	486.665
404	-439.687	254.9  	5556.57	530.069
405	-439.687	249.162	2794.6 	486.793
406	-439.687	252.209	2942.58	489.629
407	-439.687	254.631	2677.26	485.988
408	-439.687	253.455	2296.29	483.787
409	-439.687	252.909	2303.53	484.215
410	-439.687	252.343	2303.53	483.251
411	-439.687	248.125	2142.11	473.474
412	-439.687	247.495	2615.76	477.668
413	-439.687	250.878	3427.44	490.662
414	-439.687	249.011	2517.08	480.056
415	-439.687	250.257	2098.79	469.291
416	-439.687	245.543	2300.4 	475.77 
417	-439.687	243.771	2120.27	474.482
418	-439.687	243.393	2120.27	478.642
419	-439.687	245.612	2120.27	473.938
420	-439.687	247.416	2422.78	485.396
421	-439.687	245.57 	2422.78	491.374
422	-439.687	249.889	2487.64	500.149
423	-439.687	246.434	2506.97	500.108
424	-439.687	248.448	2339.94	492.556
425	-439.687	254.475	2339.94	503.053
426	-439.687	254.926	2315.46	500.739
427	-439.687	258.916	2298.35	501.193
428	-439.687	255.884	2169.44	491.004
429	-439.687	255.5  	2048.4 	489.385
430	-439.687	257.535	2763.37	502.888
431	-439.687	255.087	2177.88	496.641
432	-439.687	253.801	2177.88	496.921
433	-439.687	251.103	2177.88	492.895
434	-439.687	251.528	3776.7 	503.985
435	-439.687	252.135	2395.36	494.175
436	-439.687	247.596	2179.39	485.038
437	-439.687	246.478	3050.37	490.115
438	-439.687	252.165	3039.24	515.629
439	-439.687	248.81 	2805.36	513.239
440	-439.687	246.291	2669.71	502.603
441	-439.687	246.729	2606.35	490.322
442	-440.888	248.314	2606.35	493.904
443	-440.888	250.699	2620.4 	494.239
444	-440.888	246.682	2606.35	481.292
445	-440.888	244.886	2596   	492.291
446	-440.888	244.54 	2629.66	504.621
447	-440.888	240.068	2629.66	489.253
448	-440.888	236.283	2299.64	473.284
449	-440.888	236.377	2299.64	469.76 
450	-440.888	238.193	2452.12	480.642
451	-440.888	238.529	2846.95	490.267
452	-440.888	239.578	2812.89	489.136
453	-440.888	242.757	2374.67	486.528
454	-440.888	250.286	2936.93	507.249
455	-440.888	248.664	2769.57	500.899
456	-440.888	247.176	3067.08	496.207
457	-440.888	248.423	2535.98	497.272
458	-440.888	250.334	2447.08	500.268
459	-440.888	254.305	2447.08	500.737
460	-440.888	254.123	2358.66	492.612
461	-440.888	255.797	2316.17	491.643
462	-440.888	255.1  	2316.17	490.803
463	-440.888	257.393	2147.81	488.54 
464	-440.888	258.044	2774.62	495.099
465	-440.888	259.172	2335.91	498.068
466	-440.888	260.21 	2405.1 	486.054
467	-440.888	261.746	2350.4 	495.997
468	-440.888	261.693	2331.74	493.921
469	-440.888	263.623	2368.16	498.655
470	-440.888	262.798	2336.57	500.919
471	-440.888	263.916	2321.34	510.607
472	-440.888	262.869	2036.67	502.126
473	-440.888	259.659	2128.37	496.793
474	-440.888	259.14 	2582.01	500.91 
475	-440.888	261.516	2214.85	496.957
476	-440.888	261.883	2442.55	508.528
477	-440.888	262.591	2475.68	506.663
478	-440.888	259.115	2438.33	506.389
479	-440.888	260.941	2397.79	498.18 
480	-440.888	258.995	2260.78	501.85 
481	-440.888	255.595	2260.78	487.086
482	-440.888	253.621	2260.78	490.498
483	-440.888	250.385	2046.34	487.812
484	-440.888	251.046	2210.46	491.41 
485	-440.888	260.05 	2390.39	507.396
486	-440.888	259.381	2147.66	503.647
487	-440.888	258.098	2100.19	499.615
488	-440.888	258.627	2116.55	498.724
489	-440.888	256.462	2588.84	502.062
490	-440.888	253.513	2428.01	498.929
491	-440.888	262.126	2794.69	515.831
492	-440.888	258.689	2580.34	509.515
493	-440.888	265.225	3464   	527.711
494	-440.888	270.199	3464   	538.862
495	-440.888	266.568	3241.49	532.159
496	-440.888	266.324	3011.29	525.778
497	-440.888	265.453	2987.63	522.563
498	-440.888	266.513	2987.63	524.224
499	-440.888	264.795	2689   	523.175
-462.08999999
