gen	min    	avg    	max    	std    
0  	88.6255	196.741	285.143	36.0719
1  	88.6255	196.54 	285.027	36.3985
2  	88.6255	196.344	283.738	36.6304
3  	85.2291	196.086	296.836	37.2061
4  	85.2291	195.833	293.913	37.4861
5  	78.3743	195.436	293.123	37.8055
6  	73.041 	195.266	284.954	37.4895
7  	73.041 	194.94 	289.159	38.0101
8  	73.041 	194.574	292.005	37.722 
9  	73.041 	194.264	292.005	37.8565
10 	73.041 	194.022	282.727	37.397 
11 	73.041 	193.842	288.012	37.7691
12 	73.041 	193.627	287.957	38.0601
13 	73.041 	193.359	285.106	38.1566
14 	73.041 	193.077	282.346	38.2115
15 	73.041 	192.795	286.119	37.9907
16 	67.1258	192.487	301.846	38.1302
17 	67.1258	192.128	295.959	37.6984
18 	67.1258	191.812	297.578	37.9844
19 	67.1258	191.563	294.437	37.6796
20 	64.3311	191.3  	287.737	37.7688
21 	64.3311	191.029	287.737	37.4946
22 	64.3311	190.743	283.482	37.9341
23 	64.3311	190.497	278.077	37.6344
24 	64.3311	190.285	296.655	37.3299
25 	64.3311	189.926	279.349	37.3728
26 	64.3311	189.626	282.27 	37.2878
27 	64.3311	189.33 	288.789	36.8381
28 	64.3311	189.104	288.789	36.8046
29 	64.3311	188.846	286.938	37.0531
30 	64.3311	188.559	283.534	37.5262
31 	59.1477	188.364	283.534	37.0334
32 	59.1477	188.098	283.534	36.5781
33 	59.1477	187.803	281.895	37.006 
34 	50.6771	187.507	284.4  	37.3956
35 	50.6771	187.195	281.895	37.9929
36 	50.6771	186.91 	282.602	37.6654
37 	50.6771	186.618	291.162	37.5774
38 	50.6771	186.314	286.891	37.2504
39 	50.6771	186.08 	293.715	37.5345
40 	50.1773	185.806	281.318	37.6893
41 	50.1773	185.544	288.515	37.2527
42 	50.1773	185.176	288.515	37.139 
43 	50.1773	184.84 	288.873	37.0699
44 	50.1773	184.633	275.636	36.9381
45 	50.1773	184.465	276    	37.297 
46 	50.1773	184.1  	269.424	36.8323
47 	50.1773	183.843	283.586	37.7154
48 	50.1773	183.617	278.457	38.1867
49 	50.1773	183.28 	277.167	38.8052
50 	50.1773	183.013	277.167	38.7905
51 	50.1773	182.767	274.674	37.9182
52 	50.1773	182.343	278.35 	38.7072
53 	50.1773	182.117	278.35 	38.9614
54 	50.1773	181.753	278.047	38.1771
55 	50.1773	181.424	278.047	38.1484
56 	46.0334	181.059	283.399	38.1772
57 	46.0334	180.738	280.406	37.3945
58 	46.0334	180.472	278.141	37.5507
59 	46.0334	180.189	273.361	38.4982
60 	46.0334	180.005	280.214	37.4088
61 	43.9251	179.72 	276.402	37.6032
62 	43.9251	179.311	280.481	37.7069
63 	43.9251	178.968	273.184	38.1997
64 	26.2152	178.767	272.179	38.2319
65 	26.2152	178.485	272.179	37.8924
66 	26.2152	178.122	279.031	37.8484
67 	26.2152	177.899	273.892	37.9185
68 	26.2152	177.671	281.547	38.3151
69 	26.2152	177.41 	279.123	38.6013
70 	24.4559	177.148	274.213	38.3065
71 	24.4559	176.855	282.924	38.4272
72 	24.4559	176.602	277.007	39.3853
73 	24.4559	176.255	280.137	40.2176
74 	24.4559	175.948	279.626	40.141 
75 	18.5223	175.674	284.582	40.1718
76 	18.5223	175.327	278.583	40.2779
77 	18.5223	175.014	272.789	40.9558
78 	17.3693	174.69 	273.986	40.4969
79 	17.3693	174.385	273.995	40.4448
80 	17.3693	174.092	273.986	40.7502
81 	17.3693	173.793	275.51 	39.5085
82 	17.3693	173.462	275.51 	39.5421
83 	17.3693	173.115	294.736	39.0398
84 	17.3693	172.781	278.983	39.2885
85 	17.3693	172.371	281.416	39.8751
86 	17.3693	171.999	283.98 	40.27  
87 	17.3693	171.693	283.98 	40.2233
88 	17.3693	171.398	281.416	40.9073
89 	17.3693	171.178	273.473	41.0259
90 	17.3693	170.834	272.628	40.9091
91 	17.3693	170.559	272.628	40.6787
92 	17.3693	170.129	269.589	40.889 
93 	17.3693	169.75 	269.589	41.3653
94 	17.3693	169.295	283.983	41.1858
95 	17.3693	169.007	280.253	41.6544
96 	17.3693	168.777	263.508	40.9543
97 	17.3693	168.528	280.984	40.8416
98 	17.3693	168.184	280.313	41.0157
99 	17.3693	167.849	264.064	40.1508
100	17.3693	167.475	261.999	39.3319
101	17.3693	167.154	262.595	39.6393
102	17.3693	166.813	259.196	39.3736
103	17.3693	166.559	264.194	39.549 
104	17.3693	166.238	263.153	40.3889
105	15.559 	165.941	263.922	40.6464
106	15.559 	165.714	274.022	41.2861
107	15.559 	165.428	263.922	41.6603
108	15.559 	165.093	268.52 	41.0613
109	15.559 	164.737	274.837	41.1767
110	15.559 	164.465	267.164	41.2874
111	15.559 	164.112	267.164	41.034 
112	15.559 	163.815	262.439	40.4079
113	15.559 	163.51 	253.868	40.232 
114	15.559 	163.112	270.206	40.5333
115	15.559 	162.78 	286.48 	40.0664
116	15.559 	162.406	279.453	40.1177
117	15.559 	162.115	268.184	39.8787
118	15.559 	161.753	268.184	39.4465
119	15.3386	161.483	254.649	39.0736
120	15.3386	161.267	252.349	39.5554
121	15.3386	161.023	254.569	39.3381
122	13.7107	160.677	254.569	40.168 
123	13.7107	160.403	260.722	40.7033
124	13.7107	160.048	265.952	40.9915
125	13.7107	159.742	265.952	40.8076
126	13.7107	159.404	265.952	40.6597
127	13.7107	159.135	256.899	41.0103
128	13.7107	158.794	259.518	40.6884
129	13.7107	158.533	258.756	41.1487
130	13.7107	158.227	258.756	41.1879
131	13.7107	158.007	251.464	40.8904
132	11.9499	157.726	251.464	41.043 
133	11.9499	157.475	256.246	39.9978
134	11.9499	157.045	254.791	39.5924
135	11.9499	156.729	254.791	39.7532
136	7.28241	156.413	254.791	39.7068
137	7.28241	156.048	254.46 	39.2948
138	7.28241	155.663	254.46 	39.2456
139	7.28241	155.385	256.798	40.1486
140	7.28241	154.99 	257.189	39.975 
141	7.28241	154.608	251.122	39.4868
142	7.28241	154.272	253.6  	41.1714
143	7.28241	154.046	258.275	40.7826
144	7.28241	153.667	255.079	41.0592
145	7.28241	153.394	258.41 	40.0163
146	7.28241	153.135	256.706	39.0573
147	7.28241	152.899	256.495	39.5151
148	7.28241	152.571	262.958	39.9509
149	7.28241	152.256	257.114	39.5368
150	7.28241	151.952	254.146	39.9734
151	7.28241	151.735	251.691	40.0405
152	7.28241	151.39 	255.966	40.4983
153	7.28241	151.124	252.481	41.0942
154	7.28241	150.959	242.696	40.877 
155	7.28241	150.624	247.187	40.5088
156	7.28241	150.303	247.187	39.8704
157	7.28241	150.022	247.187	40.6777
158	7.28241	149.791	256.934	40.3181
159	7.28241	149.456	255.488	40.6622
160	7.28241	149.18 	255.488	40.7573
161	7.28241	148.94 	271.934	41.2419
162	7.28241	148.619	243.623	41.3981
163	7.28241	148.279	251.493	42.2376
164	5.44424	147.918	251.493	40.8557
165	5.44424	147.645	243.918	40.8621
166	5.44424	147.303	243.918	40.8803
167	5.44424	147.046	247.748	41.2532
168	5.44424	146.69 	252.205	41.1236
169	5.44424	146.297	245.725	40.9434
170	5.44424	145.926	245.725	40.5083
171	5.44424	145.673	243.935	40.9001
172	5.44424	145.405	241.497	40.9251
173	5.44424	145.186	243.177	40.7692
174	5.44424	144.868	249.429	41.8281
175	3.06596	144.618	242.894	41.5212
176	3.06596	144.294	242.894	42.0868
177	3.06596	143.95 	253.213	42.5919
178	3.06596	143.624	252.502	42.5475
179	3.06596	143.358	253.912	42.0211
180	3.06596	143.024	250.908	41.6831
181	-1.42652	142.743	240.064	41.9963
182	-1.42652	142.471	246.874	42.3204
183	-1.42652	142.21 	238.858	41.1331
184	-1.42652	141.946	240.062	40.2362
185	-1.42652	141.621	249.328	40.2483
186	-1.42652	141.34 	243.852	39.6354
187	-1.42652	141.045	258.088	39.6806
188	-1.42652	140.682	247.774	40.07  
189	-1.42652	140.433	247.285	41.0716
190	-3.84085	140.104	246.877	41.4591
191	-3.84085	139.821	236.659	41.8044
192	-3.84085	139.549	242.719	41.6836
193	-3.84085	139.251	239.761	41.2068
194	-5.15377	139.015	238.975	40.689 
195	-5.15377	138.661	259.17 	41.2929
196	-5.15377	138.346	243.615	41.9209
197	-5.15377	138.009	245.229	41.5536
198	-5.15377	137.698	247.717	41.8269
199	-5.15377	137.429	240.311	41.7417
200	-5.15377	137.082	236.975	41.0572
201	-5.15377	136.655	244.728	41.0399
202	-5.15377	136.281	244.728	40.6364
203	-5.15377	136.039	244.728	40.8849
204	-5.15377	135.761	244.728	40.4521
205	-5.15377	135.372	244.728	41.4734
206	-5.15377	135.055	246.262	41.4137
207	-8.43744	134.804	239.309	41.2963
208	-8.43744	134.545	239.068	41.7679
209	-8.43744	134.269	251.721	41.7505
210	-8.43744	133.943	247.618	41.7635
211	-8.43744	133.598	235.616	41.0935
212	-8.43744	133.274	234.163	41.4836
213	-8.43744	132.983	244.202	41.4912
214	-8.43744	132.626	256.35 	41.8534
215	-8.43744	132.406	240.66 	41.3049
216	-8.43744	132.133	235.757	40.4573
217	-8.43744	131.854	238.105	40.7455
218	-8.43744	131.559	238.08 	40.3392
219	-8.43744	131.288	232.814	40.9167
220	-8.43744	130.942	236.768	41.4591
221	-8.43744	130.639	243.472	41.9853
222	-8.43744	130.286	225.509	41.8011
223	-8.43744	129.927	226.132	41.2229
224	-8.43744	129.574	229.104	41.2034
225	-8.43744	129.266	233.709	40.9707
226	-8.43744	128.947	247.665	41.0667
227	-8.43744	128.586	239.405	41.3391
228	-8.43744	128.339	241.867	41.5336
229	-8.43744	128.014	226.824	41.7511
230	-8.43744	127.694	238.552	41.3845
231	-8.43744	127.402	234.01 	41.1234
232	-8.43744	127.175	223.17 	40.9115
233	-8.43744	126.869	223.487	41.1266
234	-8.43744	126.609	223.449	40.9924
235	-8.43744	126.222	235.175	40.9295
236	-8.43744	125.937	233.503	40.7803
237	-8.43744	125.667	237.889	41.339 
238	-8.43744	125.317	242.811	40.5197
239	-8.43744	125.068	248.55 	40.4451
240	-8.43744	124.756	240.333	40.9858
241	-8.43744	124.481	242.422	41.2529
242	-8.43744	124.171	237.466	42.112 
243	-8.43744	123.899	237.876	41.5175
244	-8.43744	123.546	229.886	41.5807
245	-8.43744	123.216	227.535	41.8828
246	-8.43744	123.004	227.436	41.7099
247	-8.43744	122.697	236.062	41.6948
248	-8.43744	122.418	227.436	40.2667
249	-8.43744	122.118	234.782	41.1336
250	-8.43744	121.88 	232.017	40.9592
251	-8.43744	121.53 	237.68 	41.357 
252	-8.43744	121.251	237.68 	42.0426
253	-8.43744	120.915	234.739	41.3972
254	-8.43744	120.679	232.875	40.6778
255	-8.43744	120.384	236.563	40.8034
256	-8.43744	120.109	236.563	41.2208
257	-8.43744	119.856	235.098	40.7053
258	-8.43744	119.568	232.033	40.2604
259	-8.43744	119.215	235.677	40.4562
260	-8.43744	118.914	225.597	41.0549
261	-8.43744	118.635	226.924	40.8182
262	-8.43744	118.271	226.206	41.2164
263	-8.43744	118.012	229.673	40.7367
264	-8.43744	117.826	220.523	40.5829
265	-8.43744	117.531	234.932	40.2495
266	-8.43744	117.174	216.763	40.3721
267	-8.43744	116.903	223.138	40.5989
268	-8.43744	116.629	224.016	40.2744
269	-8.43744	116.359	222.402	40.5919
270	-8.43744	116.164	220.001	40.2356
271	-8.43744	115.889	220.001	40.3248
272	-8.43744	115.569	223.029	40.2951
273	-8.43744	115.258	220.113	40.5659
274	-8.43744	115.055	221.588	39.9959
275	-8.43744	114.846	225.965	40.4833
276	-8.43744	114.569	241.715	39.9174
277	-8.43744	114.216	226.347	38.7153
278	-8.43744	113.975	224.366	37.8439
279	-8.43744	113.629	231.363	37.6762
280	-8.43744	113.331	238.043	37.7172
281	-8.43744	113.111	238.043	37.8712
282	-8.43744	112.756	237.129	38.0099
283	-8.43744	112.464	229.015	38.4132
284	-8.43744	112.199	229.015	38.1107
285	-8.43744	111.972	210.937	39.0786
286	-8.43744	111.647	229.312	38.6304
287	-8.43744	111.451	237.816	37.794 
288	-8.43744	111.193	219.427	38.9364
289	-8.43744	110.943	217.848	38.6407
290	-8.43744	110.652	217.848	38.963 
291	-8.43744	110.401	221.565	38.8723
292	-8.43744	110.043	228.743	39.4269
293	-8.43744	109.657	223.562	38.8046
294	-8.43744	109.362	223.562	38.9361
295	-8.43744	109.014	224.585	38.443 
296	-8.43744	108.718	213.362	37.7207
297	-8.43744	108.475	220.178	37.3946
298	-8.43744	108.284	218.138	37.0821
299	-8.43744	107.952	218.138	37.5668
300	-8.43744	107.626	234.779	37.8678
301	-8.43744	107.352	218.936	38.3073
302	-8.43744	107.099	219.83 	38.6209
303	-8.43744	106.751	219.83 	39.1712
304	-8.43744	106.531	208.871	39.2118
305	-8.43744	106.3  	223.578	39.7488
306	-8.43744	106.135	214.85 	39.1299
307	-8.43744	105.922	212.747	38.5425
308	-8.43744	105.698	218.233	38.2626
309	-8.43744	105.416	218.233	38.9462
310	-8.43744	105.098	229.243	38.9185
311	-8.43744	104.782	243.668	38.7937
312	-8.43744	104.437	236.968	38.7182
313	-8.43744	104.13 	222.793	39.8415
314	-8.43744	103.767	212.574	39.3212
315	-8.43744	103.483	221.582	38.8064
316	-8.43744	103.1  	230.54 	39.8598
317	-8.43744	102.841	220.025	39.5831
318	-8.43744	102.615	211.795	38.5411
319	-8.43744	102.417	211.81 	37.5065
320	-8.43744	102.134	211.81 	37.5287
321	-8.43744	101.864	218.669	37.6754
322	-8.43744	101.534	207.713	37.7102
323	-8.43744	101.2  	216.864	38.1179
324	-8.43744	100.992	229.128	37.907 
325	-8.43744	100.711	226.281	38.1188
326	-8.43744	100.543	214.04 	38.6892
327	-8.43744	100.254	214.677	38.0137
328	-8.43744	99.9011	214.677	37.7495
329	-8.43744	99.6826	203.909	37.9979
330	-8.43744	99.4367	213.778	38.1438
331	-8.43744	99.2011	203.909	38.2267
332	-8.43744	98.8613	206.903	38.325 
333	-8.43744	98.6257	198.912	38.8806
334	-8.43744	98.3385	195.582	37.8674
335	-8.43744	98.069 	200.656	38.0953
336	-8.43744	97.8042	203.561	38.6257
337	-8.43744	97.4709	203.561	38.7071
338	-8.43744	97.2112	208.932	38.016 
339	-8.43744	96.907 	214.354	37.5515
340	-8.43744	96.6127	208.932	37.1455
341	-8.43744	96.409 	202.022	37.289 
342	-8.43744	96.1282	202.022	37.7697
343	-8.43744	95.872 	209.729	37.9233
344	-8.43744	95.5338	209.729	37.6422
345	-8.43744	95.2389	207.704	36.5492
346	-8.43744	95.0925	191.427	35.9422
347	-8.43744	94.9169	188.033	35.5541
348	-8.43744	94.6732	188.359	36.011 
349	-8.43744	94.434 	194.34 	37.0474
350	-8.43744	94.1808	215.894	37.6013
351	-8.43744	93.8954	215.894	37.9917
352	-8.43744	93.6233	221.883	37.669 
353	-8.43744	93.4469	207.241	37.2924
354	-8.43744	93.2692	198.789	37.0401
355	-9.21   	93.0474	198.789	38.5095
-9.20999999
