gen	min    	avg    	max    	std    
0  	78.3449	194.435	293.482	36.1427
1  	78.3449	194.234	293.138	35.7642
2  	78.3449	193.983	282.909	35.9538
3  	76.6012	193.75 	283.38 	36.3674
4  	76.6012	193.548	280.781	36.5774
5  	71.9902	193.192	290.878	37.1735
6  	71.9902	192.946	296.865	37.8201
7  	69.321 	192.684	291.864	37.0053
8  	69.321 	192.4  	285.055	36.4904
9  	69.321 	192.16 	283.349	37.4362
10 	69.321 	191.887	283.349	37.3941
11 	69.321 	191.665	288.588	37.6045
12 	69.321 	191.358	289.137	38.2131
13 	69.321 	191.075	282.525	38.0327
14 	69.321 	190.747	282.525	37.6866
15 	69.321 	190.476	294.032	38.4569
16 	69.321 	190.257	279.016	38.0742
17 	69.321 	189.887	278.646	38.4385
18 	68.7379	189.521	288.801	38.3491
19 	68.7379	189.245	283.663	38.4292
20 	68.7379	188.951	285.761	37.3808
21 	68.5703	188.693	280.537	38.1166
22 	68.5703	188.446	286.188	38.5702
23 	68.5703	188.039	289.879	38.0119
24 	68.5703	187.742	280.585	37.0107
25 	68.5703	187.531	280.585	37.6402
26 	68.5703	187.294	282.348	37.1384
27 	68.5703	187.03 	282.948	36.5682
28 	68.5703	186.82 	279.766	36.0584
29 	68.5703	186.616	272.211	35.9115
30 	68.5703	186.409	272.211	35.3279
31 	63.8547	186.138	272.39 	35.3131
32 	63.8547	185.958	280.045	35.2148
33 	63.8547	185.731	273.221	34.4111
34 	63.8547	185.391	272.884	35.2889
35 	63.6279	185.166	271.935	35.7348
36 	63.6279	184.873	280.187	36.3554
37 	63.6279	184.579	279.733	36.5471
38 	63.6279	184.213	278.608	36.9724
39 	58.5241	183.933	279.059	37.0748
40 	58.5241	183.66 	288.947	37.2815
41 	58.5241	183.366	292.342	37.3839
42 	58.5241	183.09 	281.52 	37.6604
43 	58.5241	182.82 	277.864	38.4597
44 	58.5241	182.519	281.597	39.3213
45 	58.5241	182.307	278.894	38.7901
46 	50.8297	181.939	278.365	39.1746
47 	50.8297	181.623	278.365	38.7319
48 	50.8297	181.307	278.463	39.3709
49 	50.8297	180.919	277.005	38.9352
50 	50.8297	180.599	280.201	38.6754
51 	50.8297	180.211	283.871	38.5802
52 	50.8297	180.013	272.022	38.4823
53 	50.8297	179.725	275.073	38.093 
54 	50.8297	179.384	275.073	38.1778
55 	48.7249	179.056	272.753	38.8682
56 	48.7249	178.786	272.753	38.9228
57 	48.7249	178.558	272.903	38.9952
58 	48.7249	178.312	273.449	38.1508
59 	48.7249	178.021	273.316	38.1853
60 	48.7249	177.719	280.09 	38.6571
61 	48.7249	177.508	281.056	39.0712
62 	46.0011	177.183	274.862	38.8393
63 	46.0011	176.985	274.862	38.6542
64 	46.0011	176.686	269.986	38.3884
65 	46.0011	176.503	274.199	37.9221
66 	46.0011	176.204	274.587	38.7456
67 	46.0011	175.89 	278.774	38.6639
68 	46.0011	175.568	272.359	39.1998
69 	45.8905	175.238	270.308	39.1421
70 	45.8905	174.879	270.838	38.867 
71 	45.8905	174.692	281.939	38.4153
72 	45.8905	174.424	263.841	38.3579
73 	45.8905	174.137	276.257	38.5922
74 	45.8905	173.88 	266.112	37.9491
75 	45.8905	173.615	273.105	38.9632
76 	45.8905	173.263	275.339	38.7192
77 	45.1862	172.957	270.645	38.5124
78 	45.1862	172.695	261.522	38.1405
79 	45.1862	172.451	254.593	37.246 
80 	45.1862	172.091	278.328	37.4694
81 	45.1862	171.784	269.138	38.4554
82 	45.1862	171.461	269.591	39.2055
83 	45.1862	171.198	273.259	39.0774
84 	45.1862	170.86 	273.913	38.5846
85 	45.1862	170.676	272.811	38.7042
86 	45.1862	170.517	283.044	39.399 
87 	45.1862	170.109	269.618	39.084 
88 	42.7606	169.764	269.618	40.0917
89 	42.7606	169.403	266.805	38.9132
90 	42.7606	169.181	266.739	39.6378
91 	39.4695	168.847	259.823	39.5006
92 	38.9644	168.656	273.575	39.4903
93 	38.9644	168.331	264.533	39.915 
94 	38.9644	168.081	256.658	39.5232
95 	38.9644	167.782	256.413	38.7649
96 	38.588 	167.505	259.65 	38.878 
97 	38.588 	167.104	271.77 	39.3228
98 	38.588 	166.874	263.945	39.3904
99 	38.588 	166.562	258.087	39.7385
100	38.588 	166.274	267.189	40.4114
101	38.588 	165.96 	273.142	39.8616
102	38.588 	165.642	270.229	40.4171
103	38.588 	165.283	271.08 	40.585 
104	38.588 	165.005	268.739	39.4106
105	38.588 	164.8  	269.625	39.3252
106	38.588 	164.538	261.245	38.6083
107	38.588 	164.329	266.857	38.215 
108	38.588 	164.047	283.587	38.4782
109	37.6106	163.738	268.492	38.4354
110	37.6106	163.483	271.237	39.0988
111	37.1386	163.255	260.855	39.1169
112	37.1386	163.012	260.855	39.5387
113	36.3197	162.803	265.2  	39.4292
114	36.3197	162.635	255.955	39.0041
115	32.4231	162.344	263.733	39.1675
116	32.4231	161.982	265.341	39.186 
117	32.4231	161.738	264.989	39.3189
118	32.4231	161.468	258.643	38.7196
119	29.0897	161.183	251.305	38.3777
120	29.0897	160.985	260.488	38.9702
121	29.0897	160.766	265.126	39.2831
122	29.0897	160.5  	261.59 	39.6991
123	29.0897	160.174	261.59 	39.6523
124	28.0584	159.762	261.59 	39.4359
125	28.0584	159.417	263.136	39.6826
126	28.0584	159.171	255.392	39.8339
127	28.0584	158.929	260.156	41.1811
128	28.0584	158.527	277.125	40.2219
129	28.0584	158.27 	266.344	39.4492
130	28.0584	157.982	262.053	39.2231
131	28.0584	157.61 	260.164	40.0307
132	28.0584	157.332	272.042	40.6302
133	28.0584	157.006	260.164	39.6066
134	26.0511	156.72 	260.164	39.9609
135	26.0511	156.477	251.549	39.9477
136	26.0511	156.22 	251.549	40.0409
137	26.0511	155.966	255.34 	40.4188
138	26.0511	155.709	269.298	40.1822
139	26.0511	155.437	261.846	40.018 
140	24.852 	155.125	272.539	39.9472
141	24.852 	154.902	271.738	39.9357
142	24.852 	154.618	263.402	39.8132
143	24.852 	154.378	263.402	40.2546
144	22.106 	154.001	257.455	40.3603
145	22.106 	153.687	260.07 	40.7417
146	22.106 	153.384	257.022	41.257 
147	21.4173	153.084	253.327	40.3031
148	21.4173	152.75 	252.679	40.1273
149	21.4173	152.441	256.44 	40.3735
150	21.4173	152.062	256.151	40.2202
151	21.4173	151.851	254.052	39.7303
152	21.4173	151.572	264.6  	39.5212
153	21.4173	151.322	260.962	39.0067
154	21.4173	151.132	251.748	39.7238
155	21.4173	150.846	254.879	40.0458
156	21.4173	150.589	260.619	40.4387
157	19.9847	150.303	260.619	39.7509
158	14.715 	150.001	254.496	39.5177
159	14.715 	149.751	254.496	39.048 
160	14.715 	149.411	254.496	39.3866
161	14.715 	149.18 	248.908	39.5441
162	14.715 	148.828	247.638	38.9983
163	14.715 	148.499	256.969	39.2438
164	14.715 	148.262	256.969	39.1435
165	14.715 	147.964	251.586	39.1173
166	14.715 	147.741	255.907	39.6948
167	14.715 	147.554	256.884	39.5346
168	14.715 	147.385	261.266	39.7955
169	14.715 	147.07 	259.293	40.0331
170	14.715 	146.77 	255.874	40.1267
171	14.715 	146.503	254.802	40.6988
172	14.715 	146.187	254.802	40.5205
173	9.71945	145.91 	254.802	41.3672
174	9.71945	145.588	252.088	40.9706
175	9.71945	145.194	254.862	40.3146
176	9.50695	144.967	258.103	40.5384
177	9.50695	144.737	258.103	39.995 
178	9.50695	144.395	258.103	39.8416
179	9.50695	144.123	256.435	39.3162
180	9.50695	143.807	248.426	39.8832
181	9.50695	143.417	249.729	39.7642
182	9.50695	143.095	246.916	40.0322
183	9.50695	142.839	244.384	39.8659
184	9.50695	142.556	248.633	39.2081
185	9.50695	142.124	263.202	39.7215
186	9.50695	141.813	252.995	40.2706
187	9.50695	141.531	248.633	40.7345
188	9.50695	141.272	248.633	39.7428
189	9.50695	140.894	242.53 	39.515 
190	9.50695	140.602	262.716	39.6372
191	9.50695	140.231	248.65 	40.028 
192	9.50695	139.953	240.984	40.3321
193	9.50695	139.663	246.79 	40.4518
194	9.50695	139.329	246.822	40.0828
195	9.50695	139.125	236.007	39.7761
196	9.50695	138.888	236.007	40.3196
197	9.50695	138.512	242.523	40.1755
198	9.50695	138.246	237.386	40.9077
199	9.50695	137.897	234.513	40.3963
200	9.50695	137.619	240.725	40.2084
201	9.50695	137.361	232.289	40.0802
202	9.50695	137.07 	231.23 	39.3454
203	9.50695	136.776	265.301	39.8011
204	9.50695	136.545	244.174	39.7289
205	9.50695	136.315	242.236	40.3632
206	9.50695	135.944	237.809	39.4856
207	9.50695	135.787	233.612	39.4244
208	3.16512	135.482	232.051	39.2917
209	3.16512	135.273	235.237	39.2336
210	3.16512	135.006	235.985	39.5226
211	3.16512	134.741	236.58 	40.6286
212	3.16512	134.41 	238.59 	41.3732
213	3.16512	134.188	236.096	41.0288
214	3.16512	133.817	237.482	41.0664
215	3.16512	133.594	238.496	39.7805
216	3.16512	133.226	253.789	39.3307
217	3.16512	132.953	236.434	39.0923
218	3.16512	132.612	239.887	39.1823
219	-0.330808	132.265	242.458	38.7012
220	-0.330808	132.008	239.497	39.5657
221	-0.330808	131.719	236.067	39.4458
222	-0.330808	131.55 	236.067	40.2586
223	-0.330808	131.212	232.704	40.3563
224	-2.55255 	130.882	232.704	41.1054
225	-2.55255 	130.703	230.985	40.9366
226	-2.55255 	130.433	225.882	40.8424
227	-2.55255 	130.129	227.96 	40.8954
228	-2.55255 	129.733	227.812	41.3317
229	-2.92605 	129.413	227.812	41.2408
230	-2.92605 	129.129	242.322	40.5619
231	-2.92605 	128.776	232.464	40.1447
232	-2.92605 	128.465	225.75 	39.9649
233	-2.92605 	128.146	233.545	39.8375
234	-2.92605 	127.814	231.252	39.5633
235	-5.14081 	127.488	226.447	39.7824
236	-5.14081 	127.153	258.089	40.4143
237	-5.14081 	126.824	234.674	40.9697
238	-5.14081 	126.606	234.615	41.5636
239	-5.14081 	126.331	235.745	41.2534
240	-5.14081 	125.95 	244.744	41.3077
241	-5.14081 	125.65 	244.744	40.924 
242	-5.14081 	125.434	244.744	40.3723
243	-5.14081 	125.087	244.744	39.9509
244	-5.14081 	124.85 	236.177	40.9949
245	-5.14081 	124.562	240.019	41.136 
246	-5.14081 	124.266	235.225	41.2498
247	-5.14081 	123.945	236.73 	41.4085
248	-5.14081 	123.636	230.54 	40.6511
249	-5.14081 	123.296	224.672	40.6579
250	-5.14081 	123.175	225.245	40.6468
251	-5.14081 	122.836	215.485	40.2428
252	-5.14081 	122.538	228.661	38.7827
253	-5.14081 	122.234	236.549	38.8958
254	-5.14081 	122.017	229.235	39.772 
255	-5.14081 	121.667	227.213	39.5066
256	-5.14081 	121.403	233.965	39.7032
257	-5.14081 	121.084	227.515	39.343 
258	-5.14081 	120.803	234.808	39.4198
259	-5.14081 	120.501	241.9  	39.996 
260	-5.14081 	120.181	224.702	39.9843
261	-5.14081 	119.896	224.702	39.9179
262	-5.14081 	119.572	223.769	39.7689
263	-5.14081 	119.362	228.853	39.0584
264	-5.14081 	119.122	224.27 	39.3273
265	-5.14081 	118.864	222.25 	38.4661
266	-5.14081 	118.551	228.986	39.5366
267	-5.14081 	118.283	228.986	39.8721
268	-5.14081 	118.019	214.724	39.5622
269	-5.14081 	117.782	218.234	39.8724
270	-5.14081 	117.512	225.528	39.4653
271	-5.14081 	117.261	230.647	39.4367
272	-5.14081 	116.895	228.857	39.492 
273	-5.14081 	116.685	227.689	38.605 
274	-5.14081 	116.459	228.032	38.3467
275	-5.14081 	116.194	230.582	38.3638
276	-5.14081 	115.935	220.124	38.5862
277	-5.14081 	115.666	216.587	38.3562
278	-5.14081 	115.433	220.549	38.3048
279	-5.14081 	115.194	218.457	39.3348
280	-5.14081 	114.911	214.654	38.2995
281	-5.14081 	114.648	219.367	39.0675
282	-5.14081 	114.369	229.178	38.9153
283	-5.14081 	114.138	221.705	39.0299
284	-5.14081 	113.834	216.708	39.7667
285	-5.14081 	113.558	227.682	39.9259
286	-5.14081 	113.262	211.675	39.6918
287	-5.46877 	113.02 	219.982	39.4533
288	-5.46877 	112.817	221.056	38.9589
289	-5.46877 	112.54 	224.698	39.3714
290	-5.46877 	112.315	224.698	39.1052
291	-5.46877 	112.084	212.664	39.0237
292	-5.46877 	111.763	219.966	38.7359
293	-5.46877 	111.478	215.838	38.7164
294	-5.46877 	111.274	224.077	37.8578
295	-5.46877 	110.939	219.668	37.8014
296	-5.46877 	110.614	213.22 	37.3478
297	-5.46877 	110.343	227.437	37.1354
298	-6.29292 	109.958	216.693	36.7417
299	-6.29292 	109.743	204.597	36.7978
300	-6.29292 	109.481	204.789	37.2153
301	-6.29292 	109.243	226.208	37.3098
302	-6.29292 	109.142	216.844	37.2507
303	-6.29292 	108.854	206.643	37.3954
304	-6.29292 	108.547	211.097	37.3931
305	-6.29292 	108.425	208.971	38.115 
306	-6.29292 	108.216	227.856	38.1586
307	-6.29292 	107.888	213.686	38.2323
308	-6.29292 	107.602	202.776	37.2381
309	-6.29292 	107.458	198.778	37.4075
310	-6.59795 	107.135	204.512	37.5943
311	-6.59795 	106.875	201.192	37.1198
312	-6.59795 	106.53 	199.384	36.6541
313	-6.59795 	106.27 	201.84 	37.4505
314	-6.59795 	105.91 	218.874	38.5406
315	-6.59795 	105.74 	213.827	38.6182
316	-6.59795 	105.43 	207.748	38.2524
317	-6.59795 	105.134	210.734	38.8532
318	-6.59795 	104.882	210.734	38.5381
319	-6.59795 	104.53 	225.484	39.0429
320	-6.59795 	104.274	212.137	38.6119
321	-6.59795 	104.115	217.484	38.7325
322	-7.78904 	103.866	214.008	39.3063
323	-7.78904 	103.576	202.474	38.8539
324	-7.78904 	103.342	197.31 	38.5218
325	-7.78904 	103.101	201.807	37.9484
326	-7.78904 	102.879	201.807	37.4243
327	-7.78904 	102.664	203.324	37.3659
328	-7.78904 	102.488	199.15 	37.6473
329	-7.78904 	102.148	219.997	37.2776
330	-7.78904 	101.901	195.037	36.6626
331	-7.78904 	101.71 	203.404	37.2445
332	-7.78904 	101.423	206.971	37.3048
333	-7.78904 	101.179	212.912	37.4124
334	-7.78904 	100.885	206.79 	37.7468
335	-7.78904 	100.706	198.865	36.7372
336	-7.78904 	100.439	198.865	36.95  
337	-7.78904 	100.229	202.107	36.7916
338	-7.78904 	99.9831	202.107	36.8392
339	-7.78904 	99.7495	196.489	36.61  
340	-9.11576 	99.6131	196.489	36.8454
341	-9.11576 	99.2628	216.909	37.527 
342	-9.11576 	99.0053	208.56 	37.2863
343	-9.11576 	98.7907	205.508	36.9436
344	-9.11576 	98.4858	197.657	36.5898
345	-9.11576 	98.2203	202.504	37.6216
346	-9.11576 	97.9738	196.905	36.5601
347	-9.11576 	97.7672	196.171	36.0982
348	-9.11576 	97.47  	191.46 	36.1162
349	-9.11576 	97.2173	199.034	36.8565
350	-9.11576 	97.0157	197.951	36.6708
351	-9.11576 	96.825 	197.951	36.8452
352	-9.11576 	96.597 	195.357	37.111 
353	-9.11576 	96.3435	192.857	36.2598
354	-9.11576 	96.124 	192.857	35.9166
355	-9.11576 	95.8986	189.488	36.1236
356	-9.11576 	95.6691	206.708	36.7266
357	-9.11576 	95.4394	194.361	36.2509
358	-9.11576 	95.1909	198.882	36.6401
359	-9.11576 	94.9983	191.478	37.0954
360	-9.11576 	94.7465	189.176	37.1018
361	-9.11576 	94.4081	199.217	37.3883
362	-9.11576 	94.2446	190.967	36.3842
363	-9.11576 	94.0089	196.86 	35.6451
364	-9.11576 	93.789 	196.105	36.3091
365	-9.11576 	93.5871	192.235	36.2906
366	-9.11576 	93.3283	192.235	36.3683
367	-9.11576 	93.0511	200.806	36.5263
368	-9.11576 	92.8807	187.221	36.6114
369	-9.11576 	92.6519	197.484	36.4806
370	-9.11576 	92.3944	189.699	36.6454
371	-9.11576 	92.1838	197.956	36.8043
372	-9.11576 	91.9614	197.956	36.7961
373	-9.11576 	91.6738	197.956	36.4921
374	-9.11576 	91.3995	197.005	36.7188
375	-9.11576 	91.1357	195.434	36.4627
376	-9.21    	90.9887	194.604	35.9783
-9.20999999
