gen	min    	avg    	max    	std    
0  	97.0001	194.774	286.877	35.7668
1  	97.0001	194.492	281.584	36.1697
2  	97.0001	194.275	280.832	36.2842
3  	80.0398	194.029	284.679	36.8321
4  	80.0398	193.761	291.854	36.8627
5  	77.0298	193.435	290.383	37.6286
6  	74.2933	193.109	297.912	37.4436
7  	74.2933	192.818	282.837	36.944 
8  	69.9493	192.595	280.124	37.578 
9  	68.8297	192.446	284.313	38.2453
10 	68.8297	192.147	284.327	37.8571
11 	68.2312	191.843	284.327	38.4097
12 	68.2312	191.616	285.934	38.4374
13 	68.2312	191.305	288.872	38.0514
14 	64.9194	191.007	284.635	36.9492
15 	64.9194	190.762	287.401	36.8028
16 	64.9194	190.497	289.207	37.1887
17 	64.9194	190.258	279.73 	36.8102
18 	64.9194	190.035	277.221	37.2625
19 	64.9194	189.747	277.221	37.4683
20 	63.3986	189.463	272.867	37.883 
21 	63.3986	189.195	265.752	37.4717
22 	63.3986	188.954	275.957	37.975 
23 	63.3986	188.643	277.28 	38.2143
24 	63.3986	188.518	276.359	38.0117
25 	63.3986	188.268	276.65 	38.3052
26 	63.3986	187.999	276.359	38.6184
27 	63.3986	187.709	267.718	38.3386
28 	61.9416	187.406	270.997	38.1705
29 	61.9416	187.186	270.997	38.6224
30 	61.9416	186.785	278.449	39.0779
31 	61.9416	186.564	287.239	38.5634
32 	61.9416	186.252	287.239	39.3532
33 	57.9069	185.957	292.426	39.5715
34 	57.9069	185.718	289.012	39.0735
35 	54.3593	185.461	288.731	39.8632
36 	51.5333	185.188	278.102	39.2074
37 	51.3633	184.799	278.102	39.3945
38 	51.3633	184.616	279.442	39.596 
39 	51.3633	184.338	276.489	38.8179
40 	51.3633	184.019	275.925	38.6041
41 	51.3633	183.76 	279.08 	39.3974
42 	51.3633	183.499	279.08 	39.4447
43 	47.6674	183.314	275.546	39.8182
44 	47.6674	183.089	276.28 	39.6643
45 	47.6674	182.782	278.102	39.3528
46 	47.6674	182.484	278.102	39.6389
47 	47.6674	182.146	278.102	39.4026
48 	43.7795	181.824	279.863	39.0142
49 	43.7795	181.478	280.122	38.9368
50 	43.7795	181.155	279.198	39.0474
51 	43.7795	180.728	279.198	38.6436
52 	43.7795	180.337	270.901	38.1345
53 	43.7795	180.007	286.241	37.8663
54 	43.7795	179.722	277.801	37.4875
55 	43.7795	179.454	270.295	38.1722
56 	43.7795	179.317	268.395	38.5898
57 	43.7795	178.987	269.999	38.9025
58 	43.7795	178.638	267.226	38.94  
59 	40.1096	178.401	273.577	39.4372
60 	40.1096	178.149	278.232	39.9054
61 	40.1096	177.773	277.446	40.1223
62 	40.1096	177.56 	273.849	39.667 
63 	40.1096	177.106	279.312	39.5   
64 	40.1096	176.866	270.831	39.9252
65 	40.1096	176.507	269.713	40.1498
66 	40.1096	176.206	273.794	40.2862
67 	40.1096	175.868	270.724	39.406 
68 	32.225 	175.604	269.624	39.1983
69 	32.225 	175.294	271.722	39.5725
70 	32.225 	175.033	273.397	39.3465
71 	32.225 	174.666	269.676	39.3126
72 	32.225 	174.38 	269.676	38.9988
73 	32.225 	174.073	275.999	40.0493
74 	32.225 	173.785	269.676	39.9928
75 	32.225 	173.453	266.746	40.4274
76 	32.225 	173.151	274.684	40.7626
77 	32.225 	172.931	280.049	40.5246
78 	32.225 	172.553	270.989	40.364 
79 	32.225 	172.27 	270.989	40.781 
80 	32.225 	171.864	267.434	40.9978
81 	31.1804	171.484	274.346	41.9314
82 	31.1804	171.175	268.557	41.2762
83 	30.8616	170.936	277.012	41.3964
84 	30.8616	170.63 	282.182	41.0484
85 	30.8616	170.274	268.1  	41.4828
86 	30.8616	169.932	267.799	41.2899
87 	27.7232	169.565	274.165	41.0363
88 	27.7232	169.263	268.937	40.8623
89 	27.7232	168.998	277.147	41.1545
90 	27.7232	168.585	275.834	41.5202
91 	27.7232	168.256	272.846	41.8357
92 	27.7232	167.898	286.596	41.678 
93 	27.7232	167.598	283.77 	41.7746
94 	27.7232	167.299	272.846	41.7288
95 	27.7232	166.999	271.2  	41.4353
96 	27.7232	166.695	271.513	41.3269
97 	27.7232	166.376	270.146	41.1537
98 	26.9274	166.076	270.849	42.1419
99 	24.8275	165.781	270.362	41.8428
100	24.8275	165.404	282.778	42.4829
101	24.8275	165.071	279.036	42.507 
102	24.8275	164.853	275.917	42.272 
103	24.8275	164.497	266.782	42.413 
104	24.8275	164.146	277.561	41.8499
105	24.8275	163.813	274.961	41.5102
106	24.8275	163.483	273.555	41.2463
107	24.8275	163.171	283.911	40.1932
108	24.8275	162.913	272.868	40.1519
109	24.8275	162.648	271.14 	40.3275
110	24.8275	162.372	267.764	40.3506
111	24.8275	162.095	260.753	39.6972
112	24.8275	161.871	259.083	39.5179
113	24.8275	161.532	262.762	38.6015
114	24.8275	161.171	261.368	39.1496
115	24.8275	160.901	257.556	40.3216
116	24.8275	160.653	262.767	39.5724
117	24.8275	160.436	258.532	39.7746
118	24.8275	160.15 	259.979	40.2424
119	24.8275	159.876	266.758	40.8628
120	20.8746	159.584	264.473	40.702 
121	20.8746	159.24 	261.577	40.3671
122	20.8746	158.844	261.577	39.5699
123	19.3213	158.537	259.979	39.9864
124	19.3213	158.3  	263.851	40.097 
125	19.3213	158.024	257.989	40.3172
126	19.3213	157.74 	270.891	40.131 
127	19.3213	157.353	267.601	39.7958
128	19.3213	157.102	270.775	39.4794
129	19.3213	156.75 	266.178	39.088 
130	19.3213	156.504	265.046	39.9215
131	19.3213	156.168	259.41 	40.5034
132	19.3213	155.856	259.228	40.6534
133	19.3213	155.634	259.009	40.2577
134	19.3213	155.329	257.969	39.5802
135	19.3213	155.013	258.484	40.4437
136	19.3213	154.718	260.973	40.7068
137	19.3213	154.474	262.108	40.8067
138	19.3213	154.148	267.857	40.4619
139	19.3213	153.88 	263.968	41.3214
140	19.3213	153.593	278.013	41.4584
141	19.3213	153.238	278.013	41.9386
142	19.1588	152.895	259.313	42.1326
143	19.1588	152.561	267.943	41.5262
144	19.1588	152.222	267.036	41.5043
145	19.1588	151.875	262.746	40.6937
146	19.1588	151.613	248.715	39.6312
147	19.1588	151.329	253.078	40.1536
148	13.9801	151.031	255.28 	41.004 
149	13.9801	150.729	259.444	41.6759
150	13.9801	150.314	256.031	41.8804
151	13.9801	149.985	254.187	40.8074
152	13.9801	149.665	256.434	41.2807
153	13.9801	149.426	257.095	41.6954
154	13.9801	149.137	269.982	42.2583
155	13.9801	148.798	264.965	42.1416
156	13.9801	148.462	264.965	41.4094
157	13.9801	148.091	268.215	40.9055
158	13.9801	147.815	270.391	40.4547
159	13.9801	147.619	261.056	40.6874
160	13.9801	147.221	261.285	41.2758
161	13.9801	146.889	255.45 	40.7436
162	13.9801	146.566	256.855	41.3937
163	13.9801	146.251	256.855	40.6199
164	13.9801	145.87 	256.776	41.2021
165	13.9801	145.551	252.221	41.362 
166	13.9801	145.309	250.279	40.6297
167	13.9801	144.976	246.213	40.4892
168	13.9801	144.714	241.674	40.7027
169	13.9801	144.483	239.74 	40.58  
170	13.9801	144.188	248.839	39.9499
171	13.9801	143.918	252.932	40.2871
172	13.9801	143.596	255.765	39.8693
173	13.9801	143.276	249.975	40.0534
174	13.9801	142.91 	249.875	39.9967
175	13.9801	142.476	249.875	39.7836
176	13.9801	142.176	250.19 	40.678 
177	13.9801	141.854	250.35 	39.7094
178	13.7162	141.627	245.227	39.2725
179	13.7162	141.287	245.227	38.8839
180	13.7162	140.983	246.398	38.5704
181	13.7162	140.682	246.614	38.9301
182	13.7162	140.279	241.021	38.6446
183	13.7162	140.166	240.14 	38.9351
184	13.7162	139.797	243.398	39.2679
185	13.7162	139.542	236.025	39.2496
186	13.7162	139.239	242.534	39.9848
187	13.7162	138.975	242.534	40.0876
188	13.7162	138.708	257.629	39.5697
189	13.7162	138.348	257.629	39.8247
190	13.7162	137.999	237.776	40.6941
191	13.7162	137.789	244.289	40.1317
192	11.1111	137.492	246.347	41.2091
193	11.1111	137.17 	248.71 	41.1331
194	11.1111	136.973	241.535	40.9875
195	11.1111	136.693	278.231	41.7598
196	11.1111	136.446	258.479	42.0291
197	11.1111	136.164	256.07 	41.706 
198	11.1111	135.813	245.083	41.8427
199	11.1111	135.579	245.083	41.4689
200	11.1111	135.344	245.378	41.1051
201	11.1111	135.084	241.637	41.5131
202	11.1111	134.814	247.136	41.5653
203	11.1111	134.564	241.637	41.1911
204	11.1111	134.216	242.218	40.5387
205	11.1111	133.884	249.076	40.8652
206	11.1111	133.575	255.937	41.023 
207	11.1111	133.302	255.937	41.3858
208	11.1111	133.053	259.954	41.4443
209	11.1111	132.857	247.818	40.9658
210	11.1111	132.609	248.23 	40.7668
211	11.1111	132.385	248.23 	40.2278
212	11.1111	132.124	248.23 	40.355 
213	11.1111	131.961	242.799	41.1697
214	11.1111	131.583	240.108	40.3069
215	11.0233	131.222	236.584	40.8123
216	11.0233	130.903	236.584	40.4056
217	11.0233	130.61 	236.584	40.7629
218	10.6963	130.329	227.707	40.3707
219	4.87288	129.929	246.021	40.6692
220	4.87288	129.651	247.919	40.2712
221	4.87288	129.361	255.469	40.3075
222	4.87288	129.06 	230.257	40.257 
223	4.87288	128.846	226.969	39.3991
224	4.87288	128.59 	242.715	39.6337
225	4.87288	128.322	234.221	39.4389
226	4.87288	128.079	240.237	38.9567
227	4.87288	127.711	240.237	39.5404
228	4.87288	127.439	229.885	39.4153
229	4.87288	127.264	236.624	39.7976
230	4.87288	126.988	236.493	39.7649
231	4.87288	126.739	236.981	40.0036
232	4.87288	126.445	245.829	39.9849
233	0.728476	126.165	230.352	40.2978
234	0.728476	125.902	230.352	40.7447
235	0.728476	125.589	230.352	40.2773
236	0.728476	125.326	230.047	39.6191
237	0.728476	125.078	239.726	39.7147
238	0.728476	124.814	229.862	39.994 
239	-0.0194664	124.55 	230.526	39.949 
240	-0.0194664	124.197	246.642	40.8083
241	-0.0194664	123.967	231.576	40.2729
242	-0.545593 	123.695	238.609	40.3978
243	-0.545593 	123.414	233.131	40.1588
244	-0.545593 	123.088	232.124	39.7636
245	-0.545593 	122.826	229.35 	39.4127
246	-0.545593 	122.544	229.762	39.2898
247	-0.815477 	122.309	237.515	39.7317
248	-0.815477 	122.052	253.348	39.6866
249	-0.815477 	121.797	237.261	39.4481
250	-0.815477 	121.496	220.209	39.6619
251	-0.815477 	121.3  	220.642	39.4305
252	-0.815477 	121.028	221.585	39.0091
253	-0.815477 	120.787	218.515	39.5828
254	-0.815477 	120.534	229.638	39.8682
255	-0.815477 	120.34 	232.582	40.2336
256	-0.815477 	120.14 	232.582	40.4666
257	-0.815477 	119.864	232.582	41.3374
258	-0.815477 	119.541	227.155	40.8431
259	-0.815477 	119.258	227.085	40.088 
260	-0.815477 	118.95 	226.304	39.7859
261	-0.815477 	118.66 	228.209	40.1443
262	-0.815477 	118.409	235.691	39.895 
263	-0.815477 	118.06 	238.849	40.5635
264	-0.815477 	117.784	232.039	40.9663
265	-0.815477 	117.516	239.322	40.855 
266	-0.815477 	117.236	232.17 	40.1441
267	-0.815477 	116.967	239.893	39.4483
268	-0.815477 	116.659	228.442	39.555 
269	-0.815477 	116.417	228.442	39.7385
270	-0.815477 	116.13 	225.378	39.6698
271	-0.815477 	115.899	228.512	39.3904
272	-1.16691  	115.655	228.512	38.7332
273	-1.16691  	115.362	224.129	39.3966
274	-1.16691  	115.104	223.727	38.8527
275	-1.16691  	114.805	220.009	38.8077
276	-1.16691  	114.514	230.082	39.4286
277	-1.16691  	114.245	230.082	39.1381
278	-1.16691  	113.934	227.262	39.5143
279	-1.16691  	113.62 	227.216	39.256 
280	-1.16691  	113.29 	221.275	39.6067
281	-1.16691  	113.024	219.211	39.1608
282	-1.16691  	112.659	221.507	39.3769
283	-1.16691  	112.434	232.462	39.8736
284	-1.16691  	112.156	219.77 	39.462 
285	-1.16691  	111.794	239.779	38.9665
286	-1.16691  	111.504	237.643	39.0783
287	-1.16691  	111.242	226.944	39.5669
288	-1.16691  	111.02 	224.512	39.3027
289	-1.16691  	110.757	218.97 	38.6906
290	-1.16691  	110.489	218.444	39.0582
291	-1.16691  	110.191	222.718	39.628 
292	-1.16691  	109.946	218.289	39.2081
293	-1.16691  	109.622	226.512	39.0567
294	-1.16691  	109.374	226.512	39.6065
295	-1.16691  	109.144	224.008	39.2696
296	-1.16691  	108.837	214.456	38.4475
297	-1.16691  	108.681	214.456	38.4407
298	-1.16691  	108.464	223.262	38.1108
299	-1.16691  	108.204	209.712	38.3205
300	-1.16691  	107.896	209.712	38.2082
301	-1.16691  	107.607	208.333	37.5714
302	-1.16691  	107.292	213.096	36.8118
303	-1.16691  	107.094	208.89 	36.8244
304	-1.16691  	106.895	205.233	36.7225
305	-1.16691  	106.664	212.024	37.7193
306	-1.16691  	106.394	212.534	37.4728
307	-2.48043  	106.225	214.871	36.9218
308	-2.48043  	105.934	214.871	37.2509
309	-2.48043  	105.697	200.531	37.113 
310	-2.48043  	105.393	201.221	36.8139
311	-2.48043  	105.213	197.183	36.4301
312	-2.48043  	104.977	198.283	36.5493
313	-3.80952  	104.772	198.283	36.486 
314	-3.80952  	104.425	202.461	36.7178
315	-3.80952  	104.229	202.95 	37.1484
316	-3.80952  	104.026	203.103	36.7507
317	-3.80952  	103.763	203.588	36.6224
318	-3.80952  	103.5  	205.352	37.4005
319	-4.67182  	103.278	205.352	37.3332
320	-4.67182  	103.065	214.616	37.2781
321	-5.03458  	102.799	214.616	37.6796
322	-5.03458  	102.598	214.278	38.1781
323	-5.03458  	102.273	220.716	37.6642
324	-5.03458  	102.049	202.399	37.9274
325	-5.03458  	101.818	219.146	38.0993
326	-5.03458  	101.514	219.047	37.6879
327	-5.03458  	101.282	211.571	37.9208
328	-5.03458  	101.032	209.995	36.8534
329	-5.03458  	100.836	208.31 	37.3991
330	-5.03458  	100.538	209.928	37.7391
331	-5.03458  	100.334	208.823	37.8403
332	-5.03458  	100.072	199.574	37.9275
333	-5.03458  	99.8915	196.053	38.0613
334	-5.03458  	99.6162	196.053	38.2902
335	-5.03458  	99.3563	207.4  	38.3168
336	-5.03458  	99.0801	202.487	38.5871
337	-5.03458  	98.8133	205.874	38.383 
338	-5.03458  	98.5697	205.874	38.6415
339	-5.03458  	98.3339	224.663	37.541 
340	-5.03458  	98.0464	221.987	37.3457
341	-5.03458  	97.7936	197.518	36.8265
342	-5.03458  	97.5233	198.475	36.855 
343	-5.03458  	97.2913	207.52 	36.2438
344	-5.03458  	97.1045	205.17 	36.8007
345	-5.46573  	96.8989	205.17 	37.8571
346	-5.46573  	96.7276	209.616	37.4037
347	-5.46573  	96.4227	209.616	36.8539
348	-5.46573  	96.1493	199.888	36.3072
349	-5.46573  	95.9033	201.984	36.6368
350	-5.46573  	95.6441	215.423	37.0021
351	-5.46573  	95.3603	214.051	36.3331
352	-5.46573  	95.1387	199.667	35.713 
353	-5.46573  	95.0064	195.003	35.6174
354	-5.46573  	94.8958	189.537	36.1292
355	-5.46573  	94.6875	191.374	36.3074
356	-5.46573  	94.5203	202.621	36.0952
357	-5.46573  	94.2819	202.621	36.3354
358	-5.46573  	94.1325	202.621	35.9389
359	-5.46573  	93.8827	196.288	34.6179
360	-5.46573  	93.633 	194.726	34.515 
361	-5.46573  	93.3506	199.174	34.8994
362	-5.46573  	93.0908	191.751	35.1888
363	-5.46573  	92.9576	191.751	34.9479
364	-5.46573  	92.7791	181.195	34.7936
365	-5.46573  	92.6278	181.167	34.8439
366	-5.46573  	92.3786	188.532	35.4331
367	-6.90218  	92.1973	187.838	35.4076
368	-6.90218  	92.0034	210.379	36.2496
369	-6.90218  	91.7037	207.584	35.4434
370	-6.90218  	91.4825	189.274	36.2072
371	-6.90218  	91.3003	198.12 	36.3808
372	-6.90218  	91.0973	190.231	36.4384
373	-6.90218  	90.8134	187.431	37.105 
374	-6.90218  	90.4763	187.383	37.1661
375	-7.65743  	90.2178	185.188	36.4193
376	-7.65743  	90.004 	179.582	36.3601
377	-7.65743  	89.8288	198.729	36.0924
378	-7.65743  	89.5757	184.051	36.5056
379	-7.65743  	89.4028	186.472	36.3848
380	-7.65743  	89.2399	182.978	36.6452
381	-7.65743  	88.8613	180.284	36.3249
382	-7.65743  	88.5741	211.068	36.7097
383	-7.65743  	88.38  	186.323	36.3715
384	-7.65743  	88.0971	184.12 	35.5054
385	-7.65743  	87.9051	177.501	34.9511
386	-7.65743  	87.7   	190.203	34.9716
387	-7.65743  	87.4766	182.404	34.1323
388	-7.65743  	87.2759	181.713	34.1708
389	-7.65743  	87.0028	179.054	33.7107
390	-7.65743  	86.7517	182.214	34.17  
391	-7.65743  	86.5024	185.955	34.1256
392	-7.65743  	86.2807	183.831	33.8047
393	-7.65743  	86.0739	183.915	33.125 
394	-7.65743  	85.8588	183.915	33.5556
395	-7.65743  	85.5922	193.998	33.9105
396	-7.65743  	85.399 	183.915	33.7546
397	-7.65743  	85.1886	186.197	34.8372
398	-7.65743  	84.9798	186.842	33.8739
399	-7.65743  	84.736 	180.511	34.1471
400	-7.65743  	84.4925	192.274	34.1273
401	-7.65743  	84.1515	179.048	34.3388
402	-7.65743  	83.9178	187.759	34.8111
403	-7.65743  	83.6814	187.759	34.5781
404	-7.65743  	83.4327	179.009	34.4241
405	-7.65743  	83.2568	177.082	34.9825
406	-7.65743  	82.9746	190.423	35.142 
407	-7.65743  	82.7511	188.537	34.3248
408	-7.65743  	82.4935	185.292	33.8251
409	-7.65743  	82.2914	188.17 	33.5452
410	-7.65743  	82.0602	183.861	34.0471
411	-7.65743  	81.8459	183.679	33.8753
412	-7.65743  	81.6713	178.515	34.4316
413	-7.65743  	81.487 	176.4  	34.6242
414	-7.65743  	81.3312	179.065	34.5545
415	-7.65743  	81.1392	179.212	34.0959
416	-7.65743  	80.9958	184.623	34.1058
417	-7.65743  	80.6786	191.042	33.9207
418	-7.65743  	80.4962	193.181	34.8533
419	-7.65743  	80.3276	176.532	34.7167
420	-7.65743  	80.0689	178.014	34.7183
421	-7.65743  	79.7279	181.963	34.2393
422	-7.65743  	79.5144	181.963	34.3035
423	-7.65743  	79.2465	181.192	34.4877
424	-7.65743  	79.0084	186.299	33.5885
425	-7.65743  	78.7417	183.129	33.3527
426	-7.65743  	78.5544	175.538	33.2933
427	-7.65743  	78.328 	170.617	33.4613
428	-7.65743  	78.1533	171.556	33.3178
429	-7.65743  	78.0291	171.556	33.0195
430	-7.65743  	77.8206	166.445	32.7428
431	-7.65743  	77.6116	170.659	32.845 
432	-7.65743  	77.4614	176.101	33.3277
433	-7.65743  	77.2856	167.648	32.4538
434	-7.65743  	76.9824	176.154	32.4684
435	-7.65743  	76.8092	170.713	32.4084
436	-7.65743  	76.6203	173.141	32.4066
437	-7.65743  	76.4263	171.635	32.4361
438	-7.65743  	76.3241	172.952	32.7461
439	-7.65743  	76.0413	170.402	32.4294
440	-7.65743  	75.8499	170.402	32.4478
441	-7.65743  	75.6896	175.669	32.4969
442	-7.65743  	75.4951	166.81 	32.6852
443	-7.65743  	75.298 	181.74 	32.7374
444	-7.65743  	75.1017	181.05 	32.8041
445	-7.65743  	74.8201	171.547	32.9476
446	-7.65743  	74.5838	170.7  	31.9304
447	-7.65743  	74.3581	176.978	32.0505
448	-7.65743  	74.1467	170.7  	31.8565
449	-7.65743  	73.9168	176.59 	31.821 
450	-7.65743  	73.7286	162.446	31.0249
451	-7.65743  	73.5598	162.096	30.8441
452	-7.65743  	73.4038	160.717	31.6178
453	-7.65743  	73.199 	160.37 	31.6   
454	-7.65743  	72.9602	166.929	31.8325
455	-7.65743  	72.7775	164.285	31.7721
456	-7.65743  	72.6582	171.524	32.2128
457	-7.65743  	72.4083	171.524	32.0278
458	-7.65743  	72.3249	161.914	32.0042
459	-7.65743  	72.1368	166.932	32.5931
460	-7.65743  	71.9263	161.406	32.1347
461	-7.65743  	71.757 	155.752	31.9009
462	-7.65743  	71.5415	164.262	31.9256
463	-7.65743  	71.3401	171.063	32.7988
464	-7.65743  	71.1886	171.063	32.6131
465	-7.65743  	70.9618	171.063	32.1314
466	-7.65743  	70.705 	168.943	32.3322
467	-7.65743  	70.5463	173.744	31.9491
468	-7.65743  	70.3091	168.342	32.1192
469	-7.65743  	70.1458	168.342	32.2453
470	-7.65743  	69.99  	174.465	31.6376
471	-7.65743  	69.7267	174.465	31.7289
472	-7.65743  	69.5663	168.342	31.4962
473	-7.65743  	69.3239	168.342	31.6725
474	-7.65743  	69.185 	164.823	31.8149
475	-9.21     	68.9791	165.532	31.1098
-9.20999999
