gen	min    	avg    	max    	std    
0  	90.5732	197.345	291.695	37.4484
1  	89.8008	197.113	288.561	36.8695
2  	89.8008	196.823	285.865	36.5361
3  	88.1659	196.609	286.139	36.666 
4  	75.0655	196.319	286.153	37.0865
5  	75.0655	196.124	287.783	37.2919
6  	75.0655	195.763	291.991	37.0823
7  	75.0655	195.421	288.536	37.1673
8  	74.8124	195.045	281.955	37.7875
9  	67.5599	194.75 	283.258	37.6222
10 	67.5599	194.555	284.986	37.988 
11 	67.5599	194.335	279.33 	37.6722
12 	66.7677	194.07 	279.33 	37.9567
13 	66.7677	193.792	283.49 	38.3809
14 	63.4432	193.624	280.394	38.6463
15 	63.4432	193.39 	282.639	38.8248
16 	63.4432	193.086	281.571	38.9884
17 	63.4432	192.772	290.116	39.1441
18 	63.4432	192.407	292.405	39.813 
19 	52.1492	192.087	296.123	40.2781
20 	52.1492	191.782	288.764	39.8199
21 	52.1492	191.474	287.017	39.6387
22 	52.1492	191.184	295.453	39.0053
23 	52.1492	190.948	288.144	39.0315
24 	52.1492	190.692	286.915	39.2398
25 	50.4522	190.367	287.837	39.04  
26 	50.4522	190.014	290.877	39.1414
27 	50.4522	189.787	290.24 	39.4731
28 	50.4522	189.484	290.24 	39.732 
29 	50.4522	189.13 	286.062	38.482 
30 	50.4522	188.87 	281.704	37.9235
31 	38.6573	188.588	282.955	38.4506
32 	38.6573	188.402	287.548	37.7985
33 	38.1042	188.112	286.061	38.1836
34 	38.1042	187.825	283.199	38.4638
35 	38.1042	187.633	275.259	38.6547
36 	38.1042	187.405	274.741	38.5396
37 	38.1042	187.004	272.903	39.0001
38 	38.1042	186.702	277.457	39.0582
39 	38.1042	186.47 	282.223	38.7498
40 	38.1042	186.137	282.223	38.816 
41 	38.1042	185.861	280.951	38.6067
42 	38.1042	185.578	280.029	38.8993
43 	35.003 	185.248	275.52 	38.4395
44 	31.7272	184.95 	272.635	37.9134
45 	31.7272	184.616	278.246	37.2693
46 	31.7272	184.307	272.163	37.6153
47 	31.7272	184.034	272.163	38.3447
48 	28.5785	183.822	271.249	39.0474
49 	28.5785	183.523	280.358	38.9551
50 	28.5785	183.16 	268.985	39.1455
51 	28.5785	182.753	275.373	39.3544
52 	28.5785	182.377	275.373	39.0447
53 	28.5785	182.094	273.653	39.3386
54 	28.5785	181.802	273.462	39.9433
55 	28.5785	181.517	273.447	40.5812
56 	28.5785	181.162	273.447	41.1104
57 	28.224 	180.879	280.716	41.7319
58 	28.224 	180.6  	280.716	39.9737
59 	24.9957	180.279	273.638	40.3623
60 	24.9957	180.02 	272.924	40.3064
61 	24.9957	179.692	281.462	40.0223
62 	24.9957	179.412	281.462	40.8846
63 	24.9957	179.08 	280.702	40.7083
64 	24.9957	178.795	277.261	41.1865
65 	24.9957	178.589	286.4  	41.3114
66 	24.9957	178.276	288.742	41.5929
67 	24.9957	177.988	274.249	42.0786
68 	24.9957	177.701	274.249	41.917 
69 	24.9957	177.382	285.218	42.1612
70 	24.9957	177.084	277.277	42.1631
71 	24.9957	176.771	281.457	41.8752
72 	24.9957	176.512	279.236	41.2459
73 	24.9957	176.188	279.236	40.4377
74 	24.9957	175.94 	277.277	40.6637
75 	24.9957	175.584	276.289	39.7215
76 	24.9957	175.265	278.524	40.1745
77 	24.9957	175.012	272.629	40.375 
78 	24.9957	174.676	272.461	39.6356
79 	24.9957	174.443	272.621	39.959 
80 	24.9957	174.124	271.387	39.791 
81 	24.9957	173.81 	268.936	39.5728
82 	24.9957	173.515	264.789	39.5197
83 	24.9957	173.153	269.653	39.3237
84 	24.9957	172.922	265.158	38.9172
85 	24.9957	172.648	277.098	39.3971
86 	24.9957	172.324	275.613	39.3178
87 	24.9957	171.987	282.602	39.1834
88 	23.5391	171.609	275.721	40.1389
89 	14.6296	171.29 	271.28 	40.003 
90 	14.6296	170.916	271.28 	40.314 
91 	14.6296	170.579	270.39 	40.1667
92 	14.6296	170.23 	262.754	40.5061
93 	14.6296	169.93 	262.593	40.4974
94 	14.6296	169.56 	263.388	40.8346
95 	14.6296	169.199	284.436	41.325 
96 	14.6296	168.922	288.546	42.0995
97 	14.6296	168.612	285.94 	41.9004
98 	14.6296	168.308	282.753	41.93  
99 	14.6296	167.849	278.606	42.3977
100	13.9172	167.545	278.606	41.8927
101	13.9172	167.271	276.754	42.8145
102	13.9172	166.97 	276.754	42.6499
103	13.9172	166.596	266.359	42.6953
104	13.9172	166.352	268.757	43.5104
105	13.9172	166.03 	268.508	43.7562
106	13.9172	165.818	267.12 	44.3953
107	13.9172	165.496	270.573	44.1617
108	13.9172	165.19 	276.697	44.5561
109	13.9172	164.928	270.573	43.8267
110	13.9172	164.654	268.552	44.378 
111	13.9172	164.287	284.962	43.6313
112	13.9172	163.978	274.646	43.3764
113	13.9172	163.598	270.12 	42.9654
114	13.9172	163.3  	270.12 	42.7025
115	13.9172	163.042	269.577	41.8542
116	13.9172	162.689	278.05 	41.9455
117	12.3845	162.415	272.149	41.4682
118	12.3845	162.164	262.531	40.8903
119	12.3845	161.882	255.587	41.0359
120	12.3845	161.602	263.793	41.4145
121	12.3845	161.268	272.791	41.5778
122	12.3845	160.908	280.374	41.3445
123	12.3845	160.566	273.126	41.8912
124	12.3845	160.297	271.941	42.4035
125	12.3845	159.971	272.86 	42.1946
126	12.3845	159.761	272.86 	42.4568
127	12.3845	159.493	271.084	42.2164
128	12.3845	159.125	254.032	42.3976
129	12.3845	158.783	261.916	42.6027
130	12.3845	158.534	256.705	42.3191
131	12.3845	158.182	256.506	41.1885
132	12.3845	157.816	259.886	41.9426
133	12.3845	157.535	255.884	40.9289
134	12.3845	157.133	269.377	41.661 
135	12.3845	156.78 	270.793	41.2392
136	10.8239	156.433	268.857	42.4676
137	10.8239	156.116	262.097	42.2948
138	10.8239	155.743	270.552	41.9072
139	10.8239	155.344	265.504	41.6643
140	10.8239	155.097	277.787	41.6021
141	10.8239	154.714	271.878	42.401 
142	10.8239	154.465	264.486	42.0669
143	10.8239	154.115	267.235	41.2577
144	10.8239	153.74 	264.486	41.0454
145	10.8239	153.467	263.028	40.8793
146	10.8239	153.196	265.883	40.7555
147	10.8239	152.902	259.847	41.2669
148	10.8239	152.66 	262.972	42.0863
149	10.8239	152.384	258.705	42.2212
150	10.8239	152.095	272.85 	41.5778
151	10.8239	151.83 	269.009	41.1027
152	10.8239	151.562	265.534	41.4508
153	10.8239	151.195	267.004	41.7742
154	10.8239	150.926	267.004	41.9727
155	10.8239	150.64 	269.966	41.4809
156	8.94941	150.272	256.898	40.9217
157	8.94941	149.998	252.451	40.3818
158	8.94941	149.674	256.362	40.5558
159	8.94941	149.422	254.046	40.9458
160	3.87827	149.174	246.7  	40.1667
161	3.87827	148.842	246.7  	39.512 
162	3.87827	148.472	249.426	39.5807
163	3.87827	148.232	248.554	40.3631
164	3.87827	147.932	250.544	40.5523
165	2.51683	147.601	250.544	42.1194
166	2.51683	147.286	250.544	42.774 
167	2.51683	146.945	249.282	42.803 
168	2.51683	146.647	256.815	43.4341
169	2.51683	146.295	256.815	43.8152
170	2.51683	145.923	269.038	42.5881
171	2.51683	145.615	270.55 	42.6875
172	2.51683	145.242	266.723	41.9604
173	2.51683	144.895	266.562	42.1703
174	2.51683	144.511	248.933	41.1177
175	2.51683	144.252	250.047	41.3334
176	2.51683	143.965	262.46 	41.137 
177	2.51683	143.65 	256.1  	41.1609
178	2.51683	143.336	253.213	41.83  
179	2.51683	142.947	249.812	42.2422
180	1.6646 	142.593	264.302	42.5825
181	1.6646 	142.189	257.489	41.9028
182	1.6646 	141.804	246.694	41.8699
183	1.6646 	141.419	250.22 	41.9543
184	1.6646 	141.105	252.657	42.8399
185	1.6646 	140.677	259.156	42.561 
186	1.6646 	140.402	259.059	41.8025
187	1.6646 	140.079	259.059	41.8365
188	1.6646 	139.82 	259.059	42.2199
189	1.6646 	139.557	250.352	42.1198
190	1.6646 	139.242	246.38 	41.7666
191	0.871242	138.931	246.38 	41.7667
192	0.871242	138.689	241.559	41.8503
193	0.209676	138.416	247.986	41.7707
194	0.209676	138.176	245.247	42.3385
195	0.209676	137.981	246.812	43.3269
196	0.209676	137.611	248.975	42.8726
197	0.209676	137.314	245.026	42.2168
198	0.209676	136.966	244.761	42.8756
199	0.209676	136.586	273.308	43.417 
200	0.209676	136.197	256.629	42.7348
201	0.209676	135.875	243.952	42.6834
202	0.209676	135.539	244.117	42.3799
203	0.209676	135.207	237.735	42.1391
204	0.209676	134.92 	236.829	41.959 
205	0.209676	134.668	240.763	41.2023
206	0.209676	134.435	240.574	41.0359
207	0.209676	134.096	240.574	40.9326
208	0.209676	133.816	234.759	41.3405
209	0.209676	133.62 	246.224	40.8512
210	0.209676	133.339	252.488	41.121 
211	-0.426065	133.049	238.402	41.1425
212	-0.426065	132.657	241.899	41.6495
213	-0.426065	132.283	250.461	41.9773
214	-0.426065	131.906	247.497	42.0615
215	-0.426065	131.616	248.578	42.1085
216	-2.25535 	131.361	244.696	42.3529
217	-2.25535 	130.991	247.679	42.778 
218	-2.25535 	130.721	247.25 	42.7495
219	-2.25535 	130.417	241.481	42.5027
220	-2.25535 	130.179	241.481	42.3883
221	-2.25535 	129.856	251.706	42.4721
222	-2.25535 	129.571	255.718	42.4696
223	-2.25535 	129.263	256.584	42.5078
224	-2.25535 	129.035	243.7  	41.2665
225	-2.25535 	128.771	234.683	42.0381
226	-2.25535 	128.526	235.98 	41.9835
227	-4.58463 	128.201	248.916	42.2442
228	-4.58463 	127.937	248.916	42.3682
229	-4.58463 	127.609	233.216	41.7332
230	-4.58463 	127.201	253.457	41.9895
231	-4.58463 	126.923	238.68 	41.9086
232	-4.58463 	126.609	237.531	41.5736
233	-4.58463 	126.362	233.721	41.9667
234	-4.58463 	126.074	234.668	41.7735
235	-4.58463 	125.772	234.668	42.2155
236	-4.58463 	125.477	234.668	41.1139
237	-5.3329  	125.094	230.421	40.7925
238	-5.3329  	124.891	229.021	41.0015
239	-5.3329  	124.617	229.021	41.0308
240	-5.3329  	124.271	234.122	40.8898
241	-5.3329  	123.933	235.153	40.443 
242	-5.3329  	123.707	235.153	40.4072
243	-5.3329  	123.332	239.457	40.833 
244	-5.3329  	123.011	241.73 	40.1774
245	-5.3329  	122.734	243.036	40.0542
246	-5.3329  	122.443	224.142	40.6358
247	-5.3329  	122.091	229.852	39.7287
248	-5.3329  	121.798	226.02 	40.4548
249	-5.3329  	121.532	227.618	39.8838
250	-5.3329  	121.179	230.277	40.0777
251	-5.3329  	120.877	227.618	40.0921
252	-5.3329  	120.567	228.936	40.0624
253	-5.3329  	120.317	229.2  	39.845 
254	-5.3329  	120.021	221.988	39.868 
255	-7.08201 	119.719	221.126	40.0464
256	-7.08201 	119.446	219.006	39.9832
257	-7.08201 	119.198	220.577	39.8932
258	-7.08201 	118.853	235.902	39.7467
259	-7.08201 	118.605	235.962	39.4684
260	-7.08201 	118.315	234.314	39.7801
261	-7.08201 	118.102	231.769	40.2082
262	-7.08201 	117.84 	227.999	40.171 
263	-7.08201 	117.538	229.193	40.5836
264	-7.08201 	117.289	227.999	40.5857
265	-7.08201 	117.08 	227.167	40.5737
266	-7.08201 	116.716	237.893	40.4781
267	-7.08201 	116.396	237.261	40.9168
268	-7.08201 	116.116	233.163	41.4503
269	-7.08201 	115.889	233.163	40.9534
270	-7.08201 	115.533	229.194	41.6744
271	-7.08201 	115.265	228.385	41.6437
272	-7.08201 	115.02 	236.559	41.2731
273	-7.08201 	114.736	226.568	41.0944
274	-7.08201 	114.566	220.875	41.541 
275	-7.08201 	114.255	228.539	41.2469
276	-7.08201 	113.986	228.539	40.8377
277	-8.53243 	113.696	224.19 	40.9358
278	-8.53243 	113.489	224.19 	39.9454
279	-8.53243 	113.137	224.19 	40.6107
280	-8.53243 	112.843	219.683	41.3623
281	-8.53243 	112.59 	235.904	41.4148
282	-8.53243 	112.226	231.485	42.114 
283	-8.53243 	111.993	220.073	41.422 
284	-8.53243 	111.709	223.897	40.3988
285	-8.53243 	111.431	221.15 	40.1444
286	-8.53243 	111.049	234.272	40.6936
287	-8.53243 	110.7  	234.272	40.0107
288	-8.53243 	110.422	229.587	40.5059
289	-8.53243 	110.073	224.636	40.832 
290	-8.53243 	109.823	233.169	40.1546
291	-8.53243 	109.528	225.025	39.6403
292	-8.53243 	109.266	230.261	40.0366
293	-8.53243 	109.023	225.459	40.0227
294	-8.53243 	108.713	224.327	40.5906
295	-8.53243 	108.56 	223.855	40.648 
296	-8.53243 	108.273	213.021	41.0195
297	-8.53243 	108.033	217.349	41.1891
298	-8.53243 	107.766	212.816	40.5431
299	-8.53243 	107.361	217.263	40.4975
300	-8.53243 	107.095	219.541	40.73  
301	-8.53243 	106.897	219.384	41.0287
302	-8.53243 	106.722	213.303	41.0918
303	-8.53243 	106.443	211.88 	41.1894
304	-8.53243 	106.155	212.768	41.8794
305	-8.53243 	105.898	227.282	41.802 
306	-8.53243 	105.64 	237.944	41.8056
307	-8.53243 	105.268	242.273	40.7807
308	-8.53243 	104.927	229.792	40.0496
309	-8.53243 	104.654	226.265	40.7821
310	-8.53243 	104.349	223.384	40.626 
311	-8.53243 	104.147	223.384	40.8677
312	-8.53243 	103.939	218.619	40.511 
313	-8.53243 	103.675	210.951	40.7627
314	-8.53243 	103.476	199.31 	39.642 
315	-8.53243 	103.107	216.575	39.0433
316	-8.53243 	102.881	211.24 	38.1488
317	-8.53243 	102.625	212.241	38.7996
318	-8.53243 	102.445	208.371	39.5835
319	-8.53243 	102.165	208.144	38.8896
320	-8.53243 	101.891	205.005	38.2229
321	-8.53243 	101.607	205.005	39.0301
322	-8.53243 	101.38 	205.005	38.8823
323	-8.53243 	101.116	202.654	38.4532
324	-8.53243 	100.858	202.654	38.0599
325	-8.53243 	100.532	214.898	38.6799
326	-8.53243 	100.281	212.631	38.6   
327	-8.53243 	100.054	209.766	37.2131
328	-8.53243 	99.763 	204.027	37.3847
329	-8.53243 	99.5205	200.676	37.84  
330	-8.53243 	99.2536	200.511	37.4491
331	-8.53243 	99.0942	200.51 	38.2049
332	-8.53243 	98.8552	202.999	38.2715
333	-8.53243 	98.6222	202.999	38.2693
334	-8.53243 	98.3597	213.961	38.9132
335	-8.53243 	98.0466	213.961	38.4545
336	-8.53243 	97.7745	202.808	38.6252
337	-8.53243 	97.4909	213.142	38.68  
338	-8.53243 	97.23  	203.064	37.7553
339	-8.53243 	97.0553	203.064	37.811 
340	-8.53243 	96.7663	201.834	37.961 
341	-8.53243 	96.4898	206.072	38.3644
342	-8.53243 	96.2751	206.072	38.8973
343	-8.53243 	96.0078	206.072	38.3008
344	-8.53243 	95.7626	201.834	38.1479
345	-8.53243 	95.4871	200.288	37.8996
346	-8.53243 	95.1145	202.712	38.1126
347	-8.53243 	94.8617	201.497	38.2762
348	-8.53243 	94.6653	199.788	37.289 
349	-8.53243 	94.4044	193.164	37.4231
350	-8.53243 	94.1709	193.164	37.0199
351	-8.53243 	93.9071	198.731	37.3376
352	-8.53243 	93.6246	193.494	37.7787
353	-8.53243 	93.3843	199.797	38.4518
354	-8.53243 	93.1198	198.762	38.0172
355	-8.53243 	92.8847	189.816	37.7593
356	-8.53243 	92.5986	203.397	37.8976
357	-8.53243 	92.2447	199.554	37.7859
358	-8.53243 	91.9864	204.567	38.6171
359	-8.53243 	91.6312	204.654	38.4448
360	-8.53243 	91.286 	216.949	38.7741
361	-8.53243 	91.0758	199.459	38.5558
362	-8.53243 	90.8846	199.379	37.6575
363	-8.53243 	90.6673	202.091	37.8047
364	-8.53243 	90.3965	199.379	38.2197
365	-8.53243 	90.1541	194.973	37.6197
366	-8.86518 	89.8514	203.979	37.7721
367	-8.86518 	89.5504	203.979	38.1297
368	-8.86518 	89.2773	202.243	38.8221
369	-8.86518 	89.073 	202.243	37.7223
370	-8.86518 	88.8756	197.511	36.9027
371	-8.86518 	88.6294	197.511	36.8576
372	-8.86518 	88.389 	194.833	36.3888
373	-8.86518 	88.1111	194.833	36.486 
374	-8.86518 	87.8814	212.865	36.6011
375	-8.86518 	87.6126	210.95 	37.8585
376	-8.86518 	87.3274	204.863	37.6117
377	-8.86518 	87.1415	209.958	37.0691
378	-8.86518 	86.8923	204.397	36.6711
379	-8.86518 	86.6379	206.678	36.6516
380	-8.86518 	86.3804	195.559	36.5461
381	-8.86518 	86.1171	193.094	36.8551
382	-8.86518 	85.8296	202.041	37.6005
383	-8.86518 	85.498 	202.213	37.8024
384	-8.86518 	85.2912	197.785	38.3711
385	-8.86518 	85.0013	190.857	38.747 
386	-8.86518 	84.7687	188.524	37.4523
387	-8.86518 	84.6134	190.819	37.3091
388	-8.86518 	84.3147	192.492	36.936 
389	-8.86518 	84.1128	200.06 	36.5971
390	-8.86518 	83.9211	197.641	36.9308
391	-8.86518 	83.5674	196.087	36.7213
392	-8.86518 	83.2995	199.227	36.034 
393	-8.86518 	83.1127	199.025	36.4915
394	-8.86518 	82.8086	187.355	35.4563
395	-8.86518 	82.5749	183.137	35.0126
396	-8.86518 	82.2895	188.908	35.5856
397	-8.86518 	81.9956	193.887	35.1612
398	-8.86518 	81.746 	194.256	34.615 
399	-8.86518 	81.5131	190.241	35.0411
400	-8.86518 	81.343 	189.405	35.027 
401	-8.86518 	81.0749	211.603	34.8815
402	-8.86518 	80.8839	199.775	35.2284
403	-8.86518 	80.6196	196.126	35.2813
404	-8.86518 	80.4437	190.526	34.9762
405	-8.86518 	80.2403	185.913	36.007 
406	-8.86518 	79.9803	189.679	36.6903
407	-8.86518 	79.8046	189.679	36.0292
408	-8.86518 	79.5903	198.734	36.2009
409	-8.86518 	79.3495	198.734	36.1903
410	-8.86518 	79.0396	195.429	36.3707
411	-8.86518 	78.7943	181.628	36.2086
412	-8.86518 	78.6515	179.171	36.2424
413	-8.86518 	78.3873	180.917	36.9112
414	-8.86518 	78.2076	200.825	36.4327
415	-8.86518 	78.0381	198.677	36.3958
416	-8.86518 	77.7795	201.15 	36.1317
417	-8.86518 	77.5437	176.621	36.6566
418	-8.86518 	77.2824	181.98 	36.6075
419	-8.86518 	77.1061	178.555	36.4377
420	-8.86518 	76.9031	182.6  	36.1869
421	-8.86518 	76.6738	184.022	36.1849
422	-8.86518 	76.431 	181.194	35.9448
423	-8.86518 	76.2598	168.82 	35.3847
424	-8.86518 	75.9449	168.82 	35.2192
425	-8.86518 	75.6718	166.516	35.2631
426	-8.86518 	75.4295	167.029	34.8657
427	-8.86518 	75.2562	166.516	35.4062
428	-8.86518 	75.0538	166.516	35.2832
429	-8.86518 	74.7992	192.238	35.3467
430	-8.86518 	74.561 	180.317	35.4984
431	-8.86518 	74.3629	173.266	35.0339
432	-8.86518 	74.1255	177.738	35.1037
433	-8.86518 	73.8868	176.722	35.426 
434	-8.86518 	73.7305	170.86 	34.7161
435	-8.86518 	73.5177	172.101	34.0013
436	-8.86518 	73.3053	176.546	34.3351
437	-8.86518 	73.0574	172.168	34.9262
438	-8.86518 	72.8516	183.707	35.1109
439	-8.86518 	72.564 	179.487	35.2217
440	-8.86518 	72.2579	184.811	34.9438
441	-8.86518 	72.005 	190.914	35.3356
442	-8.86518 	71.7902	190.914	35.0263
443	-8.86518 	71.5644	178.556	35.0318
444	-8.86518 	71.3265	185.573	34.9114
445	-8.86518 	71.1157	176.047	35.0308
446	-8.86518 	70.9211	172.062	35.2833
447	-8.86518 	70.7254	170.313	34.3844
448	-8.86518 	70.4464	179.206	34.3014
449	-8.86518 	70.2273	177.128	35.3775
450	-8.86518 	70.021 	177.128	35.8139
451	-8.86518 	69.7979	183.283	35.6336
452	-8.86518 	69.5549	188.243	35.0102
453	-8.86518 	69.322 	168.104	34.0694
454	-8.86518 	69.1377	162.593	34.1866
455	-8.86518 	68.9501	162.593	34.2643
456	-8.86518 	68.6983	167.184	34.4086
457	-8.86518 	68.3947	170.368	34.0579
458	-8.86518 	68.1254	171.5  	33.7134
459	-8.86518 	67.9235	183.513	34.354 
460	-8.86518 	67.7011	183.513	34.609 
461	-8.86518 	67.4844	175.345	34.3675
462	-8.86518 	67.3192	167.705	33.5184
463	-8.86518 	67.0995	170.626	33.2895
464	-8.86518 	66.8858	174.514	32.8441
465	-8.86518 	66.6316	164.963	33.0768
466	-8.86518 	66.3813	164.963	32.6564
467	-8.86518 	66.1555	163.064	32.9893
468	-8.86518 	65.966 	165.506	32.4034
469	-8.86518 	65.8191	162.646	32.5691
470	-8.86518 	65.622 	152.641	31.9578
471	-8.86518 	65.3975	165.912	31.8493
472	-8.86518 	65.2049	165.912	31.7042
473	-8.86518 	64.9154	165.912	31.7706
474	-8.86518 	64.6973	155.674	31.1543
475	-8.86518 	64.4688	155.674	32.0294
476	-8.86518 	64.3251	151.175	32.6661
477	-8.86518 	64.147 	151.308	32.7711
478	-8.86518 	63.8936	156.014	32.2258
479	-8.86518 	63.693 	153.708	33.2496
480	-8.86518 	63.5498	162.073	33.3009
481	-8.86518 	63.3393	161.573	33.7969
482	-8.86518 	63.2047	161.234	32.5895
483	-8.86518 	62.9434	161.234	32.6421
484	-8.86518 	62.8198	165.306	33.0568
485	-8.86518 	62.6278	162.692	33.1545
486	-8.86518 	62.4749	156.921	32.5831
487	-8.86518 	62.2696	170.947	32.8209
488	-8.86518 	62.0531	162.667	32.5737
489	-8.86518 	61.8677	185.025	33.2819
490	-8.86518 	61.668 	157.328	32.7773
491	-8.86518 	61.4676	165.668	32.4278
492	-8.86518 	61.2905	157.331	31.7432
493	-8.86518 	61.0379	166.556	32.1859
494	-8.86518 	60.8254	166.556	32.3103
495	-8.86518 	60.6087	166.168	32.2275
496	-8.86518 	60.4613	156.866	31.447 
497	-8.86518 	60.2383	156.032	31.2891
498	-8.86518 	60.0385	156.032	31.4133
499	-8.86518 	59.9127	152.244	31.188 
-9.20999999
