gen	min    	avg   	max        	std   
0  	4645.04	527874	1.69908e+06	308149
1  	4645.04	523750	1.62331e+06	299595
2  	4645.04	525427	1.6037e+06 	302304
3  	4645.04	525820	1.59531e+06	295611
4  	4645.04	524628	1.66446e+06	296352
5  	4645.04	518833	1.66446e+06	293460
6  	4645.04	516477	1.50197e+06	291071
7  	4645.04	513723	1.36019e+06	285374
8  	498.972	512968	1.49686e+06	286546
9  	279.133	510582	1.49137e+06	285023
10 	279.133	510161	1.40254e+06	288409
11 	279.133	507077	1.41073e+06	290862
12 	279.133	507696	1.37637e+06	285876
13 	279.133	504689	1.48764e+06	287759
14 	279.133	502906	1.48764e+06	290148
15 	279.133	504094	1.34635e+06	283533
16 	279.133	502144	1.58073e+06	288523
17 	279.133	500115	1.43782e+06	283473
18 	279.133	497941	1.38427e+06	292577
19 	279.133	501216	1.46114e+06	300902
20 	279.133	498604	1.46454e+06	297694
21 	279.133	495776	1.46454e+06	293560
22 	128.69 	495229	1.41626e+06	292157
23 	128.69 	494597	1.79566e+06	293814
24 	126.267	492951	1.72154e+06	295129
25 	126.267	492619	1.4154e+06 	288888
26 	126.267	489983	1.34739e+06	288361
27 	126.267	490636	1.34464e+06	291877
28 	126.267	486341	1.44576e+06	290197
29 	126.267	487215	1.40663e+06	297185
30 	126.267	483625	1.40198e+06	292063
31 	126.267	482166	1.65101e+06	293814
32 	126.267	477441	1.41023e+06	289587
33 	126.267	476308	1.28557e+06	292408
34 	126.267	475529	1.54252e+06	294489
35 	126.267	474798	1.26455e+06	297621
36 	126.267	476741	1.36303e+06	296693
37 	126.267	478464	1.28704e+06	304673
38 	126.267	477336	1.28545e+06	295830
39 	126.267	472282	1.36885e+06	288241
40 	126.267	472459	1.40026e+06	290363
41 	126.267	473643	1.36885e+06	295252
42 	126.267	468743	1.36385e+06	291457
43 	126.267	465661	1.62678e+06	287321
44 	126.267	464391	1.60026e+06	287270
45 	126.267	460211	1.47684e+06	289419
46 	126.267	462978	1.40214e+06	290989
47 	126.267	457352	1.1625e+06 	282366
48 	126.267	453089	1.28598e+06	278939
49 	126.267	454990	1.18781e+06	282544
50 	126.267	454724	1.22549e+06	283512
51 	126.267	449072	1.24829e+06	283953
52 	126.267	446513	1.25881e+06	280072
53 	126.267	446127	1.25359e+06	282337
54 	120.682	440790	1.21971e+06	270287
55 	120.682	441496	1.29045e+06	271887
56 	120.682	438902	1.25517e+06	268681
57 	120.682	435474	1.19091e+06	267440
58 	120.682	435114	1.30874e+06	268483
59 	109.615	437665	1.27186e+06	269664
60 	109.615	434948	1.21363e+06	265195
61 	109.615	434669	1.39892e+06	271599
62 	109.615	431774	1.5304e+06 	271175
63 	109.615	430710	1.32391e+06	269844
64 	109.615	427085	1.39149e+06	274080
65 	109.615	427547	1.36499e+06	277621
66 	109.615	426329	1.38129e+06	275122
67 	109.615	425473	1.36499e+06	273111
68 	109.615	425725	1.34218e+06	270393
69 	109.615	421517	1.39473e+06	267131
70 	109.615	422068	1.28295e+06	265577
71 	109.615	417514	1.33272e+06	261168
72 	109.041	418245	1.33272e+06	269392
73 	109.041	418687	1.33272e+06	269399
74 	109.041	416259	1.33272e+06	265242
75 	109.041	408311	1.21797e+06	255735
76 	109.041	406401	1.18134e+06	258657
77 	108.124	409401	1.18043e+06	266117
78 	108.124	410208	1.18231e+06	269187
79 	104.913	408352	1.17856e+06	264966
80 	104.913	406548	1.17856e+06	265977
81 	104.913	405566	1.27482e+06	265926
82 	104.913	405720	1.2238e+06 	265434
83 	104.913	404030	1.21465e+06	262104
84 	104.913	401566	1.19859e+06	267100
85 	104.913	403158	1.19859e+06	263175
86 	104.913	404726	1.19887e+06	265832
87 	88.0467	405586	1.52291e+06	273854
88 	88.0467	400792	1.26289e+06	267851
89 	88.0467	400630	1.44474e+06	270613
90 	88.0467	398950	1.26289e+06	264461
91 	88.0467	399737	1.41359e+06	265305
92 	88.0467	394744	1.41359e+06	260316
93 	88.0467	393065	1.31302e+06	254252
94 	86.7226	393657	1.18614e+06	259538
95 	86.7226	394995	1.26152e+06	264844
96 	86.7226	390758	1.26341e+06	259938
97 	86.7226	389906	1.205e+06  	261644
98 	85.7358	387902	1.25437e+06	261875
99 	85.7358	387523	1.41643e+06	268046
100	85.7358	382936	1.3412e+06 	257468
101	85.7358	385551	1.20039e+06	264332
102	85.7358	386256	1.27267e+06	264204
103	85.7358	381909	1.14756e+06	265227
104	85.7358	380248	1.28504e+06	264446
105	85.7358	380152	1.36818e+06	263603
106	85.7358	375929	1.51809e+06	261869
107	85.7358	376476	1.33344e+06	258675
108	85.7358	376281	1.33286e+06	258623
109	85.7358	373841	1.54254e+06	260961
110	85.7358	372840	1.33286e+06	255219
111	85.7358	372540	1.20427e+06	259211
112	85.7358	368463	1.16339e+06	259094
113	85.7358	368865	1.44801e+06	258491
114	85.7358	369125	1.35261e+06	253351
115	85.7358	366623	1.20236e+06	252173
116	85.7358	366588	1.10906e+06	249184
117	85.7358	364270	1.10906e+06	250521
118	85.7358	361145	1.10717e+06	243617
119	85.7358	363524	1.11618e+06	244794
120	85.7358	359223	1.12161e+06	240561
121	85.7358	356390	1.1565e+06 	238340
122	85.7358	355916	1.44655e+06	242063
123	81.6196	358049	1.52419e+06	241860
124	80.6791	356105	1.26541e+06	237182
125	80.6791	355606	1.11632e+06	242433
126	80.6791	352981	1.13377e+06	241470
127	80.6791	353959	1.16509e+06	243125
128	80.6791	352663	1.15525e+06	245485
129	80.6791	354499	1.12493e+06	249805
130	80.6791	353452	1.10978e+06	253715
131	80.6791	352578	1.11647e+06	253313
132	80.6791	354372	1.11647e+06	256322
133	80.6791	355155	1.13679e+06	259102
134	76.8737	351973	1.15776e+06	251219
135	76.8737	346891	1.13206e+06	243952
136	76.8737	348252	1.15314e+06	245024
137	76.8737	346569	1.11575e+06	240964
138	76.8737	341543	1.11899e+06	242642
139	76.8737	344666	1.12626e+06	244714
140	76.8737	344284	1.26015e+06	245837
141	76.8737	340771	1.28781e+06	237358
142	76.8737	338024	1.25575e+06	240134
143	76.8737	337655	1.22196e+06	244305
144	76.8737	336542	1.17148e+06	248547
145	73.7831	336206	1.17297e+06	249649
146	73.7831	338223	1.24535e+06	252301
147	73.7831	336541	1.25497e+06	246758
148	73.7831	331684	1.18618e+06	241950
149	73.7831	333015	1.17655e+06	250595
150	73.7831	333964	1.26277e+06	250874
151	73.7831	330319	1.14001e+06	246850
152	73.7831	334008	1.16104e+06	253341
153	73.7831	330219	1.20097e+06	248448
154	73.7831	326680	1.19936e+06	240742
155	73.7831	326551	1.19936e+06	245172
156	73.7831	327491	1.24573e+06	242406
157	73.7831	328402	1.16868e+06	237622
158	73.7831	325630	1.21811e+06	236843
159	73.7831	324478	1.09555e+06	231563
160	73.7831	322201	1.09153e+06	231005
161	73.6574	323723	1.09153e+06	235052
162	73.6574	321876	1.08949e+06	234628
163	73.6574	320001	1.22212e+06	225819
164	73.6574	318402	1.22212e+06	226206
165	70.6826	315605	1.2753e+06 	228923
166	60.1764	314755	1.12539e+06	227908
167	60.1764	312957	1.12865e+06	231695
168	60.1764	312333	1.16332e+06	231403
169	60.1764	314314	1.13008e+06	237433
170	60.1764	313396	1.15113e+06	232944
171	60.1764	310346	1.15113e+06	226620
172	60.1764	306269	1.11064e+06	229418
173	60.1764	304005	1.1105e+06 	225368
174	60.1764	304776	1.10213e+06	236298
175	60.1764	302002	1.17522e+06	229167
176	60.1764	301805	1.15377e+06	228207
177	60.1764	300830	1.10493e+06	223754
178	60.1764	301661	1.10493e+06	221210
179	60.1764	301935	1.29883e+06	229427
180	60.1764	301662	1.15598e+06	229738
181	60.1764	303677	1.15598e+06	233368
182	60.1764	302096	1.15551e+06	238868
183	60.1764	297323	1.10426e+06	230970
184	60.1764	293911	1.11394e+06	229734
185	60.1764	295108	1.11394e+06	234046
186	60.1764	295699	1.10055e+06	236398
187	60.1764	293219	1.19229e+06	237438
188	60.1764	292419	1.12893e+06	234720
189	60.1764	288387	1.10439e+06	227124
190	60.1764	283918	1.10221e+06	220674
191	60.1764	284451	1.10221e+06	218303
192	59.2721	284143	1.08127e+06	209379
193	59.2721	288358	1.11838e+06	220715
194	59.2721	288035	1.11461e+06	224941
195	59.2721	287705	1.1078e+06 	222902
196	59.2721	284914	1.10273e+06	220452
197	59.2721	285753	1.07884e+06	217416
198	59.2721	284872	1.08705e+06	213564
199	59.2721	280135	1.10732e+06	209602
200	59.2721	279841	1.05048e+06	210510
201	59.2721	280125	1.10721e+06	212933
202	59.2721	281550	1.20708e+06	216295
203	57.2346	280453	1.14236e+06	220627
204	57.2346	279471	1.08024e+06	211896
205	57.2346	276732	1.07707e+06	207919
206	57.2346	275676	1.0831e+06 	202072
207	57.2346	275475	1.11924e+06	204212
208	57.2346	271167	1.11924e+06	199122
209	57.2346	272729	1.1108e+06 	203039
210	57.2346	272760	1.08273e+06	202698
211	57.2346	274184	1.11972e+06	204372
212	56.7828	273426	1.09973e+06	203801
213	56.7828	275342	1.05971e+06	207603
214	56.7828	275724	1.13491e+06	212181
215	56.7828	271544	1.08506e+06	206215
216	56.7828	272492	1.07215e+06	214293
217	56.7828	270622	1.07189e+06	204276
218	56.7828	270870	1.08236e+06	209143
219	56.7828	276232	1.08231e+06	219749
220	56.7828	271879	1.12167e+06	220268
221	56.7828	269766	1.13274e+06	220043
222	56.7828	269264	1.11583e+06	219083
223	56.7828	266296	1.09922e+06	220033
224	56.7828	264764	1.09189e+06	217313
225	56.7828	265534	1.0982e+06 	219142
226	56.7828	267449	1.09641e+06	221794
227	56.7828	264850	1.27579e+06	222128
228	56.7828	259139	1.10788e+06	215127
229	56.7828	256639	1.09715e+06	205340
230	56.7828	255636	1.10131e+06	201554
231	56.7828	254491	1.0934e+06 	200212
232	56.7828	254642	1.10277e+06	207965
233	56.7828	253335	1.0934e+06 	206609
234	56.7828	252377	1.05936e+06	202115
235	56.7828	253869	1.14109e+06	202946
236	56.7828	253029	1.08373e+06	197785
237	56.7828	253732	1.17564e+06	202257
238	56.7828	253024	1.06882e+06	198983
239	56.7828	252447	1.10546e+06	196262
240	56.7828	252011	1.10284e+06	198128
241	56.7828	251668	1.10935e+06	200125
242	56.7828	249855	1.05668e+06	199724
243	56.7828	252381	1.05588e+06	202780
244	56.7828	252018	1.06354e+06	199934
245	56.7828	247490	1.05405e+06	195391
246	56.7828	244377	1.05778e+06	189406
247	56.7828	246199	1.08417e+06	189993
248	56.7828	241687	1.08567e+06	191978
249	55.0131	245002	1.07354e+06	192600
250	55.0131	244049	1.03328e+06	192582
251	55.0131	242050	960876     	188708
252	55.0131	239821	1.04614e+06	192058
253	55.0131	242168	1.0157e+06 	194863
254	55.0131	239359	1.05164e+06	189995
255	55.0131	242400	1.06165e+06	193476
256	55.0131	240038	1.08484e+06	193067
257	55.0131	240702	1.08484e+06	195103
258	55.0131	237850	1.07441e+06	190333
259	55.0131	240362	1.07781e+06	197056
260	55.0131	240438	1.08306e+06	193613
261	55.0131	241474	1.05949e+06	196762
262	55.0131	235452	1.01844e+06	188919
263	55.0131	234810	1.08069e+06	191251
264	55.0131	233206	1.03295e+06	189310
265	55.0131	233196	1.01188e+06	193190
266	55.0131	229504	1.0444e+06 	186822
267	54.7646	227925	994308     	184574
268	54.7646	226875	1.04755e+06	182264
269	53.4433	227427	1.06654e+06	185471
270	53.4433	224088	1.04755e+06	182376
271	53.4433	227781	1.06608e+06	185658
272	53.4433	229777	1.06153e+06	186570
273	53.4433	227735	898806     	180323
274	53.4433	226976	946458     	178091
275	53.4433	227144	1.06044e+06	181704
276	53.4433	229036	1.00118e+06	181331
277	53.4433	227878	1.02812e+06	183659
278	53.4433	228313	1.02122e+06	184713
279	53.4433	223383	1.01142e+06	179574
280	53.4433	223024	1.01142e+06	176206
281	53.4433	221063	1.01142e+06	172657
282	53.4433	216842	1.02824e+06	171018
283	53.4433	214486	1.00323e+06	166732
284	53.4433	215748	916844     	165068
285	53.4433	215829	849574     	162233
286	53.4433	213937	849574     	161016
287	53.4433	215140	849574     	163559
288	53.4433	214559	922368     	167104
289	53.4433	214619	917713     	169180
290	53.4433	211812	895131     	166249
291	53.4433	214426	1.01583e+06	173508
292	53.4433	214924	950508     	172619
293	53.1036	213759	1.06035e+06	173625
294	53.1036	212790	1.07356e+06	177942
295	53.1036	213973	1.09026e+06	177894
296	53.1036	212258	1.07611e+06	177429
297	53.1036	211142	1.08144e+06	173261
298	53.1036	210833	884947     	169234
299	53.1036	210312	750059     	167226
300	53.1036	210597	792775     	171595
301	53.1036	206894	854105     	170671
302	53.1036	207165	924921     	175258
303	53.1036	205283	1.03449e+06	170903
304	53.1036	204001	1.03449e+06	173234
305	53.1036	204142	1.08173e+06	171971
306	53.1036	206017	1.02651e+06	180256
307	53.1036	207370	1.03412e+06	179562
308	53.1036	207095	1.00323e+06	177406
309	53.1036	206171	997082     	178873
310	53.1036	202597	939655     	170525
311	53.1036	202633	904052     	167640
312	53.1036	201263	849085     	164778
313	53.1036	198625	835015     	166470
314	53.1036	200364	1.07504e+06	169472
315	53.1036	200240	1.00388e+06	169969
316	53.1036	199537	980256     	167816
317	53.1036	200348	980256     	172740
318	53.1036	201506	1.11287e+06	176816
319	53.1036	201513	1.04384e+06	172477
320	53.1036	202204	1.04384e+06	169514
321	53.1036	203313	1.04384e+06	174279
322	53.1036	201273	923968     	167723
323	53.1036	201858	991341     	166548
324	53.1036	200440	991341     	162937
325	53.1036	198524	887763     	163253
326	53.1036	198697	797778     	160770
327	53.1036	198251	919947     	158672
328	53.1036	196975	825040     	158333
329	52.6388	197705	1.05848e+06	165472
330	52.6388	196138	1.01203e+06	160989
331	52.6388	196193	972076     	161357
332	52.6388	197623	885554     	162312
333	52.6388	194095	811958     	162279
334	52.6388	194597	811958     	161568
335	52.6388	195007	929220     	165426
336	52.6388	191512	1.03169e+06	158434
337	52.6388	189458	1.01658e+06	158729
338	52.6388	192233	1.07476e+06	162223
339	52.6388	190871	1.01654e+06	162485
340	52.6388	189347	938638     	160999
341	52.6388	186480	938638     	156174
342	52.5678	186914	821725     	158190
343	52.5678	184909	821725     	155574
344	52.5678	182739	749835     	150764
345	52.5678	183919	705841     	153495
346	52.5678	185353	792750     	155190
347	51.3272	181951	1.01238e+06	156381
348	51.3272	178108	960280     	152743
349	51.3272	180301	900231     	155247
350	51.3272	184231	900231     	159456
351	51.3272	183351	978120     	158991
352	51.3272	180294	962328     	155999
353	51.3272	180896	900231     	153249
354	51.3272	184040	900231     	154006
355	51.3272	179680	871722     	149205
356	51.3272	180330	776128     	150542
357	51.3272	179815	813827     	153106
358	51.3272	178183	876393     	149812
359	51.3272	179282	1.07305e+06	153966
360	51.3272	179407	938652     	153373
361	51.3272	179247	966320     	155488
362	51.3272	178656	988318     	159465
363	51.3272	177352	967853     	154617
364	51.3272	175930	866699     	147822
365	51.3272	174952	851314     	148484
366	51.3272	174563	892035     	142781
367	51.3272	173717	1.00918e+06	147445
368	51.3272	175128	1.03889e+06	151131
369	51.3272	173830	873839     	152336
370	51.3272	171619	885438     	149631
371	51.3272	170998	881952     	150019
372	51.3272	173487	826695     	150861
373	51.3272	172613	801253     	150201
374	51.3272	171141	755951     	151629
375	50.957 	169893	893735     	151729
376	50.957 	170298	842979     	151238
377	50.957 	171027	842979     	150700
378	50.957 	168940	941587     	145107
379	50.957 	171166	807308     	144884
380	50.957 	171538	701530     	147030
381	50.957 	171532	678023     	144376
382	50.957 	171009	696419     	146053
383	50.957 	169740	696419     	146765
384	50.957 	168067	714764     	144068
385	50.957 	166458	714764     	143554
386	50.957 	165399	1.06675e+06	150569
387	50.957 	163759	1.00834e+06	149245
388	50.957 	163806	857729     	148950
389	50.957 	162248	947541     	142797
390	50.957 	162058	873356     	140784
391	50.957 	162366	900525     	142120
392	50.957 	163036	694236     	142166
393	50.957 	161284	915021     	141570
394	50.957 	162081	823460     	139407
395	50.957 	161463	739484     	140652
396	50.957 	161589	654163     	139995
397	50.957 	160426	829285     	142327
398	50.957 	158699	626628     	135310
399	50.957 	157581	668477     	138205
400	50.957 	158107	619115     	138725
401	50.957 	161817	683088     	142604
402	50.957 	161923	745424     	145607
403	50.957 	162272	763633     	147332
404	50.957 	163786	759007     	149350
405	50.957 	158773	713989     	144650
406	50.957 	160595	716855     	142667
407	50.957 	158790	746277     	143071
408	50.957 	159992	861834     	147837
409	50.957 	159080	948552     	147261
410	50.957 	161963	751574     	150048
411	50.957 	162493	871440     	151434
412	50.957 	162474	732663     	149717
413	50.957 	159654	713518     	145039
414	50.957 	160497	879111     	148481
415	50.957 	160765	613839     	145170
416	50.957 	162014	738409     	147966
417	50.3589	160951	769121     	146256
418	50.3589	159475	748104     	147564
419	50.3589	158652	794108     	146804
420	50.3589	157633	794108     	142689
421	50.3589	157081	849348     	144123
422	50.3589	157163	794737     	141240
423	50.3589	156500	766384     	143776
424	50.3589	158361	932701     	147272
425	50.3589	158004	990562     	149965
426	50.3589	157175	922508     	146927
427	50.3589	160201	1.04196e+06	152481
428	50.3589	157190	747682     	146462
429	50.3589	155566	676867     	142050
430	50.3589	155761	609287     	140853
431	50.3589	155003	613185     	136686
432	50.3589	152296	653359     	136503
433	50.3589	152073	626913     	133405
434	50.3589	153641	654281     	134165
435	50.3589	151532	597929     	134986
436	49.6695	150536	597929     	129960
437	49.6695	152777	620511     	127601
438	49.6695	151941	610853     	129276
439	49.6695	148546	780206     	130298
440	49.6695	149879	780206     	133784
441	49.6695	148934	674990     	131340
442	49.6695	147801	674990     	132797
443	49.6695	146652	676271     	131410
444	49.5121	145304	612343     	130368
445	49.5121	144959	714174     	128898
446	49.5121	144596	714174     	124219
447	49.5121	143475	641898     	124158
448	49.5121	144432	780264     	126713
449	49.5121	146217	676379     	131085
450	49.5121	144838	978630     	130690
451	49.5121	144254	830271     	130455
452	49.5121	144712	749800     	127854
453	49.5121	146155	695387     	130507
454	49.5121	145835	687910     	131419
455	48.5733	145225	623666     	130712
456	48.5733	145034	762704     	131081
457	48.5733	144379	617840     	129052
458	48.5424	145415	664537     	129248
459	48.5424	146310	600218     	128516
460	48.5424	144687	592891     	127784
461	48.5424	141544	797824     	124009
462	48.5424	142392	654462     	125935
463	48.5424	146399	734331     	133724
464	48.5366	145726	691407     	132592
465	48.5366	145428	723456     	129192
466	48.5366	145138	663040     	130088
467	48.5366	146122	663040     	132102
468	48.5366	144987	643855     	130595
469	48.5366	145650	622236     	127402
470	48.5366	145270	624387     	127286
471	48.5366	146176	594524     	125768
472	48.5366	143832	588185     	124505
473	48.5366	144087	584216     	125470
474	48.5366	146788	578850     	126252
475	48.5366	143096	637542     	122804
476	48.5366	142880	586196     	120118
477	48.5366	141086	623952     	119384
478	48.5366	141788	591386     	119523
479	48.5366	143234	591386     	122953
480	48.5366	142215	591386     	121655
481	48.5366	141144	594325     	120278
482	48.5366	139684	750513     	120290
483	48.5366	140500	602951     	122512
484	48.5366	140028	602548     	125849
485	48.5366	138964	645497     	123840
486	48.5366	140275	616206     	124228
487	48.5366	139846	915183     	123539
488	48.5366	140005	593443     	122631
489	48.5366	141731	726918     	124760
490	48.5366	140128	677472     	124785
491	48.5366	139273	646456     	123919
492	48.5366	139803	687212     	125661
493	48.5366	140326	609864     	129246
494	48.5366	140141	603773     	128653
495	48.5366	142049	721073     	131249
496	48.5366	138566	597047     	127821
497	48.5366	138475	587542     	125091
498	48.5366	139128	598789     	126933
499	48.5366	135052	625136     	122724
35.90000001
