gen	min    	avg   	max        	std   
0  	658.648	529053	1.58682e+06	298886
1  	658.648	526790	1.53706e+06	295667
2  	658.648	525282	1.4573e+06 	294057
3  	658.648	521199	1.54671e+06	287459
4  	658.648	517229	1.56642e+06	281049
5  	658.648	520604	1.56133e+06	286519
6  	658.648	518390	1.46294e+06	282765
7  	658.648	516874	1.49657e+06	287782
8  	658.648	516468	1.49657e+06	290532
9  	658.648	513166	1.5213e+06 	293024
10 	658.648	514101	1.49657e+06	292212
11 	658.648	514260	1.60906e+06	293282
12 	444.609	511661	1.54402e+06	291560
13 	444.609	508965	1.54402e+06	287504
14 	444.609	505688	1.59896e+06	290490
15 	155.227	502800	1.59896e+06	291319
16 	155.227	501980	1.59896e+06	289670
17 	155.227	504073	1.70089e+06	293418
18 	155.227	500108	1.79284e+06	296459
19 	154.718	499846	1.55989e+06	290751
20 	154.718	494492	1.51077e+06	288284
21 	154.718	494534	1.52578e+06	287956
22 	154.718	495329	1.40076e+06	289753
23 	154.718	494811	1.47984e+06	292502
24 	154.718	494105	1.59014e+06	294597
25 	93.1835	497125	1.52789e+06	299415
26 	93.1835	493274	1.40729e+06	292314
27 	93.1835	492446	1.42352e+06	291225
28 	93.1835	488326	1.42352e+06	287387
29 	93.1835	486502	1.42352e+06	286393
30 	93.1835	484827	1.37807e+06	277423
31 	93.1835	481746	1.81417e+06	283241
32 	93.1835	484712	1.56292e+06	288232
33 	93.1835	480569	1.5393e+06 	281711
34 	82.5164	475759	1.49518e+06	279896
35 	82.5164	471908	1.45279e+06	282477
36 	82.5164	473094	1.42203e+06	282612
37 	82.5164	477438	1.41946e+06	281657
38 	82.5164	474800	1.4167e+06 	277712
39 	82.5164	473223	1.50042e+06	281409
40 	82.5164	472713	1.50042e+06	284535
41 	82.5164	466690	1.4532e+06 	283819
42 	74.2337	462790	1.4532e+06 	279053
43 	74.2337	461192	1.46133e+06	283638
44 	74.2337	459597	1.44643e+06	283932
45 	74.2337	458431	1.56901e+06	288334
46 	73.7339	458129	1.4167e+06 	280584
47 	73.7339	454830	1.4167e+06 	279093
48 	73.7339	454188	1.32787e+06	280230
49 	73.7339	451336	1.42567e+06	279523
50 	73.7339	450699	1.3353e+06 	277621
51 	73.7339	448147	1.25318e+06	281074
52 	73.7339	446018	1.33248e+06	282152
53 	73.7339	446944	1.33248e+06	276599
54 	73.7339	445352	1.24208e+06	275408
55 	73.7339	446474	1.44045e+06	281384
56 	73.7339	443397	1.30421e+06	273654
57 	73.7339	439682	1.22192e+06	264361
58 	73.7339	438533	1.22192e+06	266228
59 	73.7339	439866	1.22192e+06	263589
60 	73.7339	438917	1.22844e+06	267965
61 	73.5773	430382	1.27189e+06	260255
62 	73.5773	430579	1.30629e+06	264681
63 	73.5773	428347	1.40041e+06	271586
64 	73.5773	431554	1.42983e+06	271795
65 	73.5773	430031	1.69908e+06	275473
66 	73.5773	430799	1.36386e+06	271776
67 	73.5773	429231	1.21486e+06	268439
68 	73.5773	428791	1.51826e+06	267859
69 	73.5773	425261	1.39585e+06	261695
70 	73.5773	422363	1.39585e+06	256252
71 	73.5773	422136	1.39585e+06	256946
72 	73.5773	421794	1.39585e+06	261662
73 	73.5773	424237	1.33879e+06	264269
74 	73.5773	425104	1.3041e+06 	260395
75 	73.5773	421392	1.21648e+06	257304
76 	73.5773	421449	1.22219e+06	260106
77 	73.5773	419637	1.35257e+06	259704
78 	67.9308	417861	1.22219e+06	258586
79 	67.9308	418108	1.44128e+06	264255
80 	67.9308	418204	1.22104e+06	262890
81 	67.9308	416732	1.15419e+06	258072
82 	67.9308	416072	1.21041e+06	261087
83 	67.9308	415221	1.31493e+06	263365
84 	67.9308	411842	1.54088e+06	261701
85 	67.9308	410379	1.21369e+06	252231
86 	67.9308	410028	1.2952e+06 	253746
87 	67.9308	406931	1.24337e+06	253578
88 	67.9308	406624	1.23549e+06	253255
89 	67.9308	407117	1.3588e+06 	255802
90 	67.9308	407306	1.22994e+06	259690
91 	67.9308	407697	1.15264e+06	258682
92 	67.9308	406732	1.15676e+06	257180
93 	67.9308	405174	1.23221e+06	262524
94 	67.9308	404094	1.13715e+06	258281
95 	67.9308	405680	1.14831e+06	258562
96 	67.9308	405940	1.10573e+06	256630
97 	67.9308	399639	1.1027e+06 	247970
98 	67.9308	395458	1.14882e+06	252509
99 	67.9308	393420	1.16064e+06	251511
100	67.9308	392567	1.21687e+06	251633
101	67.9308	390678	1.15154e+06	251420
102	67.9308	390105	1.15833e+06	253250
103	67.9308	383836	1.13869e+06	239474
104	67.9308	385403	1.09586e+06	238658
105	67.9308	386837	1.13724e+06	242945
106	67.9308	386966	1.12831e+06	242946
107	67.9308	386799	1.15501e+06	244077
108	67.9308	385076	1.17624e+06	245525
109	67.9308	380916	1.19939e+06	242120
110	67.9308	381534	1.12358e+06	242682
111	67.9308	381350	1.13572e+06	244080
112	67.9308	380078	1.13572e+06	245902
113	67.9308	379411	1.31396e+06	248156
114	67.9308	376861	1.21618e+06	252770
115	66.343 	376811	1.16715e+06	256169
116	66.343 	376668	1.26899e+06	259425
117	66.343 	373439	1.16379e+06	256999
118	66.343 	372892	1.15052e+06	255615
119	66.343 	368271	1.14532e+06	257535
120	66.343 	369636	1.14532e+06	253760
121	66.343 	366917	1.17797e+06	247608
122	66.343 	366211	1.14532e+06	239026
123	66.343 	365821	1.14207e+06	242919
124	66.343 	364873	1.23765e+06	240922
125	66.343 	366795	1.31861e+06	241206
126	66.343 	363119	1.21592e+06	239431
127	66.343 	361795	1.19469e+06	237946
128	66.343 	362691	1.19469e+06	242798
129	65.2096	361047	1.16974e+06	244675
130	65.2096	358559	1.1299e+06 	241084
131	65.2096	360225	1.13748e+06	244765
132	65.2096	358759	1.1299e+06 	240852
133	65.2096	354553	1.1299e+06 	234108
134	65.2096	353525	1.08892e+06	231410
135	65.2096	350870	1.10159e+06	231041
136	65.2096	350631	1.10159e+06	234355
137	65.2096	349801	1.1258e+06 	237144
138	65.2096	347775	1.1258e+06 	235442
139	65.2096	349331	1.1366e+06 	233322
140	65.2096	346467	1.1366e+06 	231189
141	65.2096	345778	1.22872e+06	240161
142	65.2096	348933	1.1366e+06 	245648
143	65.2096	347901	1.1146e+06 	246713
144	64.9279	346385	1.17765e+06	244642
145	64.9279	347292	1.15413e+06	240159
146	64.9279	343237	1.11103e+06	236573
147	64.7693	343467	1.12015e+06	238955
148	64.7693	340004	1.12015e+06	234437
149	64.7693	339526	1.10297e+06	233185
150	64.7693	342240	1.23009e+06	239584
151	64.7693	343016	1.17114e+06	240782
152	64.7693	344130	1.14278e+06	245939
153	64.7693	339640	1.25137e+06	243435
154	64.7693	334934	1.17924e+06	232183
155	64.7693	335434	1.11965e+06	230288
156	64.7693	333314	1.12005e+06	224656
157	64.7693	333589	1.12005e+06	223143
158	64.7693	333990	1.09605e+06	228909
159	64.7693	333627	1.16098e+06	231866
160	64.7693	332741	1.1263e+06 	233978
161	64.7693	330769	1.13445e+06	232755
162	64.7693	329799	1.1292e+06 	231140
163	64.7693	330177	1.10496e+06	227122
164	64.7693	326776	1.07267e+06	219797
165	64.7693	325903	1.18383e+06	225104
166	64.7693	321661	1.11609e+06	217542
167	64.7693	322098	1.10077e+06	221703
168	64.7693	321856	1.0835e+06 	221451
169	64.7693	323531	1.11319e+06	226535
170	64.7693	327199	1.09828e+06	238066
171	64.7693	326343	1.10631e+06	236246
172	64.7693	324333	1.09507e+06	238456
173	64.7693	320297	1.10209e+06	236178
174	64.7693	321535	1.1005e+06 	234867
175	64.7693	323682	1.15281e+06	242013
176	64.7693	325548	1.15905e+06	239632
177	64.7693	323526	1.14281e+06	240094
178	64.7693	322016	1.13482e+06	236255
179	64.7693	320406	1.11168e+06	233976
180	64.5444	318355	1.20825e+06	233694
181	64.5444	317096	1.25587e+06	232415
182	64.5444	317351	1.09744e+06	226310
183	64.5444	311781	1.09011e+06	218262
184	64.5444	312740	1.14313e+06	223389
185	64.5444	309510	1.16711e+06	222691
186	64.5444	306313	1.08519e+06	221068
187	64.5444	306188	1.08188e+06	219658
188	64.5444	309853	1.07285e+06	226552
189	64.5444	305667	1.14664e+06	220290
190	64.5444	300421	1.10799e+06	217607
191	64.5444	298933	1.13832e+06	220466
192	64.5444	298366	1.10791e+06	224076
193	64.5444	300686	1.09171e+06	223774
194	64.5444	299723	1.10561e+06	226455
195	64.5444	302198	1.09739e+06	225607
196	64.5444	302370	1.10943e+06	229189
197	64.5444	298864	1.09134e+06	225011
198	64.5444	298611	1.12844e+06	226400
199	64.5444	300995	1.07874e+06	224272
200	64.5444	300808	1.09589e+06	221133
201	64.5444	299131	1.08301e+06	223462
202	64.5444	297165	1.08642e+06	228859
203	64.5444	299543	1.1356e+06 	230727
204	64.5444	299360	1.0936e+06 	231040
205	64.5444	298967	1.10236e+06	230854
206	63.1213	297090	1.22269e+06	231867
207	63.1213	297903	1.09137e+06	235505
208	63.1213	295918	1.09137e+06	232322
209	63.1213	294889	1.11166e+06	229186
210	63.1213	291264	1.08615e+06	221280
211	63.1213	288082	1.07023e+06	216271
212	62.8619	284422	1.10042e+06	210644
213	62.8619	286592	1.08696e+06	215457
214	62.8619	285596	1.1126e+06 	214872
215	62.8619	284689	1.35716e+06	214808
216	62.8619	283943	1.11385e+06	211109
217	62.8619	280853	1.11385e+06	206606
218	62.8619	277770	1.11385e+06	199461
219	62.8619	277652	1.08835e+06	204322
220	62.8619	279366	1.0983e+06 	205593
221	62.8619	280215	1.26129e+06	211373
222	62.8619	280701	1.23879e+06	213041
223	62.8619	280461	1.15747e+06	211870
224	62.8619	278344	1.06369e+06	210281
225	62.8619	275170	1.0788e+06 	204575
226	62.8619	271450	1.09288e+06	201077
227	62.8619	271972	1.06945e+06	207013
228	62.8619	273663	1.08675e+06	214692
229	62.8619	272463	1.07966e+06	218163
230	62.8619	271062	1.13246e+06	216474
231	62.8619	272314	1.12317e+06	215335
232	62.8619	270862	1.12317e+06	213367
233	62.8619	271333	1.12317e+06	214605
234	62.8619	266820	1.09515e+06	208488
235	62.8619	265692	1.18179e+06	210680
236	62.8619	262023	1.06101e+06	202824
237	62.8619	262085	1.06101e+06	202481
238	62.8619	261094	1.09511e+06	201258
239	62.8619	260131	1.06101e+06	200978
240	62.8619	261606	1.07629e+06	202323
241	62.8619	262710	1.03362e+06	203523
242	62.8619	265262	1.06702e+06	208524
243	59.4473	262074	1.06702e+06	206428
244	59.4473	259401	1.04278e+06	200993
245	59.4473	260097	1.09958e+06	207604
246	59.4473	259673	1.09958e+06	208937
247	59.4473	260157	1.06116e+06	207266
248	59.4473	258433	1.07448e+06	206592
249	59.4473	258446	1.07448e+06	203403
250	59.4473	256468	1.09585e+06	206767
251	59.4473	254201	1.05713e+06	200931
252	59.4473	254773	1.06837e+06	197912
253	59.4473	254858	1.06837e+06	202582
254	59.4473	254419	1.06444e+06	199202
255	59.4473	253177	1.06243e+06	199358
256	59.4473	252461	1.07902e+06	200406
257	59.4473	250235	1.07902e+06	199109
258	59.4473	250408	1.07902e+06	198170
259	59.4473	250344	1.08846e+06	196949
260	59.4473	250316	1.08099e+06	195470
261	59.4473	249724	1.02336e+06	191310
262	59.4473	248667	1.04842e+06	195248
263	59.4473	249331	1.0618e+06 	192493
264	59.4473	247434	1.07088e+06	194455
265	59.4473	251791	1.0714e+06 	202124
266	59.4473	246485	1.04192e+06	194864
267	59.4473	245850	1.03185e+06	189811
268	59.4473	244104	924124     	184943
269	59.4473	245636	1.07797e+06	190992
270	59.4473	245499	1.07797e+06	188077
271	59.4473	241650	976312     	181506
272	59.4473	242095	1.01592e+06	181917
273	59.4473	242556	1.01994e+06	189292
274	59.4473	241466	1.01792e+06	184218
275	59.4473	240475	1.01592e+06	178806
276	59.4473	237551	934544     	183183
277	59.4443	238176	911466     	180724
278	59.4443	240052	942132     	185712
279	59.4443	239306	1.05518e+06	191326
280	59.4443	238611	1.05638e+06	190324
281	59.4443	238730	1.03701e+06	187876
282	59.4443	239495	1.06671e+06	189630
283	59.4443	234899	1.06186e+06	182672
284	59.4443	232534	908544     	179529
285	59.4443	229502	926273     	178566
286	59.4443	230091	1.01477e+06	177822
287	59.4443	230741	1.08519e+06	183336
288	59.4443	226501	1.02121e+06	179042
289	59.4443	228184	1.02121e+06	179326
290	59.4443	225298	1.009e+06  	176937
291	59.4443	223910	978285     	173024
292	59.4443	223105	961733     	175492
293	59.4443	219324	955527     	170734
294	59.4443	217975	786496     	170651
295	59.4443	217774	731706     	167581
296	59.4443	215558	1.06881e+06	169769
297	59.4443	215938	1.06881e+06	170028
298	59.4443	216564	1.06149e+06	171399
299	59.4443	217625	1.06149e+06	177009
300	59.4443	218756	1.07536e+06	183545
301	59.4443	219622	1.07536e+06	179627
302	59.4443	220173	1.06114e+06	183904
303	59.4443	221775	1.05855e+06	187079
304	59.4443	218689	1.02549e+06	185868
305	59.4443	217165	1.00466e+06	182086
306	59.4443	213731	939211     	180851
307	59.4443	215820	1.04469e+06	180283
308	59.4443	216475	1.06383e+06	177859
309	59.4443	215055	1.06383e+06	174389
310	59.4443	218721	1.16609e+06	175341
311	59.4443	216903	999278     	170272
312	59.2623	213939	918543     	169848
313	59.2623	213525	1.03284e+06	176122
314	59.2623	210048	808179     	169266
315	59.2623	210302	786089     	167300
316	59.2623	210033	813919     	166405
317	59.2623	209635	896496     	168220
318	59.2623	213467	869981     	173912
319	59.2623	215392	869981     	173495
320	59.2623	214986	856240     	172170
321	59.2623	218093	1.03205e+06	179818
322	59.2623	217511	1.00963e+06	179067
323	59.2623	217794	938425     	181251
324	59.2623	218156	1.03741e+06	183830
325	59.2623	218665	1.06817e+06	188862
326	59.2623	218858	1.01749e+06	186148
327	59.2623	217844	1.01749e+06	181034
328	59.2623	217327	981958     	176459
329	59.1788	216799	988020     	183904
330	59.1788	219160	1.03681e+06	186489
331	59.1788	218988	1.02618e+06	185432
332	59.1788	216150	976749     	175767
333	59.1788	212640	1.00405e+06	176659
334	59.1788	211917	986276     	176561
335	59.1788	208853	1.08342e+06	170753
336	59.1788	209772	1.04302e+06	171117
337	59.1788	209280	1.04302e+06	172190
338	59.1788	210066	968108     	174968
339	59.1788	208577	1.08451e+06	175519
340	59.1788	209406	992681     	175044
341	59.1788	207469	936791     	174221
342	59.1788	207779	960490     	174936
343	59.1788	206090	982819     	173268
344	59.1788	203066	928598     	170853
345	59.1225	205151	898292     	174385
346	59.1225	204394	1.09486e+06	181040
347	59.1225	200871	1.09459e+06	176627
348	56.8734	199444	1.05112e+06	174692
349	56.8734	197774	1.04845e+06	172055
350	56.8734	197077	955067     	167511
351	56.8734	197814	955067     	170680
352	56.8734	195315	955067     	168243
353	56.8734	194210	981618     	170756
354	56.8734	196212	918029     	169749
355	56.8734	197336	857641     	166604
356	56.8734	197887	875510     	167442
357	56.8734	198785	876592     	166876
358	56.8734	197826	862647     	168726
359	56.8734	195480	1.07047e+06	171681
360	56.8734	195329	1.0473e+06 	165304
361	56.8734	190331	817379     	159401
362	56.8734	189108	868137     	160413
363	56.8734	192905	825889     	162337
364	56.8734	193678	1.08007e+06	164974
365	56.8734	191629	858930     	161822
366	56.5631	190710	858930     	161335
367	56.5631	188904	847052     	161661
368	56.5631	189474	833598     	159645
369	56.5631	187144	833598     	157534
370	56.5631	187624	896578     	161086
371	56.5631	186580	881950     	158662
372	56.5631	188930	856879     	160459
373	56.5631	187795	825261     	157704
374	56.5631	186564	825261     	156383
375	56.5631	188409	807631     	159823
376	56.5631	187507	768156     	157164
377	56.5631	186675	754616     	157722
378	56.5631	185115	854460     	157965
379	56.5631	184555	854460     	153637
380	56.5631	180799	880652     	153272
381	56.5631	181733	909602     	157032
382	56.5631	184664	1.05396e+06	166053
383	56.5631	182443	1.05396e+06	163945
384	56.5631	181422	1.01888e+06	157712
385	56.5631	180393	992381     	155230
386	56.5631	180166	975289     	156063
387	56.5631	178615	863856     	153506
388	56.5631	176175	857560     	151616
389	56.5631	180258	1.03296e+06	159302
390	56.5631	178036	897183     	149729
391	56.5631	180118	728249     	152408
392	56.5631	181243	863532     	156846
393	56.5631	181015	684452     	153870
394	56.5631	183163	676593     	156163
395	56.5631	178536	794135     	151091
396	56.5631	176136	761111     	146813
397	56.5631	174114	730202     	145456
398	56.5631	173371	719542     	145311
399	56.5631	172600	720329     	145599
400	56.5631	172186	878684     	144536
401	56.5631	171278	838590     	145398
402	56.5631	170449	758922     	143539
403	56.5631	168138	758922     	145063
404	56.5631	168102	844140     	148480
405	56.5631	168339	1.00303e+06	148201
406	56.5631	165074	812019     	137941
407	56.5631	164255	769224     	139333
408	56.5631	164335	840332     	143504
409	56.5631	164620	840332     	142837
410	56.5631	161752	713816     	139828
411	56.5631	164192	713816     	141265
412	56.5631	166240	759469     	142024
413	56.5631	164440	783251     	141066
414	56.5631	164411	775346     	139566
415	56.5631	164386	909545     	139381
416	56.5631	163659	772189     	141140
417	56.5631	162935	772189     	141216
418	56.5631	162537	729552     	136520
419	56.5631	161971	729552     	140032
420	56.5631	161453	680265     	136002
421	56.5631	161937	667391     	134691
422	56.5631	163122	696095     	136837
423	56.5631	164199	816191     	138982
424	56.5631	164027	792005     	138680
425	56.5631	164619	869411     	142294
426	56.5631	164325	659937     	137747
427	56.5631	163453	648636     	138122
428	56.5631	162527	626947     	140943
429	56.5631	160192	668631     	142432
430	56.5631	158459	702371     	139557
431	56.5631	159555	668631     	138561
432	56.4998	159298	730702     	137446
433	56.4998	157466	720567     	133176
434	56.4998	158659	679713     	137608
435	56.4998	158329	777208     	137931
436	56.4998	159016	799512     	141635
437	56.4998	159455	906879     	143920
438	56.4998	157826	778640     	143787
439	56.4998	156829	759394     	140692
440	56.4998	154872	759394     	140227
441	56.4998	155966	759394     	140587
442	56.4998	153345	758003     	135512
443	56.4998	156286	704402     	135477
444	56.4998	154551	695744     	132788
445	56.4998	153799	695744     	134513
446	50.2358	156085	669122     	137145
447	50.2358	155068	708905     	137740
448	50.2358	155627	708905     	139188
449	50.2358	155183	636968     	140199
450	50.2358	154365	604736     	136773
451	50.2358	151903	624128     	135078
452	50.2358	153830	757495     	137458
453	50.2358	153313	689477     	135462
454	50.2358	154492	678451     	137535
455	50.2358	153326	646857     	135166
456	50.2015	154058	657791     	134889
457	50.2015	153203	759082     	133656
458	48.7458	150711	696432     	128733
459	48.7458	151002	756483     	131227
460	48.7458	150711	750322     	132990
461	48.7458	150901	619299     	135788
462	48.7458	150860	611003     	133350
463	48.7458	148348	617556     	133687
464	48.7458	147504	601022     	129044
465	48.7458	148848	898908     	135655
466	48.7458	149352	898908     	135251
467	48.7458	148412	662416     	132429
468	48.7458	150162	610988     	133281
469	48.7458	149130	700608     	130885
470	48.7458	149660	693620     	131690
471	48.7458	150106	823473     	135269
472	48.7458	148052	708094     	134485
473	48.7458	149059	708094     	134579
474	48.7458	147805	720730     	133897
475	48.7458	149448	713226     	136676
476	48.7458	148642	713226     	135090
477	48.7458	147743	640603     	133974
478	48.7458	145482	623385     	129012
479	48.7458	144810	978919     	129759
480	48.7458	145530	754533     	129478
481	48.7458	142408	627672     	128583
482	48.7458	140530	632857     	125778
483	48.7458	140499	594625     	127022
484	48.7458	141509	608786     	126946
485	48.7458	142948	594625     	127976
486	48.7458	144001	590074     	127891
487	48.7408	141241	624364     	127035
488	48.7408	142041	581122     	124339
489	48.7408	143064	594165     	126606
490	48.7408	144412	722505     	129123
491	48.7408	143527	592383     	129822
492	48.7408	144488	605221     	129958
493	48.7408	143080	587190     	124873
494	48.7408	141872	691599     	127423
495	48.5845	140804	595853     	124810
496	48.5845	142396	730976     	129208
497	48.5845	137607	632834     	125520
498	48.5845	134396	596997     	122515
499	48.5845	135122	610785     	122617
35.90000001
