gen	min    	avg   	max        	std   
0  	175.227	525586	1.38843e+06	281265
1  	175.227	526765	1.42057e+06	283553
2  	175.227	526871	1.40393e+06	287851
3  	175.227	521329	1.46729e+06	282383
4  	165.139	525095	1.59881e+06	297992
5  	165.139	522673	1.59881e+06	300438
6  	165.139	525177	1.55455e+06	306937
7  	165.139	523104	1.71225e+06	313826
8  	165.139	520853	1.67091e+06	313326
9  	165.139	518497	1.63474e+06	309925
10 	165.139	515873	1.63474e+06	301762
11 	165.139	512594	1.40797e+06	291385
12 	165.139	509134	1.51863e+06	284479
13 	155.743	504238	1.36132e+06	284080
14 	152.783	500548	1.33315e+06	282931
15 	152.783	499318	1.50854e+06	281402
16 	152.783	497735	1.32116e+06	286604
17 	152.783	495796	1.39399e+06	281413
18 	150.071	494634	1.39471e+06	282057
19 	150.071	494680	1.41266e+06	283454
20 	150.071	495265	1.39471e+06	285627
21 	150.071	495043	1.39471e+06	294589
22 	150.071	490700	1.3631e+06 	289874
23 	150.071	489188	1.35832e+06	287734
24 	149.822	486106	1.62393e+06	289722
25 	135.501	487223	1.30751e+06	289988
26 	135.501	483116	1.69594e+06	287006
27 	135.501	481189	1.49815e+06	284766
28 	135.501	482074	1.45116e+06	288480
29 	135.501	480046	1.30202e+06	285564
30 	135.501	482194	1.38499e+06	295760
31 	135.501	480754	1.37439e+06	291314
32 	135.501	475138	1.37439e+06	282541
33 	135.501	473546	1.55392e+06	289246
34 	135.501	472778	1.33944e+06	286101
35 	135.501	469307	1.72943e+06	283065
36 	135.501	467059	1.54059e+06	274368
37 	135.501	469840	1.65969e+06	283129
38 	135.501	465665	1.54059e+06	276129
39 	135.501	466878	1.60482e+06	281912
40 	135.501	464245	1.51512e+06	279988
41 	135.501	465021	1.51901e+06	284415
42 	135.501	462980	1.44904e+06	275638
43 	135.501	461821	1.44904e+06	266130
44 	135.501	459369	1.30188e+06	265752
45 	128.32 	458405	1.25047e+06	271789
46 	128.32 	453133	1.25047e+06	272219
47 	128.32 	454121	1.18574e+06	273584
48 	128.32 	451536	1.18334e+06	274583
49 	125.067	451466	1.23282e+06	277260
50 	125.067	449533	1.20697e+06	277562
51 	125.067	449687	1.38038e+06	279400
52 	125.067	447217	1.28495e+06	267294
53 	125.067	449147	1.28495e+06	271566
54 	125.067	450892	1.28495e+06	276070
55 	125.067	447758	1.35416e+06	280630
56 	125.067	446178	1.30854e+06	274248
57 	125.067	442094	1.30854e+06	271832
58 	125.067	440257	1.30854e+06	271548
59 	115.341	433094	1.37303e+06	270287
60 	86.1234	434243	1.55762e+06	270964
61 	86.1234	432050	1.24437e+06	265714
62 	86.1234	430524	1.28682e+06	267554
63 	86.1234	429405	1.22654e+06	267556
64 	86.1234	427882	1.18918e+06	273850
65 	84.0525	428532	1.24032e+06	274766
66 	84.0525	427109	1.29508e+06	277683
67 	84.0525	427959	1.24435e+06	276465
68 	84.0525	426346	1.36626e+06	279577
69 	84.0525	429830	1.2494e+06 	282695
70 	84.0525	428467	1.3087e+06 	277719
71 	84.0525	424669	1.3087e+06 	270091
72 	84.0525	423769	1.28531e+06	266805
73 	84.0525	424617	1.34322e+06	268781
74 	84.0525	422824	1.35964e+06	269334
75 	84.0525	418402	1.29948e+06	264854
76 	84.0525	418833	1.29559e+06	262988
77 	84.0525	420334	1.34133e+06	266483
78 	84.0525	416448	1.34133e+06	266395
79 	84.0525	414178	1.24259e+06	263370
80 	84.0525	412650	1.34958e+06	263085
81 	84.0525	412149	1.22933e+06	269089
82 	84.0525	411146	1.33206e+06	265252
83 	84.0525	409611	1.62006e+06	263888
84 	84.0525	408092	1.25862e+06	259323
85 	84.0525	405756	1.58893e+06	259927
86 	84.0525	404859	1.50136e+06	261552
87 	84.0525	404674	1.25917e+06	257654
88 	84.0525	398790	1.28812e+06	254169
89 	84.0525	398721	1.25917e+06	257312
90 	84.0525	401084	1.22255e+06	265459
91 	84.0525	399748	1.18318e+06	266128
92 	84.0525	399407	1.22977e+06	265177
93 	84.0525	396722	1.35125e+06	264402
94 	84.0525	399702	1.34392e+06	267742
95 	84.0525	394970	1.37877e+06	264604
96 	84.0525	396417	1.31157e+06	265437
97 	84.0525	393705	1.20954e+06	261075
98 	84.0525	393854	1.21878e+06	263161
99 	84.0525	394703	1.20654e+06	259873
100	84.0525	392568	1.16961e+06	256730
101	84.0525	390255	1.71131e+06	262278
102	84.0525	389222	1.18134e+06	255276
103	80.8278	386722	1.14913e+06	250847
104	80.8278	385988	1.17219e+06	248777
105	80.8278	383268	1.18105e+06	251077
106	80.8278	384822	1.19888e+06	257250
107	80.8278	380337	1.18421e+06	252680
108	80.8278	375310	1.12674e+06	243923
109	80.8278	377516	1.13705e+06	249297
110	80.8278	375265	1.11927e+06	245045
111	80.8278	375982	1.17703e+06	246525
112	80.8278	375701	1.17703e+06	256307
113	80.8278	376269	1.33556e+06	261939
114	80.8278	371440	1.1788e+06 	251076
115	80.8278	370862	1.18527e+06	251090
116	80.8278	371338	1.168e+06  	252061
117	80.8278	375055	1.17113e+06	255432
118	80.8278	370513	1.16844e+06	246151
119	80.8278	369243	1.16844e+06	249976
120	80.8278	369834	1.34102e+06	253968
121	80.8278	368366	1.34102e+06	253857
122	80.8278	365520	1.24032e+06	248928
123	80.8278	366351	1.24729e+06	253501
124	80.8278	366198	1.19107e+06	257392
125	80.8278	365375	1.26002e+06	259593
126	80.8278	361854	1.21324e+06	257122
127	80.8278	361471	1.21324e+06	252965
128	80.8278	361662	1.18726e+06	252687
129	80.8278	357053	1.18806e+06	251125
130	80.8278	358224	1.18726e+06	253368
131	80.8278	357487	1.26786e+06	253230
132	80.8278	358336	1.2801e+06 	249378
133	80.8278	358921	1.21799e+06	253689
134	80.8278	357112	1.21195e+06	251899
135	80.8278	359658	1.21195e+06	260326
136	80.8278	353155	1.26378e+06	248569
137	80.8278	350382	1.18528e+06	243560
138	80.8278	350574	1.15794e+06	241644
139	80.8278	350958	1.09816e+06	241632
140	80.2962	346600	1.13175e+06	237625
141	80.2962	346674	1.13142e+06	241828
142	80.2962	343167	1.13142e+06	237267
143	80.2962	340757	1.15184e+06	227821
144	80.2962	340770	1.1795e+06 	234238
145	80.2962	342658	1.17158e+06	233419
146	80.2962	341718	1.15624e+06	235772
147	80.2962	340515	1.14437e+06	236874
148	80.2962	342950	1.12615e+06	243789
149	80.2962	344002	1.10809e+06	242442
150	80.2962	342134	1.11994e+06	241031
151	80.2962	338283	1.10074e+06	233988
152	80.2962	338637	1.0986e+06 	233241
153	80.2962	339014	1.10618e+06	238206
154	80.2962	339619	1.09812e+06	243747
155	80.2962	335887	1.09797e+06	241517
156	80.2962	335372	1.10668e+06	241086
157	80.2962	332684	1.10668e+06	238726
158	80.2962	330604	1.09366e+06	244027
159	80.191 	327550	1.10611e+06	243201
160	80.191 	331008	1.08951e+06	243439
161	80.191 	332595	1.0959e+06 	241684
162	80.191 	332241	1.15463e+06	242873
163	80.191 	327418	1.10623e+06	240370
164	80.191 	326823	1.1524e+06 	241364
165	80.191 	322457	1.12159e+06	236654
166	80.191 	323581	1.10218e+06	237835
167	80.191 	323969	1.22546e+06	238164
168	80.191 	323139	1.27257e+06	240192
169	80.191 	319648	1.18937e+06	228137
170	80.191 	317217	1.17281e+06	221142
171	80.191 	314530	1.09979e+06	220575
172	80.191 	316360	1.08125e+06	222480
173	80.191 	314297	1.05374e+06	220275
174	80.191 	314613	1.09168e+06	220623
175	80.191 	317420	1.08059e+06	229678
176	80.191 	315245	1.11103e+06	228161
177	80.191 	314135	1.13325e+06	224424
178	80.191 	312271	1.09604e+06	225878
179	80.191 	313585	1.10672e+06	227727
180	80.191 	313751	1.09968e+06	226945
181	80.191 	312108	1.08771e+06	224030
182	80.191 	308738	1.07402e+06	218147
183	80.191 	306321	1.0652e+06 	217430
184	80.191 	309120	1.0946e+06 	222358
185	80.191 	304395	1.09877e+06	226123
186	80.191 	303567	1.09877e+06	226672
187	80.191 	303197	1.09877e+06	218501
188	80.191 	302631	1.09877e+06	223803
189	80.191 	300312	1.21749e+06	218329
190	80.191 	299568	1.15661e+06	221215
191	80.191 	299362	1.14592e+06	220395
192	80.191 	296297	1.09858e+06	222185
193	80.191 	294048	1.06721e+06	213762
194	80.191 	295861	1.10246e+06	218903
195	80.191 	294374	1.19613e+06	219984
196	80.191 	297526	1.095e+06  	225659
197	80.191 	296356	1.23819e+06	232619
198	80.191 	294740	1.21075e+06	233201
199	80.191 	293227	1.16257e+06	227603
200	80.191 	295478	1.11963e+06	227636
201	80.191 	290497	1.09268e+06	219784
202	80.191 	290038	1.09966e+06	220514
203	80.191 	289037	1.09966e+06	215399
204	80.191 	289128	1.08893e+06	217699
205	80.191 	285965	1.08893e+06	214130
206	80.191 	283542	1.073e+06  	203449
207	80.191 	281508	1.04766e+06	205381
208	80.191 	278578	1.04023e+06	202659
209	78.3539	278711	1.08181e+06	202629
210	78.3539	278288	1.09485e+06	201394
211	78.3539	279819	1.09485e+06	206886
212	78.3539	277051	1.07077e+06	200232
213	78.3539	276410	1.09557e+06	201136
214	77.5263	273207	1.05134e+06	199436
215	76.9262	271678	1.05464e+06	197950
216	76.9262	273561	1.10697e+06	203131
217	76.9262	272546	1.08817e+06	200509
218	76.9262	274474	1.09935e+06	203999
219	76.9262	272250	1.08557e+06	201951
220	76.9262	274527	1.1104e+06 	209809
221	76.9262	271812	1.08432e+06	207452
222	76.9262	270139	1.12407e+06	208525
223	76.9262	266619	1.10312e+06	207118
224	76.9262	266770	1.10312e+06	206081
225	76.9262	266978	1.09455e+06	208507
226	76.9262	268367	1.20873e+06	204841
227	76.9262	270908	1.15499e+06	202316
228	76.9262	267878	1.09353e+06	202252
229	76.9262	270251	1.06904e+06	203655
230	76.9262	269782	1.07421e+06	204406
231	76.9262	270056	1.08827e+06	207802
232	76.9262	269272	1.16119e+06	216071
233	76.9262	270554	1.09454e+06	217948
234	76.9262	265134	1.19325e+06	211975
235	76.9262	265256	1.08995e+06	209656
236	75.6982	264832	1.07857e+06	212491
237	75.6982	268021	1.08747e+06	218819
238	75.6982	267036	1.08747e+06	218458
239	75.6982	263856	1.09146e+06	213374
240	75.6982	260308	1.08338e+06	207912
241	75.6982	261349	1.09976e+06	210040
242	75.6982	260020	1.08338e+06	209954
243	75.6982	261632	1.08338e+06	211978
244	75.6982	257402	1.08188e+06	201256
245	75.6982	256350	1.04468e+06	200645
246	75.6982	256121	1.09067e+06	207903
247	75.6982	256474	1.08933e+06	207427
248	75.6982	258542	1.11982e+06	209793
249	75.6982	258371	1.12081e+06	210214
250	75.6982	256113	1.11242e+06	210318
251	75.6982	252412	1.11242e+06	205589
252	75.6982	250335	1.07771e+06	200507
253	75.6982	245408	1.03489e+06	189135
254	75.6982	247897	1.02862e+06	191011
255	75.6982	247225	1.02861e+06	189598
256	75.6982	251614	1.06645e+06	196607
257	75.6982	252082	1.09777e+06	203973
258	75.6982	250028	1.07261e+06	200983
259	75.6982	247950	1.07261e+06	199187
260	75.6982	247539	1.08929e+06	196833
261	75.6982	246606	1.06501e+06	201549
262	75.6982	245411	1.06501e+06	200245
263	75.6982	244150	1.03467e+06	197403
264	75.6982	240040	1.00381e+06	194250
265	75.6982	238929	943883     	187832
266	75.6982	235885	1.00568e+06	185535
267	75.6982	239770	1.0205e+06 	192462
268	75.6982	239706	1.06583e+06	194528
269	75.6982	238434	1.06583e+06	194138
270	75.6982	241602	1.08642e+06	198030
271	75.6982	242613	1.08642e+06	196543
272	75.6982	240991	1.09851e+06	190976
273	75.6982	237236	1.07177e+06	185307
274	75.6982	237976	1.02254e+06	186527
275	75.6982	234512	997627     	184950
276	75.6982	234012	997627     	187735
277	75.6982	234873	1.0093e+06 	190192
278	75.6982	231537	1.07697e+06	186852
279	75.6982	232872	995262     	187295
280	75.6982	231040	1.06607e+06	187245
281	75.6982	232077	1.07229e+06	191406
282	75.6982	229087	1.06617e+06	188889
283	75.6982	227344	1.06607e+06	185667
284	75.6982	228198	1.07808e+06	184400
285	75.6982	230709	1.06993e+06	190705
286	75.6982	233303	1.06993e+06	192126
287	75.6982	230729	1.08535e+06	192190
288	75.6982	227785	1.07585e+06	183706
289	75.6982	225872	1.07585e+06	182611
290	75.6982	225273	909823     	178150
291	75.6982	225006	948686     	175763
292	75.6982	229343	1.09982e+06	179711
293	75.6982	224163	1.10646e+06	178648
294	75.6982	224559	1.10646e+06	184176
295	75.6982	223566	1.07389e+06	184020
296	74.1544	226110	1.06317e+06	185208
297	74.1544	225787	1.00854e+06	185376
298	74.1544	227697	1.06127e+06	186714
299	74.1544	225413	1.0667e+06 	193950
300	74.1544	223377	1.09147e+06	190344
301	74.1544	223523	1.01073e+06	189994
302	74.1544	223763	1.02546e+06	191245
303	74.1544	224152	1.07381e+06	192758
304	74.1544	223593	1.09212e+06	192809
305	74.1544	222004	1.06114e+06	186475
306	69.3695	219423	1.07565e+06	190921
307	69.3695	219699	1.05663e+06	190210
308	69.3695	218772	1.04604e+06	186352
309	69.3695	218993	1.01553e+06	190031
310	69.3695	216540	1.01343e+06	184845
311	69.3695	216442	990456     	181384
312	69.3695	216083	1.06652e+06	184392
313	69.3695	215204	1.02548e+06	184044
314	69.3695	210750	1.08028e+06	182561
315	69.3695	210623	1.06847e+06	177449
316	69.3695	213417	988986     	175193
317	69.3695	211439	992980     	172234
318	69.3695	209022	850164     	168260
319	69.3695	214294	887393     	177440
320	69.3695	215312	1.09685e+06	181074
321	69.3695	213873	906280     	171839
322	69.3695	212087	911839     	170177
323	69.3695	210019	911839     	169691
324	69.3695	211702	1.06707e+06	173127
325	69.3695	208680	1.01323e+06	169101
326	69.3695	205845	943367     	167377
327	69.3695	205046	969764     	168265
328	68.4242	203240	887039     	165936
329	68.4242	199498	867596     	157368
330	68.4242	202257	848229     	161748
331	68.4242	199701	840593     	159222
332	68.4242	201618	840593     	157831
333	68.4242	203006	1.08675e+06	163591
334	68.4242	201619	1.0637e+06 	164336
335	68.4242	203856	1.06175e+06	166104
336	68.4242	203249	1.06175e+06	169836
337	68.4242	204213	1.06175e+06	171571
338	68.4242	201936	1.04719e+06	175460
339	68.4242	200156	1.04719e+06	169076
340	68.4242	202182	943476     	172539
341	67.6757	202823	967493     	168944
342	65.1121	202769	967493     	172743
343	65.1121	199710	824442     	167195
344	65.1121	198656	824442     	167104
345	65.1121	200092	761238     	168409
346	65.1121	200092	958225     	169138
347	65.1121	199029	853033     	167732
348	65.1121	196420	884221     	167620
349	65.1121	193143	844996     	166251
350	65.1121	197160	820089     	168632
351	65.1121	194768	967034     	165227
352	65.1121	195721	967034     	169507
353	65.1121	196187	1.04466e+06	171734
354	65.1121	193684	816588     	168081
355	65.1121	194181	797688     	168393
356	65.1121	192840	919483     	164451
357	65.1121	190859	919483     	164102
358	65.1121	193234	867756     	167694
359	65.1121	189892	896744     	158296
360	65.1121	189064	772367     	159086
361	65.1121	187798	975572     	155823
362	65.1121	186185	941542     	157913
363	65.1121	186869	941542     	159857
364	65.1121	186644	972851     	161070
365	65.1121	183512	972851     	161728
366	65.1121	182744	929940     	163915
367	65.1121	181161	852939     	159204
368	65.1121	181284	953033     	162691
369	65.1121	181091	953033     	161177
370	65.1121	178630	971898     	157929
371	65.1121	177684	971898     	161176
372	65.1121	175358	898110     	155264
373	65.1121	179517	873822     	164159
374	65.1121	177788	839239     	157643
375	65.1121	177327	890382     	161097
376	65.1121	177042	862893     	158336
377	65.1121	176764	826115     	157755
378	65.1121	174827	789077     	154276
379	65.1121	173047	770055     	154619
380	65.1121	174319	901766     	157647
381	65.1121	173655	892556     	152020
382	65.1121	171235	927048     	155844
383	65.1121	170735	922349     	152495
384	65.1121	174870	887009     	157324
385	65.1121	173947	887009     	155816
386	65.1121	174611	777490     	152736
387	65.1121	171075	680620     	147166
388	62.178 	169678	747161     	145571
389	62.178 	168173	781862     	144168
390	62.178 	168933	775870     	144132
391	62.178 	168524	837313     	146799
392	62.178 	170237	849858     	149238
393	61.1861	171955	789392     	151238
394	61.1861	171147	743081     	151682
395	61.1861	167829	967467     	147073
396	61.1861	168045	912566     	148984
397	61.1861	164444	865390     	143929
398	61.1861	162030	634001     	137183
399	61.1861	163650	898334     	142774
400	61.1861	164788	818660     	146290
401	61.1861	163669	852346     	144803
402	61.1861	161086	691641     	135665
403	61.1861	159414	697456     	137079
404	61.1861	160794	778936     	140562
405	61.1861	163311	1.02357e+06	146150
406	59.4432	161351	621088     	136866
407	59.4432	161044	613588     	137190
408	59.4432	159041	590357     	137747
409	59.4432	160267	727630     	141730
410	59.4432	161025	645376     	144424
411	59.4432	160525	740643     	147458
412	59.4432	161053	740643     	148020
413	59.4432	162168	687598     	145018
414	59.4432	160914	693557     	147405
415	59.4432	159268	741086     	145660
416	59.4432	160528	854261     	148524
417	59.4432	158329	706023     	143674
418	59.4432	158432	1.04287e+06	149615
419	58.8782	160053	776997     	147876
420	58.8782	160459	927463     	147465
421	58.8782	158079	755563     	144011
422	58.8782	156768	1.00759e+06	145832
423	58.8782	157255	933362     	145177
424	58.8782	156902	929632     	146554
425	58.8782	156052	931011     	144279
426	58.8782	155205	922804     	142001
427	58.8782	153973	765032     	141152
428	58.8782	153071	669771     	139898
429	58.8782	152639	677134     	139598
430	58.8782	154639	791121     	144962
431	58.8782	154726	788522     	144970
432	58.7866	154485	659333     	143389
433	58.7866	151968	653538     	139403
434	58.7866	153622	653538     	142160
435	58.2724	151951	736428     	140750
436	58.2724	150997	725793     	138157
437	58.2724	150717	713518     	138420
438	58.2724	149725	992380     	138397
439	58.2724	148987	729069     	136743
440	58.2724	149071	734213     	136086
441	58.2724	148043	680446     	133936
442	58.2724	148862	680446     	135670
443	58.2724	149193	740578     	137663
444	58.2724	149397	740578     	137798
445	58.2724	149383	639764     	136158
446	58.2724	147363	632557     	136662
447	58.2724	147387	616535     	138955
448	58.2344	146624	657736     	141332
449	58.2344	149885	740990     	146261
450	58.2344	149100	706099     	142977
451	58.2344	150474	1.07869e+06	144796
452	58.2344	149329	749850     	139506
453	52.7236	150847	734698     	138841
454	52.7236	147358	866870     	138376
455	52.7236	143967	598530     	134159
456	52.7236	144319	734446     	134051
457	52.7236	146377	667167     	135418
458	52.7236	145343	645927     	133383
459	52.7236	145341	833820     	133086
460	52.7236	145061	711652     	132380
461	52.7236	144939	671446     	132037
462	52.7236	143491	690767     	127764
463	52.7236	143618	629967     	127083
464	52.7236	145028	629967     	128232
465	52.7236	145665	650744     	123693
466	52.7236	144214	650744     	124834
467	52.7236	142973	612407     	124176
468	52.7236	144612	716343     	130363
469	52.7236	143261	669851     	131140
470	52.7236	142707	620107     	131159
471	52.7236	142463	620107     	128341
472	52.7236	141394	592464     	126158
473	52.7236	142385	644156     	130124
474	52.7236	142247	644156     	131074
475	52.7236	141852	644156     	133001
476	52.7236	139869	608760     	127358
477	52.7236	139344	665408     	128184
478	52.7236	138611	584305     	122802
479	50.8897	136829	624334     	122001
480	50.8897	134249	634545     	119779
481	50.8897	134787	634545     	117300
482	50.8897	137131	783904     	126940
483	50.8897	136229	634545     	125049
484	50.8897	133327	588179     	117991
485	50.8897	132638	618941     	121213
486	50.8897	134183	593340     	121527
487	50.8897	131386	626590     	116333
488	50.8897	132784	615946     	116847
489	50.8897	133863	597038     	118773
490	50.8897	132705	602086     	120900
491	50.8897	132720	643886     	122631
492	50.8897	134959	639385     	122742
493	50.8897	135658	618544     	122075
494	50.8897	135821	618544     	122678
495	50.8897	138125	656976     	127732
496	50.8897	136209	656778     	121626
497	50.8897	138633	803623     	124978
498	50.8897	137172	817890     	124740
499	50.8897	138046	639100     	124853
35.90000001
