gen	min    	avg   	max        	std   
0  	185.057	517651	1.78999e+06	301554
1  	185.057	514974	1.77429e+06	304146
2  	185.057	513091	1.41521e+06	295556
3  	155.407	509968	1.49253e+06	293516
4  	155.407	506215	1.4796e+06 	290473
5  	155.407	509187	1.46309e+06	290493
6  	155.407	509282	1.34779e+06	288243
7  	155.407	506697	1.3792e+06 	287609
8  	155.407	507770	1.58957e+06	293889
9  	155.407	501629	1.47075e+06	292086
10 	155.407	496348	1.29459e+06	280683
11 	155.407	494393	1.2727e+06 	280449
12 	155.407	493827	1.42375e+06	281613
13 	155.407	493118	1.27379e+06	279637
14 	155.407	490608	1.17632e+06	271383
15 	155.407	493641	1.2104e+06 	280548
16 	155.407	493174	1.25743e+06	279255
17 	155.03 	488340	1.3074e+06 	275875
18 	155.03 	486758	1.3074e+06 	278616
19 	126.373	486984	1.25789e+06	287279
20 	126.373	483545	1.22629e+06	283451
21 	126.373	480101	1.21986e+06	279064
22 	126.373	477060	1.2465e+06 	273507
23 	126.373	474090	1.2465e+06 	271612
24 	126.373	473500	1.2465e+06 	270340
25 	126.373	472753	1.24794e+06	277733
26 	126.373	473560	1.2465e+06 	280186
27 	126.373	468981	1.3733e+06 	273722
28 	126.373	469809	1.35179e+06	279436
29 	126.373	469433	1.35179e+06	278318
30 	126.373	468956	1.40695e+06	277215
31 	123.388	469816	1.40695e+06	280673
32 	123.388	469506	1.40695e+06	287014
33 	123.388	469665	1.52453e+06	297135
34 	123.388	466997	1.52367e+06	294786
35 	123.388	464422	1.45767e+06	287064
36 	123.388	464564	1.56807e+06	286681
37 	123.388	458808	1.59544e+06	287269
38 	123.388	458145	1.59544e+06	284309
39 	123.388	452693	1.59544e+06	274770
40 	95.8548	452212	1.3332e+06 	271467
41 	95.8548	452376	1.1858e+06 	265448
42 	95.8548	451916	1.22409e+06	268327
43 	95.8548	449977	1.2235e+06 	268741
44 	95.8548	451201	1.21647e+06	269206
45 	95.8548	450672	1.35892e+06	272601
46 	95.8548	448215	1.25159e+06	265935
47 	95.8548	445188	1.50467e+06	265579
48 	95.8548	443629	1.30569e+06	265682
49 	95.8548	444295	1.26533e+06	269682
50 	95.8548	443913	1.26595e+06	270547
51 	95.8548	441840	1.20297e+06	264434
52 	95.8548	440399	1.39051e+06	271463
53 	95.8548	442334	1.38467e+06	273422
54 	95.8548	439894	1.5425e+06 	274413
55 	95.8548	438537	1.35227e+06	275704
56 	95.8548	437860	1.43637e+06	278053
57 	95.8548	438996	1.42373e+06	274150
58 	95.8548	435986	1.54311e+06	269251
59 	95.8548	436839	1.54311e+06	276372
60 	95.8548	432250	1.41407e+06	269210
61 	95.8548	431285	1.49887e+06	272703
62 	95.8548	428305	1.27892e+06	275103
63 	95.8548	428719	1.32693e+06	281521
64 	95.8548	427432	1.55572e+06	278654
65 	95.8548	424552	1.31375e+06	277582
66 	95.8548	425478	1.26835e+06	278555
67 	95.8548	424668	1.19268e+06	278616
68 	95.8548	422773	1.34782e+06	274470
69 	95.8548	421158	1.22674e+06	274314
70 	95.8548	420373	1.27956e+06	273109
71 	93.987 	422935	1.22674e+06	279058
72 	93.987 	419019	1.25121e+06	275261
73 	93.987 	414629	1.25121e+06	268738
74 	93.987 	414405	1.28308e+06	270346
75 	93.987 	411589	1.21838e+06	275223
76 	93.987 	410236	1.22325e+06	271255
77 	90.25  	406007	1.24132e+06	266879
78 	90.25  	407249	1.17244e+06	266817
79 	90.25  	407976	1.16961e+06	267796
80 	90.25  	405113	1.15078e+06	264094
81 	90.25  	404418	1.18026e+06	258613
82 	90.25  	402174	1.16327e+06	260095
83 	90.25  	397972	1.30584e+06	258018
84 	90.25  	396094	1.22021e+06	256834
85 	90.25  	391582	1.15555e+06	251849
86 	90.25  	390563	1.16149e+06	248203
87 	90.25  	386645	1.16431e+06	239043
88 	90.25  	386945	1.17529e+06	245987
89 	90.25  	386625	1.17529e+06	247753
90 	90.25  	384748	1.16149e+06	249490
91 	90.25  	383012	1.16149e+06	244810
92 	90.25  	380587	1.16149e+06	243975
93 	78.3978	382419	1.15474e+06	246739
94 	78.3978	384005	1.15159e+06	249458
95 	78.3978	380360	1.15159e+06	244428
96 	78.3978	380907	1.27002e+06	253020
97 	78.3978	381066	1.27002e+06	252295
98 	76.4443	378662	1.1996e+06 	250941
99 	76.4443	379009	1.24362e+06	253760
100	76.4443	379558	1.16727e+06	256077
101	76.4443	377811	1.35268e+06	256607
102	76.4443	372694	1.25735e+06	253909
103	76.4443	373058	1.17818e+06	254171
104	76.4443	375988	1.1969e+06 	259743
105	76.4443	376251	1.22503e+06	259534
106	76.4443	373197	1.1969e+06 	258786
107	76.4443	370729	1.1826e+06 	259444
108	76.4443	370676	1.22162e+06	262869
109	76.4443	369344	1.46908e+06	260088
110	76.4443	371522	1.32653e+06	262156
111	76.4443	371139	1.28052e+06	257078
112	76.4443	373086	1.19123e+06	255745
113	76.4443	371565	1.47949e+06	264272
114	73.2353	366265	1.15744e+06	252978
115	73.2353	367928	1.20236e+06	250988
116	73.2353	365507	1.19057e+06	253374
117	73.2353	361234	1.25634e+06	249988
118	73.2353	359662	1.22177e+06	248638
119	72.282 	360875	1.33049e+06	249929
120	72.282 	358684	1.19057e+06	245356
121	72.282 	355147	1.19848e+06	241172
122	72.282 	358615	1.10588e+06	249849
123	72.282 	358888	1.11496e+06	249866
124	72.282 	354870	1.11496e+06	243459
125	72.282 	354292	1.13773e+06	245629
126	72.282 	351149	1.11645e+06	247798
127	64.6974	352562	1.1281e+06 	246892
128	64.6974	350739	1.47275e+06	245054
129	64.6974	350023	1.1026e+06 	241979
130	64.6974	350094	1.16707e+06	244350
131	64.6974	347368	1.0899e+06 	237462
132	64.6974	350403	1.11012e+06	237218
133	59.6147	349520	1.11925e+06	241120
134	59.6147	348900	1.27204e+06	248177
135	59.6147	348881	1.27204e+06	245508
136	59.6147	343982	1.27204e+06	239062
137	59.6147	339719	1.27995e+06	236835
138	59.6147	336186	1.29639e+06	231383
139	59.6147	340710	1.27134e+06	240152
140	59.6147	336692	1.09921e+06	231129
141	59.6147	333086	1.08899e+06	228017
142	59.6147	334326	1.08899e+06	225737
143	59.6147	332359	1.08899e+06	227169
144	59.6147	332526	1.11895e+06	226533
145	59.6147	332147	1.11895e+06	232549
146	59.5836	327067	1.11895e+06	230662
147	59.5836	330335	1.27185e+06	238556
148	59.5836	327875	1.13689e+06	234183
149	59.5836	326222	1.28992e+06	233934
150	59.5836	324180	1.146e+06  	227921
151	59.5836	327075	1.37569e+06	238160
152	59.2893	324447	1.34749e+06	234700
153	59.2893	327514	1.31032e+06	239478
154	59.2893	331278	1.18919e+06	243482
155	59.2893	331623	1.11635e+06	241522
156	59.2893	325682	1.10102e+06	238345
157	59.2893	322448	1.12852e+06	234873
158	59.2893	317605	1.26805e+06	231660
159	59.2893	315622	1.35862e+06	226110
160	59.2893	313783	1.35862e+06	224580
161	59.2893	311265	1.18841e+06	219318
162	59.2893	312570	1.15422e+06	226278
163	59.2893	311769	1.09489e+06	225282
164	59.2893	311436	1.10517e+06	231945
165	59.2893	310207	1.10425e+06	232137
166	59.2893	311086	1.10425e+06	226524
167	59.2893	306500	1.08859e+06	221249
168	59.2893	303441	1.1774e+06 	217378
169	59.2893	302944	1.11473e+06	219652
170	59.2893	302399	1.11473e+06	214946
171	59.2893	303872	1.08295e+06	218048
172	59.2893	307270	1.22766e+06	225118
173	59.2893	308624	1.20966e+06	232140
174	59.2893	307773	1.18455e+06	233196
175	59.2893	310103	1.08881e+06	236087
176	59.2893	310061	1.08555e+06	231094
177	59.2893	308634	1.17214e+06	238162
178	59.2893	306681	1.17116e+06	234227
179	59.2893	301787	1.15317e+06	225942
180	59.2893	297766	1.08934e+06	219128
181	59.2893	298402	1.08934e+06	216475
182	59.2893	300925	1.09492e+06	220155
183	59.2893	300248	1.13268e+06	221226
184	59.2893	298553	1.10184e+06	220748
185	59.2893	298852	1.15649e+06	223847
186	59.2893	296687	1.15649e+06	227779
187	59.2893	294863	1.10959e+06	223959
188	59.2893	293636	1.1217e+06 	221158
189	59.2893	294496	1.2016e+06 	222720
190	59.2893	291433	1.11581e+06	220604
191	59.2893	289517	1.09714e+06	216470
192	59.2893	286702	1.09456e+06	215335
193	59.2893	284927	1.09456e+06	213996
194	59.2893	287694	1.09112e+06	213376
195	59.2893	282874	1.07694e+06	210641
196	59.2893	284660	1.08161e+06	218335
197	59.2893	286270	1.10106e+06	218729
198	59.2893	282061	1.08363e+06	212015
199	59.2893	282384	1.10615e+06	214175
200	56.9044	280555	1.1049e+06 	208290
201	56.9044	283824	1.3351e+06 	211531
202	56.9044	285015	1.21983e+06	212901
203	56.9044	284636	1.2041e+06 	213267
204	56.9044	281472	1.10555e+06	213608
205	56.9044	279994	1.12783e+06	207122
206	56.9044	278816	1.0589e+06 	204626
207	56.9044	275422	1.07827e+06	201976
208	56.9044	272874	1.07276e+06	204659
209	56.9044	268027	1.06843e+06	195435
210	56.9044	267645	1.06681e+06	196619
211	56.9044	264078	1.10165e+06	197862
212	56.9044	263600	1.08226e+06	196283
213	56.9044	265187	1.07458e+06	199863
214	56.9044	265275	1.11182e+06	204114
215	56.9044	265734	1.08497e+06	206172
216	56.9044	263929	1.11962e+06	203995
217	56.9044	262501	1.09155e+06	201277
218	56.9044	263469	1.08749e+06	203156
219	56.9044	264695	1.0732e+06 	202834
220	56.9044	262028	1.11101e+06	197287
221	56.9044	260760	1.10137e+06	195422
222	56.9044	259319	1.07635e+06	197535
223	56.9044	256705	1.1005e+06 	195906
224	56.9044	258823	1.0742e+06 	196927
225	56.9044	256390	1.07353e+06	190780
226	56.9044	256770	1.07353e+06	193629
227	56.9044	257459	1.02176e+06	192484
228	56.9044	259449	1.11745e+06	196993
229	56.9044	258305	1.07336e+06	190290
230	56.9044	256291	1.07336e+06	186615
231	56.9044	254469	1.06073e+06	186546
232	50.3682	255620	1.01457e+06	186462
233	50.3682	253628	937466     	182938
234	50.3682	253670	1.07537e+06	190366
235	50.3682	254233	1.28919e+06	189778
236	50.3682	253573	1.08759e+06	189067
237	50.3682	249312	1.01166e+06	187399
238	50.3682	246397	1.03399e+06	182837
239	50.3682	244605	1.25825e+06	187753
240	50.3682	245698	1.0664e+06 	189035
241	50.3682	246790	1.07841e+06	194042
242	50.3682	246170	1.07322e+06	198742
243	50.3682	243541	1.07322e+06	192139
244	50.3682	241741	1.05297e+06	189932
245	50.3682	243243	1.08605e+06	192980
246	50.3682	242853	1.14324e+06	190740
247	50.3682	243083	1.06552e+06	190573
248	50.3682	243039	1.18587e+06	197372
249	50.3682	243992	1.07005e+06	192994
250	50.3682	245136	1.07684e+06	194923
251	50.3682	244280	1.07684e+06	195047
252	50.3682	245804	1.02845e+06	192637
253	50.0591	245817	1.06272e+06	194671
254	50.0591	244780	997625     	189510
255	50.0591	244122	1.08279e+06	188744
256	50.0591	242491	1.05086e+06	185861
257	50.0591	240577	1.02578e+06	182450
258	50.0591	240885	1.07272e+06	186637
259	50.0591	237515	1.07272e+06	181032
260	50.0591	236294	1.0627e+06 	185610
261	50.0591	235535	1.0627e+06 	180939
262	50.0591	236769	962967     	180250
263	50.0591	237502	1.06631e+06	188931
264	50.0591	237769	1.00695e+06	186497
265	50.0591	235069	995792     	183750
266	50.0591	235291	1.03985e+06	185745
267	50.0591	230150	936038     	177725
268	50.0591	228042	1.08573e+06	176897
269	50.0591	229718	1.0644e+06 	182078
270	50.0591	229526	1.03845e+06	184125
271	50.0591	227795	1.01307e+06	179863
272	50.0591	225630	1.01307e+06	177452
273	50.0591	225301	1.03001e+06	179266
274	50.0591	224940	961829     	174830
275	50.0591	222251	919092     	175443
276	50.0591	223255	919092     	175347
277	50.0591	223609	910401     	173917
278	50.0591	223954	974391     	175533
279	49.7614	223389	843282     	172829
280	48.4051	221671	980636     	171711
281	48.4051	223599	987743     	179163
282	48.4051	224290	920093     	178514
283	48.4051	221651	887283     	172368
284	48.4051	224320	1.09648e+06	178830
285	48.4051	220881	928415     	175165
286	48.4051	221442	1.03018e+06	181017
287	48.4051	221503	1.03648e+06	181797
288	48.4051	221237	1.07453e+06	182777
289	48.4051	220785	1.07453e+06	182132
290	48.4051	222294	1.0721e+06 	185286
291	48.4051	219654	1.07007e+06	185053
292	48.4051	218132	1.03861e+06	183320
293	48.4051	214321	1.05339e+06	177471
294	48.3854	215386	1.08818e+06	179060
295	48.3854	215389	1.17088e+06	186188
296	48.3854	213094	1.08977e+06	176062
297	48.3854	213407	1.04033e+06	173842
298	48.3854	212866	1.06335e+06	175517
299	48.3854	211223	1.07423e+06	171759
300	48.3854	211433	1.02442e+06	167075
301	48.3854	209779	1.02442e+06	168675
302	48.3854	209131	1.03751e+06	166165
303	48.3854	208678	1.03751e+06	164332
304	48.3854	206249	990589     	162789
305	48.3854	209434	978052     	162669
306	48.3854	207727	970674     	160890
307	48.3854	209950	970674     	161959
308	48.3854	208758	907027     	161338
309	48.3854	208625	872366     	167307
310	48.3854	206975	1.06827e+06	168593
311	48.3854	206761	877051     	165984
312	48.3854	205712	1.02247e+06	167236
313	48.3854	204626	1.02247e+06	170970
314	48.3854	204054	817655     	164621
315	48.0423	201660	789714     	160867
316	48.0423	203729	889846     	168372
317	48.0423	200363	888382     	162815
318	47.6836	199615	984788     	165875
319	47.6836	200689	1.00349e+06	171443
320	47.6836	203068	1.00349e+06	172938
321	47.6836	201892	898223     	170347
322	47.6836	201025	898223     	168821
323	47.6836	204978	959705     	176058
324	47.6836	202888	923319     	173120
325	47.6836	202397	833424     	171218
326	47.6836	199733	833424     	166873
327	47.6836	196882	882721     	161441
328	47.6836	196358	826781     	161763
329	47.6836	195000	852006     	161972
330	47.6836	196160	869698     	161929
331	47.6836	196374	822171     	162304
332	47.6836	193703	740842     	156135
333	46.4233	197278	757497     	162364
334	46.4233	197906	875117     	165940
335	46.4233	195886	871108     	161798
336	46.4233	199487	872820     	164610
337	46.4233	199838	1.04141e+06	167571
338	46.4233	198711	952091     	163605
339	46.4233	198652	1.06506e+06	167811
340	46.4233	196990	999698     	163666
341	46.4233	195042	999698     	160200
342	46.4233	192306	999698     	162200
343	46.4233	189786	999266     	159731
344	46.4233	192998	1.00513e+06	161488
345	46.4233	188632	855141     	156568
346	46.4233	188684	886217     	158757
347	46.4233	187510	842892     	157841
348	46.4233	189913	956774     	158842
349	46.4233	188126	837806     	155526
350	46.4233	187879	948081     	158443
351	46.4233	188249	837806     	160930
352	46.4233	188086	759568     	156271
353	46.4233	189822	772648     	159087
354	46.4233	190876	815227     	158991
355	46.4233	190582	774681     	158527
356	46.4233	188181	763166     	157103
357	46.4233	190224	895466     	162990
358	46.4233	190425	895466     	163519
359	46.4233	185854	953138     	157443
360	46.4233	183897	726238     	153195
361	46.4233	182599	701157     	150088
362	46.4233	183380	706038     	151573
363	46.4233	184554	945012     	156521
364	46.4233	180757	848188     	153345
365	46.4233	179847	828504     	148220
366	46.4233	178292	678602     	146563
367	46.4233	177379	656564     	143862
368	46.4233	178068	903815     	146862
369	46.4233	180148	903815     	153281
370	46.4233	180870	975184     	161850
371	46.4233	177819	975184     	159112
372	46.4233	177202	1.03214e+06	159266
373	44.2448	178419	1.04695e+06	156023
374	44.2448	180182	1.04695e+06	156866
375	44.2448	181460	1.03646e+06	154721
376	44.2448	179205	1.02118e+06	152377
377	44.2448	180330	1.02118e+06	154545
378	44.2448	177477	921389     	151351
379	44.2448	174331	725372     	150101
380	44.2448	173790	862410     	153240
381	44.2448	175396	804227     	154895
382	44.2448	173671	907396     	153295
383	44.2448	172052	949760     	155404
384	44.2448	173729	1.01704e+06	154798
385	44.2448	175614	875414     	153547
386	44.2448	175750	780602     	151434
387	44.2448	173677	780602     	147215
388	44.2448	174345	755143     	149006
389	44.2448	174951	755143     	146897
390	44.2448	172951	715426     	143568
391	44.2448	169421	693505     	141388
392	44.2448	169986	913307     	145841
393	44.2448	172228	828197     	150160
394	44.2448	173420	828197     	151964
395	44.2448	170861	802820     	149916
396	44.2448	168067	673374     	145197
397	44.2448	169732	680886     	144986
398	44.2448	167512	694382     	142255
399	44.2448	165426	664193     	137320
400	44.2448	161337	664193     	135534
401	44.2448	163141	1.05633e+06	139930
402	44.2448	164536	855531     	141644
403	44.2448	164973	728249     	141945
404	44.2448	163891	697193     	141401
405	44.2448	164482	713628     	146622
406	44.2448	164769	663591     	143251
407	44.2448	165612	654176     	140218
408	44.2448	164291	984786     	142236
409	44.2448	165633	916480     	143894
410	43.5137	166936	795674     	140037
411	43.5137	167263	790459     	141035
412	43.5137	164815	716971     	139497
413	43.5137	164071	845747     	142323
414	43.5137	165362	730834     	139363
415	43.5137	167447	769758     	142328
416	43.4826	168923	677111     	143283
417	43.4826	170408	713267     	144010
418	43.4826	167968	772217     	142534
419	43.4826	164486	726790     	136594
420	43.4826	164089	655512     	137055
421	43.4826	164451	738684     	137483
422	43.3866	162658	680980     	136352
423	43.3866	162511	590026     	134116
424	43.3866	161649	640433     	138986
425	43.3866	163166	884620     	143240
426	43.3866	165219	731887     	142520
427	43.3866	163528	798674     	141389
428	43.3866	160648	798674     	139610
429	43.3866	158463	688796     	137623
430	43.3866	159448	704941     	140959
431	43.3825	160003	839900     	143604
432	43.3825	158669	769779     	141660
433	43.3825	157343	701338     	137869
434	43.3825	155033	733263     	133154
435	43.3162	154221	706733     	134345
436	43.3162	153017	615379     	131859
437	43.3162	154902	636097     	132315
438	43.3162	155558	788001     	135043
439	43.3162	154970	725006     	134970
440	43.3162	155615	686697     	135685
441	43.3162	156358	782309     	137590
442	43.221 	157041	822064     	137700
443	43.221 	158403	822064     	138443
444	43.2071	155080	822064     	133785
445	43.2071	156406	749716     	136126
446	43.2071	155510	741925     	136997
447	43.2071	154980	723818     	134761
448	43.2071	153397	607927     	131578
449	43.2071	152787	591527     	128783
450	43.2071	150896	657924     	127789
451	43.2071	151648	619276     	131000
452	43.2071	154403	616013     	135415
453	43.2071	154166	786526     	133190
454	43.2071	154354	786526     	135495
455	43.2071	152532	589157     	134784
456	43.2071	154204	590128     	135528
457	43.2071	151150	590128     	133991
458	43.2071	151911	626437     	135379
459	43.2071	149844	588895     	133084
460	43.2071	149818	752546     	136409
461	43.2071	152234	752546     	138527
462	43.2071	151624	605591     	137691
463	43.2071	152277	625923     	136168
464	43.2071	152216	735057     	136709
465	43.2071	151848	675941     	137998
466	43.2071	151977	680892     	134341
467	43.098 	151025	696630     	136006
468	43.098 	153340	881814     	136632
469	43.0303	153803	806203     	135482
470	43.0303	151709	636487     	135196
471	43.0303	153429	647725     	135686
472	43.0303	155088	673140     	138428
473	43.0303	150527	673140     	133973
474	43.0303	150242	627264     	134705
475	43.0303	147471	822974     	130599
476	43.0303	146283	730316     	122842
477	43.0303	147348	778939     	121782
478	43.0303	148667	785510     	122910
479	43.0303	149405	616189     	123689
480	43.0303	148988	603651     	125146
481	43.0303	149617	652232     	126469
482	43.0303	149359	609577     	125923
483	43.0303	148621	598948     	122488
484	43.0303	146210	598948     	122653
485	43.0303	142793	641404     	119709
486	43.0303	143858	613310     	124199
487	43.0303	145607	580958     	124853
488	43.0303	145953	684142     	126282
489	43.0303	145293	654105     	127278
490	43.0303	146635	739440     	131567
491	43.0303	144291	601478     	126800
492	43.0303	143673	587720     	121980
493	43.0303	144578	588331     	123590
494	43.0303	143881	597160     	126672
495	43.0303	142912	636082     	129999
496	43.0303	140406	797540     	128568
497	43.0303	137477	797540     	127455
498	43.0303	138390	636082     	124375
499	43.0303	139809	598162     	124426
35.90000001
