/usr/lib/python2.7/site-packages/deap/tools/_hypervolume/pyhv.py:33: ImportWarning: Falling back to the python version of hypervolume module. Expect this to be very slow.
  "module. Expect this to be very slow.", ImportWarning)
gen	min    	avg    	max    	std   
0  	172.188	1382.43	4329.91	781.59
1  	166.347	1382.26	4451.32	792.749
2  	166.347	1387.02	4427.94	809.114
3  	141.253	1378.07	4356.15	792.643
4  	141.253	1370.62	4231.58	770.244
5  	141.253	1360.28	4080.17	746.693
6  	140.562	1346.28	4080.17	731.794
7  	140.562	1343.37	3812.72	724.748
8  	140.562	1334.29	3813.47	714.097
9  	140.562	1332.03	4077.12	731.052
10 	140.562	1343.8 	3763.52	740.661
11 	140.562	1341.63	3952.79	749.515
12 	140.562	1335.66	3979.04	734.746
13 	133.056	1342.13	4170.21	743.959
14 	133.056	1338.58	3819.34	735.765
15 	133.056	1332.26	3770.67	742.352
16 	112.742	1324.91	3965.52	731.744
17 	112.742	1327.65	3787.8 	738.137
18 	112.742	1332.03	3987.16	739.753
19 	112.742	1336.46	3987.16	741.231
20 	112.742	1344.22	3987.16	765.138
21 	109.067	1337.12	4155.89	763.117
22 	109.067	1324.74	4014.52	749.881
23 	109.067	1322.16	4107.43	752.321
24 	109.067	1312.8 	4107.43	748.278
25 	109.067	1311.19	4187.22	747.964
26 	109.067	1320.59	4187.74	741.074
27 	109.067	1314.39	4115.06	749.339
28 	109.067	1315.64	4416.22	744.517
29 	109.067	1316.46	4416.22	743.247
30 	109.067	1305.09	4106.43	718.829
31 	109.067	1285.78	4106.43	713.848
32 	109.067	1278.84	3843.19	720.426
33 	109.067	1280.68	3962.12	730.197
34 	109.067	1281.82	3962.12	749.278
35 	109.067	1276.5 	3708.11	725.164
36 	109.067	1289.94	3745.95	732.308
37 	109.067	1282.42	3827.38	731.864
38 	109.067	1276.61	4071.14	714.017
39 	109.067	1269.26	3913.26	717.461
40 	109.067	1269.22	3913.26	734.895
41 	109.067	1256.64	4207.24	725.683
42 	109.067	1265.67	3956.69	743.87 
43 	109.067	1270.93	3952.95	747.374
44 	109.067	1261.37	3952.95	744.772
45 	109.067	1257.5 	3856.01	724.969
46 	109.067	1254.88	4384.96	727.416
47 	109.067	1251.58	3919.18	726.222
48 	109.067	1253.77	4799.84	752.773
49 	109.067	1253.78	5019.88	742.719
50 	109.067	1248.3 	4020.34	745.48 
51 	109.067	1245.11	4060.69	740.942
52 	109.067	1243.71	4402.46	733.384
53 	109.067	1242.47	4060.69	730.114
54 	109.067	1247.9 	4379.71	740.161
55 	109.067	1245.64	4379.71	725.134
56 	109.067	1241.93	5096.95	728.114
57 	106.633	1231.66	4379.71	716.794
58 	106.633	1216.35	4617.56	726.078
59 	106.633	1206.64	4311.89	703.518
60 	106.633	1203.99	4311.89	713.014
61 	106.633	1194.9 	4244.62	701.334
62 	106.633	1188.04	4206.68	696.754
63 	106.633	1189.24	3833.86	695.074
64 	106.633	1180.82	3761.46	692.309
65 	106.633	1181.92	3687.7 	699.327
66 	106.633	1184.83	4306.08	715.841
67 	106.633	1182.59	4021.6 	704.812
68 	106.633	1183.81	3868.07	681.235
69 	106.633	1178.57	3807.42	678.868
70 	105.274	1162.02	3692.19	665.064
71 	105.274	1173.47	4054.5 	664.827
72 	105.274	1172.95	3880.05	681.623
73 	105.274	1178.88	4484.67	688.684
74 	105.274	1164.94	4484.67	681.737
75 	105.274	1161.82	3813.06	674.902
76 	105.274	1160.74	3736.7 	661.671
77 	105.274	1159.78	3736.7 	677.304
78 	105.274	1151.28	3951   	688.432
79 	101.429	1164.28	3833.52	704.173
80 	101.429	1151.64	3695.42	690.283
81 	101.429	1156.68	3830.05	711.122
82 	101.429	1139.33	3618.2 	690.351
83 	101.429	1139.22	3618.2 	684.505
84 	101.429	1125.75	3618.2 	669.705
85 	101.429	1113   	3845.8 	660.486
86 	101.429	1103.99	3925.46	647.252
87 	101.429	1092.21	3800.31	650.266
88 	101.429	1097.21	3801.09	650.944
89 	101.429	1095.43	3801.09	644.117
90 	101.429	1095.25	3685.12	648.491
91 	101.429	1102.7 	3779.85	670.693
92 	101.429	1091.56	3523.9 	659.625
93 	101.429	1102.66	3259.56	662.592
94 	101.429	1101.64	3259.56	653.436
95 	101.429	1106.46	3237.12	644.404
96 	101.429	1094.48	3136.62	638.646
97 	101.429	1090.97	3190.11	639.554
98 	101.429	1092.77	3791.67	654.16 
99 	101.429	1097.04	3541.78	652.012
100	101.429	1078.58	3744.41	631.944
101	101.429	1083.85	3744.41	643.064
102	101.429	1095.15	3404.94	660.402
103	101.429	1098.49	3468.82	654.382
104	100.797	1097.52	3888.5 	671.174
105	100.797	1107.87	3819.35	674.688
106	100.797	1111   	4103.63	680.289
107	100.797	1105.31	4103.63	678.448
108	100.797	1093.97	3964.72	667.877
109	100.797	1079.37	4017.65	656.59 
110	100.797	1081.51	3470.82	648.874
111	100.797	1085.31	3470.82	655.8  
112	100.797	1081.47	3644.92	660.015
113	100.797	1069.63	3737.87	654.775
114	100.797	1062.37	3635.74	649.865
115	100.797	1057.11	3420.84	630.395
116	100.797	1051.46	3612.9 	617.028
117	100.797	1059.41	3646.9 	631.448
118	100.797	1049.64	3318.01	626.999
119	100.797	1058.27	3754.53	652.091
120	100.797	1049.16	3462.06	635.163
121	100.797	1038.77	4262.05	632.863
122	100.797	1042.14	3741.46	621.214
123	100.797	1047.53	3508.85	631.867
124	100.797	1051.1 	3412   	632.409
125	100.797	1054.11	3378.02	620.052
126	100.797	1042.11	3407.05	620.776
127	100.797	1022.56	3543.38	594.175
128	100.797	1025.02	3234.13	591.863
129	100.797	1039.08	3331.7 	600.461
130	100.797	1043.77	3287   	600.446
131	100.797	1045.75	3287   	599.759
132	100.797	1031.39	3178.75	594.035
133	100.797	1026.32	3967.9 	593.143
134	100.797	1035.43	3859.54	600.019
135	100.797	1031.82	3859.54	605.245
136	100.797	1043.27	3852.46	620.471
137	100.797	1039   	3520.83	608.067
138	100.797	1040.29	3479.76	609.731
139	100.797	1024.34	4288.15	611.845
140	100.797	1015.83	4267.07	611.262
141	100.797	1015.9 	4267.07	601.85 
142	100.797	1016.39	3691.02	589.458
143	100.797	1013.97	3719.22	597.553
144	100.797	1017.63	3412.3 	593.211
145	100.797	1017.66	3532   	584.009
146	100.797	1010.68	3540.62	584.541
147	100.797	1000.37	3540.62	596.509
148	100.797	998.931	3351.69	591.376
149	100.797	1010.42	3517.46	607.887
150	100.797	1009.64	3311.55	604.138
151	100.797	1016   	3578.59	613.023
152	100.797	1010.38	3578.59	596.239
153	100.797	1001.1 	3578.59	586.187
154	100.797	995.656	3578.59	582.73 
155	100.797	994.175	3475.15	576.161
156	100.797	989.87 	3380.63	570.814
157	100.797	990.368	3225.4 	578.207
158	100.797	981.891	3112.76	574.484
159	100.797	995.355	3329.46	597.454
160	100.797	1000.5 	3347.12	602.829
161	100.797	989.208	3348.46	597.608
162	100.797	975.049	3543.4 	597.646
163	100.797	971.009	3338.46	597.007
164	100.797	960.958	3338.46	582.361
165	100.797	965.821	3225.17	592.007
166	100.797	964.797	3295.54	599.071
167	100.797	961.655	3296.28	608.809
168	100.797	956.858	3625.17	611.45 
169	100.797	965.376	3625.17	622.526
170	100.797	961.245	3598.17	604.744
171	100.797	960.211	3391.7 	612.37 
172	100.797	948.72 	3741.24	608.497
173	100.797	938.39 	3662.13	596.338
174	100.797	939.453	3722.7 	590.928
175	100.797	952.159	3722.7 	599.486
176	100.797	935.311	3569.28	566.731
177	100.366	934.007	3358.79	552.257
178	100.366	936.733	3233.58	565.255
179	100.366	935.284	2849.56	549.772
180	100.366	921.932	2977.58	532.964
181	100.366	914.595	3202.71	543.235
182	100.366	918.466	3455.82	546.351
183	100.366	915.415	3455.82	535.592
184	100.366	915.706	3320.16	551.198
185	100.366	918.364	3320.16	545.148
186	100.366	911.802	3508.37	548.271
187	100.366	911.138	3495.64	546.016
188	100.366	916.278	3495.64	556.675
189	100.366	909.222	4354.41	578.939
190	100.366	907.56 	3660.42	563.829
191	100.366	907.239	3362.66	554.035
192	100.366	902.895	3362.66	544.245
193	100.366	901.379	3253.72	556.991
194	100.366	907.835	3272.64	560.982
195	100.366	919.827	3359.42	569.194
196	100.366	909.383	3157.35	554.615
197	100.366	907.391	3357.83	541.629
198	100.366	907.641	3033.67	546.002
199	100.366	909.29 	3033.67	544.093
200	100.366	905.447	3374.95	553.405
201	100.366	895.359	3645.31	562.05 
202	100.366	890.027	3645.31	542.956
203	100.366	888.164	3512.62	556.844
204	100.366	888.978	3514.54	558.519
205	100.366	886.684	3395.89	547.348
206	100.366	884.891	3302.35	539.628
207	100.366	883.657	3411.67	548.987
208	100.366	877.983	3166.22	533.178
209	100.366	878.355	3166.22	527.971
210	100.366	876.251	3531.04	519.412
211	100.366	871.741	3245.55	515.625
212	100.366	869.98 	3157.4 	520.125
213	100.366	870.177	3108.6 	522.088
214	100.366	869.51 	2992.42	521.067
215	96.8453	865.947	2785.28	510.313
216	96.8453	870.312	2928.43	507.351
217	96.8453	857.889	2712.73	506.256
218	96.8453	854.462	2996.15	503.46 
219	96.8453	862.894	2783.4 	504.046
220	96.8453	865.315	2604.05	503.698
221	96.8453	857.842	2661.07	501.097
222	96.8453	858.774	2823.17	512.931
223	96.8453	856.499	2952.6 	514.194
224	96.8453	851.085	3011.65	501.798
225	96.8453	850.597	2795.34	494.405
226	96.8453	844.403	2795.34	491.781
227	96.8453	848.467	2822.83	491.92 
228	96.8453	850.2  	2743.3 	494.775
229	96.8453	841.408	2743.3 	499.617
230	96.8453	841.685	2718.52	496.202
231	96.8453	845.357	2609.63	482.477
232	96.8453	847.969	2935.49	495.969
233	96.8453	842.766	2694.8 	458.888
234	96.8453	840.434	2694.8 	466.099
235	96.8453	850.903	3143.7 	483.104
236	96.8453	844.331	3060.47	492.308
237	96.8453	839.794	2677.73	500.72 
238	96.8453	845.815	2893.59	499.54 
239	96.8453	835.739	3412.81	488.902
240	96.8453	837.843	3412.81	496.529
241	96.8453	844.752	3412.81	505.245
242	96.8453	831.854	3412.81	503.459
243	96.8453	832.973	3238.3 	503.975
244	96.8453	833.512	3288.8 	506.39 
245	96.8453	825.865	3587.91	488.598
246	96.8453	837.148	3368.62	493.271
247	96.8453	837.562	3345.65	513.524
248	96.8453	826.174	3263.75	497.434
249	96.8453	831.831	3296.14	495.093
250	96.8453	828.929	3263.75	497.316
251	96.8453	830.435	3263.75	508.343
252	96.8453	824.526	2929.88	496.337
253	96.8453	826.093	3057.39	508.623
254	96.8453	822.353	3057.39	505.626
255	96.8453	810.75 	2954.51	497.315
256	96.8453	810.04 	3292.81	506.732
257	96.8453	810.509	2905.63	478.958
258	96.8453	814.56 	3130.26	488.522
259	96.8453	804.803	3004   	476.125
260	96.8453	793.056	2832.23	445.352
261	96.8453	793.89 	2790.35	450.786
262	96.8453	796.301	3103.15	451.191
263	96.8453	792.762	2913.83	452.978
264	96.8453	794.111	2821.38	446.652
265	96.8453	797.349	2690.15	449.497
266	96.8453	807.194	2493.22	460.058
267	96.8453	798.257	3571.91	471.874
268	96.8453	808.152	3161.19	483.901
269	96.8453	804.079	3049.5 	465.486
270	96.8453	801.487	2717.92	456.94 
271	96.8453	800.649	2891.09	464.348
272	96.7425	798.735	2891.09	455.824
273	96.7425	803.488	2919.73	468.152
274	96.7425	800.132	2767.36	464.297
275	96.7425	797.646	2683.19	456.498
276	96.7425	795.32 	2798.07	453.748
277	96.7425	786.23 	2905.44	462.1  
278	96.7425	784.611	2847.03	453.801
279	96.7425	789.502	2847.03	462.772
280	96.7425	782.112	2674.17	450.802
281	96.7425	786.31 	2741.41	455.914
282	96.7425	776.974	2634   	442.469
283	96.7425	770.841	2725.91	449.803
284	96.7425	775.16 	2725.91	453.367
285	96.7425	773.821	3281.08	464.372
286	96.7425	765.368	3194.22	452.363
287	96.7425	763.414	3025.23	445.696
288	96.7425	773.988	2830.51	444.157
289	95.9569	762.081	2644.44	439.767
290	95.9569	760.618	2454.58	431.289
291	95.9569	764.381	2594.39	447.307
292	95.9569	766.22 	2691.81	440.869
293	95.9569	768.379	2691.81	447.326
294	95.9569	767.392	3410.29	458.088
295	95.9569	769.972	2704.99	464.226
296	95.9569	765.177	2648.25	455.306
297	95.9569	769.465	2758.72	453.77 
298	95.9569	771.21 	2670.09	458.472
299	95.9569	766.578	2877.02	456.702
300	95.9569	760.645	3223.95	448.005
301	95.9569	758.366	3200.47	440.21 
302	95.9569	762.776	2863.99	441.129
303	95.9569	764.851	2912.56	455.663
304	95.9569	766.721	2622.62	451.168
305	95.9569	770.837	2559.05	453.35 
306	95.9185	779.765	2614.37	457.855
307	95.9185	786.791	2741.79	472.171
308	95.9185	784.551	3106.19	476.944
309	95.9185	779.088	3198.8 	459.026
310	95.9185	777.885	2665.73	448.546
311	95.9185	773.728	2665.73	460.064
312	95.9185	773.9  	2665.73	454.619
313	95.9185	769.418	2811.06	459.826
314	95.9185	774.278	2811.06	466.845
315	95.9185	774.777	3141.19	465.331
316	95.9185	764.439	3177.84	457.711
317	95.9185	764.475	3177.84	459.142
318	95.9185	750.85 	2787.54	437.992
319	95.9185	750.614	2836.99	427.515
320	95.9185	755.388	2827.27	422.262
321	95.9185	761.494	2522.33	423.476
322	95.9185	765.951	2392.47	431.346
323	95.9185	759.156	2384.14	428.879
324	95.9185	757.941	2634.6 	430.028
325	95.9185	748.854	2693.74	422.799
326	95.9185	737.994	2822.78	413.474
327	95.9185	746.683	2528.76	433.445
328	95.6273	736.557	2462.9 	422.824
329	95.6273	736.813	3067.12	430.703
330	95.6273	734.904	2880.69	423.32 
331	95.6273	738.893	2757.67	432.81 
332	95.6273	729.925	2457.36	416.571
333	95.6273	730.842	2805   	432.411
334	95.6273	733.367	2718.33	441.684
335	95.6273	732.445	2421.1 	430.435
336	95.6273	735.249	2606.5 	427.676
337	95.6273	735.241	2291.09	417.769
338	95.6273	736.691	2348.82	433.952
339	95.6273	733.317	2662.12	435.06 
340	95.6273	733.191	2361.86	425.093
341	95.6273	741.332	2410.91	434.108
342	95.6273	743.251	2417.28	440.31 
343	95.6273	746.536	2417.28	441.074
344	95.6273	747.79 	2375.89	436.796
345	95.6273	748.283	2669.01	433.791
346	95.6273	758.481	2569.81	431.518
347	95.6273	745.819	2708.9 	427.526
348	95.6273	749.685	2373.39	427.327
349	95.6273	744.397	2201.3 	416.9  
350	95.6273	734.39 	2201.3 	408.809
351	95.6273	737.806	2511.2 	423.69 
352	95.6273	730.912	2344.93	429.858
353	95.6273	726.128	2533.64	434.166
354	95.6273	740.54 	2843.13	438.958
355	95.6273	736.389	2405.32	436.177
356	95.6273	739.109	2875.03	439.653
357	95.3888	737.517	2704.29	448.991
358	95.3888	730.404	2655.3 	451.367
359	95.3888	721.304	2455.47	436.882
360	95.3888	721.8  	2615.12	429.887
361	95.3888	730.483	3016.25	453.285
362	95.3888	739.2  	2890.97	463.24 
363	95.3888	720.889	2514.53	428.131
364	95.3888	721.683	2626.56	430.957
365	95.3888	709.533	2411.5 	417.966
366	95.3888	708.668	2426.3 	419.904
367	95.3888	711.357	2411.5 	400.204
368	95.3888	709.133	2707.21	407.459
369	95.3888	717.116	2665.02	418.996
370	95.3888	714.189	2847.88	417.854
371	95.3888	717.015	2847.88	417.151
372	95.3888	716.526	2706.95	411.291
373	95.3888	716.677	2443.89	420.231
374	95.3888	717.004	2321.49	405.733
375	95.3888	720.528	2564.16	419.407
376	95.3888	712.66 	2530.7 	417.907
377	95.3888	725.223	2658.39	433.49 
378	95.3888	718.466	2658.39	421.63 
379	95.3888	709.815	2449.54	407.615
380	95.3888	712.456	2242.03	414.294
381	95.3888	714.189	2238.3 	418.191
382	95.3888	719.092	3909.02	437.436
383	95.3888	720.991	2933.15	437.289
384	95.3888	718.375	2468.33	440.214
385	95.3888	717.744	2468.33	447.182
386	95.3888	713.609	2459.1 	429.093
387	95.3888	701.368	2391.19	411.229
388	95.3888	689.056	2391.19	397.604
389	95.3888	677.929	2409.93	397.262
390	95.3888	687.887	2348.03	400.666
391	95.3888	689.387	2952.49	407.009
392	95.3888	690.636	2640.7 	393.59 
393	95.3888	685.462	2427.77	395.995
394	95.3888	680.851	2256.15	394.612
395	95.3888	681.187	2170.41	398.209
396	95.3888	686.969	2128.34	402.031
397	95.3888	690.993	2512.63	410.51 
398	95.3888	678.281	2512.63	385.604
399	95.3888	678.246	2369.19	385.9  
400	95.3888	682.71 	2438.91	400.197
401	95.3888	695.334	2362.69	401.029
402	95.3888	694.175	2809.39	416.624
403	95.3888	690.874	2564.96	420.807
404	95.3888	684.042	2433.04	409.169
405	95.3888	688.191	2773.58	420.775
406	95.3888	688.422	2604.46	429.078
407	95.3888	687.771	2699.38	427.259
408	95.3888	683.264	3017.21	430.223
409	95.3888	691.664	2934.97	444.039
410	95.3888	684.274	2752.78	427.834
411	95.3888	692.813	2693.18	424.487
412	95.3888	702.403	2693.18	429.408
413	95.1237	678.065	2367.83	408.315
414	95.1237	691.256	2523.3 	407.599
415	95.1237	686.293	2305.24	398.659
416	95.1237	684.332	2237.49	401.281
417	95.1237	692.824	2370.95	409.329
418	95.1237	696.014	2370.95	417.434
419	95.1237	689.205	2383.91	418.203
420	95.1237	681.124	2306.53	407.033
421	95.1237	681.922	2467.57	405.765
422	95.1237	670.711	2387.92	398.294
423	95.1237	664.16 	2934.57	389.654
424	95.1237	668.437	2704.39	410.531
425	95.1237	661.391	2704.39	400.703
426	95.1237	652.105	2661.91	392.461
427	95.1237	653.061	2246.6 	385.456
428	95.1237	649.164	2249.45	376.618
429	95.1237	654.668	2249.45	379.585
430	95.1237	662.251	2407.85	379.646
431	95.1237	673.041	2373.94	392.622
432	95.1237	680.086	2315.38	395.126
433	95.1237	686.109	2287.32	419.569
434	95.1237	693.367	2352.55	426.17 
435	95.1237	684.572	2539.2 	416.303
436	95.1237	681.565	2367.02	416.52 
437	95.1237	673.484	2994.54	421.835
438	95.1237	670.458	2814.43	416.092
439	95.1237	664.374	2594.65	407.404
440	95.1237	662.163	2476.47	400.35 
441	95.1237	671.626	2396.8 	409.735
442	95.1237	671.275	2424.05	413.907
443	95.1237	672.07 	2383.01	408.647
444	95.1237	666.499	2229.25	400.203
445	95.1237	665.709	2230.39	397.543
446	95.1237	662.979	2375.06	409.4  
447	95.1237	676.121	2783.26	415.424
448	95.1237	673.565	2371.28	409.952
449	95.1237	676.199	2676.28	426.962
450	95.1237	670.226	2347.58	413.429
451	95.1237	673.915	2262.56	407.995
452	95.1237	682.239	2260.35	403.058
453	95.1237	672.488	2240.63	395.769
454	95.1237	675.185	2715.71	412.501
455	95.1237	672.584	2573.08	399.998
456	95.1237	669.936	2426.7 	408.452
457	95.1237	659.495	2426.7 	400.319
458	95.1237	656.621	2458.8 	385.344
459	95.1237	651.037	2995.88	386.646
460	95.1237	646.785	2331.17	369.785
461	95.1237	649.114	2207.37	374.231
462	95.1237	650.699	2477.83	375.774
463	95.1237	642.216	2470.67	369.508
464	95.1237	638.932	2281.25	364.265
465	95.1237	640.865	2281.25	374.228
466	95.1237	653.249	2435.8 	384.615
467	95.1237	659.74 	2435.8 	386.101
468	95.1237	651.02 	2164.98	385.071
469	95.1237	652.173	2254.77	385.06 
470	95.1237	650.046	2164.98	375.694
471	95.1237	651.035	2464.08	399.541
472	95.1237	651.32 	2069.68	386.118
473	95.1237	654.239	3010.85	403.56 
474	95.1237	654.666	3502.49	403.991
475	95.1237	651.549	2796.62	383.13 
476	95.1237	647.633	2295.58	369.677
477	95.1237	655.644	2132.57	378.645
478	95.1237	647.372	1998.73	377.214
479	95.1237	656.825	2304.72	398.393
480	95.1237	647.321	2681   	406.449
481	95.1237	647.229	2487.07	408.16 
482	95.1237	647.504	2317.98	404.144
483	95.1237	644.038	2198.02	394.92 
484	95.1237	647.642	2286.29	387.101
485	95.1237	657.218	2877.58	405.95 
486	95.0416	648.753	2286.29	403.004
487	95.0416	643.79 	2276.11	406.866
488	95.0416	646.256	2270.47	396.259
489	95.0416	641.712	2163.84	406.256
490	95.0416	644.147	2244.42	405.69 
491	95.0416	637.682	2244.42	391.913
492	95.0416	646.328	2480.24	392.472
493	95.0416	642.65 	2409.34	381.151
494	95.0416	635.042	2557.83	372.642
495	95.0416	644.116	2081.84	375.172
496	95.0416	645.28 	2042.4 	375.155
497	95.0416	640.868	2147.38	369.981
498	95.0416	641.896	2253.82	376.706
499	95.0416	627.222	2140.26	364.943
92.94000001
