/usr/lib/python2.7/site-packages/deap/tools/_hypervolume/pyhv.py:33: ImportWarning: Falling back to the python version of hypervolume module. Expect this to be very slow.
  "module. Expect this to be very slow.", ImportWarning)
gen	min    	avg    	max    	std    
0  	188.823	1388.45	4165.74	809.236
1  	188.823	1383.62	4034.13	799.136
2  	168.052	1380.9 	4003.33	790.285
3  	168.052	1380.85	4026.19	786.567
4  	168.052	1385.9 	4236.57	782.616
5  	168.052	1385.82	4183.24	793.078
6  	163.475	1382.28	4522.61	788.475
7  	163.475	1380.96	4434.34	803.214
8  	163.475	1385.2 	4274.21	808.671
9  	163.475	1373.54	4413.08	802.23 
10 	149.71 	1372.45	4312.91	798.811
11 	149.71 	1369.21	4304.75	802.346
12 	149.71 	1365.25	4304.75	819.759
13 	149.71 	1358.31	4183.16	821.341
14 	149.71 	1351.4 	4234.45	804.073
15 	149.71 	1345.57	4234.45	796.904
16 	147.113	1335.69	4031.96	790.368
17 	147.113	1331.2 	4616.43	783.242
18 	147.113	1334.87	4616.43	783.205
19 	147.113	1324.83	4224.34	753.588
20 	147.113	1327.49	4036.04	748.868
21 	147.113	1323.97	4065.87	740.531
22 	125.739	1333.1 	4048.27	750.39 
23 	111.008	1333.21	4338.75	752.877
24 	111.008	1323.62	4037.76	761.129
25 	111.008	1315.32	4130.12	758.85 
26 	111.008	1309.6 	4200.42	773.692
27 	111.008	1300.73	4093.02	762.797
28 	111.008	1297.01	4171.43	756.06 
29 	111.008	1293.98	4498.92	744.156
30 	111.008	1275.66	4029.75	735.021
31 	111.008	1277.25	3900.16	721.388
32 	111.008	1265.63	3910.6 	709.517
33 	111.008	1259.42	4085.84	726.786
34 	111.008	1263.12	3773.2 	726.658
35 	111.008	1263.56	3903.13	731.553
36 	111.008	1252.25	4284.59	722.991
37 	111.008	1247.48	4284.59	711.616
38 	111.008	1247.06	3957.67	715.809
39 	111.008	1244.09	3773.84	705.604
40 	111.008	1238.01	4167.19	711.039
41 	111.008	1246.28	3849.79	724.011
42 	111.008	1238.53	4092.15	725.242
43 	111.008	1246.83	4214.34	739.222
44 	111.008	1231.93	4161.31	730.45 
45 	111.008	1220   	4068.36	724.721
46 	111.008	1217.75	4279.04	723.616
47 	111.008	1213.73	3877.73	722.058
48 	111.008	1213.8 	3877.73	724.362
49 	111.008	1219.3 	3923.22	729.587
50 	111.008	1205.95	3869.87	700.142
51 	111.008	1203.5 	3953.33	686.493
52 	111.008	1215.62	3869.87	714.92 
53 	111.008	1214.3 	4209.84	714.403
54 	111.008	1209.44	3908.28	695.666
55 	111.008	1208.68	3964.05	711.689
56 	111.008	1201.41	4070.54	714.133
57 	111.008	1195.89	4020.16	709.268
58 	111.008	1201.86	4064.29	715.891
59 	111.008	1203.05	4051.72	715.655
60 	111.008	1209.52	3985.66	711.673
61 	111.008	1210.26	4218.8 	738.187
62 	111.008	1192.65	4147.71	721.351
63 	111.008	1194.44	4298.77	736.32 
64 	111.008	1190.25	4298.77	727.555
65 	111.008	1188.42	4311.69	723.689
66 	111.008	1181.8 	4021.64	721.264
67 	111.008	1172.29	4021.64	717.738
68 	111.008	1165.46	4617.38	710.155
69 	111.008	1160.26	4472.15	699.617
70 	111.008	1157.58	4245.97	686.49 
71 	111.008	1152.58	3807.43	690.051
72 	111.008	1161.14	3656.82	686.891
73 	111.008	1153.06	3955.55	688.494
74 	111.008	1143.96	4090.88	687.433
75 	111.008	1149.66	3673.96	700.031
76 	111.008	1145.74	3723.03	686.296
77 	111.008	1156.31	4010.58	693.712
78 	111.008	1158.59	4010.58	706.538
79 	111.008	1170.65	3861.35	712.854
80 	111.008	1160.21	3564.29	689.909
81 	111.008	1150.75	3564.29	686.841
82 	111.008	1141.69	3547.55	676.449
83 	111.008	1135.35	3451.82	661.38 
84 	111.008	1133.6 	3398.87	655.599
85 	111.008	1136.65	3750.83	665.708
86 	108.97 	1144.28	3885.44	672.977
87 	108.97 	1136.4 	3885.44	680.552
88 	108.97 	1136.29	3885.44	677.205
89 	108.97 	1138.53	3851.63	680.348
90 	108.97 	1134.54	3844.14	686.357
91 	108.97 	1126.54	3844.14	689.234
92 	108.97 	1126.29	3673.87	678.927
93 	108.97 	1130.96	3568.1 	692.603
94 	108.97 	1127.69	3695.58	695.063
95 	108.97 	1116.76	3666.88	687.303
96 	108.97 	1105.43	3935.45	689.308
97 	108.97 	1099.99	3935.45	682.532
98 	108.97 	1096.1 	3553.16	669.05 
99 	108.97 	1092.95	3550.06	653.656
100	108.97 	1094.95	3543.77	680.162
101	108.97 	1080.36	3661.18	679.19 
102	108.97 	1073.47	3561.65	669.57 
103	108.97 	1063.79	3657.54	666.353
104	108.97 	1060.14	3489.53	660.141
105	108.97 	1066.03	3489.53	651.518
106	108.97 	1066.88	4006.2 	665.298
107	108.97 	1063.44	4767.68	674.761
108	108.97 	1057.34	3856.15	651.618
109	108.97 	1058.88	3548.48	634.352
110	108.97 	1060.02	3824.6 	638.303
111	108.97 	1051.99	3968.4 	615.325
112	108.97 	1068.1 	3968.4 	641.735
113	108.97 	1060.53	3883.48	638.464
114	108.97 	1062.72	3602.89	639.2  
115	108.97 	1064.57	3912.51	627.298
116	108.97 	1063.54	3880.08	653.109
117	108.97 	1059.7 	3839.2 	646.527
118	108.97 	1050.76	3839.2 	643.648
119	108.97 	1053.92	3882.85	661.142
120	108.97 	1049.25	3879.43	646.736
121	108.97 	1040.88	3471.26	629.385
122	108.97 	1041.48	4175.13	640.882
123	108.97 	1042.35	3690   	635.803
124	108.97 	1039.41	3473.71	625.123
125	108.97 	1036.16	3563.11	625.919
126	108.97 	1038.65	3708.52	619.113
127	108.97 	1039.49	3606.51	604.413
128	108.97 	1038.01	3871.32	607.909
129	108.97 	1037.78	3418.62	602.222
130	108.97 	1034.2 	3906.79	610.354
131	108.97 	1023.61	3665.77	614.18 
132	108.97 	1012.15	3418.12	606.981
133	108.97 	1016.14	3302.29	599.217
134	108.97 	1010.59	3025.18	580.322
135	108.97 	1005.46	2986.61	579.314
136	108.97 	1010.43	3511.27	607.433
137	108.97 	1000.32	3509.78	615.701
138	108.97 	1003.03	3731.37	639.193
139	108.97 	990.387	3592.92	623.036
140	108.97 	999.857	3875.82	655.624
141	108.97 	992.759	3697.41	622.679
142	108.97 	995.488	3723.01	623.987
143	108.97 	996.984	3801.64	617.1  
144	108.97 	1007.78	3801.64	620.733
145	108.97 	1008.84	3843.15	630.29 
146	108.97 	1018.9 	3843.15	626.81 
147	108.97 	1018.94	4309.51	644.544
148	106.751	1029.81	4309.51	658.572
149	106.751	1006.34	3835.33	651.402
150	106.751	989.709	3805.98	652.647
151	106.751	1004.54	3756.68	621.538
152	106.751	1003.58	3642.97	616.137
153	106.751	1004.44	3510.67	616.026
154	106.751	994.452	4344.32	629.11 
155	106.751	998.643	4178.82	643.66 
156	106.751	979.716	4562.91	629.584
157	106.751	981.494	3805.35	630.976
158	106.751	975.381	3649.15	619.108
159	106.751	967.942	3206.52	606.492
160	106.751	960.955	3179.93	579.661
161	106.751	956.973	3662.59	591.392
162	106.751	958.078	3511.24	587.214
163	104.436	961.984	3707.09	608.113
164	104.436	963.887	3778.9 	605.733
165	104.436	954.957	3650.47	600.135
166	104.436	950.816	3344.72	591.775
167	104.436	959.579	3428.53	601.186
168	104.436	953.54 	3402.36	588.389
169	104.436	948.699	3728.86	612.361
170	104.436	937.382	3503.76	581.902
171	104.071	938.516	3408.24	590.169
172	104.071	948.278	3500.44	584.845
173	104.071	948.197	3737.73	592.763
174	104.071	945.795	3795.43	590.679
175	104.071	939.355	3500.44	584.391
176	104.071	924.448	3500.44	562.748
177	104.071	919.447	3707.08	559.593
178	104.071	915.992	3707.08	562.396
179	104.071	914.953	3123.72	556.584
180	104.071	923.135	3214.97	579.23 
181	104.071	910.806	3214.97	560.667
182	104.071	903.817	2920.14	549.005
183	104.071	900.505	2920.14	544.362
184	104.071	902.242	3060.12	542.896
185	104.071	893.751	3060.12	536.624
186	104.071	892.334	3361.09	544.605
187	104.071	899.355	3464.81	542.799
188	104.071	899.248	2894.17	559.385
189	104.071	891.123	3500.72	566.422
190	104.071	887.469	3500.72	563.941
191	104.071	880.939	3338.85	550.195
192	104.071	891.831	3929.96	572.892
193	104.071	887.879	3684   	564.971
194	104.071	884.32 	3838.34	565.282
195	104.071	890.572	3739.15	579.648
196	104.071	888.563	3451.09	570.909
197	104.071	888.779	3750.66	569.196
198	104.071	879.795	3081.45	547.613
199	104.071	879.786	3081.45	548.348
200	104.071	876.154	3008.48	549.695
201	104.071	886.006	3244.01	553.871
202	104.071	883.248	3008.48	540.45 
203	104.071	878.535	2911.6 	527.056
204	104.071	876.157	3364.23	523.713
205	104.071	870.393	2893.82	524.144
206	104.071	871.729	3159.83	515.899
207	104.071	869.176	3062.6 	514.473
208	104.071	873.165	2913.4 	529.491
209	104.071	872.437	2840.67	536.222
210	104.071	871.511	3500.43	546.361
211	104.071	872.588	3015.57	539.292
212	104.071	872.446	3193.32	550.949
213	104.071	861.837	3037.4 	537.883
214	104.071	865.373	3654.87	543.468
215	104.071	873.189	3457.79	536.56 
216	104.071	871.191	3439.63	537.801
217	103.089	865.275	3238.99	530.304
218	103.089	865.067	3242.37	539.338
219	103.089	875.02 	3129.28	521.614
220	103.089	866.825	3362.97	524.923
221	103.089	857.887	3198.83	519.15 
222	103.089	854.297	2934.98	518.71 
223	103.089	858.622	3103.29	529.322
224	103.089	858.444	3103.29	522.263
225	103.089	859.572	3045.69	531.798
226	103.089	868.808	3014.47	530.339
227	103.089	860.628	3034.1 	516.393
228	103.089	864.795	3034.1 	518.885
229	103.089	879.261	2983.63	523.714
230	103.089	873.211	3104.05	521.287
231	103.089	867.545	2893.35	525.294
232	103.089	858.142	2748.16	506.408
233	103.089	856.177	3051.43	521.726
234	103.089	864.049	3051.43	543.162
235	102.968	852.996	3051.43	544.597
236	102.968	847.396	3779.09	540.319
237	102.968	837.867	3317.76	520.8  
238	102.968	835.351	3641.28	532.426
239	102.968	834.511	3219.72	515.271
240	102.968	840.782	3206.66	519.17 
241	102.968	832.588	2937.98	501.067
242	102.968	830.639	2979.94	508.26 
243	100.805	821.66 	3053.96	511.176
244	100.805	812.629	2645.32	497.053
245	100.805	803.387	3229.28	485.741
246	100.805	806.719	3352.39	499.656
247	100.805	815.799	2843.48	488.383
248	100.805	810.314	3525.44	492.932
249	100.805	823.742	2788.85	507.669
250	100.805	829.993	3251.65	509.705
251	100.805	827.867	2815.32	499.081
252	100.805	825.677	2922.18	515.104
253	100.805	809.256	2828.57	490.537
254	100.805	810.14 	2768.24	490.04 
255	100.805	817.127	3244.86	502.796
256	100.805	818.732	3170.66	505.129
257	100.805	812.644	3156.36	499.637
258	100.805	805.522	2734.73	496.957
259	100.805	801.128	2645.67	488.729
260	100.805	805.608	2645.67	496.382
261	100.805	802.218	3150.31	502.736
262	100.805	793.051	2980.52	490.774
263	100.805	801.547	3287.35	499.205
264	100.805	789.679	3070.66	498.179
265	100.805	787.872	3155.25	499.376
266	100.805	787.321	2772.87	491.645
267	100.805	781.144	2939.95	491.666
268	100.805	783.425	2948.68	481.276
269	100.805	783.806	3130.38	487.619
270	100.805	791.411	3103.6 	493.779
271	100.805	785.519	3103.6 	476.439
272	100.805	792.74 	2846.74	466.58 
273	100.805	794.609	2846.74	471.921
274	100.805	791.818	3292.26	477.965
275	100.805	780.675	2658.83	466.756
276	100.805	776.542	2911.58	477.23 
277	100.805	768.067	3200.43	470.209
278	100.805	774.901	2911.58	473.079
279	100.805	779.963	3311.05	484.103
280	99.2024	782.895	3135.14	482.257
281	99.2024	774.849	2660.55	469.936
282	99.2024	772.666	2752.56	461.243
283	99.2024	762.353	2815.49	444.084
284	99.2024	764.869	2847.71	451.791
285	99.2024	747.462	2537.33	435.437
286	99.2024	764.313	2507.63	444.048
287	99.2024	776.444	2690.37	470.883
288	99.2024	770.807	2519.17	454.498
289	99.2024	760.36 	2460.17	442.864
290	99.2024	757.722	2592.57	452.371
291	99.2024	762.778	2580.2 	460.081
292	99.2024	766.298	2451.46	467.658
293	99.2024	768.679	2709.79	471.217
294	99.2024	780.658	2600.88	483.283
295	99.2024	775.183	2600.88	467.266
296	99.2024	768.024	2600.88	453.577
297	99.2024	761.859	2588.76	457.377
298	99.2024	761.182	2671.11	458.628
299	99.2024	758.91 	2796.19	464.755
300	99.2024	767.927	2928.73	487.051
301	99.2024	757.6  	2663.28	466.058
302	99.2024	755.268	2588.56	453.63 
303	99.2024	754.312	2744.23	444.773
304	99.2024	756.461	2500.05	445.747
305	99.2024	749.683	2487.26	427.724
306	99.2024	752.385	2872.99	438.903
307	99.2024	752.447	2748.25	430.086
308	99.2024	750.566	2940.73	426.546
309	99.2024	749.997	2932.43	434.843
310	99.2024	759.996	2837.38	433.664
311	99.2024	760.96 	2463.11	429.213
312	99.2024	765.824	2704.21	437.804
313	99.2024	762.913	2769.69	449    
314	99.2024	763.065	2628.84	450.935
315	99.2024	765.026	2628.84	456.371
316	99.2024	767.508	2600.01	454.548
317	99.2024	752.487	2600.01	441.196
318	99.2024	755.831	2664.78	445.88 
319	99.2024	754.753	2607.39	439.701
320	99.2024	753.68 	2670.24	437.235
321	99.2024	728.621	2427.59	413.794
322	99.2024	721.986	2427.59	415.571
323	99.2024	718.909	2427.59	420.143
324	99.2024	716.504	2477.79	407.338
325	99.2024	710.588	2477.79	404.39 
326	99.2024	702.909	2495.91	403.29 
327	99.2024	704.948	2360.47	402.493
328	99.2024	713.095	2490.42	410.268
329	99.2024	710.265	2324.03	408.961
330	99.2024	706.328	2910.31	411.087
331	99.2024	697.945	2917.72	425.116
332	99.2024	712.17 	2830.37	438.317
333	99.2024	704.307	2631.92	424.968
334	99.2024	698.365	2620.72	416.718
335	99.2024	708.396	2620.72	422.206
336	99.2024	703.217	2278.74	414.148
337	99.2024	704.977	2333.95	414.128
338	99.2024	713.026	2496.29	425.219
339	99.2024	720.2  	2496.29	431.376
340	99.2024	725.706	3349.61	439.512
341	99.2024	724.816	2637.7 	450.574
342	99.2024	722.396	2594.81	453.305
343	99.2024	715.73 	2783.61	459.485
344	99.2024	718.105	2529.99	457.601
345	99.2024	721.05 	2932.38	464.865
346	99.2024	721.445	2776.5 	470.565
347	99.2024	714.99 	2491.96	457.187
348	99.2024	715.957	2344.61	449.654
349	99.2024	713.003	2762.18	441.915
350	99.2024	712.617	2762.18	441.929
351	99.2024	718.386	2779.17	447.827
352	99.2024	711.374	2641.91	435.994
353	99.2024	708.959	2455.21	425.485
354	99.2024	697.386	2395.57	403.213
355	99.2024	703.68 	2145.59	399.246
356	99.2024	700.615	2194.09	401.051
357	99.2024	688.234	2420.71	392.996
358	99.2024	688.187	2250.93	394.473
359	99.2024	690.487	2395.44	409.945
360	99.2024	687.038	2187.54	398.95 
361	99.2024	685.627	2187.54	400.748
362	99.2024	685.302	2846.26	413.715
363	99.0578	687.118	2532.18	412.673
364	99.0578	686.292	2435.5 	398.582
365	99.0578	682.595	2284.34	400.933
366	99.0578	688.995	2602.3 	409.675
367	99.0578	682.241	2602.3 	405.003
368	99.0578	692.896	2625.45	410.362
369	99.0578	691.239	2625.45	413.006
370	99.0578	691.343	2616.28	415.992
371	99.0578	703.268	2559.1 	419.509
372	99.0578	704.672	2559.1 	420.741
373	99.0578	707.001	2592.49	436.237
374	99.0578	721.397	2559.1 	440.677
375	99.0578	729.149	2751.22	462.509
376	99.0578	727.016	2722.62	468.079
377	99.0578	729.843	2722.62	462.129
378	99.0578	720.43 	2694.36	448.872
379	99.0578	711.568	2540.35	442.607
380	99.0578	705.693	2562.1 	432.873
381	99.0578	690.833	2562.1 	427.105
382	99.0578	695.044	2378.84	427.579
383	99.0578	689.406	2525.94	421.394
384	99.0578	688.751	2465.27	422.266
385	99.0578	698.147	2406.37	414.244
386	99.0578	695.318	2639.01	425.337
387	99.0578	691.563	2629.02	428.143
388	99.0578	684.542	2607.43	415.44 
389	99.0578	681.985	2591.78	409.336
390	99.0578	679.831	2287.1 	397.303
391	99.0578	671.517	2188.41	377.247
392	99.0578	682.277	2234.94	397.498
393	99.0578	690.811	2787.21	419.381
394	99.0578	683.459	2787.21	417.179
395	99.0578	676.642	2787.21	433.364
396	99.0578	675.084	2781.63	428.443
397	99.0578	675.742	2413.6 	421.397
398	99.0578	691.317	2375.11	427.519
399	99.0578	702.349	2314.77	427.255
400	99.0578	693.067	2636.14	422.109
401	99.0578	687.775	2913.97	435.628
402	99.0578	688.113	3611.89	443.556
403	99.0578	686.779	3544.65	443.975
404	99.0578	683.751	3219.91	445.835
405	99.0578	670.681	3020.09	443.714
406	99.0578	678.659	2784.44	433.696
407	99.0578	680.708	2545.57	434.693
408	99.0578	680.864	2507.96	426.471
409	99.0578	680.564	2487.04	429.172
410	99.0578	671.787	2487.04	414.818
411	99.0578	676.851	2888.13	421.276
412	99.0578	675.792	2412.03	418.998
413	99.0578	683.885	2514.14	416.879
414	99.0578	676.945	2514.14	402.902
415	99.0578	665.695	2387.41	383.988
416	99.0578	664.539	2441.21	380.701
417	99.0578	664.347	2336.72	384.155
418	99.0578	670.211	2174.25	389.494
419	99.0578	662.44 	2421.03	378.79 
420	99.0578	666.197	2402.78	386.108
421	99.0578	654.316	2554.55	382.601
422	99.0578	659.842	2493.93	383.809
423	99.0578	666.152	2471.81	383.353
424	99.0578	664.996	2616.46	386.383
425	99.0578	668.584	2486.05	393.203
426	99.0578	683.432	2471.81	393.902
427	99.0578	678.454	2471.81	396.663
428	99.0578	675.454	2378.93	402.489
429	99.0578	673.085	2378.93	398.479
430	99.0578	654.324	2814.04	382.914
431	99.0578	656.608	2814.04	395.499
432	99.0578	664.133	2432.57	409.352
433	99.0578	653.402	2413.78	401.423
434	99.0578	653.195	2413.78	402.701
435	99.0578	653.282	2413.78	394.031
436	99.0578	660.047	2461.23	401.896
437	99.0578	659.14 	2583.33	412.796
438	99.0578	654.487	2583.33	407.301
439	99.0578	658.273	2444.44	408.119
440	99.0578	671.247	2447.7 	423.193
441	99.0578	661.803	2506.16	406.744
442	99.0578	659.809	2425.07	401.295
443	99.0578	661.485	2547.98	391.432
444	99.0578	661.191	2327.55	391.823
445	99.0578	669.228	2658.82	410.465
446	99.0578	667.561	2554.84	403.703
447	99.0578	658.185	2350.64	391.778
448	99.0578	661.122	3056.39	407.978
449	99.0578	657.3  	2523.66	412.994
450	99.0578	657.957	2602.71	410.801
451	99.0578	649.333	2562.67	404.057
452	99.0578	659.265	2459.28	405.56 
453	99.0578	657.045	2624.12	403.231
454	99.0578	662.505	2966.51	422.477
455	99.0578	666.17 	2897.23	423.118
456	99.0578	663.885	2833.87	422.063
457	99.0578	668.057	2655.76	436.853
458	99.0578	659.2  	2484.2 	419.131
459	99.0578	651.028	2557.21	406.841
460	99.0578	648.365	2453.19	401.567
461	99.0578	654.172	2308.84	396.859
462	99.0578	649.309	2308.84	400.272
463	99.0578	649.629	2463.9 	406.802
464	99.0578	645.919	2391.9 	408.345
465	99.0578	643.667	2501.72	397.616
466	99.0578	649.987	2294.11	403.249
467	99.0578	648.613	2629.09	397.072
468	99.0578	639.344	2425.3 	389.691
469	99.0578	644.059	2270.67	395.084
470	99.0578	640.602	2268.14	397.044
471	99.0578	649.294	2268.14	401.52 
472	99.0578	638.939	2248.51	383.181
473	99.0578	638.307	2378.61	391.176
474	99.0329	641.958	2241.94	384.182
475	99.0329	646.84 	2379   	388.134
476	99.0329	640.211	2388.89	385.58 
477	99.0329	633.644	2388.89	379.518
478	99.0329	631.499	2241.94	367.733
479	99.0329	645.179	3124.97	399.747
480	99.0329	639.586	2149.62	385.257
481	99.0329	644.718	2149.62	388.037
482	99.0329	651.43 	2331.74	393.888
483	99.0329	640.416	2205.71	383.306
484	99.0329	634.979	2205.71	378.743
485	99.0329	647.757	2205.71	382.798
486	99.0329	643.346	2832.91	385.796
487	99.0329	645.933	2547.18	398.461
488	99.0329	636.18 	2409.44	397.772
489	99.0329	638.431	2677.79	392.489
490	99.0329	635.708	2469.44	376.36 
491	99.0329	630.63 	2518.82	379.846
492	99.0329	632.033	2224.06	386.021
493	99.0329	631.652	2166.59	387.343
494	99.0329	634.7  	2372.9 	391.117
495	99.0329	632.643	2319.33	392.595
496	99.0329	623.185	2409.84	376.964
497	99.0329	625.962	2673.3 	393.725
498	99.0329	626.467	2815.41	397.86 
499	99.0329	633.011	2474.24	404.574
92.94000001
