/usr/lib/python2.7/site-packages/deap/tools/_hypervolume/pyhv.py:33: ImportWarning: Falling back to the python version of hypervolume module. Expect this to be very slow.
  "module. Expect this to be very slow.", ImportWarning)
gen	min    	avg    	max    	std    
0  	121.254	1392.03	4653.62	807.107
1  	121.254	1386.67	4512   	809.258
2  	121.254	1393.1 	4364.16	807.055
3  	121.254	1397.19	4163.48	801.903
4  	121.254	1394.95	4035.62	800.572
5  	121.254	1395.69	4139.38	786.098
6  	121.254	1393.08	4329.58	800.779
7  	121.254	1388.61	4857.54	793.711
8  	121.254	1367.37	4245.44	757.108
9  	121.254	1358.94	4149.75	756.839
10 	121.254	1364.18	4324.76	749.977
11 	121.254	1376.8 	4149.75	770.789
12 	117.428	1370.43	4019.27	771.878
13 	117.428	1361.48	4019.27	771.732
14 	117.428	1348.21	4666.37	760.79 
15 	117.428	1338.43	4109.72	759.241
16 	117.428	1329.29	4508.89	756.599
17 	117.428	1330.41	4592.44	772.207
18 	117.428	1335.18	4403.18	784.074
19 	117.428	1343.37	4506.46	786.465
20 	117.428	1331.13	4522.8 	771.906
21 	114.285	1322.75	4110.38	768.012
22 	114.285	1323.04	4657.29	763.895
23 	114.285	1316.47	4304.37	758.402
24 	114.285	1314.89	4487.28	749.083
25 	114.285	1310.39	4201.93	745.663
26 	114.285	1314.81	4201.93	752.871
27 	114.285	1323.4 	4436.02	758.502
28 	114.285	1317.71	4362.07	754.944
29 	114.285	1293.04	4252.37	727.179
30 	114.285	1281.91	4143.73	724.248
31 	111.675	1282.13	4099.06	728.327
32 	111.675	1287.82	4217.08	749.697
33 	111.675	1283.5 	4217.08	746.037
34 	111.675	1280.01	4217.08	729.671
35 	111.675	1278.64	3926.56	727.084
36 	111.675	1281.25	3681.32	709.979
37 	111.531	1279.12	3922.88	723.353
38 	111.531	1270.23	4066.74	749.431
39 	111.531	1265.68	4586.39	747.849
40 	111.531	1262.2 	4474.24	747.465
41 	111.531	1265.73	4351.58	743.43 
42 	111.531	1256.36	4351.58	754.917
43 	111.531	1241.72	4204.52	752.376
44 	111.531	1238.9 	4204.52	757.704
45 	111.531	1235.76	4066.54	746.558
46 	111.531	1230.12	4081.83	751.406
47 	110.786	1220.33	3905.05	744.515
48 	110.786	1229.04	4112.85	759.348
49 	110.786	1228.75	4670.08	739.018
50 	110.786	1223.78	4243.22	737.535
51 	110.786	1234.53	4406.37	755.292
52 	110.786	1247.89	4147.8 	763.056
53 	110.786	1235.28	4147.8 	745.594
54 	110.786	1238.48	3912.24	740.435
55 	110.786	1217.5 	3999.04	739.573
56 	110.786	1219.11	3864.33	728.231
57 	110.786	1219.21	3912.14	710.753
58 	110.786	1222.06	3978.18	717.416
59 	110.786	1239.39	3855.58	730.1  
60 	110.786	1231.45	3931.99	725.244
61 	110.786	1218.12	3813.54	696.484
62 	110.786	1216.98	3765.59	697.782
63 	110.786	1223.86	3896.29	709.657
64 	110.786	1220.06	4540.96	727.157
65 	110.786	1222.93	3833.93	722.47 
66 	110.786	1216.71	3739.17	714.445
67 	110.786	1208.53	3835.4 	697.641
68 	110.786	1202.51	4457.13	706.763
69 	110.786	1199.72	3875.02	705.778
70 	110.786	1205.66	4269.68	730.2  
71 	110.786	1202.42	4078.95	719.688
72 	110.786	1195.78	4078.95	716.528
73 	110.786	1202.91	4078.95	724.017
74 	110.786	1192.89	3796.66	698.264
75 	110.786	1192.2 	3700.78	697.285
76 	110.786	1187.97	3700.78	686.464
77 	110.786	1185.25	3949.62	688.525
78 	110.786	1183.09	3802.76	710.222
79 	110.786	1180.67	3691.97	700.541
80 	110.786	1164.51	4005.52	690.899
81 	110.786	1159.87	3981.71	699.736
82 	110.786	1144.62	3981.71	683.155
83 	110.786	1141.89	4003.34	681.013
84 	110.786	1134.19	3659.74	661.104
85 	110.786	1133.87	3659.74	658.239
86 	110.786	1136.47	4320.05	655.948
87 	110.786	1141.27	3776.16	655.845
88 	110.786	1131.66	3633.72	648.369
89 	110.786	1136.1 	3884.02	671.034
90 	110.786	1125.91	3884.02	669.716
91 	110.786	1120.87	3598.01	671.247
92 	110.786	1114.89	4134.34	684.364
93 	110.786	1111.74	4134.34	672.647
94 	110.786	1111.18	3755.44	673.789
95 	110.786	1107.33	3693.04	651.838
96 	110.786	1099.02	3959.91	658.64 
97 	110.786	1104.23	3693.04	668.023
98 	110.786	1109.86	3448.16	681.682
99 	110.786	1091.25	3583.88	652.192
100	110.786	1086.22	3583.88	653.893
101	110.786	1079.62	3583.88	656.542
102	110.786	1081.04	3675.94	655.604
103	110.786	1090.07	3958.08	665.015
104	110.786	1096.55	3726.85	671.852
105	110.786	1091.6 	3725.99	665.223
106	110.786	1096.85	3420.46	673.48 
107	110.786	1102.24	4175.79	673.185
108	110.786	1090.25	3878.56	668.438
109	110.786	1091.85	3773.19	663.979
110	110.786	1081.16	3466.93	656.313
111	106.5  	1088.91	4142.35	676.952
112	106.5  	1087.56	4240.27	673.056
113	106.5  	1074.63	3482.17	642.51 
114	106.5  	1078   	3295.23	644.011
115	106.5  	1081.39	4167.89	659.97 
116	106.5  	1069.76	4097.91	662.848
117	106.5  	1063.93	3714.33	633.58 
118	106.5  	1057.85	3645.4 	626.709
119	106.5  	1063.21	3953.76	656.457
120	106.5  	1055.29	3953.76	662.87 
121	106.5  	1052.94	3541.78	667.941
122	106.5  	1041.42	3898.47	651.859
123	106.5  	1032.28	3492.48	643.394
124	106.5  	1041.59	3677.44	635.306
125	106.5  	1034.54	3519.9 	634.85 
126	106.5  	1034.06	3519.9 	628.284
127	106.5  	1036.41	3528.3 	645.336
128	106.5  	1038.74	3528.3 	636.515
129	106.5  	1028.06	3764.7 	620.187
130	106.5  	1037.82	3585.83	616.179
131	106.5  	1030.69	3585.83	615.071
132	106.5  	1032.72	3393.35	621.138
133	106.5  	1035.22	3393.35	628.891
134	106.5  	1033.91	3378.08	615.428
135	106.5  	1034.37	3294.58	619.715
136	106.5  	1041.54	4027.33	641.999
137	106.5  	1038.05	3888.4 	655.309
138	106.5  	1042.67	3502.54	643.941
139	106.5  	1036.04	4154.34	644.463
140	106.5  	1022.18	4154.34	626.356
141	106.5  	1023.38	3743.55	635.681
142	106.5  	1010.15	3598.62	641.559
143	106.5  	1010.98	3651.47	631.705
144	106.5  	1010.38	3634.96	638.018
145	106.5  	1021.34	4035.74	631.545
146	106.5  	1008.88	3748.43	623.456
147	106.5  	1011.59	3989.12	632.087
148	106.5  	1019.54	3989.12	631.512
149	106.5  	1019.48	3600.92	637.038
150	106.5  	1015.25	4492.37	649.587
151	106.5  	1003.62	4705.9 	640.533
152	106.5  	1000.45	4116.7 	626.41 
153	106.5  	1002.47	4031.1 	634.282
154	106.5  	993.263	3946.93	624.539
155	106.5  	999.916	3513.08	619.378
156	106.5  	997.12 	3382.67	600.278
157	106.5  	983.093	3212.41	578.799
158	106.5  	972.968	3340.98	593.259
159	106.5  	970.098	3142.35	580.493
160	106.5  	967.348	3038.93	575.709
161	106.5  	969.43 	2984.65	574.458
162	106.5  	974.311	3585.83	581.194
163	106.5  	962.111	2990.65	564.971
164	106.5  	968.677	3084.35	582.717
165	106.5  	955.823	3084.2 	575.902
166	106.5  	959.553	3084.2 	584.371
167	106.5  	961.227	3144.62	573.546
168	106.5  	962.201	3090.63	586.485
169	106.5  	950.066	3997.8 	580.417
170	106.5  	950.083	3368.7 	577.663
171	106.5  	954.324	3415.36	590.342
172	106.5  	947.241	3415.36	571.213
173	106.5  	945.215	3379.07	576.051
174	106.5  	954.107	3314.31	579.622
175	106.5  	954.214	3442.13	585.443
176	106.5  	949.302	3442.13	579.687
177	106.5  	939.955	3394.99	587.942
178	106.5  	935.739	3431.79	574.135
179	106.5  	931.421	3058.04	555.075
180	106.5  	929.248	3373.16	565.906
181	106.5  	933.242	3337.94	563.453
182	106.5  	934.131	3283.15	580.039
183	106.5  	933.117	3293.15	576.977
184	106.5  	928.128	3283.15	583.799
185	106.446	933.132	3322.48	594.927
186	106.446	938.016	3224.74	607.751
187	106.446	939.704	3595.6 	614.297
188	106.446	937.397	3475   	600.284
189	106.446	939.181	3477.03	590.663
190	106.446	924.339	3292.96	578.099
191	106.446	907.806	3450.08	585.806
192	106.446	911.74 	3791.04	582.031
193	106.446	907.317	3590.86	555.888
194	106.446	909.758	3550.08	568.057
195	106.446	901.501	3202.44	552.707
196	106.446	896.476	3156.13	528.418
197	106.446	887.438	3053.08	525.446
198	106.446	889.746	3295.65	527.689
199	106.446	878.761	3296.98	536.599
200	106.446	890.137	3151.37	539.861
201	106.446	878.228	2971.02	518.273
202	106.446	876.932	3040.19	518.729
203	106.446	882.902	3267.83	535.04 
204	106.446	878.841	3024.83	534.82 
205	106.446	867.276	2831.43	528.171
206	106.446	871.565	2813.44	518.304
207	106.446	875.198	2983.34	512.733
208	106.446	870.233	2810.38	512.271
209	106.446	868.459	3149.62	529.209
210	106.446	859.717	3149.62	528.977
211	106.446	854.201	3507.08	520.458
212	106.446	857.851	2962.58	504.623
213	106.446	862.271	3672.22	513.513
214	106.446	862.058	3230.72	519.78 
215	106.446	865.35 	3120.74	521.7  
216	106.446	858.675	3061.85	524.19 
217	106.446	864.262	3254.6 	528.039
218	106.446	868.527	3008.12	531.876
219	106.446	861.464	3008.12	516.873
220	106.446	867.433	3184.39	534.775
221	106.446	861.786	3292.96	512.768
222	106.446	860.424	3184.39	517.319
223	106.446	868.981	3526.74	531.062
224	106.446	859.349	3398.08	525.392
225	106.446	861.484	3445.62	530.574
226	106.446	855.355	3855.4 	527.863
227	106.446	846.746	3427.2 	534.777
228	106.446	844.739	3394.37	540.006
229	106.446	849.869	3319.78	533.6  
230	106.446	835.281	3214.05	498.202
231	106.446	830.725	2939.03	495.348
232	106.446	829.029	2997.25	492.038
233	106.446	824.174	2926.56	503.256
234	106.446	819.972	3087.06	502.487
235	106.446	820.735	3012.92	479.525
236	106.446	834.314	2820.66	487.571
237	106.446	839.243	2926.84	497.903
238	106.446	834.223	2926.84	486.796
239	106.446	819.12 	2905.19	472.296
240	106.446	819.573	2608.85	461.321
241	106.446	812.525	2571.37	457.807
242	106.446	814.518	3095.61	471.056
243	106.446	822.904	3050.88	493.483
244	106.446	824.352	2896.04	480.647
245	106.446	819.11 	2751.36	461.367
246	106.446	815.056	2810   	461.803
247	106.446	809.139	2653.67	466.828
248	106.446	805.46 	2975.37	471.309
249	106.446	808.978	2737.4 	481.05 
250	106.446	822.738	2797.52	497.251
251	106.429	819.825	2797.52	493.451
252	106.429	813.686	2987.06	483.096
253	106.429	820.901	2987.06	488.597
254	106.429	814.62 	2746.94	486.425
255	106.429	819.542	2817.04	502.101
256	106.429	818.83 	2817.04	496.409
257	106.429	817.362	2921.07	503.365
258	106.429	830.372	2824.09	509.396
259	106.429	828.897	2824.09	501.832
260	106.429	834.967	3009.99	511.307
261	106.429	822.988	3131.1 	505.917
262	106.429	824.038	3094.93	508.618
263	106.429	822.095	2915.81	507.219
264	106.429	817.846	3052.64	499.77 
265	106.429	816.667	2655.12	496.769
266	105.398	810.172	2958.19	483.006
267	105.398	804.294	2609.92	484.805
268	105.398	801.226	2836.6 	484.888
269	105.398	799.793	2859.47	488.621
270	105.398	800.942	3415.8 	500.304
271	105.398	796.99 	3415.8 	498.631
272	105.398	788.09 	3167.13	468.232
273	105.398	790.979	3104.16	455.708
274	105.398	798.095	2837.71	459.25 
275	105.398	792.614	2579.21	448.984
276	105.398	793.044	2898.06	449.163
277	105.398	796.524	2990.77	462.833
278	105.398	791.197	2785.32	460.074
279	105.398	782.184	2746.67	454.998
280	105.398	789.247	2816.09	471.382
281	105.398	786.538	2626.03	466.188
282	105.398	785.579	2626.03	473.497
283	105.398	787.261	2758.14	482.099
284	105.398	793.459	2958.15	483.302
285	105.398	798.808	2958.15	482.039
286	105.354	800.204	2827.25	493.851
287	105.354	803.972	2827.25	501.007
288	105.354	802.31 	2844.92	496.258
289	105.354	797.84 	2710.39	487.761
290	105.354	792.736	2716.61	484.186
291	105.354	787.864	3026.23	474.051
292	105.354	782.295	3026.23	470.657
293	105.354	785.354	3026.23	478.694
294	105.354	776.861	2574.79	461.606
295	105.354	771.011	2643.86	445.172
296	105.354	768.509	2794.85	451.012
297	105.354	767.701	2629.57	456.661
298	105.354	774.463	2895.77	463.322
299	105.354	758.8  	2642.06	440.558
300	105.354	759.558	2899.42	441.696
301	105.354	755.004	2656.01	424.463
302	105.354	758.104	2656.01	444.333
303	105.354	771.156	2589   	435.582
304	105.354	777.056	2551.66	448.943
305	105.354	774.688	2733.87	442.076
306	105.354	773.652	2520.13	453.057
307	105.354	769.245	2433.47	460.861
308	105.354	763.332	2890.66	454.774
309	99.9855	764.107	2890.66	471.509
310	99.9855	753.795	2890.66	465.298
311	99.9855	750.621	3145.29	464.273
312	99.9855	754.655	3145.29	465.095
313	99.9855	747.993	3145.29	460.604
314	99.9855	747.606	2729.67	438.796
315	99.9855	742.852	2679.09	435.212
316	99.9855	739.545	2435.35	429.034
317	99.9855	728.953	2504.9 	424.162
318	99.9855	730.501	2474.94	422.35 
319	99.9855	727.888	2383.47	423.341
320	99.9855	731.409	2331.71	423.625
321	99.9855	732.67 	2841.38	444.618
322	99.9855	727.39 	2841.38	444.55 
323	99.9855	723.838	2759.83	441.3  
324	99.9855	744.241	2648.42	456.822
325	99.9855	743.348	2548.9 	466.679
326	99.9855	735.51 	2567.02	450.226
327	99.9855	735.976	2713.23	456.241
328	99.9855	733.017	2713.23	439.04 
329	99.9855	737.212	2609.1 	439.981
330	99.9855	731.368	2707.26	430.548
331	99.9855	733.771	2618.04	434.215
332	99.9855	738.941	2943.54	447.81 
333	99.9855	731.597	2444.49	423.549
334	98.6843	725.65 	2378.97	418.06 
335	98.6843	731.379	2598.85	442.134
336	98.6843	729.83 	2589.76	441.825
337	98.6843	733.743	2589.76	437.73 
338	98.6843	728.572	2566.67	440.59 
339	98.6843	726.004	2739.66	433.776
340	98.6843	734.827	3433   	445.816
341	98.6843	721.813	2832.13	434.559
342	98.6843	730.798	2597.98	429.864
343	98.6843	726.749	2597.98	429.747
344	98.6843	708.751	2620.96	419.928
345	98.6843	697.924	2285.45	392.496
346	98.6843	702.234	2916.39	411.043
347	98.6843	700.703	2524.28	410.873
348	98.6843	700.9  	2503.85	422.506
349	98.6843	697.691	2503.85	415.372
350	98.6843	703.198	2380.8 	407.643
351	98.6843	698.361	2380.8 	401.176
352	98.6843	698.704	2597.51	411.176
353	98.6843	692.933	2691.94	408.602
354	98.6843	689.044	2617.96	406.341
355	98.6843	695.606	2623.26	407.647
356	98.6843	702.395	2476.8 	409.895
357	98.6843	703.507	2571.66	428.767
358	98.6843	720.718	3102.34	440.275
359	98.6843	719.136	2398.12	432.055
360	98.6843	723.879	2761.71	426.071
361	98.6843	720.405	2513.48	430.349
362	98.6843	717.782	2545.01	433.412
363	98.6843	716.99 	2545.01	424.712
364	98.6843	716.894	2571.11	431.734
365	98.4098	721.255	2335.49	412.131
366	98.4098	715.054	2336.5 	404.479
367	98.4098	719.4  	2767.39	418.011
368	98.4098	724.714	2655.13	433.126
369	98.4098	719.695	2520.99	426.605
370	98.4098	723.192	2348.93	429.701
371	98.4098	728.345	3871.33	454.572
372	98.4098	722.247	3871.33	446.201
373	98.4098	702.377	2634.83	412.363
374	98.4098	703.851	2783.9 	420.315
375	98.4098	702.8  	2394.84	412.131
376	98.4098	701.302	2489.74	402.546
377	98.4098	707.623	2814.23	415.359
378	98.4098	708.872	3007.19	429.038
379	98.4098	700.886	2960.73	427.994
380	98.4098	697.739	2587.59	418.517
381	98.4098	697.483	2537.95	422.494
382	98.4098	707.298	2952.92	429.387
383	98.4098	705.64 	2539   	414.723
384	98.4098	708.213	2698.88	432.458
385	98.4098	704.062	2523.05	432.495
386	98.4098	699.377	2520.32	433.532
387	98.4098	691.694	2520.32	424.329
388	98.4098	696.815	2547.22	428.701
389	98.4098	694.143	3013.3 	419.051
390	98.4098	701.791	2421.52	421.947
391	98.4098	696.715	2983.94	411.924
392	98.4098	703.853	3013.05	449.975
393	98.4098	701.109	2794.47	447.947
394	98.4098	708.872	2718.94	429.236
395	98.4098	710.688	3037.9 	433.38 
396	98.4098	716.088	2791.81	430.217
397	98.4098	711.325	2638.75	426.497
398	98.4098	711.64 	2773.71	419.61 
399	98.4098	709.29 	2511.94	420.949
400	98.4098	706.805	2663.6 	428.035
401	98.4098	702.589	2511.94	408.201
402	98.4098	706.034	2435.02	411.486
403	98.4098	689.847	2422.65	397.381
404	98.4098	687.324	2422.65	403.605
405	98.4098	680.467	2359.36	401.36 
406	98.4098	680.12 	2424.14	405.611
407	98.4098	687.897	2401.54	408.77 
408	98.4098	690.736	2458.92	414.241
409	98.4098	698.525	2397.15	411.531
410	98.4098	695.609	2397.15	410.038
411	98.4098	691.449	2500.58	418.71 
412	98.4098	693.047	2467.24	431.041
413	98.4098	691.732	2338.17	430.324
414	98.4098	696.972	2306.89	423.611
415	98.4098	694.81 	2687.52	419.738
416	98.4098	692.149	2687.52	411.168
417	98.4098	690.848	2971.97	411.598
418	98.4098	690.746	2341.25	409.825
419	98.4098	691.068	2517.87	409.966
420	98.4098	687.433	2479.99	403.709
421	98.4098	675.53 	2528.69	385.907
422	98.4098	680.631	2212.73	389.968
423	98.4098	688.785	2212.73	401.968
424	98.4098	691.396	2212.73	404.962
425	98.4098	686.679	2392.52	409.882
426	98.4098	688.501	2700.08	409.45 
427	98.4098	683.71 	2294.1 	400.218
428	98.4098	675.603	2575.06	402.265
429	98.4098	686.159	2442.73	412.723
430	98.4098	682.194	2531.43	420.831
431	98.4098	672.487	2451.97	403.48 
432	98.4098	673.265	2933.68	407.306
433	98.4098	678.474	2662.62	417.176
434	98.4098	683.798	2613.59	415.781
435	98.4098	676.846	2537.48	402.432
436	98.4098	670.124	2323.24	414.037
437	98.4098	674.325	2813.87	424.18 
438	98.4098	667.59 	2391.27	395.645
439	98.4098	661.077	2280.56	392.844
440	98.4098	651.112	2442.26	376.848
441	98.4098	657.021	2558.61	381.77 
442	98.4098	660.395	2509.69	394.195
443	98.4098	662.017	2442.26	391.178
444	98.4098	653.09 	2477.45	381.62 
445	98.4098	657.336	2404.66	391.861
446	98.4098	662.863	2804.23	400.181
447	98.4098	659.56 	2431.38	386.584
448	98.4098	665.932	2383.64	395.808
449	98.4098	658.87 	2383.64	378.009
450	98.4098	661.578	2482.43	392.183
451	98.4098	660.074	2208.96	383.76 
452	97.654 	660.561	2590.49	398.651
453	97.654 	660.698	2590.49	391.195
454	97.654 	668.46 	2458.54	390.311
455	97.654 	664.806	2774.36	392.231
456	97.654 	670.75 	2262.25	397.17 
457	97.654 	662.903	2407.09	400.605
458	97.654 	661.485	2709.53	405.547
459	97.654 	669.407	2519.91	417.26 
460	97.654 	663.183	2519.91	406.017
461	97.654 	660.439	2516.27	391.979
462	97.654 	660.938	2485.51	385.584
463	97.654 	668.458	2827.02	407.014
464	97.654 	669.443	2827.02	411.052
465	97.654 	667.681	2658.93	402.348
466	97.654 	653.767	2618.38	395.776
467	97.654 	652.304	2359.7 	392.292
468	97.654 	650.052	2359.7 	381.033
469	97.654 	653.846	2455.91	391.598
470	97.654 	647.763	2640.82	384.538
471	97.654 	639.309	2455.91	371.703
472	97.654 	631.225	2455.91	368.104
473	97.4665	640.682	2257.3 	374.168
474	97.4665	634.435	2548.88	381.867
475	97.4665	633.417	2386.7 	377.203
476	97.4665	642.193	2794.23	378.056
477	97.4665	645.815	2780.88	380.68 
478	97.4665	639.202	2426   	370.933
479	97.4665	638.689	2495.69	382.057
480	97.4665	637.935	2143.63	371.23 
481	97.4665	638.38 	2205.06	378.377
482	97.4665	630.58 	2284.35	372.164
483	97.4665	634.196	2292.36	365.686
484	97.4665	637.711	2521.67	391.953
485	97.4665	632.859	2422.82	388.951
486	97.4665	627.993	2480.71	387.418
487	97.4665	633.308	2455.47	387.488
488	97.4665	634.916	2367.54	389.021
489	97.4665	633.009	2232.74	372.496
490	97.4665	627.874	2229.29	363.174
491	97.4665	623.813	2010.08	362.423
492	97.4665	619.173	2158.14	355.017
493	97.4665	624.137	2569.3 	364.25 
494	97.4665	624.925	2391.09	362.97 
495	97.4665	625.336	2374.8 	370.96 
496	97.4665	623.317	2407.22	371.35 
497	97.4665	632.194	2443.19	379.51 
498	97.4665	640.66 	2282.54	377.487
499	97.4665	643.665	2195   	382.661
92.94000001
