/usr/lib/python2.7/site-packages/deap/tools/_hypervolume/pyhv.py:33: ImportWarning: Falling back to the python version of hypervolume module. Expect this to be very slow.
  "module. Expect this to be very slow.", ImportWarning)
gen	min    	avg    	max    	std    
0  	145.858	1389.72	5118.73	785.282
1  	145.858	1387.05	4947.96	772.354
2  	145.858	1394.6 	4947.96	771.012
3  	145.858	1391.72	4094.87	758.735
4  	144.519	1375.17	4337.45	758.831
5  	144.519	1372.3 	4094.87	757.211
6  	144.519	1363.39	4094.87	757.729
7  	127.884	1355.99	4094.87	749.051
8  	127.884	1359.29	4132.83	755.537
9  	127.884	1348.39	4132.83	756.212
10 	127.884	1357.24	4129.8 	775.881
11 	127.884	1356.16	4172.46	776.605
12 	120.484	1347.58	4172.46	782.612
13 	120.484	1348.05	4104.02	781.567
14 	120.484	1347.11	4104.02	779.849
15 	120.484	1348.7 	4108.39	758.561
16 	120.484	1352.11	4138.44	759.709
17 	114.331	1343.69	4138.44	762.977
18 	114.331	1344.88	5049.19	767.615
19 	114.331	1343.34	4669.84	740.984
20 	114.331	1339.35	4490.35	761.653
21 	114.331	1322.93	4416.24	753.722
22 	114.331	1323.33	4224.27	735.851
23 	114.331	1317.13	4000.44	725.112
24 	114.331	1316.73	4323.8 	732.848
25 	114.331	1318.86	4169.36	740.126
26 	112.759	1322.57	4381.84	720.739
27 	112.759	1318   	4081.25	724.213
28 	112.759	1304.45	3996.73	712.963
29 	112.759	1299.94	4255.77	720.959
30 	112.759	1291.91	4255.77	715.21 
31 	112.759	1287.09	4069.75	711.797
32 	112.759	1288.14	4227.99	710.332
33 	112.759	1276.66	4051.9 	711.884
34 	112.759	1283.66	3918.5 	730.618
35 	112.759	1281.13	3918.5 	736.965
36 	112.759	1289.01	4045.14	740.312
37 	112.759	1286.02	4273.35	744.84 
38 	112.759	1273.67	3738.56	719.23 
39 	112.759	1275.93	3738.56	716.828
40 	112.759	1275.42	3718.59	712.377
41 	112.759	1286.2 	4254.37	747.594
42 	112.759	1279.95	4081.61	743.626
43 	112.759	1265.12	4215.51	730.435
44 	112.759	1273.91	4014.14	727.965
45 	112.759	1265.7 	4432.3 	734.497
46 	112.759	1257.94	3712.64	727.233
47 	112.759	1250.32	3582.36	728.933
48 	112.759	1246.22	3896.4 	737.733
49 	112.759	1250.03	3741.89	723.921
50 	112.759	1249.26	4066.86	729.844
51 	112.759	1250.22	3875.29	746.698
52 	112.759	1244.92	4116.51	743.715
53 	112.759	1252.25	3994.44	739.577
54 	112.759	1254.95	3872.16	739.868
55 	112.759	1249.11	4127.2 	749.702
56 	112.759	1236.63	3995.95	738.085
57 	112.759	1237.35	3995.95	750.328
58 	112.759	1238.26	4275.6 	753.848
59 	112.759	1241.59	4275.6 	762.023
60 	112.759	1233.87	4236.51	757.387
61 	112.759	1220.45	3897.75	724.228
62 	112.759	1217.41	4194.51	716.008
63 	112.759	1214.34	3775.49	717.841
64 	112.759	1209.74	3775.49	718.55 
65 	112.759	1209.94	3781.89	712.451
66 	112.759	1201.41	3762   	692.865
67 	112.759	1202.54	3886.71	691.046
68 	112.759	1185.93	3719.18	674.788
69 	112.759	1190.81	3864.69	678.429
70 	112.759	1183.79	3789.46	673.283
71 	112.759	1179.73	3661.78	659.345
72 	112.759	1184.47	3695.66	674.217
73 	112.759	1176.94	3816.55	694.951
74 	112.759	1179.03	3753.98	690.309
75 	112.759	1180.38	3905.66	691.87 
76 	112.759	1179.74	4243.86	690.084
77 	112.759	1165.09	4026.3 	671.771
78 	112.759	1172.82	4574.11	676.77 
79 	112.759	1164.11	3705.56	674.951
80 	112.759	1161.89	4904.04	677.487
81 	107.292	1151.26	4043.94	646.423
82 	107.292	1143.98	3609.18	629.968
83 	107.292	1144.75	4379.83	659.37 
84 	107.292	1148.37	4223.3 	692.194
85 	107.292	1142.46	4223.3 	681.212
86 	107.292	1137.57	3653.29	667.035
87 	107.292	1128.14	3532.32	664.483
88 	107.292	1122.2 	3946.13	657.666
89 	107.292	1117.62	3765.3 	652.352
90 	107.292	1137.22	3465.06	659.461
91 	107.292	1141.98	3765.83	680.445
92 	107.292	1147.18	4106.63	700.42 
93 	107.292	1143.91	4009.73	709.489
94 	107.292	1130.32	4009.73	684.157
95 	107.292	1122.75	3896.25	673.34 
96 	107.292	1122.54	4104.27	668.888
97 	107.292	1116.72	3845.35	662.238
98 	107.292	1110.11	3909.33	655.979
99 	107.292	1114.18	3971.32	654.658
100	107.292	1116.49	4021.28	656.522
101	107.292	1110.24	4021.28	652.682
102	107.292	1098.07	4325.98	619.957
103	107.292	1091.02	4021.28	596.616
104	104.591	1083.13	3534.35	613.265
105	104.591	1078.14	3386.48	612.213
106	104.591	1072.07	4173.46	608.716
107	104.591	1069.22	3764.43	607.229
108	104.591	1074.53	3745.11	615.173
109	104.591	1062.72	3359.39	591.531
110	104.591	1068.17	3484.1 	594.701
111	104.591	1064.76	3484.1 	588.44 
112	104.591	1069.97	3399.6 	602.404
113	104.591	1068.66	3399.6 	606.553
114	104.591	1071.08	3399.6 	618.492
115	104.591	1073.92	3399.6 	629.271
116	104.591	1073.19	3563.29	635.522
117	104.591	1082.92	3428.53	634.943
118	104.591	1075.35	3838.16	616.797
119	104.591	1080.39	3608.06	618.417
120	104.591	1070.6 	3507.56	626.172
121	104.591	1065.13	3136.57	611.263
122	104.591	1067.22	3215.99	611.706
123	104.591	1064.32	3582.92	621.234
124	104.591	1062.37	3363.08	633.404
125	104.591	1069.91	3500.29	645.372
126	104.591	1075.94	3809.15	649.185
127	104.591	1062.78	3853.28	637.11 
128	104.591	1051.66	3630.31	625.224
129	104.591	1047.04	3877.77	637.014
130	104.207	1052.84	3877.77	636.071
131	103.286	1053.65	3556.69	636.197
132	103.286	1045.27	3415.98	634.569
133	103.286	1035.98	3608.22	643.621
134	103.286	1031.17	4182.39	639.99 
135	103.286	1027.65	3846.06	640.965
136	103.286	1028.31	3736.15	635.28 
137	103.286	1023.22	3734.81	621.512
138	103.286	1029.64	3639.72	618.391
139	103.286	1030.27	3892.86	630.826
140	103.286	1024.82	3892.86	622.86 
141	103.286	1021.36	3346.65	620.187
142	103.286	1031.74	3587.47	632.473
143	103.286	1029.71	3587.47	620.321
144	103.286	1039.37	3587.47	627.23 
145	103.286	1028.66	3508.01	626.927
146	103.286	1021.64	3410.9 	616.567
147	103.286	1026.88	3807.29	622.975
148	103.286	1023.22	3807.29	604.088
149	103.286	1029.15	3689.39	605.841
150	101.01 	1033.3 	3481.31	622.05 
151	101.01 	1027.52	3806.38	635.059
152	101.01 	1009.71	3470.52	609.595
153	101.01 	1010.43	3464.37	611.173
154	101.01 	1000.22	3588.73	604.686
155	101.01 	997.536	3631.3 	594.104
156	101.01 	996.746	3414.24	588.135
157	101.01 	985.72 	3191.34	570.742
158	101.01 	974.991	3138.89	545.964
159	101.01 	980.687	3892.12	588.215
160	101.01 	977.257	3892.12	586.336
161	101.01 	970.822	3376.89	586.997
162	101.01 	968.654	3376.89	581.398
163	101.01 	954.606	3376.89	581.104
164	101.01 	965.925	3295   	593.72 
165	101.01 	970.256	3545.79	592.45 
166	101.01 	964.394	3430.23	593.174
167	101.01 	958.193	3436.34	594.144
168	101.01 	970.965	3404.36	598.989
169	101.01 	970.389	3242   	595.796
170	101.01 	958.637	3581.33	582.47 
171	101.01 	956.968	3216.72	561.937
172	101.01 	948.899	4158.43	573.375
173	101.01 	958.077	3514.25	558.71 
174	101.01 	951.426	3527.91	562.224
175	101.01 	933.249	3476.17	562.906
176	101.01 	935.18 	3556.51	546.114
177	101.01 	941.234	3411.53	554.975
178	101.01 	924.049	3261.47	542.193
179	101.01 	926.409	3142.51	543.054
180	101.01 	932.607	3399.06	557.494
181	101.01 	935.908	3984.34	574.947
182	101.01 	944.127	3679.27	584.702
183	101.01 	942.515	3230.12	568.219
184	101.01 	933.714	3494.11	567.378
185	99.7158	940.364	3494.11	595.209
186	99.7158	938.602	3493.83	557.992
187	99.7158	932.257	3482.72	548.642
188	99.7158	928.283	3740.79	546.263
189	99.7158	935.249	4042.44	566.178
190	99.7158	939.248	3603.97	565.258
191	99.7158	933.971	3406.2 	571.51 
192	98.533 	932.902	3517.73	558.829
193	98.533 	931.726	3062.47	546.801
194	98.533 	933.181	3267.17	560.085
195	98.533 	925.96 	3267.17	535.112
196	98.533 	916.01 	3315   	523.362
197	98.533 	912.127	3447.65	530.558
198	98.533 	918.404	3237.27	551.573
199	98.533 	905.712	3160.3 	542.577
200	98.533 	914.322	3123.61	542.258
201	98.533 	902.627	3177.67	527.903
202	98.533 	910.693	3177.67	526.654
203	98.0438	913.381	3020.55	508.264
204	98.0438	914.405	3020.55	516.888
205	98.0438	915.789	2865.22	521.058
206	98.0438	910.38 	3214.16	524.392
207	98.0438	906.038	3035.08	520.557
208	98.0438	906.37 	3035.08	522.31 
209	98.0438	903.668	3336.72	528.197
210	98.0438	903.564	3090.21	541.028
211	98.0438	896.26 	3082.61	549.116
212	98.0438	889.213	3336.02	532.074
213	98.0438	896.373	3882.82	552.237
214	98.0438	902.143	3097.11	543.062
215	98.0438	901.425	3097.11	547.862
216	98.0438	896.836	3097.11	539.974
217	96.644 	900.186	3176.28	542.59 
218	96.644 	892.641	3289.14	524.767
219	96.644 	885.046	2878.73	516.151
220	96.644 	878.828	3266.82	521.912
221	96.644 	873.927	3644.47	549.159
222	96.644 	860.145	3266.82	522.231
223	96.644 	856.864	3469.39	528.233
224	96.644 	857.799	3399.1 	532.262
225	96.644 	870.03 	3350.78	527.894
226	96.644 	872.584	3048.49	501.381
227	96.644 	863.825	2925.28	490.98 
228	96.644 	879.993	3261.84	503.61 
229	96.644 	877.458	2935.95	497.194
230	96.644 	872.179	2912.71	492.426
231	95.7767	874.305	2838.06	501.344
232	95.7767	884.988	2784.66	508.301
233	95.7767	872.389	2916.89	505.489
234	95.7767	878.255	2834.28	523.602
235	95.7767	868.233	3154.44	519.805
236	95.7767	858.514	3070.18	509.393
237	95.7767	860.227	3281.15	519.843
238	95.7767	868.75 	3281.15	517.486
239	95.7767	862.522	2947.42	516.802
240	95.7767	862.254	3431.54	523.997
241	95.7767	864.732	3431.54	532.69 
242	95.7767	862.844	3385.47	529.791
243	95.7767	872.824	3299.57	542.183
244	95.7767	871.884	3299.57	535.908
245	95.7767	854.392	2764   	503.792
246	95.7767	860.933	2764   	513.808
247	95.7767	862.437	2892.93	508.8  
248	95.7767	868.478	2922.05	517.69 
249	95.7767	862.368	2922.05	526.562
250	94.2501	866.643	2845.57	518.362
251	94.2501	867.802	3125.22	511.442
252	94.2501	867.26 	3125.22	518.871
253	94.2501	844.015	3106.55	502.747
254	94.2501	837.266	2846.96	500.576
255	94.2501	841.332	2955.7 	503.617
256	94.2501	842.978	2955.7 	496.452
257	94.2501	834.835	3088.97	486.564
258	94.2501	831.441	3075.27	488.15 
259	94.2501	824.79 	2946.57	479.519
260	94.2501	825.398	2946.57	484.746
261	94.2501	826.304	2787.41	483.622
262	94.2501	826.897	2897.37	471.141
263	94.2501	816.127	3494.44	486.346
264	94.2501	815.102	3134.83	497.512
265	94.2501	810.329	2830.26	482.96 
266	94.2501	808.7  	2745.88	480.226
267	94.2501	805.862	2629.31	460.916
268	94.2501	807.665	2629.31	461.566
269	94.2501	799.799	2550.11	450.458
270	94.2501	808.284	2770.63	459.5  
271	94.2501	811.868	2770.63	454.719
272	94.2501	812.157	2745.85	460.898
273	94.2501	799.643	2745.85	464.219
274	94.2501	789.181	2642.81	457.312
275	94.2501	795.55 	2816.85	469.243
276	94.2501	789.563	3008.16	473.691
277	94.2501	781.78 	2985.45	460.605
278	94.2501	789.365	2904.05	463.671
279	94.2501	787.449	2927.32	462.424
280	94.2501	782.643	2868.02	455.456
281	94.2501	790.35 	2497.82	457.849
282	94.2501	799.78 	2604.72	466.188
283	94.2501	793.481	2622.53	467.151
284	94.2501	793.146	3181.2 	477.18 
285	94.2501	791.226	2982.97	470.731
286	94.2501	793.185	2679.2 	475.555
287	94.2501	796.618	2858.86	475.722
288	94.2501	799.566	2841.05	478.31 
289	94.2501	799.625	2918.49	480.921
290	94.2501	803.783	2918.49	469.292
291	94.2501	801.34 	2886.47	451.866
292	94.2501	804.646	2410.12	440.799
293	94.2501	804.429	2570.66	461.304
294	94.2501	807.521	2650.98	469.101
295	94.2501	806.893	2650.98	474.263
296	94.2501	800.056	3111.76	477.318
297	94.2501	793.363	2714.62	471.924
298	94.2501	786.865	2533.74	483.884
299	94.2501	791.441	2892.84	490.459
300	94.2501	774.691	2847.95	471.481
301	94.2501	776.646	3475.28	487.976
302	94.2501	764.659	3475.28	475.042
303	94.2501	772.915	2744.16	475.698
304	94.2501	781.937	2837.95	481.533
305	94.2501	777.481	3368.44	482.029
306	94.2501	778.869	3158.13	470.967
307	94.2501	769.215	2943.62	476.275
308	94.1592	761.759	2943.62	476.2  
309	94.1592	761.873	3065.24	486.362
310	94.1592	756.571	3047.15	473.707
311	94.1592	754.972	3147.86	463.702
312	94.1592	772.122	3147.86	488.834
313	94.1592	759.789	3147.86	458.358
314	94.1592	759.149	3041.26	439.468
315	94.1592	756.645	2987.76	441.014
316	94.1592	765.686	2775.57	441.59 
317	94.1592	766.026	3099.76	462.722
318	94.1592	772.581	2869.01	464.882
319	94.1592	778.936	2752.11	468.692
320	94.1592	775.488	2752.11	474.437
321	94.1592	774.809	2683.35	472.475
322	94.1592	768.511	2683.35	456.749
323	94.1592	758.686	2453.1 	445.352
324	94.1592	756.549	2574.48	448.978
325	94.1592	744.812	2478.26	432.235
326	94.1592	747.464	2623.35	438.493
327	94.1592	742.347	2474.15	419.393
328	94.1592	746.18 	2536.37	425.234
329	94.1592	733.509	2918.11	424.799
330	94.1592	726.621	2512.86	414.791
331	94.1592	742.127	2482.55	414.71 
332	94.1592	741.324	2297.69	397.183
333	94.1592	734.809	2316.03	387.232
334	94.1592	725.601	2743.26	401.92 
335	94.1592	737.218	2693.67	409.156
336	94.1592	729.225	2049.5 	391.155
337	94.1592	729.101	2758.16	410.304
338	94.1592	724.105	2334.76	406.702
339	94.1592	728.541	2301.78	407.624
340	94.1592	725.221	2883   	412.519
341	94.1592	745.119	2883   	420.186
342	94.1592	743.635	2700.61	426.608
343	94.1592	750.471	2638.4 	422.795
344	94.1592	737.135	2388.91	403.899
345	94.1592	739.989	2748.24	404.368
346	94.1592	743.383	2930.35	415.606
347	94.1592	740.05 	2738.4 	409.298
348	94.1592	739.138	2738.4 	416.872
349	94.1592	734.771	2732.45	410.529
350	94.1592	735.836	2619.37	404.744
351	94.1592	726.52 	2619.37	395.918
352	94.1592	723.885	2830.44	386.639
353	94.1592	725.466	2553.6 	382.488
354	94.1592	726.47 	2212.74	378.951
355	94.1592	726.467	2400.52	396.038
356	94.1592	728.347	2400.52	396.884
357	94.1592	725.889	2624.62	410.261
358	94.1592	720.051	2624.62	409.438
359	94.1592	716.877	2390.6 	394.029
360	94.1592	714.446	2678.89	398.91 
361	94.1592	724.999	2678.89	399.209
362	94.1592	720.089	2833.17	408.421
363	94.1592	715.273	2421.62	401.005
364	94.1592	715.813	2441.83	402.991
365	94.1592	707.72 	2136.49	402.015
366	94.1592	717.781	2268.42	395.222
367	94.1592	717.159	2161.75	402.675
368	94.1592	712.042	2419.75	411.33 
369	94.1592	717.661	2456.79	423.654
370	94.1592	716.804	2723.06	423.361
371	94.1592	710.088	3103.88	419.956
372	94.1592	709.466	3103.88	423.042
373	94.1592	709.518	2932.24	428.541
374	94.1592	717.333	2554.81	434.389
375	94.1592	715.686	2768.76	434.714
376	94.1592	726.62 	2911.03	453.979
377	94.1592	719.621	2911.03	443.565
378	94.1592	716.105	2629.97	435.427
379	94.1592	715.926	2629.97	438.727
380	94.1592	707.636	2508.69	437.578
381	94.1592	717.873	2495.45	447.07 
382	94.1592	716.085	2495.45	437.779
383	94.1592	713.947	2477.05	436.345
384	94.1592	715.055	2777.45	446.734
385	94.1592	713.78 	2777.45	434.709
386	94.1592	723.73 	3015.68	439.576
387	94.1592	718.8  	2619.91	436.33 
388	94.1592	721.918	2467.44	437.034
389	94.1592	712.507	2720.74	438.66 
390	94.1592	712.738	2661.94	432.412
391	94.1592	709.994	2434.61	423.774
392	94.1592	702.03 	2797.92	429.514
393	94.1592	706.428	2780.81	429.746
394	94.1592	703.693	2780.81	416.903
395	94.1592	702.507	2341.78	413.781
396	94.1592	708.045	2564.3 	402.697
397	94.1592	710.323	2850.49	415.549
398	94.1592	700.311	2547.82	404.078
399	94.1592	696.185	2407.45	409.856
400	94.1592	701.908	3211.71	427.856
401	94.1592	696.836	2701.8 	409.296
402	94.1592	701.388	2413.26	423.621
403	94.1592	703.91 	2388.13	420.955
404	94.1592	702.605	2570.23	410.391
405	94.1592	701.888	2612.09	418.115
406	94.1592	702.213	2840.24	420.996
407	94.1592	698.676	2650.09	414.788
408	94.1592	687.016	2473.42	403.418
409	94.1592	693.092	2473.42	411.924
410	94.1592	695.645	2624.66	415.92 
411	94.1592	691.583	2589.35	412.384
412	94.1592	689.566	2957.17	419.104
413	94.1592	686.201	2647.62	415.6  
414	94.1592	694.599	3145.09	423.71 
415	94.1592	694.513	3005.6 	424.937
416	94.1592	696.347	2826.46	438.215
417	94.1592	698.454	2826.46	442.518
418	94.1592	693.466	2554.21	441.072
419	94.1592	695.585	2586.58	430.98 
420	94.1592	697.827	2554.21	431.53 
421	94.1592	678.417	2484.8 	410.24 
422	94.1592	681.66 	2570.96	422.228
423	94.1592	686.6  	2735.52	417.884
424	94.1592	677.572	2437.42	415.485
425	94.1592	668.327	2173.44	398.698
426	94.1592	665.144	2173.44	387.845
427	94.1592	672.815	2187.75	387.178
428	94.1592	678.973	2381.79	391.744
429	94.1592	679.552	2407.72	401.241
430	94.1592	685.523	2308.82	397.401
431	94.1592	689.869	2208.69	397.603
432	94.1592	694.123	2208.69	402.177
433	94.1592	684.906	2317.37	392.127
434	94.1592	680.693	2335.6 	390.991
435	94.1592	681.181	2699.52	401.042
436	94.1592	676.605	2781.43	396.663
437	94.1592	672.85 	2722.69	390.696
438	94.1592	675.813	2490.44	392.952
439	94.1592	668.176	2481.72	387.789
440	94.1592	672.299	2683.42	399.09 
441	94.1592	661.229	2375.2 	379.315
442	94.1389	664.337	2248.73	378.988
443	94.1389	662.442	2227.4 	374.061
444	94.1389	652.559	2216.47	363.867
445	94.1389	662.045	2473.72	398.124
446	94.1389	653.167	2596.11	389.704
447	94.1389	656.201	2237.45	393.223
448	94.1389	648.941	2210.14	377.432
449	94.0406	647.839	2086.66	360.441
450	94.0406	640.61 	2250.13	358.302
451	94.0406	648.668	2055.62	361.628
452	94.0406	643.23 	1923.04	352.728
453	94.0406	648.382	2140.44	364.048
454	94.0406	649.148	2282.4 	376.573
455	94.0406	660.32 	2818.09	387.854
456	94.0406	653.282	2272.06	386.62 
457	94.0406	654.143	3044.47	410.709
458	94.0406	648.961	2929.89	401.104
459	94.0406	651.726	2569.7 	384.542
460	94.0406	642.69 	2569.7 	384.637
461	94.0406	637.421	2233.31	367.497
462	94.0406	636.305	2149.77	363.275
463	94.0406	640.473	2145.68	363.614
464	94.0406	638.917	2356.26	366.396
465	94.0406	627.041	2223.02	363.083
466	94.0406	630.174	2223.02	356.636
467	94.0406	641.592	2223.02	376.09 
468	94.0406	634.875	2615.46	369.741
469	94.0406	628.78 	2211.4 	359.653
470	94.0406	632.059	2148.16	358.145
471	94.0406	641.953	2240.23	377.644
472	94.0406	642.064	2140.95	375.379
473	94.0406	644.648	2012.9 	372.462
474	94.0406	643.964	2557.64	377.057
475	94.0406	642.178	2282.99	374.207
476	94.0406	640.649	2090.58	372.364
477	94.0406	643.296	2334.85	369.582
478	94.0406	649.247	2305.37	365.509
479	94.0406	642.796	2164.07	360.25 
480	94.0406	646.049	2070.31	362.506
481	94.0406	646.725	2231.14	373.218
482	94.0406	650.354	2064.92	387.749
483	94.0406	644.795	2128.04	381.205
484	94.0406	636.233	2054.09	368.388
485	94.0406	630.285	2444.55	364.705
486	94.0406	635.424	2376.14	362.789
487	94.0406	635.359	2185.2 	370.422
488	94.0406	630.086	2185.2 	365.543
489	94.0406	622.665	2139.68	361.682
490	94.0406	627.088	2187.74	366.985
491	94.0406	634.343	2187.74	375.212
492	94.0406	622.571	2166.58	363.523
493	94.0406	618.396	2268.23	359.639
494	94.0406	611.894	2110.15	361.669
495	94.0406	607.211	2110.15	344.774
496	94.0406	609.253	2143.53	346.292
497	94.0406	615.769	2143.53	349.757
498	94.0406	612.943	2275.36	349.234
499	94.0406	602.325	2308.79	326.359
92.94000001
