/usr/lib/python2.7/site-packages/deap/tools/_hypervolume/pyhv.py:33: ImportWarning: Falling back to the python version of hypervolume module. Expect this to be very slow.
  "module. Expect this to be very slow.", ImportWarning)
gen	min    	avg   	max   	std   
0  	2080.71	156128	486913	102906
1  	2080.71	156331	478726	102813
2  	2080.71	157002	622833	104387
3  	2080.71	156532	622833	104797
4  	2080.71	156656	531313	104277
5  	2080.71	156644	491252	104641
6  	1857.99	156559	476390	104467
7  	1857.99	156447	495385	106192
8  	1832.25	156554	467952	105914
9  	1832.25	156281	466124	106801
10 	1832.25	156245	546193	104519
11 	1832.25	156119	494659	105159
12 	1471.1 	155889	478699	104609
13 	1471.1 	155642	502736	103723
14 	1471.1 	155886	477771	102491
15 	1471.1 	155649	483734	100677
16 	1471.1 	155454	469917	100205
17 	1471.1 	155043	469917	100539
18 	1471.1 	155215	551069	101987
19 	1305.22	154780	523634	102914
20 	1305.22	154461	517236	103995
21 	1305.22	154365	512617	104155
22 	1305.22	154178	519559	103839
23 	1305.22	153530	508874	102055
24 	1305.22	153056	498557	101659
25 	1305.22	152590	510541	102097
26 	1305.22	152931	543913	103484
27 	1305.22	151819	483693	100927
28 	1305.22	151748	475879	102827
29 	1257.16	151846	537580	105360
30 	1257.16	151631	507753	102956
31 	1218.22	151381	507753	103509
32 	1034.86	151731	488906	103078
33 	1034.86	151649	488906	103691
34 	801.485	151947	494582	102627
35 	801.485	151792	478831	102739
36 	801.485	150840	478831	102121
37 	801.485	151323	590895	105874
38 	801.485	150346	574733	106935
39 	680.129	149996	552788	107433
40 	680.129	149336	567864	107895
41 	680.129	148962	505544	104954
42 	680.129	149132	496162	103746
43 	680.129	148577	468837	104074
44 	552.906	148323	481125	103683
45 	552.906	148300	472885	102092
46 	552.906	147474	484585	101986
47 	552.906	147201	509723	103251
48 	552.906	146818	493295	101831
49 	552.906	146673	527550	102602
50 	552.906	146569	490042	103330
51 	552.906	146826	531467	104317
52 	552.906	146424	490042	104024
53 	552.906	146406	472144	104233
54 	533.659	145682	472465	103027
55 	533.659	145323	484811	102839
56 	533.659	145165	494064	104528
57 	533.659	144604	503071	104570
58 	533.659	144664	546712	105046
59 	533.659	143926	546712	104882
60 	533.659	143588	571133	107138
61 	533.659	143281	497763	105939
62 	533.659	142913	489371	103340
63 	533.659	141816	504660	102835
64 	533.659	140678	542901	101929
65 	533.659	140508	553565	103720
66 	533.659	140031	553461	104115
67 	533.659	140359	524595	103075
68 	533.659	141107	613168	104186
69 	533.659	140955	520911	103358
70 	533.659	140440	547623	103704
71 	533.659	140577	547623	104048
72 	533.659	140822	678760	106133
73 	533.659	140421	634117	105909
74 	533.659	139157	662192	103703
75 	533.659	139582	600277	101511
76 	533.659	139513	584985	99421 
77 	533.659	139624	606078	100179
78 	533.659	139333	558268	99363.7
79 	533.659	138970	536058	98005.8
80 	533.659	138715	605136	98048.3
81 	533.659	138904	504084	98133.3
82 	533.659	138630	504084	98646.1
83 	531.161	139326	506864	100448 
84 	531.161	139306	553672	101130 
85 	531.161	138349	507262	100031 
86 	531.161	138656	488337	98730.2
87 	531.161	138108	484703	97857.4
88 	531.161	137547	528785	98945.3
89 	531.161	136990	542736	100200 
90 	501.444	136561	529425	100097 
91 	501.444	136378	513192	97400.8
92 	445.099	136131	549198	98136.2
93 	445.099	135864	498785	96647.5
94 	445.099	135128	494491	96453.3
95 	445.099	135166	499038	97133.1
96 	445.099	134786	514508	96631.7
97 	445.099	135252	505952	95825.6
98 	445.099	134561	482136	96207.3
99 	445.099	134861	478545	94484.5
100	445.099	134230	497095	93846.5
101	445.099	133859	467551	93218.6
102	445.099	133295	469490	92447.7
103	445.099	134056	510527	92228.5
104	445.099	133817	487499	93556.3
105	445.099	133901	500507	92801.6
106	445.099	133498	462834	92396.4
107	445.099	133488	483120	93828.6
108	445.099	133919	481712	95172.6
109	445.099	133677	582185	96548.6
110	445.099	133792	468101	95811.7
111	445.099	133113	454382	92957.9
112	445.099	132766	463299	93360.6
113	445.099	132494	459491	94649.2
114	445.099	132413	462568	93537.5
115	445.099	132415	457714	92803.5
116	445.099	131688	477264	91469.9
117	445.099	131054	458377	91608.8
118	445.099	131181	431256	90838.9
119	445.099	130731	473367	91464.1
120	445.099	130688	469155	92098.1
121	445.099	130215	484204	90433.1
122	445.099	129208	484884	90888.5
123	445.099	128377	484204	89204.2
124	445.099	128892	482214	89377.9
125	445.099	128279	467362	89489  
126	445.099	128177	442197	88415.7
127	445.099	128078	440878	90109.8
128	445.099	127611	433875	89788.7
129	445.099	127475	417587	90582.6
130	445.099	127231	440758	91210.3
131	445.099	126936	440019	90477.5
132	445.099	126731	420159	90220.1
133	408.639	127010	401485	91004.6
134	408.639	127266	442266	92593.2
135	408.639	126383	441637	92612.5
136	408.639	126068	436546	90871.3
137	408.639	126202	483775	91171.5
138	408.639	126170	457926	91581.1
139	408.639	125967	542105	92567.5
140	408.639	125837	479497	94255.8
141	408.639	125559	521010	93928.9
142	408.639	125314	518859	93327.6
143	408.639	125126	519708	94224.9
144	408.639	125390	495073	92912.4
145	408.639	124808	495073	92977  
146	408.639	124138	482177	92538.2
147	387.804	123630	470789	92337.1
148	387.804	122312	500156	90884  
149	387.804	121765	445476	89401.5
150	387.804	121573	443100	89465.8
151	387.804	121459	444067	89898.1
152	387.804	121604	527456	91152.9
153	387.804	121281	492541	90011.4
154	387.804	120970	525784	91007.8
155	387.804	120641	525784	92296.3
156	387.804	119786	493931	90677.1
157	387.804	119912	446131	91166.8
158	387.804	119631	439589	90515.9
159	387.804	119909	458204	90507.7
160	387.804	119244	485721	90662.6
161	387.804	119188	480245	91264.9
162	387.804	118714	458668	89825  
163	387.804	118061	458147	89216.7
164	355.49 	117608	458147	88936.5
165	355.49 	116866	458147	89622.2
166	355.49 	116183	444480	89803  
167	355.49 	115662	557004	89538.4
168	355.49 	115462	512259	88305.3
169	355.49 	115770	532155	89012.8
170	355.49 	115659	504012	88306.4
171	355.49 	115258	459522	88448.6
172	355.49 	114997	451919	87981.7
173	355.49 	115186	419016	86945.1
174	355.49 	114653	434894	87931.6
175	355.49 	114443	429747	88085.5
176	355.49 	114143	467122	89418.1
177	355.49 	114125	461521	90020.9
178	355.49 	113035	465972	87159.3
179	355.49 	112888	465972	87264.3
180	355.49 	112544	416768	87864.9
181	355.49 	112104	416768	85776.8
182	355.49 	112018	410696	84928.1
183	355.49 	112222	410615	84411.6
184	355.49 	112111	412430	84535.1
185	355.49 	111902	396775	85218.3
186	355.49 	111942	418259	84472.9
187	355.49 	112019	417223	85999.5
188	355.49 	111629	416561	84489.1
189	355.49 	111806	416561	82530.8
190	355.49 	111431	407013	81657.2
191	355.49 	111472	407013	82925.7
192	355.49 	111106	459994	84136.1
193	355.49 	111267	464424	83837.4
194	355.49 	110990	470762	85566.4
195	355.49 	110400	459994	85106.6
196	355.49 	109827	478013	86183.7
197	355.49 	110153	486409	85684.1
198	355.49 	110404	470266	84373.4
199	355.49 	109994	466690	84683.8
200	355.49 	109310	476978	84301.2
201	355.49 	109317	430194	84436.5
202	355.49 	108932	430194	84370.2
203	355.49 	109046	459408	85531.3
204	355.49 	109067	459408	84893.9
205	355.49 	108620	479947	85115.5
206	355.49 	108354	460900	83407.5
207	355.49 	108371	425895	82997.9
208	355.49 	107844	498306	83711.3
209	355.49 	107330	419477	83796.6
210	355.49 	107497	419477	82314.4
211	355.49 	106913	415506	81754.1
212	355.49 	106302	411862	81448.5
213	355.49 	106706	525673	82622.4
214	355.49 	106401	415755	80993.2
215	355.49 	106375	397896	80817.1
216	355.49 	106075	419605	79199.9
217	355.49 	105754	419605	78248.6
218	355.49 	105598	400739	77851.7
219	355.49 	105173	411684	77687.1
220	355.49 	104704	397624	79137.1
221	355.49 	103933	418116	79510.7
222	355.49 	104162	434440	79629.9
223	355.49 	105352	457556	81107.6
224	355.49 	105116	459662	79105.5
225	355.49 	104805	450596	79896.9
226	331.897	104361	438775	78311.1
227	331.897	103609	438775	78427.9
228	331.897	103348	408481	78442.6
229	331.897	102954	438775	78551  
230	331.897	102948	438592	78899.3
231	331.897	102690	381849	77465.3
232	331.897	103088	457309	77704.9
233	331.897	102845	457120	79002.7
234	331.897	102737	444055	79735.6
235	331.897	102225	436978	79225.1
236	331.897	101613	418602	78309.6
237	331.897	101109	408421	77869.8
238	331.897	100742	395896	76206.5
239	331.897	100535	395295	75670.4
240	331.897	100324	417097	75930.4
241	331.897	99465.9	405095	75595.2
242	331.897	99307.1	395201	75584.2
243	331.897	99580.9	372663	75331.7
244	331.897	99629.4	359876	74798.2
245	331.897	99695.9	360055	75057.3
246	331.897	99433.8	422306	75657.2
247	319.651	98672.7	407568	75350.1
248	319.651	98346.3	380955	74532.4
249	319.651	97431.4	370781	73608.7
250	319.651	97433.8	370781	74177  
251	319.651	97269.2	362239	73081.6
252	319.651	96850.4	401600	73993.3
253	319.651	96452.8	371676	73601.2
254	319.651	96656.7	371393	73405.9
255	319.651	96268.3	411383	72517.4
256	319.651	95958.1	411383	72213.7
257	319.651	95373.2	377990	72905.1
258	319.651	95310  	371879	71170.1
259	315.455	95242.6	365139	71244.4
260	315.455	95487.1	450191	72755.6
261	315.455	95076.5	475650	73045.4
262	315.455	94828.2	463292	73227.1
263	315.383	94572  	395299	71025.8
264	315.383	94518.5	367285	69864.3
265	315.383	94196.5	357439	69409.6
266	315.383	94339.6	378332	69543.1
267	315.383	93634.3	377460	72548.9
268	315.383	93123  	374362	71767.9
269	315.383	93571.3	374362	70343.3
270	315.383	93574.6	434139	72563.8
271	315.383	93180.3	412460	72519.9
272	315.383	93128.8	403773	72418.2
273	315.383	92267.5	346831	71291.8
274	315.383	91751.4	359407	70732.3
275	315.383	91769.4	374322	72258.8
276	315.383	91604  	388663	72248.1
277	315.383	91402.8	364981	70282  
278	315.383	91829  	460659	71061.1
279	315.383	91532.6	458088	71683.6
280	315.383	91309.3	371826	70331.2
281	315.383	90558.7	353745	70234.7
282	315.383	90397.3	350666	68552.3
283	315.383	90846.9	366299	69387  
284	315.383	90791.6	348080	68331.4
285	315.383	90619.5	348318	67563.1
286	315.383	90757.8	380482	68016.7
287	315.383	90592.7	365287	67509  
288	315.383	90803.1	344097	68730.6
289	315.383	90680.9	351798	67722.6
290	315.383	90683.4	429716	68589.7
291	315.274	90322.5	351798	67040.7
292	315.274	90165.4	351798	66924.9
293	315.274	89757.1	341966	68204.2
294	315.274	89120  	339615	68155.5
295	315.274	88837.4	339615	69337.7
296	315.274	88403.4	402340	67987.9
297	315.274	87993.8	350028	69292.9
298	315.274	88009.6	393447	68894.5
299	315.274	88554.6	337208	67300.4
300	315.274	88749  	335638	68960.3
301	315.274	88696  	356365	69151.2
302	315.274	87989.5	349637	68789.7
303	315.274	87789.5	336882	68243.8
304	315.274	87196.1	336882	67391.6
305	315.274	86827.4	353128	67261  
306	315.274	86924.4	410715	66945.9
307	315.274	87518.5	405129	67369.3
308	315.274	86887.5	432928	67966.9
309	315.274	86120.4	383231	66965.9
310	315.274	85966.1	354218	66747.5
311	315.274	85773.7	342182	65918.9
312	315.274	85645.6	326560	65033.5
313	315.274	85040.9	359427	65656.9
314	315.274	85142.8	329397	65722  
315	315.274	84809.6	314553	63639.1
316	315.274	84967.8	389604	64722.6
317	315.274	85043.3	341653	64394.3
318	315.274	84848.1	319519	64417.2
319	315.274	85154.5	325559	64808.6
320	315.274	85338.9	327518	65405.6
321	315.274	85211.4	362437	65548.6
322	315.274	84986.5	362437	65441.1
323	315.274	84304.7	310450	63621  
324	315.274	83933.5	297218	62980.9
325	315.274	84069.6	296390	63309.4
326	313.809	84015.3	351174	66031  
327	313.809	84043.4	341834	65521  
328	313.809	83626.1	352088	65418.5
329	313.809	83708  	339681	66398.6
330	313.329	83876.7	393476	67322  
331	313.329	83866.7	343878	65559.2
332	313.329	83686.3	325377	65429  
333	313.329	84012.1	356653	66513.6
334	313.329	83800.6	335535	66433.9
335	313.329	84065.3	344756	66444.3
336	313.329	84099.1	344756	66575.8
337	313.329	83598.1	321443	66413.6
338	313.329	83307.3	321443	65095  
339	313.329	83309.6	357861	65641.3
340	313.329	82913.8	338771	65031.9
341	313.329	82536.4	308156	65091.7
342	313.329	82624.6	295327	62730.7
343	313.329	82327.7	316655	62938.7
344	313.329	81594.3	312356	62879.1
345	313.329	81287.1	312356	62833.7
346	313.329	81553.6	296261	63370.8
347	313.329	81781.7	303309	63061.7
348	313.329	82121.4	436754	64865.6
349	313.329	81829.7	419003	64016.4
350	313.329	81789.8	309796	63588.8
351	313.329	81159.1	309147	63454.7
352	313.329	80878.2	323716	64017.1
353	313.329	81334  	315387	61669.7
354	313.329	80639  	290120	59973.8
355	313.329	80261.4	354227	60743.9
356	313.329	79859.1	283191	60549.9
357	313.329	80344.6	286057	59692.9
358	313.329	79912.3	343888	60803.4
359	313.031	79360.2	330463	61412.3
360	313.031	79172.3	313500	61025.6
361	313.031	79030.3	308159	60788.9
362	313.031	79474.4	322753	61074.1
363	313.031	79475.1	350744	61495.9
364	313.031	78944  	291880	61254.5
365	313.031	78927.6	291880	60218.5
366	313.031	78862.1	316873	60288.1
367	313.031	78248.7	309228	60900.5
368	313.031	77984.4	309228	59649.8
369	313.031	78275.6	309228	59886.1
370	313.031	78624.2	344393	61497.7
371	313.031	78901  	354003	61679.6
372	313.031	78244.1	322764	61038.9
373	313.031	77834.9	322764	59107.4
374	313.031	77666.4	275708	59960.5
375	313.031	76853.4	301191	60022.3
376	313.031	76950.1	319232	61199.5
377	313.031	77220.8	313279	61435.2
378	313.031	77087.2	293261	60810.8
379	313.031	77182.8	293261	58994.8
380	313.031	76762.1	350353	59757.9
381	313.031	76850.7	332160	60205.1
382	313.031	76505.1	332951	59726.3
383	313.031	76288.8	320919	58980.4
384	313.031	75792.9	287286	58070.1
385	312.484	75612.7	288081	57893.7
386	312.484	75405.7	347588	58303.5
387	312.484	75161.4	291878	56913.2
388	312.484	75131.1	376808	56985.3
389	312.484	74746.3	293690	55997.9
390	312.484	74361.9	312778	55807.2
391	312.484	74389.7	317229	55122.5
392	312.484	74188.3	316292	56447.1
393	312.484	73746.7	284743	56895.6
394	312.484	73224.1	279599	56604.1
395	312.484	72895.6	279899	56050.9
396	312.484	72766.9	301719	57191.7
397	312.484	72614.9	334402	57327.6
398	312.484	72995.9	317080	57268.7
399	312.484	72794  	317080	57480.8
400	312.484	72656.6	334827	57445  
401	312.484	72388.3	322859	56647.5
402	312.484	72345.4	282358	56276.5
403	312.484	72675.7	264833	56376.3
404	312.484	72312.5	305166	55861.3
405	312.484	72387  	294978	56205.6
406	312.484	72649.3	292509	57449.8
407	306.259	72594.7	277303	58332.2
408	306.259	72452.3	277303	56913.3
409	306.259	72177.3	273679	57036.7
410	306.259	72058.5	285514	57762.3
411	306.259	72206  	289643	58555.3
412	306.259	72089.6	280880	58188  
413	306.259	71850.5	285552	57757.5
414	306.259	71991.5	278452	57210.8
415	306.259	71675.9	283911	55935.1
416	306.259	72121  	297722	55626.3
417	306.259	72076.8	283911	55755.7
418	306.259	72407.6	283911	55816.9
419	306.259	71851.9	288668	55924.2
420	306.259	71424.8	269689	56015.9
421	306.259	70997.9	289427	55290.1
422	306.259	71008.7	352853	55316.1
423	306.259	71059.8	313619	55392.6
424	306.259	70776  	287970	54898.1
425	306.259	70645.1	287721	56176.7
426	306.259	70726.5	297999	57471.7
427	306.259	71129.2	310983	59811.8
428	306.259	71120.5	374895	59267.8
429	293.912	70558.6	329341	58888.1
430	293.912	70239.5	401203	59126.9
431	293.912	69975.1	435572	58211.7
432	293.912	69974.3	348504	56491.1
433	293.912	69555.3	348504	57231.4
434	293.912	69598.1	301544	57086.5
435	293.912	69778  	308959	57744.8
436	293.912	69740.8	283328	57273  
437	293.912	69852.1	316916	57961  
438	293.912	69929.6	372618	58518.4
439	293.912	70157.6	369413	59813.4
440	293.912	70192.6	355959	59259.2
441	293.912	69735.9	303817	58991.3
442	293.912	69526.7	287950	58379.1
443	293.912	69524.9	327258	58892.7
444	293.912	69118.4	328271	58774.5
445	293.912	69099.6	299439	57754.9
446	293.912	68885.4	306379	57107.4
447	293.912	68795.7	319149	56865.1
448	293.912	69167  	298129	57627.8
449	293.912	69171.8	339429	58438.8
450	293.912	69106.1	346768	57960.3
451	293.912	68788.2	331897	56976.1
452	293.912	68469.4	307511	55915.8
453	293.912	68745  	307511	55719.7
454	293.912	68336.3	309529	56547.3
455	293.912	68418.7	287358	56244.1
456	293.912	67823.8	279938	54616.1
457	293.912	67879.2	357778	56161.6
458	293.912	67641.4	276274	55424.5
459	293.912	67799.7	276255	55259.8
460	293.912	67884.3	274477	55549.5
461	293.912	67734.4	294653	54333.2
462	293.912	67607.3	291809	53588.2
463	293.912	67571.7	285810	53655.1
464	293.912	68062.6	299121	53267.2
465	293.912	67272.8	288331	53691.5
466	293.912	66950.2	351573	53864.4
467	293.912	66316.2	310598	53216.7
468	293.912	66253.8	291175	53877.2
469	293.912	66685.6	303188	54924.8
470	293.912	66452.2	264296	53406.6
471	293.912	66395.8	264296	53506.4
472	279.132	66366.2	290365	53076.5
473	279.132	66318.8	290365	52739.1
474	279.132	65684.8	284305	51558.8
475	279.132	65736.5	286298	51162.2
476	279.132	65535.3	286298	51435.5
477	279.132	65885  	309808	52009.6
478	279.132	65633.4	309808	52182.6
479	279.132	64816.2	289245	51575.5
480	279.132	64417  	274824	51250.1
481	279.132	64547  	288998	52092.2
482	279.132	64609.2	288998	52695.4
483	279.132	64673.2	291057	53300.3
484	279.132	64440.1	273647	52366.7
485	279.132	64538.2	284462	51795.9
486	279.132	64557  	284462	51393.7
487	279.132	64107  	271490	51987.2
488	279.132	63760.5	271490	51437.9
489	279.132	63601  	256268	50938.9
490	279.132	63391.5	256871	52188.6
491	279.132	63089.5	244749	50957.3
492	279.132	63347.2	279777	50511.5
493	279.132	62990.9	279777	51241.7
494	279.132	62889.1	278051	51186.8
495	279.132	62825.5	278022	51329.1
496	279.132	63126.3	319206	51772.7
497	279.132	63107.1	265845	50576.4
498	279.132	63011.4	256498	50375.6
499	279.132	63533.7	246204	50922.8
149.15000001
