/usr/lib/python2.7/site-packages/deap/tools/_hypervolume/pyhv.py:33: ImportWarning: Falling back to the python version of hypervolume module. Expect this to be very slow.
  "module. Expect this to be very slow.", ImportWarning)
gen	min    	avg   	max   	std   
0  	3457.76	159785	531493	103764
1  	3398.97	159426	511874	102731
2  	3398.97	159383	501843	103933
3  	3398.97	158911	488136	104298
4  	3398.97	158569	493888	104573
5  	3398.97	158121	489007	103991
6  	3126.6 	157486	489007	104664
7  	3126.6 	157716	477819	105889
8  	3126.6 	156796	502787	104639
9  	3126.6 	157139	478458	104850
10 	3126.6 	156809	471999	104035
11 	3126.6 	156445	464041	103477
12 	1620.56	156430	497723	105239
13 	1620.56	156051	484210	104971
14 	1399.63	156122	513644	104846
15 	837.127	156012	513644	104863
16 	837.127	155704	466906	103193
17 	837.127	155483	662725	104353
18 	837.127	155481	648550	105168
19 	837.127	154858	524839	103379
20 	837.127	154997	524839	104601
21 	837.127	154520	498842	103778
22 	837.127	153752	498842	103796
23 	837.127	153776	473525	104157
24 	837.127	153166	501412	104424
25 	837.127	152958	484003	104540
26 	837.127	152390	485897	103080
27 	837.127	151753	484003	102685
28 	827.607	151631	503077	101751
29 	827.607	150935	464475	100794
30 	827.607	150602	488011	101803
31 	827.607	150196	553765	104305
32 	827.607	150478	574374	104466
33 	827.607	150795	574374	102768
34 	827.607	150488	530449	101682
35 	643.188	150084	468727	102629
36 	643.188	149488	468313	100782
37 	643.188	149895	476850	103255
38 	616.94 	150113	589802	104275
39 	616.94 	149831	555464	103069
40 	616.94 	149101	507586	102675
41 	616.94 	149771	515397	103739
42 	616.94 	150069	496794	103986
43 	616.94 	149597	492670	105396
44 	616.94 	149250	492366	104827
45 	616.94 	148167	487176	105619
46 	587.047	147627	493433	104831
47 	587.047	147227	493433	104742
48 	587.047	146905	508990	103918
49 	587.047	147071	489039	103889
50 	587.047	147086	463401	104147
51 	587.047	146940	483682	105093
52 	587.047	145870	485877	105768
53 	587.047	145423	478447	105598
54 	587.047	144901	469936	103117
55 	587.047	144699	475058	101628
56 	587.047	144722	475058	101527
57 	587.047	144172	475058	101383
58 	587.047	143842	475058	101104
59 	587.047	143945	481437	100091
60 	572.641	143330	480501	99363.3
61 	572.641	142542	497695	98858.3
62 	572.641	142726	517210	96773.8
63 	572.641	142766	516731	96462.9
64 	572.641	141857	497724	95032.6
65 	572.641	141425	497724	96015.3
66 	565.658	141362	496333	97642.4
67 	565.658	141236	496333	96989.7
68 	565.658	141524	499377	97722.6
69 	565.658	141165	465671	97931.6
70 	565.658	140471	495157	99668.9
71 	565.658	140105	495157	100719 
72 	565.658	139556	495619	100653 
73 	565.658	138385	495619	101784 
74 	565.658	138122	469935	101591 
75 	565.658	138170	469935	100540 
76 	565.658	137573	466255	98731.9
77 	565.658	138232	452018	98258  
78 	565.658	138231	464212	98958.9
79 	565.658	139147	503196	101036 
80 	565.658	138914	483836	101255 
81 	565.658	139533	490528	101068 
82 	565.658	138412	490518	99799  
83 	343.741	138710	518046	102486 
84 	343.741	138737	507562	100371 
85 	343.741	138071	498680	98954.8
86 	336.458	137409	500174	99938.1
87 	336.458	137396	509343	100168 
88 	336.458	137165	500219	98547.5
89 	336.458	136261	503711	99653.6
90 	336.458	135376	524118	99471.5
91 	336.458	134787	535378	100034 
92 	336.458	134576	496253	99705.6
93 	336.458	133941	478194	97347.5
94 	336.458	133022	472405	93370.6
95 	336.458	133443	549152	93544.8
96 	336.458	132664	545190	93794.2
97 	336.458	133334	518236	93281.3
98 	306.874	133082	515053	92769.9
99 	306.874	133148	445062	92779.3
100	306.874	132613	446951	91845.6
101	306.874	132843	588491	92647.4
102	306.874	132043	439598	90605.7
103	306.183	132167	448520	91972.9
104	306.183	131884	469370	91659.9
105	306.183	131876	421125	92577.1
106	306.183	131522	443208	93057.6
107	306.183	130250	467655	92258.6
108	306.183	130046	451065	89796.4
109	306.183	130434	443053	90748.3
110	306.183	129506	443053	91246.1
111	306.183	128889	520094	91887  
112	306.183	129034	438832	91684.8
113	306.183	128368	475262	92580.7
114	306.183	128262	501140	93563.3
115	306.183	127797	556149	93591.9
116	306.183	128868	705091	98120.5
117	306.183	128452	604571	95888.1
118	306.183	127989	546087	95650.3
119	306.183	128387	546087	96822.5
120	306.183	128594	551229	95667.8
121	306.183	127434	541010	94862.9
122	306.183	127036	534616	94855.2
123	306.183	126416	480128	94726.7
124	306.183	127460	631587	97045.7
125	306.183	126586	496686	96851.5
126	306.183	126450	554202	97655.9
127	306.183	126555	539214	95707  
128	306.183	126371	539214	95001.3
129	306.183	125214	534275	92698.3
130	306.183	124740	533826	93227.1
131	306.183	124959	533633	92232.2
132	306.183	125422	484405	94268  
133	306.183	125703	477953	93751.1
134	306.183	125685	499045	94126.6
135	306.183	124811	498453	93239.5
136	306.183	124463	488341	91711.5
137	306.183	123993	477246	91618.8
138	306.183	123996	435581	91306.8
139	306.183	124527	432159	92577  
140	306.183	124039	457834	92188.3
141	306.183	122890	445384	90690.9
142	306.183	122372	496086	90072.8
143	306.183	122250	496086	89647.7
144	276.873	121812	482215	88726.4
145	276.873	122025	481909	86645.3
146	276.873	122122	464267	87044.3
147	276.873	121216	444940	89212.7
148	276.873	120556	504862	89730.7
149	276.873	120966	571454	90741.1
150	267.393	120175	472476	88392  
151	267.393	119690	524554	86451.6
152	267.393	119134	472476	84529.1
153	267.393	118921	460301	83252  
154	267.393	117917	618535	86083.6
155	267.393	117876	475077	85102.4
156	267.393	118047	463178	84996.8
157	267.393	118071	472864	87138.4
158	267.393	117853	458601	89298  
159	267.393	117706	485383	88656.3
160	267.393	117201	463514	86592.6
161	267.393	117067	499564	87346  
162	267.393	116716	482614	85911.3
163	267.393	116428	482614	85593.8
164	267.393	116932	451699	86387.1
165	267.393	116455	443451	86511.8
166	267.393	116654	417692	85838.9
167	267.393	117099	417692	86541.2
168	267.393	116628	488358	86745.2
169	267.393	115849	416779	83503.4
170	267.393	115417	409982	84815.3
171	267.393	114685	410326	83898.2
172	267.393	114907	409717	84665.1
173	267.393	114425	422776	84116.9
174	267.393	114489	422776	81849.2
175	267.393	113620	391065	81439.2
176	207.931	112884	391065	82425.4
177	207.931	112558	413151	82988.7
178	207.931	112279	412541	84463.3
179	207.931	112554	406285	82796.5
180	207.931	112627	413155	83270.6
181	207.931	112052	397696	80731.5
182	207.931	111310	389477	79856.3
183	207.931	110905	487157	81515.1
184	207.931	110528	476970	82508.2
185	207.931	110292	476460	81435.8
186	207.931	110280	470148	81263.9
187	207.931	109668	457148	79552.9
188	207.931	110127	472943	83320.9
189	207.931	109459	483113	81814.8
190	207.931	109612	442550	82188.5
191	207.931	109238	466283	82278.1
192	207.931	109115	448959	81849.5
193	207    	108974	452807	81701  
194	207    	108558	443039	82147  
195	207    	108459	416185	81742.7
196	207    	107407	389094	80349.8
197	207    	107665	427697	82601.4
198	207    	106914	398421	82051.2
199	207    	106361	397814	80133.2
200	207    	105764	417103	79180.1
201	207    	105900	412838	77486.3
202	207    	105286	417320	76226  
203	207    	105783	411452	77201.9
204	207    	105630	399075	76699.8
205	207    	105301	407785	77972.5
206	207    	104729	405994	77888.1
207	207    	104656	405994	76546.4
208	207    	104955	419586	79595.9
209	207    	104930	409797	81104.2
210	203.997	104508	409797	81276.7
211	203.997	104438	402859	81950  
212	203.997	105218	429746	81518.8
213	203.997	105399	424119	81255.6
214	203.997	104655	412380	79558.1
215	203.997	104827	405919	80010.2
216	203.997	104414	401520	79445.1
217	203.997	103964	374712	78329.3
218	203.997	103346	382381	77602.6
219	203.997	102917	380897	77785.7
220	203.997	102757	356886	77278.8
221	203.997	102772	356886	76391.2
222	203.997	102352	356886	76163.5
223	203.997	102244	396078	77427.8
224	203.997	101811	409152	76752.9
225	203.997	102050	409152	76759.5
226	203.997	101410	386357	76770.7
227	203.997	101628	385262	75891.1
228	203.997	101524	420476	75733.2
229	203.997	100887	399769	75808.6
230	203.997	100426	440281	75450.6
231	203.997	100221	440281	76396.2
232	203.997	100174	420709	76011.8
233	203.997	100540	417001	76254.9
234	203.997	100826	388506	75802.5
235	203.997	100766	388612	75212.7
236	203.997	100776	400564	76906.7
237	203.997	100350	476791	78809.7
238	203.997	100304	498956	80347.9
239	203.997	100006	478134	78300.9
240	203.997	99405 	463416	78222.5
241	203.997	98883.2	415076	76416.1
242	203.997	98965.3	428003	76734.5
243	203.997	98551.5	439595	77906.4
244	203.997	97999.6	428003	78115.6
245	203.997	98484.8	453499	78793.2
246	203.997	98431.7	453676	78041.6
247	203.997	98131.5	445446	79266.7
248	203.997	97665.3	445446	79592  
249	203.997	97293.7	397311	78260.7
250	203.997	97335.1	398503	75847.2
251	203.997	96757.7	398503	74469.6
252	203.997	96427.6	417049	75158.4
253	203.997	95800.9	417049	75518.6
254	203.997	96385.9	417049	76026.4
255	203.997	96481.1	449468	79494.8
256	203.997	96361.3	453543	80038.5
257	203.997	95698.4	444292	79124.1
258	203.997	94979.3	435233	76541.1
259	203.997	95174.3	409086	76542  
260	203.997	95165.4	408912	77213.5
261	203.997	94857.2	412450	76205.9
262	203.997	94644.9	391674	75096.3
263	203.997	94268.2	384097	73642.2
264	203.997	94086.9	377738	74876.3
265	203.997	93950  	407253	75511.6
266	203.997	93353.3	403095	74459.1
267	203.997	92971.8	399865	73820.9
268	203.997	92965.1	416112	73477  
269	203.997	93158.1	416112	74003.6
270	203.326	93405.2	432161	75518.1
271	203.326	92974.5	427285	74027.2
272	203.326	93206.5	399327	72940.7
273	203.326	92915.4	399327	71737.6
274	203.326	92685.7	371095	72543.3
275	203.326	92142.8	339817	70604.9
276	203.326	91804.4	340187	70809.2
277	203.326	91649.8	380892	71360.8
278	203.326	90886.9	419941	71387.1
279	203.326	90101.7	388649	69933  
280	203.326	90526.4	359598	69358.1
281	203.326	90353.3	359598	69306.6
282	203.326	89963.8	345269	68912.6
283	203.326	89971.2	393894	68855.5
284	203.326	90082.9	391544	68771.4
285	203.326	90021.6	357496	68296.2
286	203.326	90272.2	350196	67789.5
287	203.326	90583.8	347691	68539.5
288	203.326	90574.3	342543	69830.9
289	203.326	90536.4	388115	69746.7
290	203.326	90134  	341925	70322.7
291	203.326	89646.8	376371	69928.5
292	203.326	89428.4	369945	70366.4
293	203.326	89402.1	355118	69112.5
294	203.326	89453.9	364466	68781  
295	203.326	89591  	382887	67641.2
296	203.326	89417.1	368542	67017.7
297	203.326	89312  	369311	67952  
298	203.326	89374.3	360587	68803.5
299	203.326	89699.8	348620	68930  
300	203.326	89717.6	355309	69406.2
301	203.326	89611.8	334501	70022.2
302	203.326	89373.4	333939	69500.1
303	203.326	89137.1	333939	68858.8
304	203.326	89325.8	419917	70592.8
305	203.326	89184.6	439002	70777.1
306	203.326	89142.6	399323	70031.9
307	203.326	89105.3	399323	69113.6
308	203.326	88952.2	374677	70191.7
309	203.326	88204.2	388229	70400.1
310	203.326	88058.5	357324	70044.4
311	203.326	87221.4	343575	68089.3
312	203.326	87463.9	390543	68810.4
313	203.326	87293.4	353958	69101.3
314	203.326	87277.5	336562	68406.8
315	203.326	87222.9	395517	67493.1
316	203.326	86623.5	333081	66110.1
317	203.326	86786.9	344765	65633.4
318	203.326	86434.9	344765	65307.4
319	203.326	86381  	333081	65088.4
320	203.326	86522.3	333081	64990.7
321	203.326	86571.4	333081	64719.4
322	203.326	86744.7	333081	65425.8
323	203.326	86603.2	333081	65620.9
324	203.326	86434.2	347040	66736.5
325	203.326	86063.7	353782	67817.4
326	203.326	85824.1	370043	67232.3
327	203.326	85273.7	355509	67590.6
328	203.326	84957.6	346191	67267.9
329	203.326	85193.1	386986	68287.5
330	203.326	84938.3	372412	67352  
331	203.326	84633.4	372412	67241.1
332	203.326	84702.6	330478	67729  
333	203.326	83971.4	326269	65947.3
334	203.326	84721.3	353787	66900.2
335	203.326	84328.5	329727	67097.8
336	203.326	84453.4	315527	67282.8
337	203.326	84382  	315527	66586.4
338	203.326	83993  	332371	65810.2
339	203.326	83986.3	327013	65516.8
340	203.326	83853.7	331123	65610.8
341	201.26 	83848.7	331123	66405.8
342	201.26 	83853.1	314695	65382.1
343	201.26 	83606.3	333261	65899.9
344	201.26 	83329.6	361097	65489  
345	201.26 	83743.5	376897	67351.3
346	201.26 	83382  	390820	67426.8
347	201.26 	83366.6	362908	67778.3
348	201.26 	83196.2	327748	66212.4
349	201.26 	82945.9	348542	66344.6
350	201.26 	82796.8	348542	66132  
351	201.26 	82716.3	370564	67079.5
352	201.26 	82079.4	375580	66054.7
353	201.26 	82107.9	337789	65764.1
354	201.26 	82166.4	309656	65232.3
355	201.26 	81965.3	318157	65870.3
356	201.26 	82096.4	323914	66837.5
357	201.26 	81615.8	317868	65281  
358	201.26 	81408.3	445410	67424.4
359	201.26 	81548  	393694	68623.1
360	201.26 	81484  	394130	67334.8
361	201.26 	80859.8	380997	66459.2
362	201.26 	80765.4	378642	65568.2
363	201.26 	80795.6	313783	64844.6
364	201.26 	80621.4	387463	65556.3
365	201.26 	80974.4	317655	64107.9
366	201.26 	80779.5	300785	63707.4
367	201.26 	80739.2	316408	63776.7
368	201.26 	80496  	442459	66212.3
369	201.26 	80199.1	317715	65482.3
370	201.26 	80081.8	338956	65740.3
371	201.26 	79554.1	338956	64241.9
372	201.26 	79295.7	369364	63578.6
373	201.26 	79569.4	320234	63226.6
374	201.26 	80187.9	325384	63603.2
375	201.26 	80429.9	333615	64609.7
376	201.26 	80162.6	337474	64056  
377	201.26 	80075.2	323380	63360.8
378	201.26 	79708.7	336403	62988.6
379	188.728	79724.9	350370	63547.6
380	188.728	79680.7	350370	64490.4
381	188.728	79420  	350370	63704.7
382	188.728	78440.9	347502	64013  
383	188.728	78770.7	345224	63525.4
384	188.728	78794.6	333462	62719.2
385	188.728	79064.6	333462	62515.2
386	188.728	78986.8	367706	63105  
387	188.728	78683.9	325375	62715  
388	188.728	79207.5	311934	62797.7
389	188.728	79480.1	311934	63317.6
390	188.728	78765.3	379205	63245.7
391	188.728	78549.9	360508	63185.6
392	188.728	78362.3	324650	62035.3
393	188.728	78141.1	317806	61906.2
394	188.728	78050.5	322077	61265.8
395	188.728	77811.1	292969	60920.2
396	188.728	77184.3	293642	60919.1
397	188.728	77202.7	291931	60493.7
398	188.728	76933.4	291931	60070.8
399	188.728	76164.7	290832	60011.5
400	188.728	76124.3	289727	60637.4
401	188.728	76322.7	308596	60665.2
402	188.728	76692.1	393861	61834.4
403	188.728	76960.8	333117	61115.4
404	188.728	77297.1	354529	61263  
405	188.728	77017.8	332521	61174.2
406	188.728	76905.3	334289	62245.4
407	188.728	76562.6	327457	62016.9
408	188.728	76341.9	336457	61339.3
409	188.728	76121.3	317905	59702  
410	188.728	75790.4	320208	59084.1
411	188.728	75218.2	330701	57173.2
412	188.728	74895.6	302550	57105.4
413	188.728	74729.9	302550	57804.4
414	188.728	74606.2	279710	58006.2
415	188.728	74249.3	277247	57843.1
416	188.728	74571  	291574	58687.5
417	188.728	73784.8	335031	58697.1
418	188.728	73378.1	337521	60711.1
419	188.728	73221.8	360757	60342.7
420	188.728	73509  	337521	60449.5
421	188.728	73216.6	337521	60186.6
422	188.728	73053.1	320694	58165.9
423	188.728	72804  	311817	57954.9
424	188.728	72347.1	285364	56609.3
425	188.728	72192.1	284366	55929  
426	188.728	72346  	299129	56899.4
427	181.813	72220.4	308271	55922.8
428	181.813	72523.3	301453	57208.3
429	181.813	72127.2	318350	56769.2
430	181.813	72198.2	298485	56612.9
431	181.813	72104.9	315403	58126.5
432	181.813	72241.5	316489	57353.6
433	181.813	72216.3	314012	58211.9
434	181.813	72501.1	305224	58746  
435	181.813	72464.3	305224	58934.1
436	181.813	72370.5	285454	58251.2
437	181.813	72214.9	314250	58602.5
438	181.813	71628.6	296630	58531.2
439	181.813	71870.7	313422	59362.1
440	181.813	72152  	389810	59046.5
441	181.813	72052.4	352536	59777.6
442	181.813	71614.5	318673	58652.3
443	181.813	71489.7	318673	58268.2
444	181.813	71146.8	331878	59077.5
445	181.813	70644.4	346351	58692.3
446	181.813	70716  	329118	57979.1
447	181.813	70661.1	341027	57644.4
448	181.813	70307.2	315480	57165.9
449	181.813	69872.7	302501	56886  
450	181.813	70138.2	290472	57415.9
451	181.813	70728.6	377701	58998  
452	181.813	70791.5	377701	58666.3
453	181.813	70348.1	376635	57887.5
454	181.813	69957.9	340966	56561.9
455	181.813	70033.7	338576	57520.2
456	181.813	70481.9	304632	58634.1
457	181.813	70037.4	298221	58029.2
458	181.813	69574.4	295493	57790  
459	181.813	69450.5	295493	56927  
460	181.813	69773.7	377184	58020.1
461	180.756	69246.7	334112	57398.9
462	180.756	69197.1	333374	56401.3
463	180.756	69118.9	327077	55850.5
464	180.756	69285.8	327077	55307.3
465	180.756	69433.7	314498	56477  
466	180.756	69065  	314498	56485.8
467	180.756	69002.1	371456	56751.4
468	180.756	68850.4	310839	57617.2
469	180.756	68333.7	334577	57384.7
470	180.756	68336.9	311658	57014.1
471	180.756	68272.5	287047	56063.7
472	180.756	68044.9	286938	55541.2
473	180.756	67445.6	286938	55902.1
474	180.756	67450.6	255299	55498.2
475	180.756	67077.1	316842	55283.2
476	180.756	66483.2	272782	54417.2
477	180.756	66359  	264105	53521.5
478	180.756	66355.3	279533	53640.8
479	180.756	66353.4	284417	53853.4
480	180.756	66740.2	284417	53738  
481	180.756	66268.5	279670	53824.3
482	180.756	66178.3	280258	53226.1
483	180.756	66247.6	266760	53322.4
484	180.756	65838.7	277181	54057.9
485	180.756	65536.8	268002	53253.3
486	180.756	65746  	285426	53688.4
487	180.756	65718.8	272214	53198.8
488	180.756	65767.3	294792	54560.5
489	180.756	65674.8	290321	55387.3
490	180.756	65310.4	278173	55799.4
491	180.756	65271.7	316948	54866.4
492	180.756	65008.7	269959	54158.9
493	180.756	64855.1	276516	54929.7
494	180.756	64576.5	278676	54343.5
495	180.756	64604.5	278676	54228.3
496	180.756	65031.2	352756	56025.1
497	180.756	64422.5	282145	55360.3
498	180.756	64236.8	276233	55766.5
499	180.756	63979.9	276233	54879.1
149.15000001
