/usr/lib/python2.7/site-packages/deap/tools/_hypervolume/pyhv.py:33: ImportWarning: Falling back to the python version of hypervolume module. Expect this to be very slow.
  "module. Expect this to be very slow.", ImportWarning)
gen	min    	avg   	max   	std   
0  	5652.27	154376	471098	100406
1  	1097.37	153952	458407	102398
2  	1097.37	153806	447297	101987
3  	1097.37	153218	449092	103416
4  	1097.37	153214	440428	102760
5  	1097.37	152105	439825	101105
6  	1097.37	151446	487136	100443
7  	1097.37	151151	500962	101225
8  	1097.37	151553	488582	100361
9  	775.525	151513	468492	100259
10 	775.525	151466	468492	100213
11 	775.525	151045	468492	100502
12 	775.525	150734	483126	100346
13 	535.555	150709	493347	100454
14 	535.555	149727	485763	98748 
15 	535.555	149274	466088	99471.5
16 	535.555	149478	487266	100339 
17 	535.555	149377	517191	101135 
18 	535.555	149077	501083	100190 
19 	535.555	149032	492802	101205 
20 	501.353	148965	525544	100743 
21 	501.353	148329	495561	101351 
22 	501.353	148313	501606	101358 
23 	501.353	147880	495658	101630 
24 	501.353	147710	495658	101758 
25 	501.353	147522	495658	101946 
26 	501.353	147134	509715	101269 
27 	501.353	147514	499820	100589 
28 	501.353	147322	499820	100311 
29 	501.353	146642	479954	100793 
30 	501.353	147178	489337	100985 
31 	501.353	146746	477004	99024.1
32 	501.353	146748	475007	98807.5
33 	501.353	147354	467332	98130.6
34 	501.078	147259	517312	98655.6
35 	501.078	146604	543462	98711.8
36 	501.078	146495	461077	98623.4
37 	501.078	146350	563340	100889 
38 	460.205	146116	498742	101751 
39 	460.205	145950	517005	101717 
40 	460.205	146316	471436	100174 
41 	460.205	146211	454937	101032 
42 	460.205	146169	435017	100255 
43 	460.205	145312	478325	100215 
44 	460.205	144950	463075	100160 
45 	460.205	145051	439186	97332  
46 	460.205	145046	448975	96719.4
47 	460.205	144645	459982	96360.7
48 	460.205	144812	465099	95974.8
49 	460.205	144335	457696	95507.8
50 	405.695	144056	460734	95566.5
51 	405.695	144239	485704	94905.6
52 	405.695	144233	471243	97550.7
53 	405.695	144129	495946	97160.5
54 	405.695	144267	459754	98242.1
55 	405.695	143655	498331	98079.2
56 	405.695	143191	505970	98763.2
57 	374.392	143413	503710	97828.2
58 	374.392	143235	483988	98480.2
59 	374.392	144058	488897	100205 
60 	374.392	143490	481911	101263 
61 	374.392	142838	481911	99562.4
62 	374.392	142959	481549	99703.4
63 	374.392	142893	512773	99956.9
64 	374.392	143409	573563	99390.9
65 	374.392	142852	475210	98660.6
66 	374.392	143049	490712	98452.8
67 	374.392	143692	493033	97483.5
68 	374.392	144406	467256	97645.3
69 	374.392	143517	476244	97783.4
70 	374.392	142613	499870	97401.4
71 	374.392	142068	476587	96793.9
72 	374.392	141489	462032	96243.8
73 	374.392	141326	469262	97338.7
74 	374.392	140622	481977	96372.7
75 	374.392	139961	525380	97626.6
76 	374.392	138988	546570	97568.7
77 	374.392	139184	514329	98822.9
78 	374.392	138855	492508	97182.9
79 	342.437	137753	432832	96208.7
80 	342.437	137841	454687	95577.1
81 	342.437	137465	483256	95984.1
82 	342.437	137644	474588	95306.6
83 	342.437	138346	503056	98707  
84 	342.437	137962	511281	101541 
85 	342.437	137338	528354	101189 
86 	338.863	137174	503368	101920 
87 	338.863	137022	593406	101461 
88 	338.863	136573	495739	98637.2
89 	338.863	136263	474816	97780.1
90 	338.863	135476	560419	98865.2
91 	338.863	135680	554431	97971  
92 	338.863	134861	561244	99326  
93 	338.863	134615	520748	97516.2
94 	338.863	134587	515063	95753.3
95 	338.863	134645	496682	94998.7
96 	338.863	134388	496230	94959.7
97 	338.863	133935	478798	93736.2
98 	338.863	133976	478798	92424.6
99 	338.863	134225	478798	95314.7
100	338.863	133230	480225	95433.3
101	338.863	133073	435380	95005.6
102	338.863	132219	455843	94648.4
103	338.863	131115	465872	94968.9
104	338.863	130905	468052	94686.1
105	338.863	131359	479127	94627.3
106	338.863	130569	478265	94305.4
107	337.837	130509	489426	94632.4
108	337.837	130828	474538	91094.8
109	337.837	130403	442796	92658.6
110	337.837	130882	444019	91796.2
111	337.837	130712	477218	93716.3
112	337.837	130382	476582	91502.3
113	337.837	129930	445210	91396  
114	337.837	129407	458763	89740.4
115	337.837	129240	466665	87410.4
116	337.837	128620	466665	89105.2
117	337.837	128430	458748	89310.5
118	337.837	128746	499582	91433  
119	337.837	128441	486131	92783.4
120	337.837	127691	461369	90467.4
121	337.837	127602	450979	90186.7
122	337.837	127068	432716	89872.8
123	337.837	127020	488863	90442.6
124	337.837	126572	460304	90433.6
125	337.837	126174	464417	90479.5
126	337.837	126130	464429	91074.8
127	337.837	125920	452365	91000.2
128	337.837	126170	444369	89025.6
129	337.837	125944	438982	87504.1
130	337.837	125564	446940	87991.8
131	337.837	125037	456720	88603.6
132	337.837	124660	451681	87442.9
133	337.837	124010	491606	88698.1
134	337.837	123866	484801	88026.3
135	337.837	123462	547368	89422.9
136	337.837	123412	458067	87805.1
137	337.837	124303	452030	87673.1
138	337.837	124986	438011	88137.1
139	337.837	125240	504033	89490  
140	337.837	124896	463853	88532  
141	337.837	125166	464882	89041.6
142	337.837	125255	450855	87621  
143	337.837	124628	445480	86223  
144	337.837	124463	437224	86186.7
145	337.837	124226	433460	86704.4
146	337.837	124073	428241	87273.9
147	337.837	123527	440660	87628.3
148	337.837	123276	463791	86560.8
149	337.837	124045	530221	88301.1
150	337.837	123560	471267	88685.6
151	337.837	123362	463957	88807.4
152	337.837	122465	454314	88021.1
153	337.837	123098	464576	88703  
154	337.837	122727	465700	88359.9
155	337.837	122938	465700	89816.5
156	337.837	122107	455708	90082  
157	337.837	121628	455708	90464.8
158	337.837	120289	448063	90060.6
159	337.837	120090	448063	90055.6
160	337.837	120136	448063	90642.5
161	337.837	119583	460082	89264.3
162	337.837	120019	465373	89147.8
163	337.837	120205	465373	90527.2
164	337.837	120019	453669	88098.1
165	334.476	119238	438221	86244.9
166	253.842	118512	398583	84476.5
167	253.842	118351	410929	84189  
168	253.842	118390	400250	85043.8
169	253.842	117958	432719	85707.5
170	253.842	117798	419599	86025.8
171	253.842	117517	575083	86431.9
172	253.842	117357	471267	83615.6
173	253.842	117230	450894	85147.5
174	253.842	117487	432741	85458.7
175	253.842	117021	416255	86259.7
176	253.842	117076	416255	85632  
177	253.842	117047	452488	87299.6
178	253.842	116212	415727	87256.5
179	253.842	115847	418872	87095.2
180	253.842	115704	415727	85632.4
181	253.842	115054	406538	86407.9
182	253.842	115098	432639	86004.7
183	253.842	115512	489854	86261.5
184	253.842	114487	419850	84578.8
185	240.161	114096	419850	84464.8
186	240.161	114120	418568	83103.2
187	240.161	114176	430243	83171  
188	238.806	113907	398176	82866.1
189	238.806	113887	401487	83466.3
190	238.806	113474	401487	83660.9
191	238.806	112887	384063	82216.8
192	238.806	113031	374922	82705.8
193	238.806	113175	421750	81734.5
194	238.806	113056	407150	81477.6
195	238.806	112893	420665	82271.3
196	218.515	113117	393703	80680.3
197	218.515	112429	383052	81028.5
198	218.515	112486	490440	83745.9
199	218.515	112319	437563	83888.4
200	218.515	111918	433647	85306  
201	218.515	111966	435305	84657.5
202	218.515	111706	447916	85602.4
203	218.515	111611	381499	84593.8
204	218.515	111633	414569	84992.5
205	218.515	111173	404610	82713.4
206	218.515	111185	393810	83001.2
207	218.515	111101	426098	82711.9
208	218.515	111329	426564	83000.9
209	218.515	111024	420779	82129.3
210	218.515	111046	421112	82580.4
211	218.515	110322	414540	82596.4
212	218.515	109900	400591	82476.1
213	218.515	109543	411398	82547.5
214	218.515	109323	411398	84139.1
215	218.515	109219	479844	85716.3
216	218.515	109407	449334	85738.3
217	218.515	109234	449334	86214.4
218	218.515	109023	468920	86900.6
219	218.515	108679	438125	84918.7
220	218.515	108486	438125	83796.3
221	218.515	108523	437386	83368.6
222	218.515	108084	437386	83050.7
223	218.515	107790	470939	84512.7
224	218.515	107774	470939	85216.6
225	218.515	107809	464132	85594.2
226	218.515	107532	421409	84753.7
227	217.938	107573	424463	86095.7
228	217.938	107238	424463	85448.1
229	217.938	106858	421296	84136.4
230	217.938	106274	451503	84187.3
231	217.938	106417	491686	84593.9
232	217.938	106397	461170	83433.9
233	217.938	105942	461170	82498.9
234	217.938	105407	427684	81063.7
235	217.938	105414	415849	80805.1
236	217.938	105498	406935	80908.1
237	217.938	105399	397407	81125.9
238	217.938	104632	450423	81663.7
239	217.938	104080	450423	80516.2
240	217.938	103537	408781	79101  
241	217.938	103236	408888	79842.3
242	217.938	102934	432631	80335  
243	217.314	102532	434232	80927.2
244	217.314	102850	399071	81971.4
245	217.314	102352	412414	81052.3
246	217.314	102091	395252	80091.4
247	217.314	101706	395252	80094.4
248	217.314	101496	480499	78753.6
249	217.314	100906	363685	76276.5
250	217.314	101138	373041	76319.5
251	217.314	100531	358486	76676.7
252	217.314	100750	363435	75985.1
253	217.314	100422	357554	75456.5
254	213.746	100633	595854	78931.2
255	213.746	100322	432825	78482.2
256	213.746	99524.3	388123	78244.3
257	213.746	100192 	404262	77769.3
258	213.305	99769.1	420979	78044.6
259	213.305	99962.4	419471	77317.6
260	213.305	99075.5	409645	76547.3
261	213.305	98842.5	385320	74733.5
262	213.305	98694.7	385320	75988.2
263	213.305	98713.7	385320	77298.7
264	213.305	97975.7	409417	76584.7
265	213.305	98159.8	412042	74979.7
266	213.305	98717.1	394612	75750  
267	213.305	98590.2	386121	74103.3
268	213.305	99184.6	416785	75473.7
269	213.305	98859.3	412954	76911.7
270	213.305	98719.1	386325	75804.1
271	213.305	99130.7	434165	77374.5
272	213.305	99098.6	433831	77694  
273	213.305	98184.4	426284	77099  
274	213.305	98691.2	443538	76745.1
275	213.305	97943.8	425037	75807.2
276	213.305	97368.8	424636	76082.7
277	213.305	96897.8	420802	76099.5
278	213.305	96342.5	413630	74601.6
279	213.305	95973.1	483335	77343.3
280	213.305	96327.5	470024	79137.5
281	213.305	95813.4	414475	78317.5
282	213.305	95892.5	413426	78325.1
283	213.305	95524.6	395432	76417.5
284	213.305	95310  	395432	75344.7
285	213.305	95367.3	394440	75312.8
286	213.305	95605.5	437610	75522.9
287	213.305	95060.3	401786	75792.5
288	213.305	94718.8	401786	74279.6
289	213.305	94900.5	351730	73650.1
290	213.305	94320.3	360819	74479.5
291	213.305	94553.6	447065	74328.9
292	213.305	94592.6	450949	75775.3
293	213.305	93645.4	407825	73866.1
294	202.786	93305.2	412469	74440.7
295	202.786	93049.8	384783	73140.2
296	202.786	92884.6	383490	73792.5
297	202.786	92267  	388349	72616.6
298	202.786	91512.8	383488	73104.5
299	202.786	91713.3	379003	72124.7
300	202.786	91251.3	379166	71436  
301	202.786	90950.9	402492	71308.7
302	202.786	90977.9	378942	71175.5
303	202.786	90423.8	352711	70019.6
304	202.786	90246.2	343326	70233  
305	202.786	89700.3	345299	69176.3
306	195.155	89712.3	327412	68781.9
307	195.155	89993.7	320557	66847.3
308	195.155	89837.5	369380	68137.6
309	195.155	89952.1	352972	68845.1
310	195.155	89157.4	352972	67990.6
311	195.155	88639  	352972	66437.1
312	195.155	87437.8	324213	66724.2
313	195.155	87400.1	313494	67159.2
314	195.155	87994.7	341230	67967.2
315	195.155	88267.7	341230	66916.2
316	195.155	88644.7	387218	69468.2
317	190.124	88682.8	387218	69754.1
318	190.124	88142.5	398163	69210.2
319	190.124	87889  	371299	69050.9
320	190.124	87815.2	360335	69318.4
321	190.124	87543.4	360335	68353.7
322	190.124	87491.3	353068	67501.7
323	190.124	86791  	336602	66638.1
324	190.124	86505  	377052	66269.3
325	190.124	86821.2	363156	66719.3
326	190.124	86794.7	360641	67908.1
327	190.124	86311.3	403696	68616.3
328	190.124	85866.6	371541	66471.8
329	190.124	85984.2	390893	66578.2
330	190.124	85679.3	367676	65330.8
331	190.124	85538  	361157	68060.8
332	190.124	85760.7	366147	67849.1
333	190.124	85672.5	391281	67881.6
334	190.124	85555.5	331479	67339.5
335	190.124	85464.7	372983	67434.2
336	190.124	85734.4	375744	67672.1
337	190.124	85754.6	375744	67008.5
338	190.124	85597  	312429	66453.4
339	190.124	85622.6	349092	66839.8
340	190.124	85607.3	352977	67778.6
341	190.124	85466.7	370366	66797  
342	190.124	85158.7	333920	65944.6
343	190.124	85136.1	333181	65808.5
344	190.124	84919.9	311557	65826.7
345	190.124	84239  	311557	65312.9
346	190.124	83876.2	336380	66258.8
347	190.124	83905.5	409667	66919  
348	190.124	83846.8	335793	66454.6
349	184.825	83545.5	418585	68474.4
350	184.825	83056.3	354897	66941.2
351	184.825	83920.8	370141	68658.7
352	184.825	83840.4	370141	67724.4
353	184.825	83495.4	384010	68731  
354	184.825	83435.2	322746	67547.8
355	184.825	83261.2	322746	67203.5
356	184.825	83676.6	429120	67982.6
357	184.825	83640.6	413537	68822.7
358	184.825	83812.6	388141	69758.1
359	184.825	83925.1	408396	69502.6
360	184.825	83070.7	407522	69791.1
361	184.825	82869.2	386738	69636.9
362	184.825	82410.3	358621	69079.5
363	184.825	82345.2	384618	68869.5
364	184.825	82221.6	349215	67914.8
365	184.825	82033.6	348247	67831.2
366	184.825	81423.4	346122	67218  
367	184.825	81040.4	346122	65321  
368	184.825	81067.3	335923	65204.7
369	184.825	81112.6	335923	64374.2
370	184.825	81193.9	317849	64664  
371	184.825	80957.3	333144	66748  
372	184.825	81108.6	342280	65825.2
373	184.825	80437.8	385165	65851.7
374	184.825	80118.7	334826	64642.9
375	184.825	79810.6	338106	64597.5
376	184.825	79644.7	332325	64125.3
377	184.825	79813.5	331757	63660.1
378	184.825	79389.7	330236	63637  
379	184.825	78802.5	320634	63439.2
380	184.825	79091.7	331984	64790.3
381	184.825	78792.2	347216	63203.5
382	184.825	78954.1	337829	64062.5
383	184.825	78303.6	381099	63794  
384	184.825	77755.2	341002	62460.6
385	184.825	77475  	341002	62863.1
386	183.717	77830.5	333947	62728.5
387	183.717	77805.2	307342	62310.6
388	183.717	77388.5	307342	62399.2
389	183.717	77399  	307342	61844.6
390	183.717	76887.9	300950	62324  
391	183.717	76863.9	342634	61650.1
392	183.717	77354.6	331564	62703.6
393	183.717	77307.5	323785	63428.9
394	183.717	77587.1	338602	64399.4
395	183.717	77511.8	324471	64898.6
396	183.717	76764.2	387082	64942.2
397	183.717	76943.8	324061	64566.9
398	183.717	76971.4	323162	63879.4
399	183.717	76885.8	329034	64210.2
400	183.717	76595.5	326374	63278.6
401	183.717	76073.8	320743	62540.2
402	183.717	75915.9	330360	63019.9
403	183.151	75268.9	330455	62695.5
404	183.151	75131.3	314905	61891  
405	183.151	74850.6	314905	62147.7
406	183.151	75011.8	360387	63750  
407	183.151	74811.2	325751	62652.2
408	183.151	74414.9	307593	61091.8
409	183.151	74402.1	288554	60780.4
410	183.151	73748.3	262987	60166.1
411	183.151	74178.4	346778	62565.7
412	183.151	74077.2	351876	62965.8
413	183.151	73878.1	329898	61512.6
414	183.151	73772.2	303088	60739.4
415	183.151	73620.8	303088	60758  
416	183.151	73750.2	282837	61974.3
417	183.151	73185.6	287594	61503.6
418	183.151	73248.7	288365	61732.3
419	183.151	73382.1	324354	62797.2
420	183.151	72976.2	318386	62969.3
421	183.151	72667.3	306032	62076.6
422	183.151	72779.4	308062	61366.4
423	182.196	72869.6	356452	61620.4
424	182.196	72073.8	356452	61719.9
425	182.196	71899.8	356452	61708.6
426	182.196	71883  	352726	62758.4
427	182.196	71975.7	315415	60845  
428	182.196	71897.5	305287	59751.6
429	182.196	71549.4	304765	59096.2
430	182.196	71538.8	349579	59451.6
431	179.351	71250  	290640	57065.3
432	179.351	71124.9	347864	56491.9
433	179.351	71244  	305392	58030  
434	178.408	71168.6	320577	58112.8
435	178.408	71568.4	320034	58530.2
436	178.408	71336.7	317232	57869.9
437	178.408	71348.3	292809	57848  
438	178.408	71366.8	315147	57892.9
439	178.408	71208.3	314747	58082.4
440	178.408	70909.8	293878	56678.5
441	178.408	70461  	281316	56912.8
442	178.408	70169.7	310988	57533.1
443	178.408	70492.8	376982	57755.8
444	178.408	70382.5	315149	58216.7
445	178.408	69550.7	312520	57361.6
446	178.408	69534.8	303151	56756.7
447	178.408	68880  	293083	55448.5
448	178.408	68762.1	275567	54761.3
449	178.408	68870  	345084	57143.2
450	178.408	68974.5	348202	56761.1
451	178.408	68777.9	288636	56368.2
452	178.408	68909.5	284975	55131.1
453	178.408	69127.8	284975	56425.5
454	178.408	68605.1	282386	55918.5
455	178.408	68743.1	318074	56100.1
456	178.408	68399.5	307418	55527.5
457	178.408	68080.4	301710	55100.7
458	178.408	67903.8	280448	55404.7
459	178.408	68082.8	310641	56948  
460	178.408	68221.6	302511	57568.4
461	178.408	68253.9	314517	58654.7
462	178.408	68151.9	314771	58447.5
463	178.408	68370.1	313453	59253.8
464	178.408	67965.8	313453	58669.9
465	178.408	67902  	306372	58701.8
466	178.408	67834.5	301721	57863.9
467	178.408	67580.5	292696	57185.1
468	178.408	67184.7	292696	57146.3
469	178.408	67024.2	281339	57905.6
470	178.408	66839.7	262190	56632.7
471	178.408	66487  	262190	55579.6
472	178.408	66180  	276046	56250.2
473	178.408	66408.6	276046	56979.8
474	178.408	66700.7	270034	57385.2
475	178.408	66507.9	263002	57130.6
476	178.408	66528.6	265381	56538.4
477	178.408	66052.8	263033	55853.6
478	178.408	65849.7	263858	55886.2
479	178.408	65667.1	308402	56110.5
480	178.408	65274.8	266593	55072.7
481	178.408	65157.7	274938	55076.2
482	178.408	64909.2	274938	54627.4
483	178.408	64539.6	280614	54680.8
484	178.408	64590.1	280614	55086.1
485	178.408	64491.3	257763	55593.2
486	178.408	64669.3	259697	54354.2
487	178.408	64150  	292695	53984.9
488	178.408	64075.4	292695	53842.8
489	178.408	63999.5	277213	53688.9
490	178.408	63897.9	268752	53700.6
491	178.408	63902.8	268752	53344.3
492	178.408	63569.3	260694	52578  
493	178.408	63073.4	260694	52951.1
494	178.408	63095.5	254332	52876  
495	178.408	63241.1	245696	52242.1
496	178.408	62631.4	245696	51063.9
497	178.408	63096.2	333758	52658  
498	178.408	63411.6	337295	53210.8
499	178.408	63116.4	323129	53959.4
149.15000001
