/usr/lib/python2.7/site-packages/deap/tools/_hypervolume/pyhv.py:33: ImportWarning: Falling back to the python version of hypervolume module. Expect this to be very slow.
  "module. Expect this to be very slow.", ImportWarning)
gen	min   	avg   	max   	std   
0  	7894.6	162466	499413	104059
1  	2854.18	162324	496411	104949
2  	2854.18	162486	499389	104499
3  	2854.18	162073	541182	103389
4  	2831.9 	161631	491409	104850
5  	2831.9 	161723	474646	103905
6  	2831.9 	161393	478544	104196
7  	2818.78	160884	531072	103963
8  	2818.78	161009	531072	102218
9  	2818.78	161524	476391	101668
10 	2809.81	161745	457408	101288
11 	2809.81	161514	484107	102178
12 	2165.32	162045	484883	102643
13 	1228.21	161949	544898	103895
14 	1228.21	161553	491966	103770
15 	1228.21	161032	478313	103779
16 	1147.64	161163	543789	106539
17 	1147.64	161518	560915	106768
18 	1147.64	161883	559396	108651
19 	1147.64	161472	524778	106284
20 	1147.64	161368	507635	106920
21 	1147.64	161456	499656	107279
22 	1147.64	160771	499656	106870
23 	1147.64	160524	500098	107085
24 	1147.64	160071	576338	107908
25 	1139.78	160201	548486	108024
26 	1123.6 	160086	550148	108583
27 	1123.6 	160911	582752	111680
28 	1123.6 	160257	603980	110287
29 	1123.6 	160271	527584	109494
30 	1123.6 	159318	516106	109221
31 	1123.6 	159177	514456	109518
32 	1123.6 	158809	514456	109154
33 	1123.6 	159301	512265	108224
34 	1123.6 	158646	497790	107530
35 	1123.6 	158405	500645	107489
36 	1123.6 	157586	501886	106699
37 	1123.6 	157386	484646	105723
38 	1123.6 	156791	503055	105144
39 	1123.6 	157196	503055	104945
40 	1123.6 	156924	539481	102569
41 	955.448	157051	535065	104264
42 	955.448	157324	515071	104863
43 	955.448	157485	507038	104798
44 	955.448	157332	544599	107011
45 	955.448	157408	544599	109050
46 	955.448	157807	546386	109549
47 	955.448	157489	556894	110009
48 	841.941	156697	556894	110196
49 	841.941	155950	539815	109451
50 	841.941	155360	546169	109217
51 	841.941	154801	546169	109429
52 	841.941	154470	541544	107815
53 	725.102	154468	550517	108752
54 	725.102	154203	531778	107643
55 	725.102	154043	618026	108161
56 	725.102	152935	631636	107300
57 	725.102	152784	583497	104798
58 	685.482	152579	577695	105577
59 	685.482	153278	681292	108332
60 	685.482	152560	609247	105668
61 	685.482	152072	530112	106426
62 	685.482	151394	553262	106873
63 	685.482	151541	576917	105093
64 	685.482	151245	554598	104576
65 	685.482	150485	542528	103513
66 	685.482	149855	525210	102237
67 	685.482	148895	526462	102496
68 	685.482	148903	607213	105135
69 	685.482	148767	579060	104789
70 	606.575	148257	538522	103172
71 	606.575	148373	522672	102675
72 	606.575	148477	576274	106212
73 	606.575	147463	525266	105103
74 	606.575	148294	533596	106780
75 	606.575	148758	559355	108782
76 	606.575	148009	545638	106089
77 	606.575	147978	494167	104033
78 	606.575	147959	511885	105495
79 	606.575	148115	523016	107517
80 	606.575	147847	523016	108343
81 	606.575	146544	563275	107372
82 	606.575	146106	543470	107578
83 	606.575	145945	544101	106512
84 	606.575	145733	539082	106711
85 	599.741	145577	539082	105972
86 	599.741	145663	520219	105837
87 	599.741	145490	520219	105909
88 	599.741	145718	529986	105311
89 	599.741	144579	529986	104298
90 	599.741	144305	529986	106164
91 	599.741	143918	529997	106265
92 	599.741	143914	524757	104169
93 	599.741	143044	524757	103297
94 	574.297	143113	603047	104976
95 	574.297	142395	603047	103538
96 	574.297	142691	603047	104174
97 	567.915	142324	602115	105025
98 	563.179	142100	634032	105599
99 	563.179	141856	561688	103098
100	392.76 	141379	536677	101955
101	392.76 	141498	618340	101727
102	392.76 	140514	546950	100550
103	392.76 	140187	492382	98194.7
104	392.76 	140620	484393	98784.4
105	392.76 	140714	521726	99560.3
106	392.76 	141352	492453	100435 
107	392.76 	140503	526574	103214 
108	381.489	140171	545018	102337 
109	381.489	139492	481825	100476 
110	381.489	139187	482489	99383.1
111	381.489	138851	481595	98312.8
112	381.489	137972	477945	98861.2
113	381.489	137180	497505	97740.6
114	381.489	136741	491618	98036.7
115	381.489	136728	499590	99475.4
116	381.489	136287	488794	98620.4
117	381.489	135725	488926	96755.4
118	381.489	136046	487620	96842.5
119	381.489	136155	487620	96792.3
120	376.853	135889	496578	97526.7
121	376.853	135668	516332	97586  
122	376.853	135032	479738	97688.7
123	376.853	134400	476808	95456  
124	376.853	133987	475981	95311.9
125	376.853	133958	530344	96172.9
126	376.853	133740	522075	96768.1
127	376.853	133483	557015	97461.8
128	376.853	133160	486935	96039  
129	376.853	133320	475934	96364.2
130	376.853	132333	467025	96348.2
131	376.853	131597	493552	96892  
132	376.853	131895	480221	95290.6
133	376.853	131491	480221	94794.4
134	376.853	131243	483792	93836.2
135	374.64 	131029	523142	95104.9
136	374.64 	130700	520880	94735.6
137	374.64 	130257	496675	96161.6
138	316.955	130154	522993	97812.4
139	316.955	130359	510590	95049.5
140	316.955	129790	531078	93848.8
141	316.955	129118	465059	94208.2
142	316.955	129437	477698	94805.6
143	316.955	128800	477698	94025.8
144	315.652	128866	490190	91566.2
145	315.652	128330	460397	90045.9
146	308.493	127848	444939	89435.5
147	308.493	127710	536073	92098.2
148	308.493	127529	445505	91776.2
149	308.493	127262	424303	92164.8
150	308.493	126639	424303	92655.8
151	308.493	126260	420235	93292.9
152	308.493	125932	457027	92592.3
153	308.493	125731	469417	92511.1
154	303.28 	126027	444330	92172.6
155	303.28 	126081	444820	91037.8
156	303.28 	125382	478375	89294.3
157	303.28 	125212	478375	89931.3
158	303.28 	124998	429993	89971  
159	303.28 	124378	440221	89315.9
160	303.28 	123782	474909	90779  
161	277.349	124128	533694	92357.8
162	277.349	123543	533694	93855.3
163	277.349	123255	529739	95342.3
164	277.349	123003	456206	92860.3
165	277.349	122956	451342	89702.2
166	277.349	122425	451342	89478.3
167	277.349	122339	433504	87185.8
168	277.349	122607	414861	89102.4
169	277.349	122357	416163	87064.7
170	277.349	122080	402656	85800.1
171	265.281	121858	509527	86957.6
172	265.281	120632	478242	85275.8
173	265.281	121471	448495	84273.3
174	265.281	121187	480193	86300.8
175	265.281	120722	480193	84673.6
176	253.892	120643	459200	85324.8
177	253.892	120419	471996	87605.6
178	253.892	119752	467397	88036.9
179	253.892	119552	446193	89332.5
180	253.892	119035	446193	89282.8
181	253.892	119377	424995	89664.6
182	253.892	119121	457191	89637  
183	253.892	118884	452752	89930.6
184	253.892	118938	452752	88972  
185	253.892	119066	571218	89870.3
186	253.892	118899	571218	91522.9
187	253.892	118520	441491	90475.3
188	253.575	118110	441491	91019.7
189	253.575	117728	561823	91440.8
190	253.575	118105	520336	90623.9
191	253.575	118763	522143	90392.3
192	253.575	118964	516621	89507.3
193	253.575	118337	444388	89450.3
194	253.575	118865	436055	88811  
195	253.575	118582	461651	88817.4
196	253.575	118188	468459	87278.1
197	253.575	118402	439203	87180.4
198	253.575	118374	476696	87201.7
199	253.575	117915	520608	88813.9
200	253.575	117805	493586	89147.3
201	231.035	117664	488993	90129.1
202	231.035	117103	481924	88393  
203	231.035	117234	472292	87683.5
204	231.035	116731	462858	87555.4
205	231.035	116538	453983	86746.4
206	231.035	116172	427720	85389  
207	231.035	116312	487378	87813.8
208	231.035	115730	487388	85362.5
209	231.035	115392	435951	84992.8
210	231.035	115909	435951	85709.5
211	231.035	115579	435470	85975.2
212	231.035	114716	430992	85688.3
213	231.035	114348	430443	84273.7
214	231.035	113832	430443	83948.9
215	231.035	113205	390078	82395.9
216	231.035	113223	390078	81257.9
217	231.035	113209	380960	80725.7
218	199.463	113232	380960	79535.8
219	199.463	112930	429315	79710.8
220	199.463	112149	372329	78603  
221	199.463	112432	372329	78194.9
222	199.463	112746	514851	81956.4
223	199.463	112572	402207	81070.5
224	199.463	112767	402207	79669.8
225	199.463	112277	402207	80302.9
226	199.463	112318	431902	80786.9
227	199.463	112314	446337	82141  
228	199.463	112249	400027	81178.5
229	199.463	112057	400027	81522.9
230	199.463	113070	500096	81815.7
231	199.463	112613	419246	82376.5
232	199.463	112456	419246	81518.2
233	199.463	112462	399761	81985.9
234	199.463	112466	429116	84070.7
235	199.463	111639	426073	82880.3
236	199.463	111634	426073	86297.1
237	199.463	111666	411564	85473.2
238	199.463	111129	418047	85381.3
239	199.463	111034	418047	84828.8
240	199.463	110783	421177	84616.6
241	199.463	110024	421177	83567.9
242	199.463	109507	414887	83665.6
243	199.463	109157	385415	81700.3
244	199.463	109583	500279	84295.1
245	199.463	109528	486653	82758.7
246	199.463	109265	435131	82474.6
247	199.463	108729	433258	83024.9
248	199.463	108120	433258	81097.7
249	199.463	108223	433258	81143.3
250	199.463	107779	418295	82674.3
251	199.463	107205	476632	82852.4
252	199.463	107830	476632	83801.3
253	199.463	107288	450950	83328.5
254	199.463	106840	444597	83881.4
255	199.463	107321	437957	83644.5
256	199.463	107564	489364	84449.4
257	199.463	107029	453917	83540.8
258	199.463	106808	437787	82779.3
259	199.463	105954	437787	82622  
260	199.463	105057	395878	80429.6
261	199.463	104187	385247	79054.1
262	199.463	104664	508952	79934.5
263	199.463	105100	457309	82813.2
264	199.463	104414	488109	80793.3
265	199.463	104214	488109	81360  
266	199.463	103567	471699	80170.6
267	199.463	103602	404389	79286.3
268	199.463	102981	421317	79816.8
269	199.463	102753	421317	79325.1
270	199.463	102467	421317	76869.3
271	199.463	102511	421317	78405.7
272	199.463	102863	421317	77643.2
273	199.463	103059	418099	78410.7
274	199.463	102760	408165	76991.5
275	199.463	102208	414625	77307.1
276	199.463	101905	414313	77529.2
277	199.463	101769	440398	76837.6
278	199.463	101472	388740	75756.7
279	199.463	101085	372982	75034.6
280	199.463	100802	436169	73642.9
281	199.463	100405	376040	73471.4
282	199.463	100256	455665	74707.2
283	199.463	100537	455665	75395.7
284	199.463	100110	408280	74785.8
285	199.463	99877.2	406591	75703.7
286	199.463	99674.2	406591	74924  
287	199.463	99447.4	400738	73370.7
288	199.463	99643.6	400738	73816.2
289	199.463	99466.5	400738	74624.2
290	199.463	99681.9	399140	75139.8
291	199.463	99222.4	362467	75370.2
292	199.463	99185.4	428843	76156.9
293	199.463	99586.9	409613	76209.8
294	199.463	100024 	409613	77416.8
295	199.463	99832.7	382017	77715.9
296	199.463	99533.1	379358	77462.3
297	199.463	99369.6	377700	76676.6
298	199.463	99423.6	377819	76873.9
299	199.463	99493.6	393201	75591.6
300	199.463	98912.9	430231	75812.1
301	199.463	98340.6	424519	74815.9
302	199.463	98320.4	458821	75563.3
303	199.463	97922.2	442266	77212.2
304	199.463	98197.4	405158	76629.1
305	199.463	97816.4	394265	76500.3
306	199.463	97486  	413984	77676.4
307	199.463	97117.8	394265	75898.3
308	199.463	96860.8	365901	74575.6
309	199.463	96164  	356044	73811.6
310	199.463	96070.7	404932	75677.1
311	199.463	96331.6	423649	76590  
312	199.463	96422.3	379736	76535.5
313	199.463	96848.1	464482	78516.4
314	199.463	96618.1	436005	77995.6
315	199.463	97101.8	436005	76896.8
316	199.463	97349.8	359916	75481.1
317	199.463	96915.3	379359	74960.3
318	199.463	96492.3	353122	74664.5
319	199.463	96198.2	458518	75550.9
320	199.463	95938.3	458518	75556.7
321	199.463	95969.5	397251	76509.4
322	199.463	96225.8	466632	77804.3
323	199.463	95785.9	429734	77987.9
324	199.463	94763.8	425824	76262.8
325	199.463	94236  	391369	75512.3
326	199.463	94631.1	385128	76640.3
327	199.463	94700.9	371871	75431.1
328	199.463	94845.1	395595	76508.9
329	197.221	94529.1	395297	77263.8
330	197.221	95096.5	397444	76543.9
331	197.221	94987.8	405001	77566  
332	197.221	95247.4	408185	78352  
333	197.221	95007.6	408185	79179.3
334	197.221	94651.6	381800	76815  
335	197.221	94272.1	381800	76007.2
336	197.221	93880.2	413446	76197.4
337	193.305	93885.2	355128	75828.9
338	193.305	93403.3	354698	74632.5
339	193.305	93331.7	396845	75414.2
340	193.305	93222.6	422285	76066.1
341	193.305	92688.6	420092	76288.6
342	193.305	92269.6	418884	75750.3
343	193.305	92057.7	418884	74382.8
344	193.305	92114  	442762	77173  
345	193.305	92418.2	425745	77152.5
346	193.305	92101.9	407347	76100.2
347	193.305	91810.7	374895	75267.4
348	193.305	92395.9	369397	75627.3
349	193.305	91942  	361643	74717  
350	188.069	91919.7	543744	76196.5
351	188.069	92048.3	396451	74214.5
352	188.069	92425.6	396451	74730.4
353	188.069	92345  	503701	75843.4
354	188.069	92031.8	490285	76216.5
355	188.069	91389.2	449403	74700.2
356	188.069	90962.1	414990	75179.4
357	188.069	90927.7	423504	75703.7
358	188.069	90816.4	390565	74645.2
359	188.069	90634.3	423212	76377.8
360	188.069	90714.9	437874	75638.6
361	188.069	90398.2	406212	75579.3
362	188.069	89885.4	401553	73240.1
363	188.069	89748.4	429614	74275.2
364	188.069	89421.8	374890	72432.4
365	188.069	89331.2	327265	71873.9
366	188.069	89124.4	342663	71448.2
367	188.069	88887.4	383487	70386.5
368	188.069	88242.7	390070	69525.1
369	188.069	88343.1	368716	71176.8
370	188.069	88605.7	368716	72065.8
371	188.069	88603.2	337782	72216.6
372	188.069	89015.4	351219	73257.1
373	188.069	88154.6	373167	73252.3
374	188.069	88310.4	445074	73625.5
375	188.069	87923.3	446013	73147.2
376	188.069	87658.4	470073	72635.9
377	188.069	88128.5	470073	73286.6
378	188.069	87403.4	466437	74225  
379	188.069	87340.8	467967	75162.5
380	188.069	87142.3	436334	74541.8
381	188.069	87118  	406220	74113  
382	188.069	86739  	408668	74049  
383	188.069	86551.8	407981	73870.5
384	188.069	86460.4	407114	72019.9
385	188.069	86361.7	404756	72355  
386	188.069	85611.1	379039	71232.7
387	188.069	84979.2	390173	70695.6
388	188.069	84728.5	390173	70931.9
389	188.069	84881.2	376346	70915  
390	188.069	84757.7	383636	71247.6
391	188.069	84275.4	383636	70093.2
392	188.069	84298.9	400358	71518.9
393	188.069	84319.8	383636	70614.3
394	188.069	83979.8	376102	69159.9
395	188.069	83940.7	376102	71018.3
396	188.069	83646.2	356284	69808.8
397	188.069	83159.4	349883	70648.9
398	188.069	83305.5	348489	69795.6
399	188.069	82802.6	344819	69775.3
400	188.069	83226.9	472751	70397.1
401	188.069	82945.8	369452	68507.5
402	188.069	82558.4	329061	67888.2
403	188.069	82857.3	333216	67571.1
404	188.069	83022.9	334217	67804.4
405	188.069	82729  	351887	67520  
406	188.069	82741  	340312	66207.2
407	188.069	82523.8	364807	66514.5
408	188.069	81983.5	340312	64667  
409	188.069	81185.1	351020	64779.5
410	188.069	81205.3	351020	65541.4
411	188.069	80902.7	333852	64421.8
412	188.069	80283.1	314810	65268.7
413	188.069	80031.8	314810	65402.8
414	188.069	80328.8	354338	66381.7
415	188.069	80571.8	314251	65689.2
416	175.313	80195.4	303467	65855.1
417	175.313	80220.1	303467	64540.1
418	175.313	80473.9	441623	65324.7
419	175.313	80925.9	440110	66475.2
420	175.313	80769.7	440110	67265.1
421	175.313	80560.3	404567	66846.8
422	175.313	80070.1	396549	66932.2
423	175.313	79817.3	387916	66556.1
424	175.313	79215.2	349914	65422.2
425	175.313	79042.8	340888	64975.9
426	175.313	78622.5	340151	64599.5
427	175.313	78013.2	316962	62313.6
428	175.313	77509.3	343900	64687  
429	175.313	77437.3	327172	64329.9
430	175.313	77479  	318085	64218.2
431	175.313	77927.7	312732	63603  
432	175.313	77940.7	312732	65462.9
433	175.313	77762.9	312732	65748.3
434	175.313	77153.9	363204	65785.1
435	175.313	77607.9	352878	66640.3
436	175.313	77854  	358017	65510.8
437	175.313	77626.4	353214	65036.9
438	175.313	77534.1	329816	63632.2
439	175.313	77045.8	326828	63277.8
440	175.313	77333.9	326828	64158.3
441	175.313	77258.8	326828	64537.3
442	175.313	77116.9	325727	63513.8
443	175.313	76584.4	316955	63441.1
444	175.313	77144.4	383851	64096.4
445	175.313	76309.6	348283	63874.9
446	175.313	76544.7	347981	62405.4
447	175.313	76747.6	347978	63356  
448	175.313	76479  	331768	62757.6
449	175.313	76675  	309731	62859.7
450	175.313	76431.5	310661	61265.4
451	175.313	76474.4	308185	60867.3
452	175.313	76952  	380597	63418.8
453	175.313	77669  	386855	63669.3
454	175.313	77730.4	371407	63446.4
455	175.313	77530.1	333116	63660  
456	175.313	77166.5	346197	64438.1
457	175.313	77059.1	346197	64350.5
458	174.453	77472.9	384575	64672.4
459	174.453	77114.2	346197	65663.2
460	174.453	76568.7	347474	63809.4
461	174.453	76364.5	354888	64020.9
462	174.453	76669.8	347474	63706.7
463	174.453	76498.9	354329	63673.5
464	174.453	76546  	354329	64248.7
465	174.453	75634.3	354329	65076.9
466	174.453	75679.2	354329	64802.5
467	174.453	75348.1	354514	64496.4
468	174.453	74972.7	349827	63460.2
469	174.453	74381.3	335078	62854.1
470	174.453	74206.3	316909	62111.2
471	174.453	73900.7	316909	61887  
472	174.453	74030.6	348611	61903.1
473	174.453	73444.4	326907	61017.9
474	174.453	73571.4	313976	61106.5
475	174.453	73370.3	339016	61898  
476	174.453	72889.8	322436	61914.8
477	174.453	72755.4	312498	61517.7
478	174.453	72978.9	353247	61628.2
479	173.786	72878.2	353247	62605.6
480	173.786	72360.4	310824	60850.2
481	173.786	72319.9	312796	60850.1
482	173.786	71690  	319146	59661.3
483	173.786	71711  	337644	59696.5
484	173.786	71330.9	345997	59605.9
485	173.786	71055.1	296417	58767.9
486	173.786	70794.5	302899	58931.2
487	173.786	70614.3	301197	58852.7
488	172.924	70880.4	385506	59660.7
489	172.924	70979.9	310781	60407.1
490	172.924	71190.4	303659	59988.6
491	172.924	70888.6	341446	60657.3
492	172.924	70575.6	292228	59246.4
493	172.924	70621.9	292228	59235  
494	172.924	70828.3	305688	60043.7
495	172.924	70733.5	278435	58917.1
496	172.924	70695.1	304443	58849.2
497	172.924	70601.4	290220	58244.6
498	172.924	70465  	285963	57734.6
499	172.924	69990.6	282118	59123.5
149.15000001
