/usr/lib/python2.7/site-packages/deap/tools/_hypervolume/pyhv.py:33: ImportWarning: Falling back to the python version of hypervolume module. Expect this to be very slow.
  "module. Expect this to be very slow.", ImportWarning)
gen	min    	avg   	max   	std   
0  	3022.66	158958	491289	100874
1  	3022.66	158814	501940	100932
2  	3022.66	158965	510626	102610
3  	3022.66	158423	472251	102542
4  	3022.66	158194	521855	101595
5  	3022.66	158475	485329	100693
6  	3022.66	158818	489260	101961
7  	3022.66	157757	511960	101650
8  	3022.66	157051	508448	101916
9  	3022.66	158202	522256	104596
10 	3022.66	157741	492716	104674
11 	3022.66	157331	482012	104315
12 	3022.66	157257	464059	103306
13 	3022.66	157417	459962	102691
14 	3022.66	156676	459962	102849
15 	3022.66	156134	488800	103081
16 	2497.39	155266	498271	104179
17 	2497.39	154520	465646	106566
18 	2497.39	154538	506250	106112
19 	2497.39	156904	563596	108402
20 	1302.1 	156541	523054	107322
21 	1302.1 	155291	512994	106260
22 	1302.1 	155320	546031	105626
23 	1302.1 	156775	534475	107115
24 	1286.3 	156375	511946	107136
25 	1286.3 	155830	506189	106680
26 	1082.08	156360	496255	107523
27 	1082.08	156388	493331	106898
28 	1082.08	155597	489151	104286
29 	830.741	155530	524830	105211
30 	830.741	155766	469880	104492
31 	830.741	155326	485423	103346
32 	830.741	154576	507022	103636
33 	830.741	153871	507022	103370
34 	788.232	154386	507022	103773
35 	788.232	154171	485393	105538
36 	788.232	153776	468219	104152
37 	788.232	154170	487461	106437
38 	788.232	154021	482255	106042
39 	788.232	153645	483162	104270
40 	788.232	153214	456731	102689
41 	788.232	153310	508597	105399
42 	591.142	153218	486292	103601
43 	591.142	152378	569345	102710
44 	591.142	152262	550841	101858
45 	591.142	152437	562369	102975
46 	591.142	152481	559305	103004
47 	591.142	152012	487661	102000
48 	591.142	151738	487661	102150
49 	591.142	151412	488093	102112
50 	591.142	151366	487549	101029
51 	587.611	151617	485926	101374
52 	587.611	150767	512281	101726
53 	587.611	151419	505465	102230
54 	587.611	151836	477047	101472
55 	587.611	151914	465147	101644
56 	587.611	151391	578933	104062
57 	587.611	151135	562744	103943
58 	587.611	151466	597461	105143
59 	587.611	151296	596034	106598
60 	587.611	150753	597220	106417
61 	587.611	149881	558111	105469
62 	587.611	149560	553570	103394
63 	365.68 	149680	518086	102051
64 	365.68 	149433	485636	100571
65 	365.68 	150367	503658	101898
66 	365.68 	149775	503658	101750
67 	365.68 	149193	490551	101525
68 	365.68 	149478	524985	103308
69 	365.68 	148503	524985	104242
70 	365.68 	147668	526080	101123
71 	365.68 	147135	525406	99612.8
72 	365.68 	147057	520374	99953.1
73 	365.68 	146807	520374	100445 
74 	365.68 	146093	514109	99547.8
75 	365.68 	146373	516593	101060 
76 	365.68 	146116	516593	100799 
77 	365.68 	146193	498261	100688 
78 	365.68 	146353	498261	100334 
79 	365.68 	145271	466666	99784.4
80 	316.504	144756	465542	98691.2
81 	316.504	144894	461642	98625.6
82 	316.504	144837	448584	98610.8
83 	316.504	144744	448584	97687.1
84 	316.504	144205	467410	98668.5
85 	262.617	144504	606599	100477 
86 	262.617	144996	519489	101030 
87 	262.617	144760	508217	101921 
88 	262.617	144457	501474	101772 
89 	262.617	144003	501474	100410 
90 	239.196	143525	499057	99267.7
91 	239.196	143675	499057	98915  
92 	239.196	143868	504091	99427.2
93 	231.034	143962	526570	99735.7
94 	231.034	143149	500071	99876.5
95 	231.034	143746	558557	102281 
96 	231.034	143095	557997	102521 
97 	231.034	142333	557568	101837 
98 	231.034	141694	544278	103234 
99 	231.034	142040	544278	104500 
100	231.034	142334	524977	102633 
101	231.034	141748	504329	102248 
102	231.034	141039	478360	102039 
103	231.034	140893	478360	101203 
104	231.034	140108	488445	99639.9
105	231.034	139892	476359	99630.9
106	231.034	139686	476740	101661 
107	231.034	138976	465347	101668 
108	231.034	139218	446404	99638  
109	231.034	138493	446404	99323.9
110	231.034	138193	441627	98324.2
111	231.034	138008	431970	95892  
112	231.034	137786	548366	97918  
113	231.034	138039	532650	99835  
114	231.034	137541	486278	99632.2
115	231.034	137682	499058	99142.8
116	231.034	138113	468475	98996.5
117	231.034	138226	529189	97850.1
118	231.034	137611	528250	98859.7
119	231.034	137727	559980	101808 
120	231.034	137514	532932	102263 
121	231.034	137092	521649	100900 
122	231.034	137622	536225	102594 
123	231.034	137401	529130	102673 
124	231.034	137019	515372	103170 
125	231.034	136272	501265	102522 
126	231.034	136159	489877	100795 
127	231.034	136061	502222	99938.2
128	231.034	135943	485003	100831 
129	231.034	135436	484957	99616.8
130	220.771	134898	484957	97693.6
131	220.771	134551	520116	96958.3
132	220.771	134386	489120	97564  
133	220.771	134991	483266	97968.1
134	220.771	134681	480303	95604.4
135	220.771	133967	467734	96073.1
136	220.771	133753	466906	97904  
137	220.771	133319	471671	97170.9
138	220.771	132874	473098	97078  
139	220.771	132803	586717	97671.7
140	220.771	132414	563510	97084.9
141	220.771	131932	528750	96456.4
142	220.771	131344	473660	96206.2
143	220.771	131836	468634	95572.8
144	220.771	131232	463053	93578.7
145	220.771	130506	458700	93624.4
146	220.771	130445	469864	93747.5
147	220.771	130314	465949	94818.8
148	220.771	130066	465949	96838.8
149	220.771	130535	470694	98478.6
150	220.771	130249	476156	97958.6
151	220.771	129702	579981	99580.2
152	220.771	129604	491360	96462.2
153	220.771	129144	487053	95665.2
154	220.771	129003	453955	94587.7
155	220.771	128236	453955	93482.6
156	220.771	127853	436049	94529.1
157	220.771	127660	491849	96767.4
158	220.771	128279	495891	98611.7
159	220.771	128352	491209	98345.5
160	220.771	128188	470492	96884.8
161	220.771	128195	478381	96846  
162	220.771	127787	478245	94955.9
163	220.771	127414	478245	96210.8
164	220.771	127198	429193	94215.1
165	220.771	126486	573902	94981  
166	220.771	127195	565372	94992.1
167	220.771	126463	465674	94328  
168	220.771	125795	523626	98390.2
169	220.771	125861	504473	96605.1
170	220.771	125982	481740	97298.2
171	220.771	125412	481740	97363.6
172	220.771	125315	460517	95722.6
173	213.804	124989	481370	93089.1
174	213.804	124150	496187	93612.6
175	213.804	123511	495769	91730.9
176	213.804	123467	492816	90738.9
177	213.804	123496	464541	91063.5
178	213.804	123297	438459	90245.4
179	213.804	123008	457891	88829.7
180	213.804	122682	470391	90510.7
181	213.804	122652	456993	91614.2
182	213.804	122070	526420	91918.4
183	213.804	121757	526420	92323.6
184	213.804	122159	531166	93260.4
185	213.804	121708	497717	94941.3
186	213.804	121676	577250	97749.1
187	213.804	121273	521207	97422.8
188	213.804	120825	487731	97221.3
189	213.804	120357	490604	96868.2
190	213.804	119918	466470	95689.1
191	213.804	119680	458870	93471  
192	213.804	119331	455574	93904.5
193	213.804	118704	455574	95051  
194	213.804	117878	455574	94435.7
195	213.804	117642	449732	92888.6
196	213.804	116867	449732	91211.3
197	213.804	116488	530724	90858.1
198	213.804	116367	499523	91048.5
199	213.804	116017	504935	90205.5
200	213.804	115740	443199	90210.9
201	213.804	115038	474705	88802.1
202	213.339	115095	480634	90024.4
203	213.339	114670	449353	88997.8
204	213.339	114887	447785	88167.6
205	213.339	114932	448572	87934.1
206	213.339	114773	427294	87752.4
207	213.339	115122	429951	87949.2
208	213.339	114749	414110	86286.2
209	213.339	115101	403683	86726  
210	213.339	115156	429364	87328.9
211	213.339	115246	522482	86548.8
212	213.339	114937	446951	85744.9
213	213.339	114728	417069	83593.2
214	213.339	114763	489726	86716.6
215	213.339	113989	400042	85397.6
216	213.339	113698	434209	86267.9
217	213.339	113869	430781	86832.8
218	213.339	113694	454090	86538.3
219	213.339	113423	409549	86551  
220	213.339	113296	548745	88587.8
221	213.339	112974	498664	88385.9
222	213.339	113885	419476	87694.4
223	213.339	113412	419426	88215.8
224	213.339	112436	421082	88308.3
225	213.339	111982	442257	89027.1
226	213.339	111730	476911	89142  
227	213.339	111745	477884	88949.8
228	213.339	111532	477884	89731.4
229	213.339	111234	450685	88085.2
230	213.339	110434	428809	86407.1
231	207.073	109597	428809	86429.6
232	207.073	108854	486259	87010.1
233	207.073	108611	466307	87575.9
234	207.073	108138	441582	87834.8
235	207.073	108174	417962	85639.8
236	207.073	107916	441255	86451.6
237	207.073	107675	422681	84112.5
238	207.073	107710	434172	84248.8
239	207.073	107799	434172	84276.6
240	207.073	107963	434172	84504.1
241	207.073	107603	434172	83386.8
242	207.073	107514	414242	83937.1
243	207.073	106989	425341	82138.7
244	207.073	107040	425341	82926.1
245	207.073	106087	415396	82225  
246	207.073	105590	416788	82317.8
247	207.073	105551	416788	82046.3
248	207.073	105131	410458	81603.4
249	207.073	104769	420112	80925.6
250	207.073	104364	420112	82174  
251	207.073	104497	436903	82745.2
252	207.073	104598	418445	81739.8
253	207.073	104472	504842	81091.5
254	207.073	104302	418275	80698.4
255	207.073	103942	412546	79420.2
256	207.073	104032	448577	81186.1
257	207.073	102841	466683	81452.4
258	207.073	102703	412546	81074  
259	207.073	103013	397107	79361.4
260	207.073	102065	397107	78639.2
261	207.073	101466	374008	78245.8
262	207.073	101259	374008	77731.2
263	207.073	101433	397644	77442.1
264	207.073	100911	411168	76765  
265	207.073	100573	387765	75979.9
266	207.073	100133	375056	74752.6
267	207.073	100308	415708	76256.2
268	207.073	100070	462025	77637.9
269	207.073	99449.8	460285	76030.4
270	207.073	98741.4	402433	74337.3
271	207.073	98649.1	402433	74441.6
272	207.073	98388.1	383908	72847.7
273	207.073	98179.4	375872	73501.6
274	207.073	97974.7	381926	73006.1
275	207.073	98006.5	383784	74652.7
276	207.073	98324.2	383784	75916.8
277	207.073	97848  	383784	75626.3
278	207.073	97248.8	416241	76211.5
279	207.073	97932.8	444844	76304.8
280	207.073	97660.8	434737	75095.1
281	207.073	97376.7	434737	74286.5
282	207.073	97771.4	434449	75846.6
283	207.073	97406.6	433717	75470.8
284	207.073	96899.4	430482	76167  
285	207.073	97427.4	384829	76611.5
286	207.073	97223.5	382052	76166.4
287	207.073	97544.2	377463	77026  
288	207.073	96945.5	414547	77844.8
289	207.073	96373.1	429495	78016.9
290	207.073	96547.3	414234	77297.7
291	207.073	96350.4	379998	76618.8
292	207.073	96331.5	379998	76513.6
293	207.073	96015.5	373571	75123.7
294	207.073	96754.7	458302	75508.3
295	207.073	96702.6	458302	76477.4
296	207.073	95963.8	385147	76062.9
297	207.073	95841  	385147	75646.5
298	207.073	95693.5	361449	74539.6
299	207.073	95915.7	362899	73949.1
300	207.073	95663.1	353798	73564.7
301	207.073	95509.6	403383	73544.1
302	207.073	95389.7	344662	72991.8
303	207.073	95248.3	344662	72957.2
304	196.108	94646.7	337792	72445.4
305	196.108	93984.4	347114	72262.9
306	196.108	93622.2	379735	73669  
307	196.108	93207.6	379735	72587.6
308	196.108	93818  	379735	74555.9
309	196.108	93766.8	388521	75003.3
310	196.108	93909.8	386982	76213.2
311	196.108	93805.2	379176	77489.3
312	196.108	93973.4	401585	76688.1
313	196.108	93355.4	401849	76110.6
314	196.108	93292.1	361640	75048.3
315	196.108	93270.4	365209	74118.3
316	196.108	93274.7	353887	73556.2
317	196.108	92885.8	369946	73179.7
318	196.108	92785.1	376445	72748.6
319	196.108	93083.9	349083	72908.4
320	196.108	92795.9	350866	72868.3
321	187.889	92902.4	352044	73336  
322	187.889	92570.1	356695	74034.5
323	187.889	93087.7	356695	73847  
324	187.889	92056.7	364904	73687.2
325	187.889	92609.5	386709	73852.8
326	187.889	92060.3	386709	75143.1
327	187.889	92036.6	451010	75521.2
328	187.889	91506.4	394692	74649.1
329	187.889	91560.1	387179	75041.4
330	187.889	91475.3	379563	74286.6
331	187.889	91825.9	363174	73701.9
332	187.889	91293.2	381668	72108.6
333	187.889	91288.4	415833	72938.3
334	187.889	91334.3	379013	72345.1
335	187.889	91269.8	363174	71746.9
336	187.889	91147.5	358064	71884.2
337	187.889	90725.3	394967	73704.2
338	187.889	90154.8	394967	73912  
339	187.889	89457.8	376925	72756.7
340	187.889	89400.7	362835	71352.2
341	187.889	89515.3	357612	72075.6
342	187.889	89872.8	368402	71915.8
343	187.889	89339.7	359512	70557.3
344	187.889	89781.6	402345	71639.1
345	187.889	89572.5	433776	72024.9
346	187.889	89918.2	432681	72337.4
347	187.889	90355.6	508471	73640.8
348	187.889	89712.4	486818	72220.5
349	187.889	89534  	401198	71113.4
350	187.889	89547.2	416267	71207.2
351	187.889	89078.2	403064	72066.8
352	187.889	89180.8	403064	72981.8
353	187.889	89659.2	403064	71525.2
354	187.889	90011.3	388945	72716.5
355	187.889	89840.3	388945	73455.6
356	187.889	89836.6	388945	74307.2
357	187.889	89535  	403314	73174.8
358	187.889	89513.1	388945	72581.7
359	187.889	90170.9	434139	76017.5
360	187.889	89668.2	415704	75793.9
361	187.889	89270.9	457575	74152.4
362	187.889	89132.8	457575	74109.3
363	187.889	89074.7	438547	73767.2
364	187.889	88814.8	378645	74155.1
365	187.889	88061.6	371423	73740.1
366	187.889	88283.2	371423	74408.3
367	187.889	88000.9	397744	74628.9
368	187.889	87637.2	388020	74616  
369	187.889	87601.3	401771	74423.8
370	187.889	86989.7	372803	74264.3
371	187.889	86580.6	364461	71847.1
372	187.889	86661  	361588	71015.9
373	187.889	86626.2	358101	70201.3
374	187.889	86487.7	393781	70688  
375	187.889	86556  	385310	71936.8
376	187.889	86184.4	382830	73112.2
377	187.889	85867.7	368635	71728.1
378	187.889	85791.9	359366	72779.2
379	187.889	85324  	360199	72047.7
380	187.889	84639.8	355998	71010.5
381	187.889	84537.2	355395	70355.8
382	187.889	84219.2	350124	69628.6
383	187.889	84458.3	353537	69763.3
384	187.889	83892.2	350299	69072.4
385	185.173	83602.4	375929	69612.5
386	185.173	83533.2	393205	67662  
387	185.173	83747.1	342608	67699.4
388	185.173	83592  	342608	67894.4
389	185.173	83863.3	344431	66923  
390	185.173	83593  	322381	67326.6
391	185.173	82824.2	322381	65501.9
392	185.173	82493.4	310194	65498.1
393	185.173	82288.7	328920	65102.5
394	185.173	82247.8	335952	64212.3
395	185.173	82007.8	335120	65107.1
396	185.173	81261  	335213	65856.9
397	185.173	81146  	335120	65812.4
398	185.173	80920.7	390416	66628.4
399	185.173	80918.3	342787	68113  
400	185.173	79889.3	338847	65884.6
401	185.173	79896.9	338847	65915  
402	185.173	79479.7	372793	67486.9
403	185.173	79239.4	385505	68072  
404	185.173	78678.4	311629	67836  
405	185.173	79124.6	311629	67552.9
406	185.173	79200.7	335953	66887.6
407	185.173	78745.2	353312	67427.1
408	185.173	77980.1	394281	65141.7
409	185.173	77397.1	353307	63808.9
410	185.173	76874.1	353307	64832.3
411	185.173	76768  	399140	64750.5
412	185.173	76814.2	396564	65261.1
413	185.173	77368.7	427259	66632.5
414	185.173	76903.6	394760	66874.5
415	185.173	77036.9	397770	66153  
416	185.173	76591.9	350747	64928  
417	185.173	76256.7	349180	64010  
418	185.173	75837.4	349180	63616.1
419	184.963	75443.3	333482	62719.5
420	184.963	75261.7	318913	63491.7
421	184.963	75234.6	309198	62121.2
422	184.963	74741.3	321948	61274.1
423	184.963	74699.5	324530	60283.9
424	184.963	74002.7	328672	58565.7
425	184.963	73832  	366481	58484.4
426	184.963	74167.3	409342	59540.3
427	184.963	73795.5	364522	58625.4
428	184.963	73854.3	364522	58115.9
429	184.963	73004.7	311345	57544.2
430	184.963	72892.9	299364	58735.2
431	184.963	72872.6	292354	58269.2
432	184.963	72288  	282780	57150  
433	184.963	72313.5	288387	58589.7
434	184.963	72419.4	282780	56742.8
435	184.963	72437.7	289493	56418.2
436	184.963	72600.1	282446	55211.1
437	184.963	72351.4	282446	56313.8
438	184.963	72644.9	295612	56767.2
439	184.963	72529  	295612	58524  
440	184.963	72520.3	300106	58115.8
441	184.963	72609.6	345988	58562.3
442	184.963	72247.4	307455	57180.5
443	184.963	72460  	318936	57382.9
444	184.963	72187.2	320160	55582.9
445	184.963	71557.2	398301	56661.4
446	184.963	71195.9	320160	56318.5
447	184.963	70811.2	291169	54665.7
448	184.963	70570.5	293082	54669.1
449	184.963	70238.9	281698	54894.6
450	184.963	69962.5	307515	55296.6
451	184.963	69939.2	292080	55620.1
452	184.963	69698.9	304673	55506.4
453	184.963	69605  	282970	55691.2
454	184.963	69363.8	285604	55751.3
455	179.923	69380.7	285604	55587.6
456	179.923	69568.9	284292	55524.9
457	179.923	69737.5	284279	56478.2
458	179.923	69671.7	312856	56424.4
459	179.923	69080.5	312856	55647.7
460	179.923	69145.6	322967	55785.9
461	179.923	69266.7	308654	55427.4
462	179.923	68988.6	308654	56177.3
463	179.923	69664.2	308654	56929.1
464	179.923	69344.9	320007	58350.2
465	179.923	69032.4	312205	56913.5
466	179.923	68454.6	300984	56444.6
467	179.923	68543.4	306679	55920.7
468	179.923	68255  	298000	55689.2
469	179.923	68011.1	305481	54967.2
470	179.923	67649.7	302316	54568.3
471	179.923	67748.6	286886	54199.5
472	179.923	68379.1	286886	55470.6
473	179.923	67981.6	291628	55157.8
474	179.923	67863.9	265400	53568.9
475	179.923	67723.1	263618	53349.4
476	179.923	67450.8	286780	54613.4
477	179.923	67626.9	289098	55156.9
478	179.923	67450.2	289098	55514.7
479	179.923	67398.6	290357	55130.6
480	179.923	67312.9	290998	54311.8
481	179.923	66911.7	289721	55050.7
482	179.923	67068.5	289721	55503.7
483	179.923	66710.9	272273	55318.4
484	179.923	67084.3	270607	55059.3
485	179.923	66836.4	258256	54525.9
486	179.923	66665.8	279012	54399  
487	179.923	66480  	345956	55631.4
488	179.923	66746.8	318580	57480.8
489	179.923	66906.6	315769	57328.6
490	179.923	66781.5	302096	57307  
491	179.923	67128.4	301138	57258.9
492	179.923	66839.7	303062	56878.5
493	179.923	67063.6	284629	55908.1
494	179.923	66456.4	287195	55233  
495	179.923	66478  	277763	55197.4
496	179.923	66360.2	278830	55278  
497	179.923	66440.8	278830	54888.8
498	179.923	66746.6	298905	55834.5
499	179.923	66117.9	285567	54980.5
149.15000001
