/usr/lib/python2.7/site-packages/deap/tools/_hypervolume/pyhv.py:33: ImportWarning: Falling back to the python version of hypervolume module. Expect this to be very slow.
  "module. Expect this to be very slow.", ImportWarning)
gen	min    	avg   	max   	std   
0  	1969.56	154497	530665	104725
1  	1969.56	153579	530621	105213
2  	1969.56	152920	547586	103175
3  	1969.56	152532	508198	102438
4  	1216.93	152923	605719	102914
5  	1216.93	152631	497944	102199
6  	1216.93	152166	474257	102064
7  	1216.93	151630	474257	102242
8  	1216.93	151222	549888	101499
9  	1216.93	151126	529735	101113
10 	1110.28	150491	506018	101490
11 	1110.28	149766	508679	100983
12 	1110.28	149608	508861	101882
13 	1110.28	150031	509661	102633
14 	1110.28	149242	509750	102986
15 	1110.28	148855	509750	101108
16 	1009.67	148230	520907	100994
17 	1009.67	147852	549686	101302
18 	1009.67	147566	506260	100733
19 	1009.67	147142	526522	100887
20 	1009.67	146715	474961	99576.7
21 	980.489	146408	457871	99819  
22 	980.489	146320	465274	96496.2
23 	980.489	145910	455263	96663.7
24 	980.489	145617	455853	98238.1
25 	753.386	145645	472819	97525.2
26 	753.386	145252	482022	96642.6
27 	753.386	145449	483841	97399.3
28 	753.386	145233	489916	97894.6
29 	753.386	145462	495299	97907.3
30 	753.386	144463	523222	99472.1
31 	753.386	143937	501262	97898.7
32 	753.386	144659	501262	98763.4
33 	719.712	144741	480524	98102.8
34 	719.712	144913	465348	96483.6
35 	719.712	144980	465348	97957.9
36 	719.712	144473	482606	97126.6
37 	719.712	144165	460288	95952.9
38 	719.712	143327	449494	94400.5
39 	719.712	143023	493146	95152.9
40 	719.712	143426	493146	96055.7
41 	719.712	143082	463890	96017.3
42 	719.712	143062	476061	96523.4
43 	719.712	142419	477540	95776.2
44 	719.712	142218	466579	96208.8
45 	719.712	142123	473416	96295.8
46 	719.712	141895	550531	95826.7
47 	714.364	141553	502423	97424.7
48 	714.364	140728	508900	95375.3
49 	714.364	141632	510159	96075.1
50 	714.364	141313	466159	95655.7
51 	714.364	141259	466159	94620.3
52 	667.454	141922	501016	95511.9
53 	667.454	142359	484225	95011.8
54 	667.454	142333	447798	95888.9
55 	667.454	142092	517193	96149.9
56 	667.454	141693	539385	97884.8
57 	667.454	140822	539385	98040.9
58 	602.543	140829	471874	95565  
59 	473.496	140809	474272	95870.6
60 	473.496	140998	461582	97050.8
61 	473.496	141408	449502	96399.3
62 	473.496	141659	561389	98776.9
63 	473.496	141653	671333	101127 
64 	473.496	141067	560535	100541 
65 	473.496	140775	544562	100944 
66 	473.496	140546	577273	102271 
67 	473.496	139981	559039	101501 
68 	473.496	139073	556228	99173.9
69 	473.496	139371	521634	98475.1
70 	473.496	139068	495862	97331.1
71 	473.496	138781	493711	97436.4
72 	473.496	138816	521273	95872.3
73 	473.496	138741	474124	97348.4
74 	473.496	137996	458230	97101  
75 	473.496	138041	448754	97395.6
76 	473.496	138180	541074	96919.4
77 	453.28 	138531	496129	96128.8
78 	453.28 	137896	496129	95350.9
79 	453.28 	137018	468285	95153.6
80 	453.28 	137161	510932	96207.5
81 	453.28 	136449	452805	94791.1
82 	453.28 	135369	455218	95284.4
83 	453.28 	135531	459599	95132.7
84 	453.28 	134839	474702	95248.8
85 	453.28 	134573	463539	96607  
86 	453.28 	133599	464663	94792.2
87 	453.28 	133852	474254	95719.8
88 	453.28 	134049	465025	95619.6
89 	453.28 	134068	465374	95330.8
90 	453.28 	133883	465374	96219.6
91 	453.28 	134046	462150	96467.8
92 	453.28 	133129	504305	96639.8
93 	453.28 	131946	458854	95778.6
94 	453.28 	131996	459648	96194.5
95 	453.28 	131254	456680	95564.6
96 	453.28 	130545	472668	93863  
97 	453.28 	130429	525164	93637.7
98 	453.28 	129705	492962	92819  
99 	453.28 	128937	492409	94030.6
100	453.28 	128527	460163	95262.5
101	453.28 	128264	457051	95946.2
102	320.569	128089	464034	94916.1
103	320.569	128043	452653	91994.9
104	320.569	127927	588937	93291.9
105	320.569	128064	503812	91003.8
106	320.569	127520	446535	90985.5
107	320.569	127897	447521	90688.9
108	320.569	127439	445515	89850.6
109	320.569	126517	429413	89919.9
110	320.569	126927	435766	90036.5
111	320.569	126804	429574	88429.9
112	320.569	127257	423251	90032.9
113	320.569	127126	438951	90061.1
114	320.569	127008	435687	90167.6
115	320.569	127312	435687	89919.3
116	320.569	127169	496956	90079.1
117	320.569	126382	469441	89601.6
118	320.569	126361	468764	89312.5
119	320.569	125822	476299	91564.9
120	320.569	125061	468764	89255.5
121	316.818	124651	480538	90891.8
122	316.818	124605	493792	91424.3
123	316.818	124128	483137	89947.7
124	316.818	124338	483137	88591.9
125	316.818	124439	473076	89083.4
126	316.818	124813	473076	88343.1
127	316.818	124628	473076	87147.2
128	316.818	123855	465661	87351.9
129	308.001	123267	431903	87800.4
130	308.001	122826	431903	85329.3
131	308.001	123062	449350	84400  
132	308.001	123000	430028	84114.2
133	308.001	122300	459543	84864  
134	308.001	121647	466242	85284.9
135	308.001	121554	460863	86024.8
136	258.658	121753	630053	87967.2
137	258.658	121021	461400	88195  
138	258.658	119912	463851	88088.3
139	258.658	119818	451388	87978  
140	258.658	120069	449778	86087.1
141	258.658	119833	449778	84074  
142	258.658	119302	438140	83427.1
143	258.658	119344	424095	83005.6
144	258.658	118963	456232	83301.8
145	258.658	118467	456283	83272  
146	258.658	117623	456232	81885.6
147	258.658	117622	434291	80559  
148	258.658	117664	430709	80605  
149	258.658	117564	417410	81526  
150	258.658	117163	439801	83029.6
151	258.658	117131	503638	83544.3
152	258.658	116763	441422	82524.7
153	258.658	116542	441422	81648.7
154	258.658	116472	427381	83959.9
155	258.658	115967	448027	84118  
156	258.658	115455	445406	83033.6
157	258.658	115606	435915	81476.9
158	258.658	115169	412732	80785.5
159	258.658	114950	412732	80812.3
160	258.658	114793	412732	81273.1
161	258.658	114586	414911	80201.6
162	258.658	114472	396708	81175.5
163	258.658	114532	446491	80775.8
164	258.658	114495	404303	80744.5
165	223.661	114157	394607	80669.7
166	223.661	113271	393768	79914.2
167	223.661	113001	391630	80072.7
168	223.661	113139	410127	81816.8
169	223.661	112374	406389	81018.1
170	223.661	112502	413377	81852.3
171	208.215	111917	413377	80602.1
172	208.215	111679	406389	81836.4
173	200.713	112017	424465	81568.1
174	200.713	111799	462434	80479.7
175	200.713	111454	438654	79052.1
176	200.713	111615	460321	79448.2
177	200.713	111298	411084	79783.5
178	200.713	110973	411084	78888.8
179	200.713	110891	411291	79473.7
180	200.713	110380	411084	78641.2
181	200.713	110368	398052	76802.1
182	200.713	110210	386024	76335.8
183	200.713	109630	383318	77675.4
184	200.713	109203	369039	78247.2
185	200.713	109158	364614	76541.3
186	200.713	108064	385905	76378.7
187	200.713	107548	366878	75988  
188	200.713	108280	383875	78988.3
189	200.713	108543	349119	77896.4
190	200.713	108312	344057	76918.2
191	200.713	108159	348100	75579  
192	200.713	108391	348100	75032.1
193	200.713	108292	371733	75797  
194	200.713	107789	390805	76096.8
195	200.713	107516	353278	75140.8
196	200.005	107685	393357	74616  
197	200.005	107223	379654	75039.2
198	200.005	106500	355173	74987.9
199	200.005	106793	421235	76253.2
200	200.005	106640	403105	75204.9
201	200.005	106724	367701	75811.1
202	200.005	106425	393108	76521.1
203	200.005	106834	460053	76638.2
204	200.005	106352	418871	76118.9
205	200.005	105918	392271	75587.7
206	200.005	105357	389106	74966.3
207	200.005	105243	389106	77219.1
208	200.005	105594	389106	77441.5
209	200.005	104881	382589	76455.6
210	200.005	104660	379292	77131.1
211	200.005	104677	378415	76249.6
212	200.005	104433	388733	75037.4
213	200.005	104691	392073	74204.5
214	200.005	104356	393826	74624.3
215	200.005	103578	390324	75270.2
216	200.005	103509	417807	75909.2
217	200.005	103562	412697	75276.5
218	200.005	102993	386073	73960.7
219	200.005	102318	363985	72585.8
220	200.005	101774	364937	73177.7
221	200.005	101733	349305	72673.1
222	200.005	101478	339894	71752.9
223	200.005	101736	386638	73152.7
224	200.005	101633	371524	73278.1
225	200.005	101379	366525	74115.5
226	200.005	101308	426572	74883.6
227	200.005	101678	378263	75403.5
228	200.005	102048	381836	74625.1
229	200.005	101958	378124	73058.6
230	200.005	101516	378124	74117  
231	200.005	101360	371453	72923.9
232	200.005	101534	362837	74598.3
233	200.005	101592	376653	75133.6
234	200.005	101465	367584	75010.6
235	200.005	101394	375042	75177.2
236	200.005	100804	401112	75367.3
237	200.005	100756	400975	75443  
238	200.005	100852	389698	74529.5
239	200.005	101087	389698	76524.4
240	200.005	101032	390077	76874.5
241	200.005	100448	394011	76625.9
242	200.005	99943.5	466688	77495.9
243	200.005	100171 	378914	76486  
244	200.005	100217 	370427	76317.6
245	200.005	99785.2	401781	76058  
246	200.005	100122 	401781	77050.9
247	200.005	100520 	371966	75934.7
248	200.005	100477 	355677	72951.2
249	200.005	100518 	352159	72326.3
250	200.005	100128 	348361	72835  
251	200.005	100226 	353545	74185.2
252	200.005	99779.2	353545	72082.3
253	200.005	99894.2	395512	72909.8
254	200.005	99860.4	368771	73868.3
255	200.005	98910.5	458491	75231.3
256	200.005	98788.3	396736	75207.4
257	200.005	99081.4	423665	75669.5
258	200.005	99019.4	392597	76406  
259	200.005	98887.8	437680	75864.7
260	200.005	98618.8	441368	74857.8
261	200.005	97994.1	374413	74227.1
262	200.005	98090  	381542	73989.4
263	200.005	97395.2	374892	73436.6
264	200.005	97111.1	421470	75634  
265	200.005	96657.6	416564	74125.6
266	200.005	96185.2	416564	73273.4
267	200.005	95798.6	378853	72947.8
268	185.427	95802.7	376730	74143.9
269	185.427	96259.8	368980	73031.6
270	185.427	95721.4	365319	72912.3
271	185.427	95319.2	357715	72486.7
272	185.427	95240.1	349827	72307.7
273	185.427	95676.2	382501	73033.9
274	185.427	95769.1	367300	72531.8
275	185.427	95612.1	362902	72349.7
276	185.427	95274.7	364162	72700  
277	185.427	94851.9	363280	71755.9
278	185.427	94392.3	362767	70729.7
279	185.427	93868.5	367301	69973.2
280	185.427	93675.2	367301	69507.9
281	185.427	93137.3	348666	69444.9
282	185.427	93122  	422765	69824.8
283	185.427	92963.5	371960	69456.3
284	185.427	92932.6	364212	69707.5
285	185.427	92486.5	350947	69204.5
286	185.427	92233  	395893	69852.7
287	185.427	92380.9	375877	69898.2
288	185.427	91948  	371237	69417.4
289	185.427	91832.5	352613	69545.7
290	185.427	91370.9	344782	68869.4
291	185.427	91885.2	342240	69905  
292	185.427	91935  	349826	69357.6
293	185.427	91693.8	376713	68823.1
294	185.427	91704.7	376713	68814.3
295	185.427	92226.3	567709	71101.8
296	185.427	91921.5	407445	72802.6
297	185.427	91429.5	369464	70520.3
298	185.427	91623.7	363587	70821.5
299	185.427	91494.8	368593	72599.8
300	185.427	91610.8	378265	72049.2
301	185.427	92020.6	371546	72795.2
302	185.427	91988.3	366171	72936.3
303	185.427	92344.4	342402	72892  
304	185.427	92359.1	349112	71903  
305	185.427	92119.6	345179	71026.7
306	185.427	91901.4	345179	69931.8
307	185.427	91892  	326599	70341.2
308	185.427	91924.9	351012	70693.2
309	185.427	91951.2	338224	71756.3
310	184.598	92006.2	337764	71933.4
311	184.598	91787.4	336403	71760.7
312	184.598	91801.1	369935	72141.4
313	184.598	91741.1	397984	73390.4
314	184.598	91690.9	437115	73593.8
315	184.598	91185.8	397984	72395.4
316	184.598	90980.1	441221	71648.5
317	184.598	90793.4	441221	71974.4
318	184.598	90748.4	441221	70742.2
319	184.598	90507.7	451714	72569.5
320	184.598	90094.7	451714	72877.6
321	184.598	89571.6	451714	73408.6
322	184.598	88862.7	433187	70079.3
323	184.598	88749.2	418250	68949.2
324	184.598	87974.3	341474	67498.8
325	184.598	86975.5	397556	66923.9
326	184.598	86993.6	386064	67595.9
327	184.598	86691.9	363906	67768.8
328	184.598	86699  	357752	67376.7
329	184.598	86626.4	362841	67006.5
330	184.598	86624.3	377473	67046.5
331	184.598	86724.1	369391	67947.2
332	184.598	86364  	374159	67894.7
333	184.598	86185.8	374159	67493  
334	184.598	85748.2	352068	68561.2
335	184.598	85612.1	352068	68348.6
336	184.598	85540.8	363118	67874.2
337	184.598	85315.8	331256	66508.9
338	184.598	85016.8	360729	65542.4
339	184.598	84878.8	350461	65443.5
340	184.598	84899.8	350461	65462.8
341	184.598	84722.6	332739	65045.9
342	184.598	84298.5	323797	63638.2
343	184.598	84467.5	319719	63886.1
344	184.598	84348.6	329124	64239.6
345	184.598	83948.4	347518	64918.9
346	184.598	83628.7	331117	65903.6
347	184.598	83676.8	330004	66837.8
348	184.598	83094.4	339852	65681.1
349	184.598	83300.2	330004	64939.9
350	184.598	83091.2	310717	65015.1
351	184.598	82658.4	303448	63428.6
352	184.598	82536.7	336965	64002.3
353	184.598	82212.7	336965	63498  
354	184.598	82006.1	316790	62421  
355	184.598	81912.9	339517	61508.2
356	184.598	82208.8	300644	62059.8
357	184.598	82214.7	370699	62255.3
358	184.598	82153.9	313766	62636.7
359	184.598	82251.9	335278	61465.4
360	184.598	82409  	313766	62337.8
361	184.598	81855.2	308758	62207.8
362	184.42 	82297.6	308260	63740.7
363	184.42 	82041.4	305864	64303.6
364	184.42 	81878  	295652	64269.2
365	184.42 	81817.5	320378	64845.7
366	184.42 	81826.2	318394	65297.6
367	184.42 	81078.3	311652	65568.7
368	184.42 	80725.9	347172	66055.6
369	184.42 	80252.9	347172	65880.5
370	184.42 	80749.7	327749	66256.1
371	184.42 	79532.1	316842	66079.5
372	184.42 	79703.1	342497	65970.7
373	184.42 	79663  	343504	66492.7
374	184.42 	79129.1	361573	65471  
375	184.42 	78580.9	321809	63513  
376	184.42 	78220  	311928	62804.3
377	184.42 	78109  	358917	63903.2
378	184.42 	78883.5	367597	63878.5
379	184.42 	78949.1	355796	63846.8
380	184.42 	78935.8	327978	63503.3
381	184.42 	78790.1	331712	64269.5
382	184.42 	78460.5	338801	65205  
383	184.42 	78315.4	343862	65256.7
384	184.42 	78569.8	351570	65515.6
385	184.42 	78419.9	354818	65769.6
386	184.42 	78783.2	442795	67320.1
387	184.42 	78069.7	380738	65628.1
388	180.005	77853.7	371879	66717  
389	180.005	77419.4	370906	66085.4
390	180.005	77369.8	369306	65991.8
391	180.005	77485.6	355843	64767  
392	180.005	78113.3	334781	65772.4
393	180.005	78244.3	334781	65530.4
394	180.005	78506.9	326397	66248.9
395	180.005	77939.6	326397	64437.9
396	180.005	77862.8	356449	64425.1
397	180.005	77750.2	336343	65655.3
398	180.005	77914  	341784	66203.6
399	180.005	77239.4	336358	65131  
400	180.005	77448.7	327185	65104.2
401	180.005	78065.1	326997	64689.8
402	180.005	77279.8	398486	63353.4
403	180.005	77315.9	393161	62729.4
404	180.005	77128.8	325552	60698  
405	180.005	76039.1	344562	59420.5
406	180.005	75487.5	328977	59476.8
407	180.005	75736.9	329380	59955.2
408	180.005	75248.7	403118	61064  
409	180.005	74917.1	347364	60628.8
410	180.005	74854.9	355339	59938.2
411	180.005	74464.6	344288	58844.5
412	180.005	74431.7	292644	58941.3
413	180.005	74512.8	292644	57320  
414	180.005	74781.4	290760	57699.7
415	180.005	74627.2	290760	58708  
416	180.005	74208.3	307168	58986.9
417	180.005	74218.4	300326	59243.1
418	180.005	74125.1	276901	59736.2
419	180.005	73485.5	256770	58445.9
420	180.005	73270.6	274443	59484.6
421	180.005	73356.5	330772	61131.8
422	180.005	73239.4	336035	61152.2
423	180.005	72701.7	306556	60545.2
424	178.68 	72439.3	406873	60430.8
425	178.68 	72001.9	305617	59024.2
426	178.68 	71940  	310535	59561.3
427	178.68 	71166.9	301467	57851.9
428	178.68 	71687.8	301643	59295.4
429	178.68 	71484.4	335249	59442.9
430	178.68 	71504.3	327737	59111.7
431	178.68 	71080.3	327737	57816.2
432	178.68 	71184  	324952	58060.1
433	178.68 	71466.5	326026	57838.8
434	178.68 	71191.7	312455	57694.3
435	178.68 	71186.2	326067	57996.2
436	178.68 	70563.7	322617	58556.9
437	178.68 	70720.4	322617	59331.9
438	178.68 	71311.7	316864	59124.3
439	178.68 	70853.7	292967	56629.6
440	178.68 	70805.8	286370	56594.4
441	178.68 	71085.3	283215	56418.2
442	178.68 	70907.6	281762	56329.8
443	178.68 	71431.8	287759	57405.8
444	178.68 	71905.4	282202	57464  
445	178.68 	71931.3	325067	58359.6
446	178.68 	72097.9	281989	58679.3
447	178.68 	72379.7	281989	58964.3
448	178.68 	72571.6	352329	59484.9
449	178.68 	72266.6	352329	59489.5
450	178.68 	71823  	331397	59598.9
451	178.68 	71555.9	341852	60259.5
452	178.68 	71177.2	341852	60142.4
453	178.68 	71051.1	326260	60069.8
454	178.68 	70906.5	359018	60373  
455	178.154	70412.6	357168	60588.7
456	178.154	69735.8	321420	59466  
457	178.154	69629.3	318027	59202.5
458	178.154	69062.7	313642	58221.5
459	178.154	68898.9	327078	59210.1
460	178.154	68354.6	295987	57952.9
461	178.154	68328.8	285629	56651.3
462	178.154	68356.4	288108	56022.8
463	178.154	68750.5	287630	57261.1
464	178.154	68355.2	288456	57995.9
465	178.154	68847.6	303915	59761.9
466	178.154	69057.2	296171	59454.1
467	178.154	69753.5	295053	59995.6
468	178.154	69439.4	342723	60545  
469	178.154	69511.3	327778	59874.9
470	178.154	69622.6	356524	59799.8
471	178.154	69419.8	346236	59973.7
472	178.154	69847.9	321253	61242.1
473	178.154	69704.9	319806	60945.3
474	178.154	69495  	317662	60595.2
475	178.154	69405.7	321438	60519.5
476	178.154	69131.2	291194	60128.2
477	178.154	69227.6	286966	59447  
478	178.154	69362.1	363233	60427  
479	178.154	69123.2	381373	59866.7
480	178.154	68527.3	367037	59058.4
481	178.154	68234.8	295348	57726  
482	178.154	68266.3	288389	58440.2
483	178.154	68163.7	298676	57261.2
484	178.154	68287.8	293821	56778.1
485	178.154	68369.1	296620	57122.6
486	178.154	68041.3	291055	56942.4
487	178.154	68045  	291055	57457.9
488	178.154	68115.7	330519	58173.2
489	178.154	68266  	330519	58549.9
490	178.154	67719.4	330825	59051  
491	178.154	67334  	305785	58167.4
492	178.154	67224.3	299293	57867.2
493	178.154	67011.1	288910	57627  
494	178.154	66548.4	288810	56703.8
495	178.154	66468.6	273185	55998.5
496	178.154	66414.5	300743	55997.1
497	178.154	66295  	312037	56627.3
498	178.154	66763.7	307427	56517.3
499	178.154	66339  	320508	56054.8
149.15000001
