/usr/lib/python2.7/site-packages/deap/tools/_hypervolume/pyhv.py:33: ImportWarning: Falling back to the python version of hypervolume module. Expect this to be very slow.
  "module. Expect this to be very slow.", ImportWarning)
gen	min    	avg    	max   	std    
0  	1349.33	78535.2	470549	57067.3
1  	1349.33	78056.4	366228	55072.5
2  	1349.33	78171  	367743	53753.1
3  	1349.33	79140.4	343212	54281.7
4  	1349.33	78527.3	332177	52243.2
5  	1349.33	77178.8	336950	51500.6
6  	1349.33	76860.1	373592	53060.4
7  	1349.33	79026.3	424257	55724.9
8  	1349.33	79695.8	334392	55804.8
9  	1349.33	78084.8	334392	53715.1
10 	1349.33	79772.9	308805	55241.1
11 	1349.33	80265.7	424983	57302.7
12 	1349.33	78404.7	343813	54345  
13 	1349.33	78343.9	313614	54021  
14 	1285.43	77283.3	349827	54300.9
15 	1285.43	78612.5	327641	54750.8
16 	1285.43	77573.8	278157	53245.5
17 	1285.43	78750.9	361901	56016  
18 	1285.43	78614.8	455070	56658.6
19 	1127.07	79821.9	355804	57738.3
20 	1127.07	78849.5	324472	56138.2
21 	1127.07	80095.6	392257	60662.7
22 	806.621	78718.8	399178	57635.5
23 	806.621	79716.9	391455	58080.2
24 	806.621	79855.3	331400	57142.8
25 	806.621	78018.8	331400	54714.1
26 	806.621	79289.8	331400	56035.5
27 	806.621	79541.2	312840	56084.3
28 	531.097	80645.2	437083	58705.5
29 	531.097	81239.3	394788	61217.5
30 	531.097	81149.3	394788	61314.7
31 	531.097	83436.5	459447	65550.2
32 	531.097	82718.4	492505	65338.2
33 	531.097	81290.1	453170	64281.9
34 	531.097	80302.4	439587	62447.8
35 	531.097	79461.3	378392	59937.2
36 	531.097	79254.9	377403	59812.2
37 	531.097	79461.7	368955	60204.9
38 	531.097	79636.8	352719	59466.4
39 	531.097	79750  	406470	60716.3
40 	414.244	79178.2	359349	60247.2
41 	414.244	80776.5	457946	63806.2
42 	414.244	81239.5	425850	64164.4
43 	414.244	80445.6	403783	60507  
44 	414.244	78602.7	430501	60535.7
45 	414.244	78338.6	426847	59128.6
46 	414.244	78976.2	426847	61330.5
47 	321.508	79737.5	430894	62249.6
48 	298.392	79390  	426821	63625.7
49 	298.392	79013.8	365033	60507.4
50 	298.392	80133  	471127	63545.9
51 	298.392	79599.3	365033	61649.3
52 	298.392	79286.6	356026	60159.4
53 	298.392	78359.9	354450	58898.1
54 	298.392	77110.5	413362	59981.7
55 	298.392	78138.3	416928	60282.7
56 	298.392	77327.7	382467	58100.3
57 	298.392	76950.4	502507	59228.6
58 	298.392	77892.3	376394	61600.4
59 	298.392	78043.7	458840	64881.8
60 	232.111	78617.9	356172	64343.9
61 	232.111	78162.9	550864	65381.2
62 	232.111	78352.1	415157	65053.9
63 	232.111	79058.6	415157	65128.1
64 	232.111	79248.1	415394	66002.6
65 	232.111	79532.7	500001	66663.8
66 	232.111	79160.4	391669	65691.8
67 	232.111	79622.8	431988	68015.4
68 	232.111	79724.3	440887	67118.5
69 	232.111	79940.7	410623	67093.8
70 	232.111	80232.1	436151	69037.6
71 	232.111	80316.9	397891	71789.5
72 	232.111	80892  	432124	72472.3
73 	232.111	79373.5	434928	69921  
74 	232.111	78279.8	398393	68481.6
75 	232.111	77740.7	420583	65865.9
76 	232.111	78290.7	420583	65416.3
77 	232.111	78002  	420583	63178.2
78 	232.111	76495.1	420583	58897  
79 	232.111	76856.4	354519	59466.1
80 	232.111	75518  	327417	56973.3
81 	232.111	76655  	322271	58431.3
82 	232.111	75684.7	307647	56205.9
83 	232.111	76842  	449582	61576.2
84 	232.111	77922.5	419367	63674.3
85 	232.111	77414.6	459838	63129.3
86 	232.111	77824.6	378383	62183  
87 	232.111	78072.5	462001	63759.6
88 	232.111	78461.8	462001	64139.2
89 	232.111	76916.9	426194	61848.4
90 	232.111	76586.9	420184	62549.9
91 	232.111	76779.8	461463	63142.7
92 	232.111	76012.9	478904	61856.2
93 	232.111	78267.7	537949	66468.9
94 	232.111	76990.2	548499	64550.8
95 	232.111	77817.4	419235	65802.1
96 	232.111	78222.4	448633	66654.9
97 	232.111	77681.2	574550	68202.7
98 	232.111	77603  	464508	66860.9
99 	232.111	77268.2	426527	65459.8
100	232.111	75968.2	396823	63270  
101	232.111	75441.3	400923	62721.3
102	232.111	74815.6	389922	62642.6
103	232.111	74300.7	416211	62229  
104	232.111	74981.9	379244	62477.5
105	232.111	76955.6	440193	65845.3
106	232.111	75802.4	440193	64187.1
107	232.111	76022.8	430524	62079.3
108	232.111	78049.9	496088	69318.7
109	232.111	77852.8	499381	69907.9
110	232.111	77396.1	486437	68660  
111	193.025	77674.3	506987	68303.5
112	193.025	75500.3	512826	66084.2
113	193.025	75164.9	510530	65751.3
114	193.025	75052.8	401146	63497.3
115	193.025	76464.4	401146	66598.5
116	193.025	75580.8	494204	64828.3
117	193.025	75572.6	391304	63264.9
118	193.025	77102.4	403993	68094.4
119	193.025	76036  	396264	64873.6
120	193.025	77120.8	502317	68952.3
121	193.025	76810  	394396	66608.7
122	193.025	76107.5	394396	64166.1
123	193.025	76878.3	372101	65177.9
124	193.025	77370.8	372101	65176.5
125	193.025	76808.2	488450	66827.7
126	193.025	77158.6	488450	67897.5
127	193.025	76694.3	460482	66532.8
128	193.025	76950.3	480856	67355.5
129	193.025	77611.9	471759	70374  
130	193.025	76962.3	378937	66475.2
131	193.025	75442  	378937	64907.3
132	193.025	76074.6	428016	67085.6
133	193.025	75231.5	415620	67857.1
134	193.025	76591.8	528808	73958.4
135	193.025	78331.3	488334	74665  
136	193.025	78877.9	523260	74847.4
137	193.025	78494.3	500986	75936.1
138	193.025	76916.6	478394	72443.6
139	193.025	75773.3	415665	69541.7
140	193.025	74621.7	478890	69127.2
141	193.025	74916.2	457755	69115.9
142	193.025	74862.5	444447	68288.8
143	193.025	74593  	436071	67652.6
144	193.025	76984.2	563855	74328.2
145	193.025	75963.5	607106	76457.7
146	193.025	74251.7	566391	69680.3
147	193.025	74444.4	570950	70739.6
148	193.025	74657.4	449272	67533.7
149	193.025	73624.4	449272	66624.6
150	193.025	73365  	633557	66347.7
151	193.025	73227.2	557640	65612.7
152	193.025	73131.9	412062	64440.2
153	193.025	73543.7	382533	63882.8
154	193.014	73387.9	382533	62643.5
155	193.014	74037.2	378357	63634.7
156	193.014	74181.8	396021	62979.8
157	193.014	75568.3	484560	69205.1
158	193.014	76837.3	469099	70384.9
159	193.014	77010.4	541206	69870.8
160	193.014	75956.7	541206	69060.3
161	193.014	74495.7	514350	68184.2
162	193.014	72363.3	440953	64274  
163	193.014	72817.6	475073	67640.8
164	193.014	71297.2	440953	64027.6
165	193.014	71368.5	366937	64520.6
166	193.014	72309  	511834	65693.2
167	193.014	72657.6	501474	67074.6
168	192.71 	72435.4	501474	68777.8
169	192.71 	73301.1	445023	68459.3
170	192.71 	72910.5	538931	67612.4
171	192.71 	72614  	436760	67491.3
172	192.71 	71495.5	449839	66619.2
173	190.811	72310  	444424	67103.9
174	190.811	73512.3	448414	68150.9
175	190.811	72830.6	489192	66397.8
176	189.734	71670.2	410399	64442.8
177	189.734	69586.7	342261	62387.4
178	189.734	69447.7	374670	62523  
179	189.734	69092.2	459895	62136.4
180	189.734	69298.6	396112	60901.5
181	189.734	69225.2	379359	61362.8
182	189.734	70648  	1.01736e+06	71642.3
183	189.734	71029.8	707308     	67868.3
184	189.734	71008.9	406091     	66665.2
185	189.734	70698.8	415625     	68013.7
186	189.734	69939.8	390785     	64316.6
187	189.734	70016.4	393321     	64326.2
188	189.734	68584.3	387051     	63794.4
189	189.734	69478.5	468711     	66078.6
190	189.734	68355.3	459470     	62740.5
191	189.734	70034  	408364     	66657.4
192	189.734	69769.1	467009     	65860.4
193	189.734	68662.1	374889     	61389.7
194	189.734	68707.5	362913     	62412.7
195	189.734	67836.3	427532     	61554.6
196	184.533	67117.6	402470     	61427.7
197	184.533	67801.9	469185     	63548.1
198	184.533	68403.3	476981     	64431.5
199	184.533	68176.4	476981     	62099.2
200	184.533	70030.8	459983     	66026.4
201	184.533	70218.4	459983     	65796.5
202	184.533	69695.5	580025     	65092.9
203	184.533	68805.4	414504     	62391.8
204	184.533	67737.8	380007     	61029.7
205	184.006	67746.5	391378     	59855.8
206	184.006	67358.5	354143     	59513.4
207	184.006	69148.9	449024     	67438.6
208	184.006	68238.2	427345     	67783.9
209	184.006	67771.2	421176     	64170.9
210	184.006	68463.7	421176     	66017.4
211	184.006	68718.9	420864     	66075.3
212	184.006	69027.6	414574     	66220  
213	184.006	69066.2	453853     	66415.7
214	184.006	70106.6	447291     	70052.3
215	184.006	69125  	423714     	67673.8
216	184.006	69634.9	423714     	68128.1
217	184.006	70291.8	530221     	71625.4
218	184.006	68355.1	488931     	67061.2
219	184.006	67683.6	455720     	66470  
220	184.006	67416.5	456185     	64597.2
221	184.006	67333.2	372141     	63691.5
222	184.006	67326.1	489692     	64051.9
223	184.006	67287.5	372582     	62582.4
224	184.006	66949.3	433486     	63472.3
225	184.006	66981.7	409700     	63442.4
226	184.006	66087.4	392549     	61684.1
227	184.006	66323.3	393197     	62209.5
228	184.006	66278.8	348833     	61275.5
229	184.006	67238.4	450551     	62358.1
230	181.67 	65743.9	445704     	61175.9
231	181.67 	65286.7	371890     	60891.3
232	181.67 	65498.8	480906     	62430.1
233	181.67 	65717.3	398904     	59979.5
234	181.67 	65826.4	398904     	60624  
235	181.67 	65446.7	398904     	60820.5
236	181.67 	65795.4	408386     	62305.8
237	181.67 	65727.4	409168     	63285.9
238	180.755	66212  	416902     	65559.2
239	180.755	64970.7	409168     	63813.8
240	180.755	64485.2	389721     	62669.6
241	180.755	63682.7	408346     	59797.8
242	180.755	63494.3	408346     	59166.9
243	180.755	64692.6	512585     	64230.7
244	180.755	66567.5	506949     	66351.6
245	180.755	65410  	420691     	64075.1
246	180.755	64650.1	420645     	62147.5
247	180.755	64200.3	462738     	61465.8
248	180.755	63503.3	472352     	61385.5
249	180.755	64318  	472352     	62201.9
250	180.755	64900.3	486682     	63598.9
251	175.262	64898.1	436416     	64263  
252	175.262	64420.2	607461     	65539.3
253	175.262	64418.5	488700     	61870.3
254	175.262	66039.1	544588     	67332.9
255	175.262	64165.3	490340     	64834.1
256	175.262	63618.4	429639     	61521.3
257	175.262	64282.9	425380     	60681.8
258	175.262	63803.2	495544     	59796.5
259	175.262	62647.2	334388     	56702.3
260	175.262	61625.6	513330     	57920.1
261	175.262	61934.7	416690     	57663.1
262	175.262	62286.5	405659     	59770.4
263	164.561	61637  	406263     	58882.7
264	164.561	60064.5	406263     	56058.6
265	164.561	60306.9	398402     	57583.1
266	155.638	61993.8	423136     	61056.5
267	155.638	62611.1	398227     	60938.9
268	155.638	61707.4	376908     	60317.8
269	155.638	62220.2	404765     	63367.7
270	155.638	61241.1	394647     	61179  
271	155.638	59950.4	392287     	58191.6
272	155.638	61181.9	388266     	59025.3
273	155.638	61507.3	368210     	58914.1
274	155.638	60632.8	340461     	57249  
275	155.638	59094.2	400237     	54699.5
276	155.638	58845.4	486047     	57031.4
277	155.638	58327.6	657558     	57678.6
278	155.638	59158.7	470211     	57808.9
279	155.638	59386  	409543     	56993.3
280	155.638	59882  	388430     	58668  
281	155.638	58675.4	384118     	56152.5
282	155.638	58978.4	384118     	56927.1
283	155.638	59011  	351549     	56404  
284	155.638	59914  	425513     	59045.5
285	155.638	60047.3	437771     	58309.4
286	155.638	60106.5	436952     	58905.5
287	155.638	60554.8	436952     	59896.7
288	155.638	61326.1	436952     	60542.3
289	155.638	60643.5	333572     	58281.4
290	155.638	60651.2	305222     	56082.1
291	155.638	59612  	305222     	54355.3
292	155.638	59767.6	370682     	56081.8
293	155.638	59790.7	405762     	58930.1
294	155.638	59977.5	405762     	57738.7
295	155.638	59577.3	293729     	55576.2
296	155.638	59314.8	326595     	56033.5
297	155.638	58898.8	392367     	55956.7
298	155.638	60067.1	393424     	58828.4
299	155.638	59286.3	386235     	58611.4
300	155.638	60184.2	339254     	58379.9
301	155.638	59264.1	328696     	57309.2
302	155.638	60826  	345816     	60399.1
303	155.638	61214.4	391642     	62536.2
304	155.638	61529.6	371079     	60680.7
305	155.638	61291  	385646     	61281.6
306	155.638	60711.2	369929     	59919.6
307	155.638	61605.6	437899     	62210.1
308	155.638	61035.6	432536     	62153  
309	155.638	60964.7	432536     	62355.7
310	155.638	60444.1	408496     	60785.9
311	155.638	59629.3	405731     	57646.7
312	155.638	60695.1	443277     	61135.2
313	155.638	60895.1	443277     	61069.1
314	155.638	60841.2	466404     	61947.4
315	155.638	59449.3	432823     	60212.8
316	155.638	59018.3	402738     	57951  
317	155.638	58391.8	446560     	59507  
318	155.638	58216  	445963     	61107.5
319	155.638	57551.5	417746     	57593.9
320	155.638	57401.3	447875     	55811.1
321	155.638	56286.6	346792     	53431.1
322	155.638	57940.3	346792     	57015.1
323	155.638	56361.2	393168     	55609.7
324	155.638	55929  	339189     	54365.7
325	155.638	55977.1	318526     	54709.1
326	155.638	55889.4	413186     	55750.1
327	155.638	56657.1	411050     	57745.7
328	155.638	56840.8	352149     	55438.6
329	155.638	56278.8	387879     	55116.9
330	155.638	56849.2	484068     	58456.4
331	155.638	56464.8	474227     	57818.3
332	148.932	56192.9	380324     	56195.6
333	148.932	56122.4	364630     	55970.9
334	148.932	56314.5	446535     	58273.5
335	148.932	56174.7	375345     	58264.1
336	148.932	56051.4	485389     	57843.2
337	148.932	55644.7	375345     	54352  
338	148.932	55888.8	371456     	57062.4
339	148.932	55981.8	365819     	57476  
340	148.932	55701.9	350480     	55424.9
341	148.932	54610.5	402606     	55763.4
342	148.932	55337.4	402606     	57700.4
343	148.932	55387.5	409245     	58492.7
344	148.932	55162.3	398322     	57432.1
345	148.932	53238.6	364790     	51590.7
346	148.932	53683.5	365955     	50963.6
347	148.932	54240.8	365955     	51783  
348	148.932	55859.5	372225     	54569.8
349	148.932	55653.8	401615     	54752.3
350	148.932	55454.8	401615     	54206.7
351	148.932	54614.8	457169     	55334.3
352	148.932	53004.5	381878     	50416  
353	148.932	53221.9	381878     	51092  
354	148.932	53238.8	399443     	52600.8
355	148.932	53529.6	384666     	53384.2
356	148.932	53004.9	384666     	53590.5
357	148.932	52809.1	384666     	51400.2
358	148.932	52195.3	369864     	50184.1
359	148.932	53292.4	352652     	51924.5
360	148.932	52626.9	306552     	50215.1
361	148.932	51890.4	301806     	50549.6
362	148.932	52167.6	301806     	49986.5
363	148.932	52954.6	371823     	50129.3
364	148.932	52897.2	304613     	49934.2
365	148.932	52906.6	323904     	51428.4
366	148.932	52194.9	363703     	52575.5
367	148.932	51821.9	363703     	51678.7
368	148.932	50279.7	300761     	48343  
369	148.932	50014.3	323137     	48791.2
370	148.932	49681.8	278453     	46292.8
371	148.932	48963.7	264605     	45174.9
372	148.932	49607.8	355755     	46559.2
373	148.932	50326.1	348054     	48753.7
374	148.932	50284.9	309614     	48594.9
375	148.932	49920.5	335908     	48299.1
376	148.932	49962.8	317507     	48268.8
377	148.932	51358.1	321425     	49901.4
378	148.932	51450.3	327920     	48352.6
379	148.932	51910.2	360870     	51062.3
380	148.932	52154.5	320211     	52372.4
381	148.932	51864.2	317440     	50284.6
382	148.932	51236.7	429994     	50100.2
383	148.932	51539.5	490294     	54275  
384	148.932	51704.7	453370     	54577.7
385	148.932	50294.3	421569     	49963  
386	148.932	49945.4	421569     	49869  
387	148.932	50382.1	315601     	48396.3
388	148.932	50206.6	277376     	46682  
389	148.932	49464.7	263436     	46160.6
390	148.932	49112.3	273028     	45856.5
391	148.932	48061.1	263436     	44371.8
392	148.932	47678.5	246122     	42455.1
393	148.932	49031.8	285140     	45217.5
394	148.932	48675.5	350214     	46152.2
395	148.932	48781.8	301134     	47929  
396	148.932	48464.6	303370     	47816.5
397	148.932	47863.6	281749     	46136.4
398	148.932	47827.6	275116     	46664.8
399	148.932	47852.2	314006     	47046.4
400	148.932	48054.5	344653     	48303.3
401	148.932	47315.1	344653     	47187.6
402	148.932	46463  	285506     	43981.6
403	148.932	45583  	327247     	43147.9
404	148.932	45491  	337703     	42635.1
405	148.932	45883  	308120     	43720  
406	148.932	47352.4	384439     	48337.9
407	148.304	47436.1	345233     	47454.7
408	148.304	47460.3	334316     	47065.7
409	148.304	46720.6	337174     	47111.2
410	148.304	47202.5	334240     	48252.4
411	148.304	46499.7	277445     	46977.9
412	148.304	47966  	273351     	47154.9
413	148.304	49378.8	288278     	49577.7
414	148.304	49879.3	308975     	50290.1
415	148.304	49114  	468611     	50467.2
416	148.304	48680.6	374192     	48897.1
417	148.304	47289.1	267725     	44354.6
418	148.304	47338  	269966     	44942.8
419	148.304	48390.9	272683     	47663.2
420	148.304	48180.3	325374     	49392.8
421	148.304	47902.8	386858     	50861.5
422	148.304	48748.9	398005     	53112.4
423	148.304	47729.3	350270     	49815.6
424	148.304	48315.9	350270     	50683.4
425	148.304	47818  	314497     	49965.6
426	148.304	47633.9	314497     	48749.2
427	148.304	47388.8	299238     	48475.6
428	148.304	47372.3	327580     	47830.1
429	148.304	46946.7	297916     	47173.4
430	148.304	47504.1	301311     	47649  
431	148.304	47305.7	281824     	46168.1
432	148.304	48003.5	312128     	47400.3
433	148.304	47973.8	291679     	47242.3
434	148.304	47345  	320214     	48484.1
435	148.304	47760  	313163     	48434.4
436	148.304	47116.2	313163     	46258.3
437	148.304	46451.5	245627     	44358.2
438	148.304	46684.6	264727     	45037.5
439	148.304	46240.3	339879     	46156  
440	148.304	45513.5	324448     	45558.9
441	142.995	45102.8	324448     	45979.7
442	142.995	44561.4	345798     	44686.6
443	142.995	44301.1	300291     	43313.7
444	142.995	44093  	287906     	43802.9
445	142.995	44227.1	308118     	44688.3
446	142.995	44609.6	330369     	45333.9
447	142.995	45336.6	392248     	47368  
448	142.995	45500  	392248     	49199.7
449	142.995	44923.1	273587     	45626.5
450	142.995	44869.9	318793     	46261.3
451	142.995	44148.2	373602     	44267.9
452	142.995	44612.2	316603     	45234.7
453	142.995	46564  	514986     	53649.3
454	142.995	46380.3	385246     	49216.6
455	142.995	45674.5	299979     	45764.2
456	142.995	44677.2	268389     	43288.8
457	142.995	44711.5	280038     	45402.7
458	142.995	44102.4	276531     	44158.8
459	142.995	44271.9	295432     	45970.3
460	142.995	44932.6	456618     	47022.2
461	142.995	44530.6	394572     	46202.6
462	142.995	44345.9	286642     	43282.8
463	142.995	44818.3	287611     	45469.6
464	142.995	44232  	310655     	46016.3
465	142.995	45044.5	442874     	48799.5
466	142.995	45491.1	349686     	46440.4
467	142.995	44099.2	375484     	44822.5
468	142.995	43940.4	355134     	45762.5
469	142.995	44358.7	355134     	47126.7
470	142.995	43957.7	302431     	43973.7
471	142.995	43791.2	337550     	44656.3
472	142.995	44257.3	304885     	45217.5
473	142.995	44713.6	302431     	45960.7
474	142.995	44984.4	313288     	46247.3
475	142.995	46036.6	313288     	48921.7
476	142.995	45855.8	300176     	47756.7
477	142.995	45404.8	320825     	47817.8
478	142.995	45387.7	301295     	47486.9
479	142.995	45047.2	301295     	47724.7
480	142.995	45710.8	314345     	49138.4
481	142.995	45697  	286464     	47416  
482	142.995	45862  	418766     	50236.7
483	142.995	44607.1	351585     	48039.9
484	142.995	44873.4	345736     	47364.2
485	142.995	44880.5	371377     	48305.6
486	142.995	45039.9	416441     	48452  
487	142.995	45179.7	340818     	48111.6
488	142.995	45042  	265914     	46664.8
489	142.995	44477.7	253066     	44493.3
490	142.995	44653.7	239626     	44217.5
491	142.995	44870.4	279472     	45375.2
492	142.995	45555.4	279472     	46502.1
493	142.995	45897.4	338166     	48466.7
494	142.995	45319.2	311970     	46277.8
495	142.995	45719.7	286936     	46654.7
496	142.995	45091.2	276544     	44663.4
497	142.995	44440  	283440     	44741.7
498	142.995	44242.3	277470     	44682.4
499	142.995	43733  	256643     	44616.9
123.83000001
