/usr/lib/python2.7/site-packages/deap/tools/_hypervolume/pyhv.py:33: ImportWarning: Falling back to the python version of hypervolume module. Expect this to be very slow.
  "module. Expect this to be very slow.", ImportWarning)
gen	min    	avg    	max   	std  
0  	1496.54	73543.7	387842	53668
1  	1496.54	75287.1	371768	56286
2  	1496.54	75615.4	356429	55102.5
3  	1496.54	75792.8	351686	54944.2
4  	1423.56	76574.1	400422	56903.4
5  	1423.56	76732  	351686	55422.1
6  	1423.56	73633.2	343710	52516.5
7  	1423.56	73608.8	303775	51217.9
8  	1423.56	74023.7	314309	51002.4
9  	1423.56	74593  	293332	52699.5
10 	1423.56	72688.1	292750	49125.6
11 	1423.56	71480.2	302054	49694.9
12 	1423.56	71680.8	352495	49604.4
13 	1423.56	71220.2	334953	48955.4
14 	1423.56	72826.6	334953	52348.6
15 	1423.56	72914.5	353691	51300.5
16 	1423.56	72691.1	353072	49587.5
17 	1423.56	73482.5	317665	51355.8
18 	1423.56	75086.3	330954	54521  
19 	1423.56	75063.5	385895	57301.4
20 	1423.56	74395.4	385895	57021.5
21 	1423.56	73749.6	456962	59585  
22 	1423.56	75569.2	456962	60992  
23 	1423.56	74876  	493712	61583.9
24 	1423.56	74913.2	432963	61618.2
25 	1423.56	74472.6	449144	59516.9
26 	1423.56	74997.7	415087	59388.9
27 	1423.56	74271.5	365100	55642.7
28 	494.025	74685.6	365100	56668.5
29 	433.134	74580.9	365100	55533.5
30 	433.134	74155.3	333560	55663.7
31 	433.134	73410.5	333560	52863.3
32 	433.134	72552.4	339048	53613  
33 	433.134	72568.4	362479	53207.2
34 	433.134	73992  	361771	54842.3
35 	433.134	72995.8	363009	52707.4
36 	433.134	73279.2	378193	55317.8
37 	420.749	73723.1	378193	54776.6
38 	420.749	74326.4	411277	57401.1
39 	420.749	74729.6	411277	59472  
40 	420.749	76575.3	411277	64018.9
41 	420.749	76435.1	383277	61800.5
42 	420.749	76548.3	390770	62291.3
43 	420.749	75408.4	408277	59290.6
44 	420.749	75371.1	364826	58968.9
45 	420.749	74422.7	356638	57419.2
46 	420.749	74910.6	425837	58134.8
47 	420.749	75832.4	380300	59466.6
48 	420.749	76223.9	365480	61270.4
49 	420.749	74537.3	365480	59889.1
50 	420.749	75165.6	440210	61104.3
51 	420.749	76115.5	365692	63573.1
52 	420.749	77875.8	455084	64981.4
53 	420.749	77926.5	465358	67878.5
54 	420.749	76039.4	410048	63658.6
55 	420.749	75052  	400238	59622.1
56 	420.749	76089.4	440425	64881.6
57 	401.794	76993.5	425251	64373.9
58 	401.794	77664.7	425251	67177  
59 	401.794	74831  	412394	62072.3
60 	401.794	75149.8	427450	62227.2
61 	401.794	74878.9	395166	61207.1
62 	401.794	75114.2	354955	61996  
63 	401.794	73458.4	353819	59016.6
64 	401.794	74037.3	357333	60770.1
65 	401.794	74172.2	399142	61207.8
66 	401.794	73517.4	380394	58281  
67 	352.401	73778.4	351933	59700.7
68 	352.401	74345.5	363597	62204  
69 	352.401	73036.5	453210	61020.1
70 	352.401	75357.5	398561	62612.9
71 	352.401	74503.2	352169	60648.3
72 	352.401	74726.6	358872	60919.3
73 	352.401	74618.7	358872	62230.5
74 	352.401	75234.7	533371	65661.3
75 	352.401	74730.6	378762	60616.1
76 	352.401	75038.2	385343	63349.2
77 	348.774	73792.7	366112	60015.7
78 	348.774	74752.5	392629	62678.2
79 	348.774	75165.3	453919	64531  
80 	256.209	73613.1	473241	61920.8
81 	256.209	72597  	389939	60432.9
82 	256.209	74703.7	389939	62976.8
83 	256.209	74464.6	389939	61800.7
84 	256.209	73969.1	389939	60650.5
85 	256.209	73908.1	506207	62730.3
86 	256.209	73291.1	403556	60005  
87 	256.209	72252.3	403556	59968.9
88 	256.209	71706.3	483609	59694.4
89 	256.209	71682.9	392330	59148.5
90 	256.209	72335.5	371726	60777.7
91 	256.209	69747.7	351203	56364.1
92 	246.451	71048.3	434732	59483.6
93 	246.451	72013.9	434732	58659  
94 	246.451	71529.2	372562	56346.7
95 	246.451	72340.5	384574	59040.1
96 	246.451	72780.2	409688	59788.5
97 	246.451	73039.4	409688	60774  
98 	246.451	72932  	396705	60556.7
99 	246.451	72736.7	448060	62239.4
100	246.451	72926.5	449669	64613.6
101	246.451	74060.8	508552	70651.3
102	246.451	71786.3	436015	64446  
103	246.451	70807.3	464933	64207.5
104	246.451	69595.7	464933	62446  
105	246.451	69907.1	413404	60267.3
106	246.451	70840.7	395040	59964.4
107	246.451	70408.9	460703	59314.5
108	246.451	70645.5	405369	59410.4
109	246.451	71730.7	416226	61522.4
110	246.451	71868  	501796	61149  
111	246.451	70405.1	432007	58001.7
112	246.451	71796.4	468171	62052  
113	201.654	71938  	391682	60998.2
114	201.654	72039.5	379683	61867.7
115	201.654	71024.4	393492	58743.1
116	201.654	69632.1	393492	57819.8
117	201.654	69458.5	355346	55777.4
118	201.654	69869.6	456040	61027.5
119	201.654	69578.8	427037	59844.6
120	201.654	69445.8	406551	61510.3
121	201.654	68698.4	356110	59276.6
122	201.654	69493.4	373266	60206.5
123	201.654	70221.3	551379	61404.9
124	201.654	69542  	347253	59051.2
125	201.654	71761.3	347253	61784.9
126	201.654	72814.6	390665	65485.8
127	201.654	72063.1	459925	66468.3
128	201.654	72567.9	475982	67390.4
129	201.654	72344.6	475982	63322.4
130	201.654	70630.9	378263	60594.9
131	201.654	70374.4	384247	61825.8
132	201.654	71698  	562916	65805.8
133	201.654	72708.2	434312	66593.3
134	201.654	73539.9	469879	68148.1
135	201.654	71610  	406763	62641.1
136	201.654	70756.5	508969	64818.3
137	201.654	70577.5	508969	64604  
138	201.654	70180.5	483273	63597.8
139	201.654	70309.2	483273	62248.6
140	201.654	72506.6	420317	67148.2
141	201.654	73104.9	507888	69470.5
142	201.654	72463.2	438160	66897.3
143	201.654	69939.1	425444	61167.3
144	201.399	69125.5	345833	59706.9
145	201.399	69459.9	463807	61289.3
146	201.399	70514  	440074	62560.2
147	201.399	70297.5	392813	60160.6
148	201.399	69112.5	425629	57949.8
149	201.399	69328  	365473	60155.3
150	201.399	70352.1	464495	63885.2
151	201.399	70580.8	428492	64473.4
152	201.399	69967.8	441296	63547.5
153	200.996	69859.7	428492	65729.6
154	200.996	68333.1	423720	63727  
155	200.996	68556.5	435237	62028.7
156	200.996	67926.3	432322	56366.3
157	200.996	67677.3	338520	55757.6
158	200.996	66775.8	361652	54689.2
159	200.996	67564.2	361760	57991  
160	200.996	68218.9	361760	60324.3
161	200.996	70091.6	576842	64215.3
162	200.996	70609.3	372569	64828.4
163	200.996	69477.8	367198	64079.1
164	200.996	70233.6	398196	65322.6
165	200.844	69089.2	429302	62643.5
166	200.844	69202  	431675	62912.1
167	200.844	69404.1	373660	60977.2
168	200.844	69876.5	414896	62691.4
169	200.844	68172.5	425867	62637.6
170	200.844	67375.1	426516	61016.3
171	200.844	67698.4	426516	61208.8
172	200.844	66853.1	436166	60707.3
173	200.844	66775.7	366002	60629.6
174	200.844	67395.4	432862	62948.6
175	200.844	66960.9	379092	61747.1
176	200.844	67773  	343466	61848.2
177	200.844	68501.2	398693	62378.6
178	200.844	67297.7	493784	62861.2
179	200.844	68094.2	584859	63722.6
180	200.844	67920.1	451237	61917.7
181	200.844	68498.2	409424	62134.3
182	200.844	68988.1	436560	64183.3
183	200.844	68740.3	407732	64244.5
184	200.844	66812  	407732	60264.3
185	200.844	67002.8	430285	61339.2
186	200.844	68787.5	387716	65625.4
187	199.509	68092.6	452075	65668.4
188	199.509	68283  	387716	66919.2
189	199.509	67714.2	385024	65546.6
190	199.509	67759.7	385024	64460.2
191	199.509	67214.6	385024	63828.6
192	199.509	67705.3	395850	64479.7
193	199.509	67400.2	410414	63884.8
194	199.509	66047.8	470320	62668  
195	199.509	67760.8	505349	67650.4
196	199.509	67756.5	470386	67005.3
197	199.509	67324.8	417848	66221.2
198	199.509	68683  	417848	67368.5
199	199.509	67920.9	404507	65267.4
200	199.509	68215.3	429034	67470.2
201	195.42 	67851.4	499535	68575.1
202	195.42 	65474  	397622	64319.4
203	195.42 	64385.5	431327	63387.7
204	195.42 	65182  	431327	62982.3
205	195.42 	65168  	396125	62945.9
206	195.42 	64719.6	511259	67396  
207	195.42 	65371  	466128	66502.9
208	195.42 	64457  	466128	64379.7
209	195.42 	63565.5	415215	59258.1
210	195.42 	64947.1	378851	61933.4
211	195.42 	64819.2	378851	61999.8
212	195.42 	65931.7	411633	64998.3
213	195.42 	66486.7	460915	67747.8
214	195.42 	65930.2	754264	70049.3
215	163.199	64743.2	670501	70970.4
216	163.199	65922.1	762631	72951.5
217	163.199	66080.9	670501	69634.9
218	163.199	66259.3	577471	71131.2
219	162.228	64865.1	488047	66027.3
220	162.228	65928.7	462903	66981.6
221	162.228	64621.6	391396	61520.8
222	162.228	64219.8	391396	62490.2
223	162.228	64411.2	342320	61346.4
224	162.228	65840.9	441823	64219.8
225	162.228	65839.7	376382	63449.8
226	162.228	65593.9	376382	63168.6
227	162.228	65664.2	392966	63147.1
228	162.228	64794.4	392966	61479  
229	162.228	65350.4	393251	61691.7
230	162.228	63742.9	558334	61816.7
231	162.228	63125.8	442717	62425.6
232	162.228	63798.3	406365	61944.7
233	162.228	64750.6	343997	59781.4
234	162.228	64226  	420300	62214.8
235	162.228	64829.7	474968	63847.3
236	162.228	64805.3	517156	63653.9
237	162.228	63822.6	444998	61092.5
238	162.228	62911.3	399259	58741.3
239	162.228	63037  	376336	59281.7
240	162.228	61997.7	383821	58706.8
241	162.228	63573.5	362714	61811.2
242	162.228	63074.6	405601	61314.6
243	160.222	63333  	598662	65793.5
244	160.222	61434.4	427100	60823.5
245	160.222	60116.9	374099	58126.6
246	160.222	60367.3	403171	59403.9
247	160.222	61827.9	438828	62186.6
248	160.222	61047.5	435566	59990.2
249	160.222	61015.7	354139	58419.7
250	160.222	61140.7	412589	59233  
251	160.222	60085.3	406187	55903.9
252	160.222	60339.3	408255	56013.3
253	160.222	59904.5	334407	56736  
254	160.222	59791.8	361131	57558.4
255	160.222	60255.8	361131	58442  
256	160.222	59486.6	344800	57256.4
257	160.222	60146.2	468735	60270.2
258	160.222	59675.6	518695	61109.9
259	160.222	60250.8	395587	61160.7
260	160.222	60507.1	428609	62714.5
261	160.222	60901.5	428609	63221  
262	160.222	60988.2	428609	61823.5
263	160.222	62231.8	428609	64783.6
264	160.222	62425.8	414327	63870.7
265	159.965	61328.7	432025	63008.9
266	150.226	60507.2	393060	57699  
267	150.226	61218.5	414914	61442.4
268	150.226	60516.2	352745	60003.7
269	150.226	60258.2	368544	60014.3
270	150.226	60382.9	350192	59035.2
271	150.095	60234.9	350192	58451.3
272	150.095	60126.8	349613	58093.2
273	150.095	60312.5	330539	57612.1
274	150.095	60020.8	330539	56082.4
275	150.095	59569.3	330436	55218.1
276	150.095	60031.5	330436	55739  
277	150.095	59448.9	330436	56934.2
278	150.095	59297.4	356547	56743.1
279	150.095	58950.4	345367	54188.1
280	145.89 	58762.8	346888	54218.8
281	145.89 	59404.6	445852	56550.6
282	145.89 	59608.9	430067	58662.7
283	145.89 	59297.7	386326	59317.6
284	145.89 	58554.3	491762	59942.2
285	145.89 	58798.6	342005	57404.7
286	145.89 	58015.4	372083	56573.3
287	145.89 	58563  	380600	59844.8
288	145.89 	58349  	380600	59745.1
289	145.89 	58414.4	511379	61411.8
290	145.89 	59438.4	430566	60659.8
291	145.89 	58707.5	431366	59947.3
292	145.89 	58571.6	470947	60840.2
293	145.89 	58231.9	490057	59174  
294	145.89 	57835.7	340995	56509.7
295	145.89 	58610.6	308699	57253.7
296	145.89 	58940.7	335452	58831.5
297	145.351	57475.1	452717	56931.3
298	145.351	56336.2	420532	56603.2
299	145.351	57298.3	420532	57225.9
300	145.351	57048.6	518967	58398.6
301	145.351	56736.4	500212	57530.6
302	145.351	57529.5	500212	58935.3
303	145.351	57330.6	420876	58388.2
304	145.351	58085.8	405553	59225.8
305	145.351	57656.2	407576	58172  
306	145.351	57561.7	394582	57012  
307	145.351	57642  	463932	58733.6
308	145.351	57478.4	381364	58606.4
309	145.351	57480.7	371561	59057.6
310	145.351	58548.1	417437	60491  
311	145.351	57330.7	363922	58803.4
312	145.351	59151.8	415609	63634.3
313	143.672	59671.2	403559	65067.5
314	143.672	58766.3	403559	63256.9
315	143.672	58145.2	440307	60321.9
316	143.672	58102.3	390938	60238.3
317	143.672	58046.3	364564	59657.5
318	143.672	57174.9	364564	59099  
319	143.672	56932.5	364564	56596.1
320	143.672	56921.3	385767	54106.4
321	143.672	56225  	426545	53659.9
322	143.672	55446.3	370560	50828.1
323	143.672	55933.5	323237	52373.8
324	143.672	55386.2	290954	49968.3
325	143.672	56363  	342589	54131.6
326	143.672	56334.9	360674	55386  
327	143.672	55265.9	331026	52796.9
328	143.672	55561.4	410706	56262.3
329	143.672	55056.6	372353	54195.5
330	143.672	55363  	381210	55816.5
331	143.672	56419.9	403223	57614.8
332	143.672	56412.4	429331	59029.2
333	143.672	55164  	429331	57249.6
334	143.672	55364.3	509683	59546  
335	143.672	55046.2	459674	56914.7
336	143.672	55700.3	380221	59140.4
337	143.672	56054.3	387297	58893  
338	143.672	54736.1	373920	55751.3
339	143.672	54829.7	350069	57538.6
340	143.672	54444.1	350069	57050.4
341	143.672	53745.8	408979	56225.8
342	143.672	53121.1	390961	54443.6
343	143.672	52445.6	327980	52336  
344	143.672	51131.4	308269	48327.8
345	143.672	51537.9	303277	49425.1
346	143.672	51948.9	360876	49714.3
347	143.672	51919.4	318648	49416.4
348	143.672	52686.3	371266	50926.2
349	143.672	52275.7	357519	51200.2
350	143.672	51772.3	357519	51693.9
351	143.672	51529.9	293978	49714.4
352	143.672	51042.9	293978	48417.2
353	139.963	51311.6	293978	48942.9
354	139.963	52041.1	362360	49275  
355	139.963	52503.9	349670	50577.8
356	139.963	51754.7	286152	48906.5
357	139.963	50812.3	296492	48801.8
358	139.963	51622.4	278839	49438.2
359	139.963	52491.2	269448	50771.9
360	139.963	53366  	326535	54442.4
361	139.963	54023  	423581	57885.1
362	139.963	54581.2	483064	61743.8
363	139.963	51925.6	387994	55259.1
364	139.963	51643.5	387994	54626.4
365	139.813	51360.8	368664	53851.7
366	139.813	52362.5	388519	55501.5
367	139.813	52190.5	363394	54896.5
368	139.813	52342.2	339240	57057.8
369	139.813	53277.1	417108	59977.9
370	138.046	51126  	404762	54837.6
371	138.046	51207.9	339408	52704.5
372	138.046	50629.8	339408	52824.1
373	138.046	50167.4	339838	51456.5
374	138.046	50513.7	339838	51887.6
375	138.046	50634.6	311672	50979.9
376	138.046	50683.9	306063	49223.2
377	138.046	50315.7	289171	47513.9
378	138.046	50743.7	345446	50689.9
379	138.046	51894.8	711777	59479.7
380	138.046	50186.9	366714	52697.4
381	138.046	50060.8	340761	50373.8
382	138.046	49629.3	339851	50459.1
383	138.046	48900.8	312745	48319.9
384	138.046	48709.3	371736	48115.1
385	138.046	49191.7	299004	48671.9
386	138.046	48291.7	299238	48388.8
387	138.046	48758.1	316260	49746.5
388	138.046	49806.3	289148	50476.1
389	138.046	50771.5	414413	53893.4
390	138.046	50092.4	414809	53520.8
391	138.046	50033.5	326427	50904.3
392	138.046	50528.8	290766	49647.5
393	138.046	50145.6	320478	49722.3
394	138.046	50562.1	426353	52122.9
395	138.046	50148.7	400036	51526.9
396	138.046	50307.4	338915	50922.9
397	138.046	51083.3	367241	53471.8
398	138.046	50012.3	352682	51911.5
399	138.025	50150.4	444162	52724.2
400	138.025	49200.2	405197	48732.6
401	138.025	48307  	319465	47970.3
402	138.025	48357.8	320387	48104  
403	138.025	48246.2	292415	46624.2
404	138.025	47903.4	292811	46412.1
405	138.025	48225.7	289921	46086  
406	138.025	48486.7	271374	45598.6
407	137.57 	49112  	388654	48487.8
408	137.57 	49099.9	309430	47611.8
409	137.57 	49063.1	330664	47805.1
410	137.57 	48687.1	364697	49973.5
411	137.57 	49104.6	376332	51004.9
412	137.57 	49094.2	346359	51331  
413	137.57 	48879.5	371755	50388  
414	137.57 	48682.1	293262	50067.9
415	137.57 	47582.5	310209	48589.4
416	137.57 	48383.9	394837	52003  
417	137.57 	49789.3	383160	54977.2
418	137.57 	49347.1	428814	54390  
419	137.57 	48883.3	395903	53379.8
420	137.57 	49790.8	354072	55032.6
421	137.57 	49065.4	354072	53397.6
422	137.57 	48362.7	387452	50889.7
423	137.57 	48924.3	401673	54467  
424	137.57 	47803.2	387452	51646.8
425	137.57 	47773.8	391364	53197  
426	137.57 	47847.8	309227	51829.1
427	137.57 	47933.6	313926	51444.9
428	137.57 	47560.8	311340	50974.4
429	137.57 	47740.1	350919	51759.5
430	137.57 	48737  	327291	50993.1
431	137.57 	48292.1	289653	49126.8
432	137.57 	48970.1	321197	50526.5
433	137.57 	50059.5	312464	51993.4
434	137.57 	50889.2	312464	54255.1
435	137.57 	50581.9	297351	53901.3
436	137.57 	50154.1	302346	54164.6
437	137.57 	48328  	302346	51330.6
438	137.57 	48276.6	302346	50399.2
439	137.57 	48227.4	302346	50473.9
440	137.57 	48566  	388410	51954.4
441	137.57 	48433.7	339577	50931.8
442	137.57 	48801.1	371603	51513.1
443	137.57 	48035.2	281243	50207.3
444	137.57 	47648  	277022	48536.5
445	137.57 	46994.8	270220	47120.5
446	137.57 	46701.8	345767	46136  
447	137.57 	46654.2	305053	45514.2
448	137.57 	48329.4	288223	50050.3
449	137.57 	48258  	312519	51544.7
450	137.57 	48272.9	312519	51768.2
451	137.57 	47303.1	289468	49083.1
452	137.57 	48053.1	333751	50248.8
453	137.57 	47481.8	289468	47400.4
454	137.57 	47203.8	316036	48049.6
455	137.57 	46735.6	376362	48585  
456	137.57 	46311  	374157	48099.1
457	137.57 	46171.8	318594	47407.2
458	137.57 	45039.3	273699	45562.3
459	137.57 	44642.7	308197	44988.9
460	137.57 	45055.1	270326	44984.9
461	137.57 	46158.3	324108	47402.2
462	137.57 	46367.9	289993	48822.8
463	137.57 	45595.5	281926	47538.7
464	137.529	45497.4	326443	48170.8
465	137.529	45234.4	275842	46715.2
466	137.529	45381.1	276668	46300.8
467	137.529	46390.4	319908	49191.8
468	137.529	45304.8	280475	46368.2
469	137.529	45288.7	264766	46018.6
470	137.529	45765.5	251378	46268.9
471	137.529	46099  	290092	48736.6
472	137.529	45896.3	313825	49796.4
473	137.529	45208.7	331500	49164.7
474	137.529	44474.3	290092	46956.7
475	137.529	44272.2	262880	46340  
476	137.529	44292.1	416484	47869.1
477	137.529	44916  	416484	49288.6
478	137.529	44908.6	319162	48297.5
479	137.529	43904.4	288037	44730.7
480	137.529	43960.1	288867	44627.5
481	137.529	44500.5	288037	45896.3
482	137.529	43250.3	358715	45624.2
483	137.529	43289.3	303248	43340.4
484	137.529	43383  	325948	44949.3
485	137.529	43973.6	337397	45948.1
486	137.529	43389.2	281977	43585  
487	137.529	43827.3	306831	46031.7
488	137.529	44298.7	341766	48804.1
489	137.529	43909.8	359696	48275.3
490	137.529	44039.7	338441	47711.9
491	137.529	44909.7	338441	47651.1
492	137.529	44285.5	338441	47215.6
493	137.529	44572.7	338600	48329.1
494	137.529	44295.4	357141	46586.5
495	137.529	44645.4	345815	47494.4
496	137.529	44435  	332219	47055.4
497	137.529	45095.9	295484	46985.2
498	137.529	44300.9	264322	44164.1
499	137.529	43263.3	274489	42508.3
123.83000001
