/usr/lib/python2.7/site-packages/deap/tools/_hypervolume/pyhv.py:33: ImportWarning: Falling back to the python version of hypervolume module. Expect this to be very slow.
  "module. Expect this to be very slow.", ImportWarning)
gen	min    	avg    	max   	std    
0  	2056.91	73929.3	429937	50821.7
1  	1440.56	74178.7	378535	52630.4
2  	1440.56	75207.5	415324	56239.9
3  	1440.56	74586.5	387917	53607.4
4  	1380.02	73756.6	429888	51964.3
5  	1380.02	73986.2	382808	52028.9
6  	1380.02	74333.5	346084	52687.3
7  	1380.02	73438.6	299712	50980.6
8  	1068.21	72537.7	337567	52459.9
9  	1068.21	72066.2	333463	50788.2
10 	461.164	72498.4	303007	52078.7
11 	461.164	73680.8	302513	53183.6
12 	461.164	74016.6	393322	55334.7
13 	461.164	73901.1	379211	54747.1
14 	461.164	73654.5	361166	52932.9
15 	461.164	72943.9	361166	51504.3
16 	461.164	73032.1	383106	52944  
17 	461.164	73891.8	391705	53069.8
18 	461.164	74964.3	491316	57621.7
19 	394.606	74673.4	491316	55217.8
20 	394.606	74738.8	390299	55836  
21 	357.015	75762.3	424723	59530.1
22 	357.015	74526.2	354077	56247.6
23 	357.015	75498.9	345628	57373.6
24 	357.015	75813  	325830	54295.2
25 	357.015	76019.3	332672	56970.8
26 	357.015	74986.9	360762	56438.6
27 	357.015	72782.5	323557	52685.7
28 	357.015	72901.9	364933	52830.3
29 	357.015	73160.4	338640	52112.1
30 	357.015	73418.7	302420	51492.9
31 	357.015	73137.9	333449	52780.7
32 	357.015	72792.6	363982	54334.1
33 	357.015	73773.9	363982	56161.6
34 	357.015	73418  	347600	55877.7
35 	357.015	72639.3	336401	54927.6
36 	357.015	73069.3	373207	57086.2
37 	339.842	73432.9	362830	57822.9
38 	339.842	74639.6	359139	60011.3
39 	164.156	74048.5	323930	57871  
40 	164.156	74246.5	331293	58007.8
41 	164.156	74035.4	481101	59307.1
42 	158.836	73799.3	309786	56297.7
43 	158.836	73798.5	341866	57646.2
44 	158.836	73562.7	428753	59122.6
45 	158.836	73821.6	352738	56458.3
46 	158.836	74208.2	345422	57336.3
47 	158.836	74602.3	382926	58050.5
48 	158.836	73550.2	346216	57530.2
49 	158.836	72924.2	396442	58913.7
50 	158.836	72560.1	345931	56651.8
51 	158.836	72164.5	447053	57346  
52 	158.836	70993.3	354441	53773.4
53 	158.836	72816.4	459573	57150  
54 	158.836	72508.3	400023	55089.6
55 	158.836	72580.4	363010	55433.1
56 	158.836	72261.7	317705	54655.8
57 	158.836	71418.5	293779	52820.1
58 	158.836	71070  	293779	53453.4
59 	158.836	70485.5	278890	53070.6
60 	158.836	72132.1	353343	58890.2
61 	158.836	71546  	456714	63043.9
62 	158.836	69841.2	406988	58238.9
63 	158.836	70156  	384241	59491.5
64 	158.836	70452.1	351532	58528.3
65 	158.836	71470.6	301682	58454.8
66 	158.836	71023.1	294434	56971.2
67 	158.836	70910.4	359131	56908.9
68 	158.836	71281.8	365808	57118.3
69 	158.836	69888.7	371071	56425.5
70 	158.836	71044.4	392203	58990.3
71 	158.836	72670  	377394	60596.5
72 	155.726	71489.5	371284	60173.1
73 	155.726	71526.4	403763	60165.3
74 	155.726	70777.5	357688	58358.3
75 	155.726	69493  	329292	55654.4
76 	155.726	70906.8	342537	56905.9
77 	155.726	70498.4	342537	57903.5
78 	155.726	71471.1	350344	60681.2
79 	155.726	71492  	339018	60159.8
80 	155.726	72777  	462379	62958.8
81 	155.726	71574.2	410663	61287.9
82 	155.726	71871.4	410663	60454.4
83 	155.726	73254.2	398232	61453.1
84 	155.726	74786.8	419585	66061.7
85 	155.726	73984.1	419585	64597.5
86 	155.726	73060.5	402072	63562.6
87 	155.726	72001.1	402072	62722  
88 	155.726	72154.7	380425	62405.9
89 	155.726	72655.1	434939	64778.4
90 	155.726	72275.7	440294	65645.9
91 	155.726	71354.4	440294	64373.9
92 	155.726	71496.2	386496	63336.7
93 	155.726	71396.7	380519	60297  
94 	155.726	71650.4	380519	62191.5
95 	155.726	70916.4	449422	63569.2
96 	155.726	70981.4	449422	64241.1
97 	155.726	72065.7	452015	65623.9
98 	155.726	72563.1	456205	65443.4
99 	155.726	70030.5	421114	60908.7
100	155.726	71313.7	411072	63891.7
101	155.726	70998.7	487080	62479.3
102	155.726	72306.1	459603	65841  
103	155.726	72367.3	438042	66129.7
104	155.726	73119.5	581565	71632.7
105	155.726	72079.7	458390	67485  
106	155.726	70194.9	415362	63704.8
107	155.726	69483.3	448654	61468.2
108	155.726	70016.6	416755	62583.8
109	155.726	70633.8	465492	64865  
110	155.726	69870.9	416755	61704.3
111	155.726	70312.6	359911	62478.1
112	155.726	69782.6	369817	61011.6
113	155.726	68638.2	354117	59801.6
114	155.726	68828.8	397112	60844.4
115	155.726	68962.8	318193	58301.8
116	155.726	69579.7	401662	58832  
117	155.726	69751.1	401662	59273.5
118	155.726	68130.2	310105	56851.9
119	155.726	68551.7	357494	57712.9
120	155.726	69692.8	317720	58553  
121	155.726	68350.1	346443	58082.7
122	155.726	68256.8	429414	58052.1
123	155.726	68634.3	366062	58190.3
124	155.726	67812.9	366062	57271.5
125	155.726	67986.6	388941	58520.3
126	155.726	67275.1	586035	59301  
127	155.726	66536.7	418058	56282.4
128	155.726	66483.3	480312	59339.5
129	155.726	66106.6	448217	59330  
130	155.726	67273  	383241	61667.7
131	155.726	67447.3	485136	63481  
132	155.726	68279.4	413733	61857.6
133	155.726	69902  	475311	64483.7
134	155.726	69173.9	429389	62872.8
135	155.726	67159.5	398483	58860.9
136	155.726	67892.4	541215	65500.5
137	155.726	67543.5	371863	61390  
138	155.726	65992.1	363033	56580.3
139	155.726	67212.5	363033	58745  
140	155.726	66824  	347827	57316.3
141	155.726	66947.7	359668	57969.1
142	155.726	66422.2	395139	58565.9
143	155.726	66169.3	507657	58828.7
144	155.726	66470.8	349306	57052.7
145	155.726	66397.1	363156	57628.3
146	155.726	66371.8	339115	57396.5
147	155.726	65791.5	325001	56535.8
148	155.726	65271  	361173	56806.9
149	155.726	64550.5	342629	55181.4
150	155.726	63016.4	365323	53445  
151	155.726	64676.6	332221	55315.5
152	155.726	64437.6	310551	56049.1
153	155.726	64101  	368986	57014.7
154	155.726	64644.9	382925	58525.9
155	155.726	64538.5	373140	57012.7
156	155.726	64495.7	354106	55863.6
157	155.726	65334  	303321	57885.2
158	155.726	64513.7	303321	57015  
159	155.726	63483.5	282335	54127.2
160	155.726	63042.4	273235	52704  
161	155.726	64605  	299572	54882.6
162	155.726	64321.1	486011	58608.4
163	155.726	63328.1	439685	57781.5
164	155.726	64159.5	380342	56189.7
165	155.726	64672.6	346821	56930.9
166	155.726	64892.5	381428	57351.7
167	155.726	65188.1	453229	59980.8
168	155.726	63742.5	345229	55885.7
169	155.726	64116.2	339274	56691.1
170	155.726	63782.9	337777	56816.9
171	155.726	63242.3	380198	57608.4
172	155.726	62572.1	400256	57209.2
173	155.726	62563.7	387778	58175.9
174	155.726	61367.4	388397	55752.6
175	155.726	60749.7	319612	53603.4
176	155.726	61375.4	316722	52557.8
177	155.726	60602.3	302027	52236  
178	155.726	59767.6	306254	51481  
179	155.726	60688.8	323783	53037.6
180	155.726	60840.6	307816	51626.6
181	155.726	60775.4	291253	50336.4
182	155.726	61912.9	309306	52928.6
183	155.726	63702.7	379546	57582.1
184	155.726	62601.6	474130	56490.4
185	155.726	62015.5	481967	55743.4
186	155.726	60741.6	372818	54172.6
187	155.726	62182.4	370608	55817.2
188	155.726	62270  	336046	56053.2
189	155.726	61896.5	354545	54922.5
190	155.726	60993  	387499	53862.1
191	150.521	60705.1	396740	55823.5
192	150.521	61675.2	413957	58106.2
193	150.521	61462.6	363566	56358.6
194	150.521	62421.1	428728	58058.5
195	150.521	61890.1	365727	57320.5
196	150.521	60871.9	479875	59275.6
197	150.521	59546.9	315911	53621.6
198	150.521	59242.5	417387	54403  
199	150.521	59765.1	417387	55551.1
200	150.521	60840.5	464625	57774.3
201	150.521	59687.9	407113	55693.5
202	150.521	59881.5	339441	54159.1
203	150.521	60410.4	392350	56181.5
204	150.521	61134.2	388487	57763.7
205	150.521	60319.9	428838	54451.7
206	150.521	61726.5	395788	60445.4
207	150.521	60496.5	378548	57076.3
208	150.521	61376.3	378548	58453  
209	150.521	61503.2	365336	57826.2
210	150.521	61798.1	356699	58573.3
211	150.521	63630.8	364480	60918.2
212	150.521	63091.5	356699	59512.4
213	150.521	63138.5	354355	60268.6
214	150.521	63013.4	359075	58709.3
215	150.521	62889.3	359075	58724.4
216	150.521	62354.3	323648	57252.9
217	150.521	61539  	430548	58063.1
218	150.521	62406.3	430548	61158  
219	150.521	62923.9	452429	62009.5
220	150.521	63427.5	452429	62948.8
221	150.521	62937.3	435093	63300.6
222	150.521	62362.9	430548	59204.4
223	150.521	61606  	579504	59723  
224	150.521	60992.1	466976	56333  
225	150.521	60320.8	372680	55631.4
226	150.521	60376.9	321361	55755.9
227	150.521	61009.3	330891	57493.4
228	150.521	62196.4	326247	59181.5
229	150.521	62858.2	368101	61237  
230	150.521	63181.9	377306	61582.3
231	150.521	63360.5	405945	61639.6
232	138.833	62951.9	477831	63349  
233	138.833	62561.7	474731	62520.8
234	138.833	60654.9	432426	59120.8
235	138.833	62650.9	423300	61429.3
236	138.833	62644.7	444396	60875.3
237	138.833	61423.9	406041	57991.3
238	138.833	61391.9	340279	57397.5
239	138.833	60581.5	341855	57309.5
240	138.447	60599.4	341855	58369.3
241	138.447	60144  	525322	59058.2
242	138.447	60048.7	422705	58379.4
243	138.447	60368  	382744	59221.5
244	138.447	59178.8	335738	55668.4
245	138.447	59132.9	391946	55171  
246	138.447	59818.8	326557	56213.9
247	138.447	59091.7	335138	56853.1
248	138.447	60550.6	392897	60897.4
249	138.447	59935.7	592215	61133.4
250	138.447	59338.3	419644	59521.7
251	138.447	58493.2	420922	57762  
252	138.447	58879.3	429285	57334.2
253	138.447	58835  	393383	56541.3
254	138.447	58589.2	392388	55231.2
255	138.447	57930.9	370236	55692.2
256	138.447	58685.7	437901	59014.1
257	138.447	58569  	437561	58223.9
258	138.447	57618.2	413133	58470.4
259	138.447	56595.6	338154	55407.9
260	138.447	56971.9	403344	56540.2
261	138.447	56745.1	342102	54524.9
262	137.826	57497.7	316588	54684.4
263	137.826	57061.4	317143	54016.1
264	137.826	56955.1	427399	54846.6
265	136.203	57368.8	427399	56920.5
266	136.203	58836.1	396790	58913.4
267	136.203	58158.9	415132	57415.8
268	136.203	57173.9	435702	56572.8
269	136.203	58510.6	416595	59432.4
270	136.203	59084.7	361631	59005.6
271	136.203	58070.4	364364	56403.6
272	136.203	58070.5	356526	57166.4
273	136.203	57622.1	335619	55463.9
274	136.203	56965.4	326731	53914.5
275	136.203	56804.2	431192	55672.2
276	136.203	56966.5	430841	56754.7
277	136.203	56437.6	413426	53465.4
278	136.203	56319.7	324509	53285  
279	136.203	56750.8	353631	53575.4
280	136.203	57794.8	385984	56329.5
281	136.203	56972.7	353631	55199.8
282	136.203	56989  	351151	55286.5
283	136.203	56466.6	386066	57472.3
284	136.203	56532.6	432674	59221.7
285	136.203	56207.3	480184	58881.2
286	136.203	55663.8	480184	56821.8
287	136.203	54929.9	391456	54747.6
288	136.203	54768.3	359752	54972.4
289	136.203	55233.1	390505	55710.7
290	136.203	55080.6	341934	54911.4
291	136.203	55905.7	341934	56894  
292	136.203	54840.8	334728	54702.3
293	136.203	55156.6	334728	53359.6
294	136.203	54481.9	365015	53122.7
295	136.203	54864.1	365015	53920.6
296	136.203	55010.6	346412	52687.3
297	136.203	55422.6	338112	53387.9
298	136.203	54688.1	335288	53004.2
299	136.203	53923.6	355860	51080.8
300	136.203	53856  	340025	51173  
301	136.203	53367.3	406308	50302.1
302	136.203	52502  	335926	47281.7
303	136.203	52055.1	277286	47540.7
304	136.203	52534.6	270447	48218.2
305	136.203	51991.7	312607	47208  
306	136.203	52499.6	341821	47450.4
307	136.203	53859.1	445366	53642  
308	136.203	54671.3	445366	55688.2
309	136.203	55182.1	356542	55061.6
310	136.203	55005.2	349098	55612.1
311	136.203	54463.1	340527	54910.2
312	136.203	53966.4	381526	54962.3
313	136.203	54263.6	389057	55317.7
314	136.203	53970.3	387873	55756.9
315	136.203	53317.1	412557	53214.2
316	136.203	53197.2	328887	51011.1
317	136.203	53058.7	328887	51654.6
318	136.203	54001.9	292759	54064.6
319	136.203	54383.8	375143	56337.9
320	136.203	53637.6	343671	54093.5
321	136.203	53274.7	336160	53832.8
322	136.203	52834.5	506522	54432.6
323	136.203	53656.2	377164	56140.2
324	136.203	53505.6	358328	56446.1
325	136.203	52462.9	316964	55666.9
326	136.203	52672.3	371761	55774.3
327	136.203	52785.9	366134	55359.5
328	136.203	53124.9	358337	56986.9
329	136.203	52059.6	336215	54096.3
330	136.203	52608  	484002	54887.9
331	136.203	53029.9	396612	55326.4
332	136.203	53928.9	404896	60014.9
333	136.203	53643.1	396612	58958.3
334	136.203	54095.7	428237	60663.6
335	136.203	52507.3	428237	58677.8
336	136.203	54085.5	450649	61225.8
337	136.203	54100.7	448918	59432.5
338	136.203	53627.8	398993	58224.8
339	136.203	51998.1	408659	55056.3
340	136.203	51200.3	360850	51963.3
341	136.203	51072.3	360850	51903.7
342	136.203	50997.2	302914	51282.5
343	135.787	51186  	333036	50551.1
344	135.787	51685  	377808	50877.5
345	135.787	51400.9	363479	49396  
346	135.787	51137.4	315818	48462.7
347	135.787	51774.6	295753	49390.8
348	135.787	51292.6	275179	47631.8
349	135.787	51475.9	361097	49284  
350	134.353	51560.5	270810	49511.4
351	134.353	51793.8	288876	49015.5
352	134.353	52164.8	311394	50737.9
353	134.353	52988.6	311394	51576.6
354	134.353	53084  	304787	53091.1
355	134.353	53174.9	320200	52675.8
356	134.353	53623.4	309033	52697  
357	134.353	53521.6	317105	52356.3
358	134.353	53168.7	374652	53332.1
359	134.353	52511.2	320975	52450.3
360	134.353	52729.5	323133	52315.6
361	134.353	53371.3	323133	54785  
362	134.353	52469.2	320975	53898.3
363	134.353	51233.8	317556	50642.8
364	134.353	51333.5	414100	52250.3
365	134.353	51614  	357735	52597  
366	134.353	51243.1	363686	49890.5
367	134.353	50135.2	272790	47582.9
368	134.353	50944.6	263433	47088.4
369	134.353	51102.6	305879	47971.5
370	134.353	51156.2	313385	48699  
371	134.353	50488.4	415424	48890.9
372	134.353	51311.3	277867	48598.8
373	134.353	51122.5	322038	48791.4
374	134.353	51737.6	308150	51577.3
375	134.353	52384  	304868	51512.8
376	134.353	52173  	372664	51834.2
377	134.353	52273.3	413934	53512.5
378	134.353	52310.6	413934	54445.7
379	134.353	50742.2	342759	49999.6
380	134.353	49423.9	282102	47094.8
381	134.353	49633  	331470	47169.5
382	134.353	50904.8	368446	50188.7
383	134.353	50768.1	285260	48574.3
384	134.353	50911.7	305416	48852.3
385	134.353	50084.5	298549	47864.1
386	134.353	49604  	357746	48469.6
387	134.353	48990.8	357746	46932.2
388	134.353	50117.1	409138	51756.9
389	134.353	51671.5	391942	52560.8
390	134.353	50505.7	357761	49201.2
391	134.353	50759.1	328646	49750  
392	134.353	50957.3	283772	50004.9
393	134.353	50786.3	319349	50247.5
394	134.353	50740.4	293440	50261.9
395	134.353	49858.3	317517	49997.7
396	134.353	50772.1	409137	54676.2
397	134.353	50851.3	353164	53343.9
398	134.353	50459  	326780	52128.1
399	134.353	49944.1	326780	50054.1
400	134.353	49498.6	348895	49754.2
401	134.353	51539.4	348895	54261.7
402	134.353	50258.4	427983	52610.2
403	134.353	51017.4	427983	54686.8
404	134.353	50493.9	327436	51973.4
405	133.902	50398.8	416651	51543.5
406	133.902	50292.7	375735	52722.1
407	133.902	50637.6	405684	55160.3
408	133.902	49538.1	357283	52255.2
409	133.902	49033.8	297217	48844.4
410	133.902	48376.6	299056	47992.4
411	133.902	48905.1	353613	49944.8
412	133.902	49868.2	411164	53343.2
413	133.902	49905  	399407	52536.3
414	133.902	49475.6	378119	53264.5
415	133.902	47300.8	317410	49349.9
416	133.902	47451.6	317410	49765.7
417	133.902	47790.9	324997	51340.1
418	133.902	47682.4	324997	50698.9
419	133.902	47504.9	335748	50572.3
420	133.902	47429.2	307443	49000  
421	133.902	46337.1	307443	46907.9
422	133.902	46273.9	305137	46321.3
423	133.902	46728.3	290650	45606.2
424	133.902	47555.6	294793	47249.1
425	133.902	47566.6	286213	47250.8
426	133.902	47507.2	350273	48974.1
427	133.902	47308.8	293884	48834.4
428	133.902	47397  	293884	48713.1
429	133.902	46128.2	304671	46788.4
430	133.902	47173.7	288603	47290.4
431	133.902	47264.9	280418	48068.8
432	133.902	46860.9	281640	46872.4
433	133.902	47190.9	363231	48554.5
434	133.902	48664.1	776517	60682.2
435	133.902	48786.6	550331	52697.6
436	133.902	49187.7	481459	55884.6
437	133.902	48829.3	449392	55180.9
438	133.902	48553.1	427387	54358.8
439	133.902	48530.7	389670	54631.8
440	133.902	46420.6	372090	48886.6
441	133.902	46533.5	317758	48219.1
442	133.902	46760.4	321787	47604.9
443	133.902	46593.9	382571	46589.9
444	133.902	45662  	382571	45626.9
445	133.902	46338.5	327829	46048.4
446	133.902	44683.6	311499	43149.5
447	133.902	44661.2	300278	42150  
448	133.902	45170.3	380702	44754.1
449	133.902	45545.8	380702	44565  
450	133.902	46393.7	310275	44523.1
451	133.902	46516.6	309721	47038.3
452	133.902	46845.6	393514	49844.8
453	133.902	46290.9	363761	49019.9
454	133.902	45894.4	300916	47427.5
455	133.902	45279.3	281854	47029.4
456	133.902	45761.1	334591	48265.3
457	133.902	45953.2	368893	49562.1
458	133.902	45528.9	317056	48123.6
459	133.902	44923.3	306930	46659.1
460	133.902	44622.6	308489	45568.1
461	133.902	44181.7	350073	44948.4
462	133.902	43665.5	285046	43575.8
463	133.902	43909.8	287713	44309.9
464	133.902	44501.9	347270	45939.6
465	133.902	44910.2	337601	47764.4
466	133.902	45278.6	348544	47439.6
467	133.902	45016.5	319374	47257  
468	133.902	45036.5	271134	47152.2
469	133.902	45853.4	294064	48186.4
470	133.902	45771.9	343516	49309.5
471	133.902	44174.9	287624	44782.4
472	133.137	42778.2	269205	41795.9
473	133.137	43690.3	303885	44756.9
474	133.137	44697  	320212	46254.7
475	133.137	43918.4	298466	45322.7
476	133.137	43956.3	294972	43620.5
477	133.137	44400.5	366300	46488.5
478	133.137	44183.5	311636	45688.6
479	133.137	43087.9	268820	42068  
480	133.137	43189.7	345536	42376.3
481	133.137	43181.8	249192	41873.1
482	133.137	43771.5	329206	44505.9
483	133.137	44432.2	329206	44763.3
484	133.137	42981.8	256863	41465.1
485	133.137	43175.1	287488	42176.9
486	133.137	43219  	282173	42106.2
487	133.137	43365  	264020	42783.1
488	133.137	43733.4	282946	43074.5
489	133.137	43770.3	301694	42967.3
490	133.137	43613.4	419724	46095.7
491	133.137	44538.2	271913	46034.8
492	133.137	43699.3	303568	44554.6
493	133.137	43030.4	253490	43167.1
494	133.137	43585.2	264029	44083.5
495	133.053	43398.8	264029	44008.5
496	133.053	42954.2	264029	43812.7
497	133.053	42359.5	298462	44044.3
498	133.053	42182.2	480008	45445.8
499	133.053	42829.7	350050	46433.9
123.83000001
