% function evaluation | noise-free fitness - Fopt (-4.620900000000e+02) | best noise-free fitness - Fopt | measured fitness | best measured fitness | x1 | x2...
1 +6.808837276e+03 +6.808837276e+03 +6.346747276e+03 +6.346747276e+03
2 +2.614338026e+03 +2.614338026e+03 +2.152248026e+03 +2.152248026e+03
18 +2.497647328e+03 +2.497647328e+03 +2.035557328e+03 +2.035557328e+03
859 +1.488049116e+03 +1.488049116e+03 +1.025959116e+03 +1.025959116e+03
2386 +9.781349585e+02 +9.781349585e+02 +5.160449585e+02 +5.160449585e+02
3915 +6.144662092e+02 +6.144662092e+02 +1.523762092e+02 +1.523762092e+02
8413 +3.937714485e+02 +3.937714485e+02 -6.831855151e+01 -6.831855151e+01
13734 +2.502517648e+02 +2.502517648e+02 -2.118382352e+02 -2.118382352e+02
20131 +1.436436149e+02 +1.436436149e+02 -3.184463851e+02 -3.184463851e+02
