% function evaluation | noise-free fitness - Fopt (-4.620900000000e+02) | best noise-free fitness - Fopt | measured fitness | best measured fitness | x1 | x2...
1 +5.207824736e+03 +5.207824736e+03 +4.745734736e+03 +4.745734736e+03
3 +2.917670004e+03 +2.917670004e+03 +2.455580004e+03 +2.455580004e+03
87 +2.241197582e+03 +2.241197582e+03 +1.779107582e+03 +1.779107582e+03
945 +1.579237173e+03 +1.579237173e+03 +1.117147173e+03 +1.117147173e+03
2353 +9.959124330e+02 +9.959124330e+02 +5.338224330e+02 +5.338224330e+02
4169 +6.034620725e+02 +6.034620725e+02 +1.413720725e+02 +1.413720725e+02
7598 +3.975133964e+02 +3.975133964e+02 -6.457660363e+01 -6.457660363e+01
13683 +2.476310210e+02 +2.476310210e+02 -2.144589790e+02 -2.144589790e+02
17953 +1.539897029e+02 +1.539897029e+02 -3.081002971e+02 -3.081002971e+02
