% function evaluation | noise-free fitness - Fopt (-4.620900000000e+02) | best noise-free fitness - Fopt | measured fitness | best measured fitness | x1 | x2...
1 +6.921290493e+03 +6.921290493e+03 +6.459200493e+03 +6.459200493e+03
2 +2.766952218e+03 +2.766952218e+03 +2.304862218e+03 +2.304862218e+03
56 +2.132481323e+03 +2.132481323e+03 +1.670391323e+03 +1.670391323e+03
766 +1.527595689e+03 +1.527595689e+03 +1.065505689e+03 +1.065505689e+03
2297 +8.582718857e+02 +8.582718857e+02 +3.961818857e+02 +3.961818857e+02
4321 +6.245358882e+02 +6.245358882e+02 +1.624458882e+02 +1.624458882e+02
7652 +3.837812870e+02 +3.837812870e+02 -7.830871300e+01 -7.830871300e+01
11440 +2.382951279e+02 +2.382951279e+02 -2.237948721e+02 -2.237948721e+02
15890 +1.571041891e+02 +1.571041891e+02 -3.049858109e+02 -3.049858109e+02
