% function evaluation | noise-free fitness - Fopt (-4.620900000000e+02) | best noise-free fitness - Fopt | measured fitness | best measured fitness | x1 | x2...
1 +7.069576725e+03 +7.069576725e+03 +6.607486725e+03 +6.607486725e+03
6 +5.362777763e+03 +5.362777763e+03 +4.900687763e+03 +4.900687763e+03
7 +3.557720386e+03 +3.557720386e+03 +3.095630386e+03 +3.095630386e+03
46 +2.495504533e+03 +2.495504533e+03 +2.033414533e+03 +2.033414533e+03
1007 +1.562088600e+03 +1.562088600e+03 +1.099998600e+03 +1.099998600e+03
3793 +9.543058918e+02 +9.543058918e+02 +4.922158918e+02 +4.922158918e+02
6613 +6.252754528e+02 +6.252754528e+02 +1.631854528e+02 +1.631854528e+02
14238 +3.959718329e+02 +3.959718329e+02 -6.611816709e+01 -6.611816709e+01
26148 +2.509016636e+02 +2.509016636e+02 -2.111883364e+02 -2.111883364e+02
