% function evaluation | noise-free fitness - Fopt (-4.620900000000e+02) | best noise-free fitness - Fopt | measured fitness | best measured fitness | x1 | x2...
1 +5.026665899e+03 +5.026665899e+03 +4.564575899e+03 +4.564575899e+03
5 +3.812523562e+03 +3.812523562e+03 +3.350433562e+03 +3.350433562e+03
21 +2.479864324e+03 +2.479864324e+03 +2.017774324e+03 +2.017774324e+03
1136 +1.245503661e+03 +1.245503661e+03 +7.834136614e+02 +7.834136614e+02
4020 +9.939811968e+02 +9.939811968e+02 +5.318911968e+02 +5.318911968e+02
6349 +6.101287983e+02 +6.101287983e+02 +1.480387983e+02 +1.480387983e+02
14080 +3.946002186e+02 +3.946002186e+02 -6.748978139e+01 -6.748978139e+01
22762 +2.432502278e+02 +2.432502278e+02 -2.188397722e+02 -2.188397722e+02
30342 +1.502344474e+02 +1.502344474e+02 -3.118555526e+02 -3.118555526e+02
