% function evaluation | noise-free fitness - Fopt (-4.620900000000e+02) | best noise-free fitness - Fopt | measured fitness | best measured fitness | x1 | x2...
1 +5.154136989e+03 +5.154136989e+03 +4.692046989e+03 +4.692046989e+03
3 +3.413740702e+03 +3.413740702e+03 +2.951650702e+03 +2.951650702e+03
51 +2.455010617e+03 +2.455010617e+03 +1.992920617e+03 +1.992920617e+03
977 +1.581992052e+03 +1.581992052e+03 +1.119902052e+03 +1.119902052e+03
4296 +9.723184679e+02 +9.723184679e+02 +5.102284679e+02 +5.102284679e+02
9672 +6.283705304e+02 +6.283705304e+02 +1.662805304e+02 +1.662805304e+02
17754 +3.960588615e+02 +3.960588615e+02 -6.603113847e+01 -6.603113847e+01
26048 +2.508416524e+02 +2.508416524e+02 -2.112483476e+02 -2.112483476e+02
34833 +1.474099838e+02 +1.474099838e+02 -3.146800162e+02 -3.146800162e+02
