% function evaluation | noise-free fitness - Fopt (-4.620900000000e+02) | best noise-free fitness - Fopt | measured fitness | best measured fitness | x1 | x2...
1 +4.114450012e+03 +4.114450012e+03 +3.652360012e+03 +3.652360012e+03
4 +3.170668525e+03 +3.170668525e+03 +2.708578525e+03 +2.708578525e+03
14 +2.330240441e+03 +2.330240441e+03 +1.868150441e+03 +1.868150441e+03
284 +1.497473768e+03 +1.497473768e+03 +1.035383768e+03 +1.035383768e+03
2904 +9.188827179e+02 +9.188827179e+02 +4.567927179e+02 +4.567927179e+02
6851 +6.281788501e+02 +6.281788501e+02 +1.660888501e+02 +1.660888501e+02
13970 +3.917697298e+02 +3.917697298e+02 -7.032027022e+01 -7.032027022e+01
23162 +2.493101545e+02 +2.493101545e+02 -2.127798455e+02 -2.127798455e+02
31170 +1.568174539e+02 +1.568174539e+02 -3.052725461e+02 -3.052725461e+02
