% function evaluation | noise-free fitness - Fopt (-4.620900000000e+02) | best noise-free fitness - Fopt | measured fitness | best measured fitness | x1 | x2...
1 +8.517960469e+03 +8.517960469e+03 +8.055870469e+03 +8.055870469e+03
4 +6.050249832e+03 +6.050249832e+03 +5.588159832e+03 +5.588159832e+03
7 +2.732626045e+03 +2.732626045e+03 +2.270536045e+03 +2.270536045e+03
13 +2.394708913e+03 +2.394708913e+03 +1.932618913e+03 +1.932618913e+03
927 +1.584519355e+03 +1.584519355e+03 +1.122429355e+03 +1.122429355e+03
2291 +9.286385775e+02 +9.286385775e+02 +4.665485775e+02 +4.665485775e+02
4157 +6.195450506e+02 +6.195450506e+02 +1.574550506e+02 +1.574550506e+02
7258 +3.960755548e+02 +3.960755548e+02 -6.601444520e+01 -6.601444520e+01
11926 +2.431039519e+02 +2.431039519e+02 -2.189860481e+02 -2.189860481e+02
