% function evaluation | noise-free fitness - Fopt (7.948000000000e+01) | best noise-free fitness - Fopt | measured fitness | best measured fitness | x1 | x2...
1 +5.428932091e+02 +5.428932091e+02 +6.223732091e+02 +6.223732091e+02
9 +3.266745746e+02 +3.266745746e+02 +4.061545746e+02 +4.061545746e+02
669 +2.106372566e+02 +2.106372566e+02 +2.901172566e+02 +2.901172566e+02
1811 +1.554182765e+02 +1.554182765e+02 +2.348982765e+02 +2.348982765e+02
3062 +8.951955836e+01 +8.951955836e+01 +1.689995584e+02 +1.689995584e+02
5017 +6.206185476e+01 +6.206185476e+01 +1.415418548e+02 +1.415418548e+02
6141 +3.864560759e+01 +3.864560759e+01 +1.181256076e+02 +1.181256076e+02
9313 +2.287558455e+01 +2.287558455e+01 +1.023555845e+02 +1.023555845e+02
11386 +1.573227146e+01 +1.573227146e+01 +9.521227146e+01 +9.521227146e+01
14158 +9.942116507e+00 +9.942116507e+00 +8.942211651e+01 +8.942211651e+01
16866 +6.219559856e+00 +6.219559856e+00 +8.569955986e+01 +8.569955986e+01
18533 +3.926262244e+00 +3.926262244e+00 +8.340626224e+01 +8.340626224e+01
21802 +2.356385019e+00 +2.356385019e+00 +8.183638502e+01 +8.183638502e+01
