% function evaluation | noise-free fitness - Fopt (7.948000000000e+01) | best noise-free fitness - Fopt | measured fitness | best measured fitness | x1 | x2...
1 +4.755695562e+02 +4.755695562e+02 +5.550495562e+02 +5.550495562e+02
10 +3.452142410e+02 +3.452142410e+02 +4.246942410e+02 +4.246942410e+02
1219 +2.320746165e+02 +2.320746165e+02 +3.115546165e+02 +3.115546165e+02
3291 +1.434839738e+02 +1.434839738e+02 +2.229639738e+02 +2.229639738e+02
6049 +9.631586604e+01 +9.631586604e+01 +1.757958660e+02 +1.757958660e+02
8074 +5.928844903e+01 +5.928844903e+01 +1.387684490e+02 +1.387684490e+02
11034 +3.942721654e+01 +3.942721654e+01 +1.189072165e+02 +1.189072165e+02
15508 +2.413703945e+01 +2.413703945e+01 +1.036170394e+02 +1.036170394e+02
18335 +1.497732258e+01 +1.497732258e+01 +9.445732258e+01 +9.445732258e+01
23590 +9.345221369e+00 +9.345221369e+00 +8.882522137e+01 +8.882522137e+01
26243 +5.939764522e+00 +5.939764522e+00 +8.541976452e+01 +8.541976452e+01
31279 +3.259170062e+00 +3.259170062e+00 +8.273917006e+01 +8.273917006e+01
34974 +2.347354710e+00 +2.347354710e+00 +8.182735471e+01 +8.182735471e+01
38811 +1.480691873e+00 +1.480691873e+00 +8.096069187e+01 +8.096069187e+01
