% function evaluation | noise-free fitness - Fopt (7.948000000000e+01) | best noise-free fitness - Fopt | measured fitness | best measured fitness | x1 | x2...
1 +5.430276885e+02 +5.430276885e+02 +6.225076885e+02 +6.225076885e+02
4 +3.577782468e+02 +3.577782468e+02 +4.372582468e+02 +4.372582468e+02
858 +2.372827299e+02 +2.372827299e+02 +3.167627299e+02 +3.167627299e+02
3425 +1.404053723e+02 +1.404053723e+02 +2.198853723e+02 +2.198853723e+02
6498 +9.738675055e+01 +9.738675055e+01 +1.768667506e+02 +1.768667506e+02
9144 +6.080681004e+01 +6.080681004e+01 +1.402868100e+02 +1.402868100e+02
13215 +3.679412056e+01 +3.679412056e+01 +1.162741206e+02 +1.162741206e+02
15948 +2.451351791e+01 +2.451351791e+01 +1.039935179e+02 +1.039935179e+02
18869 +1.513760055e+01 +1.513760055e+01 +9.461760055e+01 +9.461760055e+01
23293 +9.815251907e+00 +9.815251907e+00 +8.929525191e+01 +8.929525191e+01
28077 +6.295863505e+00 +6.295863505e+00 +8.577586351e+01 +8.577586351e+01
32347 +3.769004868e+00 +3.769004868e+00 +8.324900487e+01 +8.324900487e+01
36060 +2.465868822e+00 +2.465868822e+00 +8.194586882e+01 +8.194586882e+01
38779 +1.546673759e+00 +1.546673759e+00 +8.102667376e+01 +8.102667376e+01
