% function evaluation | noise-free fitness - Fopt (7.948000000000e+01) | best noise-free fitness - Fopt | measured fitness | best measured fitness | x1 | x2...
1 +3.933002746e+02 +3.933002746e+02 +4.727802746e+02 +4.727802746e+02
919 +2.280771723e+02 +2.280771723e+02 +3.075571723e+02 +3.075571723e+02
1370 +1.569616341e+02 +1.569616341e+02 +2.364416341e+02 +2.364416341e+02
3765 +9.870824043e+01 +9.870824043e+01 +1.781882404e+02 +1.781882404e+02
4988 +6.308395149e+01 +6.308395149e+01 +1.425639515e+02 +1.425639515e+02
7359 +3.721757341e+01 +3.721757341e+01 +1.166975734e+02 +1.166975734e+02
8767 +2.450404565e+01 +2.450404565e+01 +1.039840457e+02 +1.039840457e+02
10842 +1.428417677e+01 +1.428417677e+01 +9.376417677e+01 +9.376417677e+01
14432 +9.968135829e+00 +9.968135829e+00 +8.944813583e+01 +8.944813583e+01
16261 +5.969008774e+00 +5.969008774e+00 +8.544900877e+01 +8.544900877e+01
18403 +3.978272519e+00 +3.978272519e+00 +8.345827252e+01 +8.345827252e+01
21635 +1.798641031e+00 +1.798641031e+00 +8.127864103e+01 +8.127864103e+01
