% function evaluation | noise-free fitness - Fopt (7.948000000000e+01) | best noise-free fitness - Fopt | measured fitness | best measured fitness | x1 | x2...
1 +4.348186882e+02 +4.348186882e+02 +5.142986882e+02 +5.142986882e+02
6 +3.511407016e+02 +3.511407016e+02 +4.306207016e+02 +4.306207016e+02
810 +2.394264302e+02 +2.394264302e+02 +3.189064302e+02 +3.189064302e+02
2258 +1.462106979e+02 +1.462106979e+02 +2.256906979e+02 +2.256906979e+02
3393 +9.982226365e+01 +9.982226365e+01 +1.793022637e+02 +1.793022637e+02
5214 +5.996641489e+01 +5.996641489e+01 +1.394464149e+02 +1.394464149e+02
6858 +3.815654978e+01 +3.815654978e+01 +1.176365498e+02 +1.176365498e+02
8611 +2.216025630e+01 +2.216025630e+01 +1.016402563e+02 +1.016402563e+02
10303 +1.422611766e+01 +1.422611766e+01 +9.370611766e+01 +9.370611766e+01
12767 +9.526233880e+00 +9.526233880e+00 +8.900623388e+01 +8.900623388e+01
15291 +6.304096408e+00 +6.304096408e+00 +8.578409641e+01 +8.578409641e+01
17951 +3.872445950e+00 +3.872445950e+00 +8.335244595e+01 +8.335244595e+01
18910 +1.977765576e+00 +1.977765576e+00 +8.145776558e+01 +8.145776558e+01
21951 +1.339386606e+00 +1.339386606e+00 +8.081938661e+01 +8.081938661e+01
