% function evaluation | noise-free fitness - Fopt (7.948000000000e+01) | best noise-free fitness - Fopt | measured fitness | best measured fitness | x1 | x2...
1 +4.970556118e+02 +4.970556118e+02 +5.765356118e+02 +5.765356118e+02
8 +3.964666024e+02 +3.964666024e+02 +4.759466024e+02 +4.759466024e+02
554 +2.167513807e+02 +2.167513807e+02 +2.962313807e+02 +2.962313807e+02
1706 +1.373405300e+02 +1.373405300e+02 +2.168205300e+02 +2.168205300e+02
3913 +9.181898700e+01 +9.181898700e+01 +1.712989870e+02 +1.712989870e+02
5764 +6.259495094e+01 +6.259495094e+01 +1.420749509e+02 +1.420749509e+02
6901 +3.967245212e+01 +3.967245212e+01 +1.191524521e+02 +1.191524521e+02
9390 +2.122006775e+01 +2.122006775e+01 +1.007000678e+02 +1.007000678e+02
11257 +1.510540925e+01 +1.510540925e+01 +9.458540925e+01 +9.458540925e+01
13571 +9.213199523e+00 +9.213199523e+00 +8.869319952e+01 +8.869319952e+01
15174 +5.338127472e+00 +5.338127472e+00 +8.481812747e+01 +8.481812747e+01
18261 +3.935861127e+00 +3.935861127e+00 +8.341586113e+01 +8.341586113e+01
20227 +2.305895583e+00 +2.305895583e+00 +8.178589558e+01 +8.178589558e+01
22308 +1.428393611e+00 +1.428393611e+00 +8.090839361e+01 +8.090839361e+01
