% function evaluation | noise-free fitness - Fopt (7.948000000000e+01) | best noise-free fitness - Fopt | measured fitness | best measured fitness | x1 | x2...
1 +4.726014123e+02 +4.726014123e+02 +5.520814123e+02 +5.520814123e+02
7 +3.527813465e+02 +3.527813465e+02 +4.322613465e+02 +4.322613465e+02
157 +2.469265368e+02 +2.469265368e+02 +3.264065368e+02 +3.264065368e+02
1771 +1.333105590e+02 +1.333105590e+02 +2.127905590e+02 +2.127905590e+02
2751 +8.917483261e+01 +8.917483261e+01 +1.686548326e+02 +1.686548326e+02
5294 +6.284894737e+01 +6.284894737e+01 +1.423289474e+02 +1.423289474e+02
7221 +3.934262150e+01 +3.934262150e+01 +1.188226215e+02 +1.188226215e+02
9858 +2.469733860e+01 +2.469733860e+01 +1.041773386e+02 +1.041773386e+02
13088 +1.440751049e+01 +1.440751049e+01 +9.388751049e+01 +9.388751049e+01
16763 +9.867225731e+00 +9.867225731e+00 +8.934722573e+01 +8.934722573e+01
