% function evaluation | noise-free fitness - Fopt (7.948000000000e+01) | best noise-free fitness - Fopt | measured fitness | best measured fitness | x1 | x2...
1 +4.531157771e+02 +4.531157771e+02 +5.325957771e+02 +5.325957771e+02
18 +3.123617476e+02 +3.123617476e+02 +3.918417476e+02 +3.918417476e+02
995 +2.435524587e+02 +2.435524587e+02 +3.230324587e+02 +3.230324587e+02
3552 +1.363535707e+02 +1.363535707e+02 +2.158335707e+02 +2.158335707e+02
6374 +9.643144623e+01 +9.643144623e+01 +1.759114462e+02 +1.759114462e+02
8811 +6.072593649e+01 +6.072593649e+01 +1.402059365e+02 +1.402059365e+02
12636 +3.925535839e+01 +3.925535839e+01 +1.187353584e+02 +1.187353584e+02
14520 +2.399429936e+01 +2.399429936e+01 +1.034742994e+02 +1.034742994e+02
18988 +1.508454285e+01 +1.508454285e+01 +9.456454285e+01 +9.456454285e+01
23241 +9.439494372e+00 +9.439494372e+00 +8.891949437e+01 +8.891949437e+01
27356 +5.987619089e+00 +5.987619089e+00 +8.546761909e+01 +8.546761909e+01
32308 +3.504635167e+00 +3.504635167e+00 +8.298463517e+01 +8.298463517e+01
35123 +2.301374048e+00 +2.301374048e+00 +8.178137405e+01 +8.178137405e+01
