% function evaluation | noise-free fitness - Fopt (9.294000000000e+01) | best noise-free fitness - Fopt | measured fitness | best measured fitness | x1 | x2...
1 +2.718062542e+03 +2.718062542e+03 +2.811002542e+03 +2.811002542e+03
39 +2.279682330e+03 +2.279682330e+03 +2.372622330e+03 +2.372622330e+03
109 +1.495607341e+03 +1.495607341e+03 +1.588547341e+03 +1.588547341e+03
2172 +8.201223769e+02 +8.201223769e+02 +9.130623769e+02 +9.130623769e+02
4262 +5.647975926e+02 +5.647975926e+02 +6.577375926e+02 +6.577375926e+02
7003 +3.674243890e+02 +3.674243890e+02 +4.603643890e+02 +4.603643890e+02
11976 +2.441315309e+02 +2.441315309e+02 +3.370715309e+02 +3.370715309e+02
25049 +1.529405173e+02 +1.529405173e+02 +2.458805173e+02 +2.458805173e+02
80273 +9.974070011e+01 +9.974070011e+01 +1.926807001e+02 +1.926807001e+02
