% function evaluation | noise-free fitness - Fopt (1.491500000000e+02) | best noise-free fitness - Fopt | measured fitness | best measured fitness | x1 | x2...
1 +1.172731452e+06 +1.172731452e+06 +1.172880602e+06 +1.172880602e+06
6 +8.913236435e+05 +8.913236435e+05 +8.914727935e+05 +8.914727935e+05
11 +6.245716519e+05 +6.245716519e+05 +6.247208019e+05 +6.247208019e+05
650 +3.576169924e+05 +3.576169924e+05 +3.577661424e+05 +3.577661424e+05
1661 +2.484700147e+05 +2.484700147e+05 +2.486191647e+05 +2.486191647e+05
2544 +1.533781095e+05 +1.533781095e+05 +1.535272595e+05 +1.535272595e+05
3388 +9.932752664e+04 +9.932752664e+04 +9.947667664e+04 +9.947667664e+04
4372 +5.725540954e+04 +5.725540954e+04 +5.740455954e+04 +5.740455954e+04
4495 +3.345407340e+04 +3.345407340e+04 +3.360322340e+04 +3.360322340e+04
6483 +2.500893658e+04 +2.500893658e+04 +2.515808658e+04 +2.515808658e+04
8002 +1.461044411e+04 +1.461044411e+04 +1.475959411e+04 +1.475959411e+04
8545 +9.225137164e+03 +9.225137164e+03 +9.374287164e+03 +9.374287164e+03
9817 +5.585607555e+03 +5.585607555e+03 +5.734757555e+03 +5.734757555e+03
11372 +3.364411156e+03 +3.364411156e+03 +3.513561156e+03 +3.513561156e+03
12814 +2.070660024e+03 +2.070660024e+03 +2.219810024e+03 +2.219810024e+03
16661 +1.521009448e+03 +1.521009448e+03 +1.670159448e+03 +1.670159448e+03
19753 +9.789544026e+02 +9.789544026e+02 +1.128104403e+03 +1.128104403e+03
22616 +6.157572836e+02 +6.157572836e+02 +7.649072836e+02 +7.649072836e+02
