% function evaluation | noise-free fitness - Fopt (1.491500000000e+02) | best noise-free fitness - Fopt | measured fitness | best measured fitness | x1 | x2...
1 +1.475722514e+06 +1.475722514e+06 +1.475871664e+06 +1.475871664e+06
5 +9.623137255e+05 +9.623137255e+05 +9.624628755e+05 +9.624628755e+05
6 +6.286072882e+05 +6.286072882e+05 +6.287564382e+05 +6.287564382e+05
359 +3.710393068e+05 +3.710393068e+05 +3.711884568e+05 +3.711884568e+05
1635 +2.305800599e+05 +2.305800599e+05 +2.307292099e+05 +2.307292099e+05
2491 +1.465053373e+05 +1.465053373e+05 +1.466544873e+05 +1.466544873e+05
2995 +9.645683602e+04 +9.645683602e+04 +9.660598602e+04 +9.660598602e+04
4120 +5.730580486e+04 +5.730580486e+04 +5.745495486e+04 +5.745495486e+04
5247 +3.422341855e+04 +3.422341855e+04 +3.437256855e+04 +3.437256855e+04
6904 +2.493005062e+04 +2.493005062e+04 +2.507920062e+04 +2.507920062e+04
9919 +1.425730057e+04 +1.425730057e+04 +1.440645057e+04 +1.440645057e+04
11212 +9.784472598e+03 +9.784472598e+03 +9.933622598e+03 +9.933622598e+03
13176 +5.720756945e+03 +5.720756945e+03 +5.869906945e+03 +5.869906945e+03
16090 +3.870548343e+03 +3.870548343e+03 +4.019698343e+03 +4.019698343e+03
18865 +2.338139771e+03 +2.338139771e+03 +2.487289771e+03 +2.487289771e+03
23045 +1.513728725e+03 +1.513728725e+03 +1.662878725e+03 +1.662878725e+03
