% function evaluation | noise-free fitness - Fopt (1.491500000000e+02) | best noise-free fitness - Fopt | measured fitness | best measured fitness | x1 | x2...
1 +2.282929123e+06 +2.282929123e+06 +2.283078273e+06 +2.283078273e+06
2 +1.335783602e+06 +1.335783602e+06 +1.335932752e+06 +1.335932752e+06
8 +6.817671604e+05 +6.817671604e+05 +6.819163104e+05 +6.819163104e+05
147 +3.150674270e+05 +3.150674270e+05 +3.152165770e+05 +3.152165770e+05
1765 +2.080496755e+05 +2.080496755e+05 +2.081988255e+05 +2.081988255e+05
2002 +9.101132382e+04 +9.101132382e+04 +9.116047382e+04 +9.116047382e+04
4733 +5.717994338e+04 +5.717994338e+04 +5.732909338e+04 +5.732909338e+04
5253 +3.332979606e+04 +3.332979606e+04 +3.347894606e+04 +3.347894606e+04
7028 +2.472132498e+04 +2.472132498e+04 +2.487047498e+04 +2.487047498e+04
8730 +1.479479450e+04 +1.479479450e+04 +1.494394450e+04 +1.494394450e+04
10434 +8.606393359e+03 +8.606393359e+03 +8.755543359e+03 +8.755543359e+03
11789 +5.906215901e+03 +5.906215901e+03 +6.055365901e+03 +6.055365901e+03
13505 +3.820825660e+03 +3.820825660e+03 +3.969975660e+03 +3.969975660e+03
16481 +2.501569686e+03 +2.501569686e+03 +2.650719686e+03 +2.650719686e+03
19223 +1.461318520e+03 +1.461318520e+03 +1.610468520e+03 +1.610468520e+03
