% function evaluation | noise-free fitness - Fopt (1.491500000000e+02) | best noise-free fitness - Fopt | measured fitness | best measured fitness | x1 | x2...
1 +7.460220382e+05 +7.460220382e+05 +7.461711882e+05 +7.461711882e+05
138 +5.867680631e+05 +5.867680631e+05 +5.869172131e+05 +5.869172131e+05
1282 +3.959993598e+05 +3.959993598e+05 +3.961485098e+05 +3.961485098e+05
3778 +2.484101596e+05 +2.484101596e+05 +2.485593096e+05 +2.485593096e+05
7296 +1.567092171e+05 +1.567092171e+05 +1.568583671e+05 +1.568583671e+05
10376 +9.402084659e+04 +9.402084659e+04 +9.416999659e+04 +9.416999659e+04
13084 +6.297052598e+04 +6.297052598e+04 +6.311967598e+04 +6.311967598e+04
15855 +3.912755909e+04 +3.912755909e+04 +3.927670909e+04 +3.927670909e+04
19070 +2.384933584e+04 +2.384933584e+04 +2.399848584e+04 +2.399848584e+04
21160 +1.447789435e+04 +1.447789435e+04 +1.462704435e+04 +1.462704435e+04
