% function evaluation | noise-free fitness - Fopt (1.491500000000e+02) | best noise-free fitness - Fopt | measured fitness | best measured fitness | x1 | x2...
1 +1.992272215e+06 +1.992272215e+06 +1.992421365e+06 +1.992421365e+06
3 +1.379450853e+06 +1.379450853e+06 +1.379600003e+06 +1.379600003e+06
4 +9.435678187e+05 +9.435678187e+05 +9.437169687e+05 +9.437169687e+05
10 +6.224997535e+05 +6.224997535e+05 +6.226489035e+05 +6.226489035e+05
601 +2.634440132e+05 +2.634440132e+05 +2.635931632e+05 +2.635931632e+05
2140 +2.163824834e+05 +2.163824834e+05 +2.165316334e+05 +2.165316334e+05
3699 +1.167626448e+05 +1.167626448e+05 +1.169117948e+05 +1.169117948e+05
3988 +7.589265825e+04 +7.589265825e+04 +7.604180825e+04 +7.604180825e+04
5432 +6.124658175e+04 +6.124658175e+04 +6.139573175e+04 +6.139573175e+04
8957 +3.589676244e+04 +3.589676244e+04 +3.604591244e+04 +3.604591244e+04
10586 +2.475869175e+04 +2.475869175e+04 +2.490784175e+04 +2.490784175e+04
11997 +1.502320353e+04 +1.502320353e+04 +1.517235353e+04 +1.517235353e+04
19216 +8.009447599e+03 +8.009447599e+03 +8.158597599e+03 +8.158597599e+03
24181 +5.402003850e+03 +5.402003850e+03 +5.551153850e+03 +5.551153850e+03
27201 +3.851487382e+03 +3.851487382e+03 +4.000637382e+03 +4.000637382e+03
35442 +2.440866995e+03 +2.440866995e+03 +2.590016995e+03 +2.590016995e+03
