% function evaluation | noise-free fitness - Fopt (1.491500000000e+02) | best noise-free fitness - Fopt | measured fitness | best measured fitness | x1 | x2...
1 +2.049723367e+06 +2.049723367e+06 +2.049872517e+06 +2.049872517e+06
2 +1.550057726e+06 +1.550057726e+06 +1.550206876e+06 +1.550206876e+06
17 +8.708271387e+05 +8.708271387e+05 +8.709762887e+05 +8.709762887e+05
292 +4.907599641e+05 +4.907599641e+05 +4.909091141e+05 +4.909091141e+05
970 +1.186044513e+05 +1.186044513e+05 +1.187536013e+05 +1.187536013e+05
3315 +8.700725949e+04 +8.700725949e+04 +8.715640949e+04 +8.715640949e+04
12716 +5.324258210e+04 +5.324258210e+04 +5.339173210e+04 +5.339173210e+04
14379 +3.895316322e+04 +3.895316322e+04 +3.910231322e+04 +3.910231322e+04
26810 +1.822254867e+04 +1.822254867e+04 +1.837169867e+04 +1.837169867e+04
