% function evaluation | noise-free fitness - Fopt (1.491500000000e+02) | best noise-free fitness - Fopt | measured fitness | best measured fitness | x1 | x2...
1 +6.287620876e+05 +6.287620876e+05 +6.289112376e+05 +6.289112376e+05
622 +3.753599652e+05 +3.753599652e+05 +3.755091152e+05 +3.755091152e+05
4535 +2.299694357e+05 +2.299694357e+05 +2.301185857e+05 +2.301185857e+05
7263 +1.545464911e+05 +1.545464911e+05 +1.546956411e+05 +1.546956411e+05
11807 +9.735543972e+04 +9.735543972e+04 +9.750458972e+04 +9.750458972e+04
16044 +6.154752167e+04 +6.154752167e+04 +6.169667167e+04 +6.169667167e+04
19565 +3.972246481e+04 +3.972246481e+04 +3.987161481e+04 +3.987161481e+04
23236 +2.461466544e+04 +2.461466544e+04 +2.476381544e+04 +2.476381544e+04
27724 +1.312945102e+04 +1.312945102e+04 +1.327860102e+04 +1.327860102e+04
28914 +9.169302100e+03 +9.169302100e+03 +9.318452100e+03 +9.318452100e+03
