/usr/lib/python2.7/site-packages/deap/tools/_hypervolume/pyhv.py:33: ImportWarning: Falling back to the python version of hypervolume module. Expect this to be very slow.
  "module. Expect this to be very slow.", ImportWarning)
gen	min        	avg        	max        	std        
0  	4.82815e+06	4.54782e+07	1.19809e+08	2.06832e+07
1  	3.84071e+06	4.52486e+07	1.17706e+08	2.02498e+07
2  	3.84071e+06	4.51298e+07	1.12379e+08	2.01547e+07
3  	3.79715e+06	4.48197e+07	1.22156e+08	2.0009e+07 
4  	3.79715e+06	4.48709e+07	1.1888e+08 	2.01002e+07
5  	3.79715e+06	4.48384e+07	1.13894e+08	2.03886e+07
6  	3.23051e+06	4.48273e+07	1.17924e+08	2.04205e+07
7  	3.23051e+06	4.47425e+07	1.1664e+08 	2.00288e+07
8  	3.23051e+06	4.44342e+07	1.09342e+08	2.01762e+07
9  	3.23051e+06	4.44091e+07	1.21041e+08	1.99766e+07
10 	3.23051e+06	4.4559e+07 	1.21041e+08	1.97933e+07
11 	3.21173e+06	4.38208e+07	1.45068e+08	1.95079e+07
12 	3.21173e+06	4.37262e+07	1.05541e+08	1.94573e+07
13 	3.21173e+06	4.38652e+07	1.11714e+08	1.99428e+07
14 	3.21173e+06	4.39339e+07	1.09859e+08	2.04253e+07
15 	3.21173e+06	4.38492e+07	1.13003e+08	2.02403e+07
16 	3.21173e+06	4.39604e+07	1.10277e+08	2.03723e+07
17 	3.20939e+06	4.38096e+07	1.35334e+08	2.04246e+07
18 	3.20939e+06	4.37742e+07	1.17615e+08	2.00921e+07
19 	3.20939e+06	4.34906e+07	1.04267e+08	1.97908e+07
20 	2.34974e+06	4.34192e+07	1.04728e+08	2.05723e+07
21 	2.34974e+06	4.34457e+07	1.08755e+08	2.06145e+07
22 	2.34974e+06	4.32468e+07	1.14695e+08	2.00026e+07
23 	2.34974e+06	4.2961e+07 	1.14695e+08	2.01481e+07
24 	2.34974e+06	4.2964e+07 	1.18353e+08	2.02645e+07
25 	2.25075e+06	4.27093e+07	1.3052e+08 	1.98361e+07
26 	2.25075e+06	4.24133e+07	1.1435e+08 	1.92047e+07
27 	2.25075e+06	4.26058e+07	1.14956e+08	1.96112e+07
28 	2.25075e+06	4.24318e+07	1.17204e+08	1.98204e+07
29 	2.25075e+06	4.24301e+07	1.09313e+08	1.93117e+07
30 	2.25075e+06	4.21986e+07	1.13699e+08	1.93185e+07
31 	2.25075e+06	4.19798e+07	1.14079e+08	1.94246e+07
32 	2.25075e+06	4.16624e+07	1.11705e+08	1.98215e+07
33 	2.25075e+06	4.15659e+07	1.02889e+08	1.94222e+07
34 	2.25075e+06	4.15804e+07	1.0122e+08 	1.94747e+07
35 	2.25075e+06	4.16647e+07	1.09596e+08	1.95835e+07
36 	2.25075e+06	4.19032e+07	1.20262e+08	1.9803e+07 
37 	2.25075e+06	4.16989e+07	1.30525e+08	2.00738e+07
38 	2.25075e+06	4.13922e+07	1.16845e+08	1.97146e+07
39 	2.25075e+06	4.14575e+07	1.18876e+08	1.95445e+07
40 	2.25075e+06	4.13669e+07	1.07475e+08	1.9529e+07 
41 	2.25075e+06	4.13226e+07	9.9427e+07 	1.92998e+07
42 	2.25075e+06	4.15167e+07	1.16596e+08	1.98652e+07
43 	2.25075e+06	4.12712e+07	1.20948e+08	1.96136e+07
44 	2.25075e+06	4.10516e+07	1.29335e+08	1.98087e+07
45 	2.25075e+06	4.10539e+07	1.24927e+08	1.97538e+07
46 	2.25075e+06	4.10573e+07	1.16274e+08	1.94498e+07
47 	2.25075e+06	4.11378e+07	1.11227e+08	1.99461e+07
48 	2.2331e+06 	4.12833e+07	1.175e+08  	1.98118e+07
49 	2.2331e+06 	4.12107e+07	1.07931e+08	1.98961e+07
50 	2.2331e+06 	4.12538e+07	1.07931e+08	1.97754e+07
51 	2.2331e+06 	4.11299e+07	1.31762e+08	2.00099e+07
52 	1.89799e+06	4.09473e+07	1.16366e+08	1.99734e+07
53 	1.89799e+06	4.04296e+07	1.20136e+08	1.98467e+07
54 	1.89799e+06	4.01386e+07	1.20136e+08	1.93198e+07
55 	1.89799e+06	4.01846e+07	1.24365e+08	1.9409e+07 
56 	1.89799e+06	4.02299e+07	1.14887e+08	1.92543e+07
57 	1.89799e+06	3.98915e+07	1.14645e+08	1.94465e+07
58 	1.89799e+06	3.95453e+07	1.15657e+08	1.89906e+07
59 	1.89799e+06	3.92811e+07	1.07517e+08	1.85709e+07
60 	1.89799e+06	3.95282e+07	1.04591e+08	1.89389e+07
61 	1.89799e+06	3.96439e+07	1.00356e+08	1.84431e+07
62 	1.89799e+06	3.96507e+07	1.03071e+08	1.86571e+07
63 	1.81407e+06	3.94546e+07	1.01942e+08	1.79766e+07
64 	1.81407e+06	3.90277e+07	1.0123e+08 	1.8021e+07 
65 	1.81407e+06	3.89875e+07	1.01395e+08	1.76951e+07
66 	1.81407e+06	3.90159e+07	1.01395e+08	1.80613e+07
67 	1.81407e+06	3.88608e+07	1.05476e+08	1.79096e+07
68 	1.81407e+06	3.8789e+07 	1.09844e+08	1.86386e+07
69 	1.81407e+06	3.86551e+07	1.04899e+08	1.82647e+07
70 	1.81407e+06	3.8611e+07 	1.06014e+08	1.83999e+07
71 	1.55902e+06	3.87512e+07	1.02734e+08	1.86309e+07
72 	1.55902e+06	3.86841e+07	9.63332e+07	1.84371e+07
73 	1.55902e+06	3.86155e+07	1.10704e+08	1.89489e+07
74 	1.55902e+06	3.85567e+07	1.06626e+08	1.86642e+07
75 	1.55902e+06	3.84739e+07	1.05782e+08	1.88533e+07
76 	1.55902e+06	3.84667e+07	9.42577e+07	1.87575e+07
77 	1.55902e+06	3.87403e+07	9.45121e+07	1.891e+07  
78 	1.55902e+06	3.82351e+07	1.09933e+08	1.90299e+07
79 	1.55902e+06	3.81328e+07	1.08705e+08	1.91112e+07
80 	1.53104e+06	3.80395e+07	1.11384e+08	1.90323e+07
81 	1.53104e+06	3.83066e+07	1.07294e+08	1.90095e+07
82 	1.53104e+06	3.82416e+07	9.64966e+07	1.89226e+07
83 	1.53104e+06	3.80196e+07	1.05229e+08	1.92883e+07
84 	1.53104e+06	3.82984e+07	1.04084e+08	2.00598e+07
85 	1.53104e+06	3.80478e+07	1.23167e+08	2.02162e+07
86 	1.53104e+06	3.79361e+07	1.26285e+08	1.99905e+07
87 	1.53104e+06	3.73814e+07	1.30778e+08	1.92025e+07
88 	1.53104e+06	3.72677e+07	1.01124e+08	1.89858e+07
89 	1.53104e+06	3.69253e+07	1.19429e+08	1.86117e+07
90 	1.53104e+06	3.69708e+07	1.03099e+08	1.86334e+07
91 	1.53104e+06	3.6924e+07 	1.03099e+08	1.91659e+07
92 	1.17116e+06	3.71971e+07	1.20564e+08	1.89842e+07
93 	1.17116e+06	3.67817e+07	1.00418e+08	1.83708e+07
94 	1.17116e+06	3.67497e+07	1.01233e+08	1.81087e+07
95 	1.17116e+06	3.64141e+07	9.99979e+07	1.7572e+07 
96 	1.17116e+06	3.64339e+07	1.05428e+08	1.75916e+07
97 	1.17116e+06	3.65236e+07	1.06421e+08	1.82942e+07
98 	1.17116e+06	3.65102e+07	1.0662e+08 	1.88909e+07
99 	1.17116e+06	3.64504e+07	9.74173e+07	1.84758e+07
100	1.17116e+06	3.63051e+07	1.02177e+08	1.81186e+07
101	1.17116e+06	3.62725e+07	1.02342e+08	1.84958e+07
102	1.17116e+06	3.68113e+07	1.07856e+08	1.88918e+07
103	1.17116e+06	3.65059e+07	1.05923e+08	1.87499e+07
104	1.17116e+06	3.6675e+07 	9.3254e+07 	1.79666e+07
105	1.17116e+06	3.662e+07  	9.49716e+07	1.80764e+07
106	1.17116e+06	3.62051e+07	9.49716e+07	1.74616e+07
107	1.17116e+06	3.62512e+07	9.70694e+07	1.72948e+07
108	1.17116e+06	3.58678e+07	1.03873e+08	1.73347e+07
109	1.17116e+06	3.61366e+07	9.76653e+07	1.75772e+07
110	1.17116e+06	3.60679e+07	9.31768e+07	1.7287e+07 
111	1.17116e+06	3.61538e+07	1.02923e+08	1.74304e+07
112	1.17116e+06	3.61505e+07	1.02923e+08	1.75856e+07
113	1.17116e+06	3.61283e+07	1.05563e+08	1.81195e+07
114	1.17116e+06	3.6353e+07 	1.04192e+08	1.8741e+07 
115	1.17116e+06	3.57922e+07	1.0524e+08 	1.80042e+07
116	1.17116e+06	3.52503e+07	1.0038e+08 	1.77225e+07
117	1.17116e+06	3.4971e+07 	1.04772e+08	1.75043e+07
118	1.17116e+06	3.49101e+07	9.71421e+07	1.74424e+07
119	1.17116e+06	3.50722e+07	9.13919e+07	1.71167e+07
120	1.17116e+06	3.48702e+07	8.70682e+07	1.7272e+07 
121	1.12066e+06	3.50243e+07	1.02096e+08	1.78083e+07
122	1.11479e+06	3.54049e+07	1.14405e+08	1.83954e+07
123	1.11479e+06	3.55967e+07	1.14405e+08	1.84646e+07
124	1.11479e+06	3.55728e+07	1.12075e+08	1.85401e+07
125	1.11479e+06	3.56228e+07	1.0652e+08 	1.87523e+07
126	1.11479e+06	3.53283e+07	9.88021e+07	1.85438e+07
127	1.11479e+06	3.51988e+07	1.14886e+08	1.85303e+07
128	1.11479e+06	3.5311e+07 	1.06831e+08	1.84567e+07
129	1.11479e+06	3.52784e+07	9.74647e+07	1.78764e+07
130	1.11479e+06	3.52192e+07	9.55349e+07	1.83142e+07
131	1.11479e+06	3.51661e+07	9.47498e+07	1.74894e+07
132	1.11479e+06	3.50813e+07	8.86272e+07	1.75545e+07
133	1.11479e+06	3.48474e+07	1.02544e+08	1.75274e+07
134	1.11479e+06	3.4836e+07 	9.52881e+07	1.71157e+07
135	1.11479e+06	3.48215e+07	1.06329e+08	1.77174e+07
136	1.11479e+06	3.46872e+07	9.98574e+07	1.76141e+07
137	1.11479e+06	3.45275e+07	9.25216e+07	1.76572e+07
138	1.11479e+06	3.47257e+07	1.02972e+08	1.80193e+07
139	1.11479e+06	3.45414e+07	9.94975e+07	1.77456e+07
140	1.11479e+06	3.44142e+07	9.90108e+07	1.78519e+07
141	1.11479e+06	3.45243e+07	1.08159e+08	1.82277e+07
142	1.11479e+06	3.43701e+07	1.07883e+08	1.78668e+07
143	1.11479e+06	3.45219e+07	1.16405e+08	1.75254e+07
144	1.11479e+06	3.45411e+07	1.16405e+08	1.73749e+07
145	1.11479e+06	3.4279e+07 	1.03964e+08	1.7622e+07 
146	1.11479e+06	3.42434e+07	9.8541e+07 	1.76754e+07
147	1.11479e+06	3.41637e+07	9.61316e+07	1.74357e+07
148	1.11479e+06	3.42786e+07	1.00116e+08	1.72167e+07
149	1.11479e+06	3.42123e+07	9.76552e+07	1.74734e+07
150	1.11479e+06	3.40545e+07	9.47486e+07	1.689e+07  
151	1.11479e+06	3.37811e+07	1.03744e+08	1.68031e+07
152	1.11479e+06	3.36391e+07	1.23045e+08	1.70288e+07
153	1.11479e+06	3.37802e+07	9.32003e+07	1.66124e+07
154	1.11479e+06	3.36942e+07	8.64026e+07	1.64164e+07
155	1.11479e+06	3.36283e+07	1.01919e+08	1.69206e+07
156	1.11479e+06	3.33652e+07	1.02304e+08	1.66012e+07
157	1.11479e+06	3.34001e+07	9.95458e+07	1.73858e+07
158	1.11479e+06	3.33228e+07	1.00555e+08	1.75721e+07
159	1.11479e+06	3.30901e+07	1.06778e+08	1.74582e+07
160	1.11479e+06	3.33593e+07	9.91857e+07	1.71124e+07
161	1.11479e+06	3.34774e+07	9.55424e+07	1.72567e+07
162	1.11479e+06	3.3097e+07 	9.94383e+07	1.68573e+07
163	1.11479e+06	3.33813e+07	1.06165e+08	1.77759e+07
164	1.11479e+06	3.33314e+07	1.00701e+08	1.753e+07  
165	1.11479e+06	3.33784e+07	9.93989e+07	1.77105e+07
166	1.11479e+06	3.31979e+07	1.07709e+08	1.79073e+07
167	1.11479e+06	3.3151e+07 	9.94578e+07	1.79019e+07
168	1.11479e+06	3.34706e+07	9.35764e+07	1.76562e+07
169	1.11479e+06	3.3324e+07 	9.18434e+07	1.74069e+07
170	1.11479e+06	3.28201e+07	1.01373e+08	1.76257e+07
171	1.11479e+06	3.24916e+07	1.00137e+08	1.71466e+07
172	1.11479e+06	3.23069e+07	1.05159e+08	1.75843e+07
173	1.11479e+06	3.20657e+07	8.86504e+07	1.67759e+07
174	1.11479e+06	3.22404e+07	8.76089e+07	1.70074e+07
175	1.11479e+06	3.22675e+07	8.57625e+07	1.65122e+07
176	1.11479e+06	3.20335e+07	8.73359e+07	1.65538e+07
177	1.11479e+06	3.21986e+07	8.67434e+07	1.66436e+07
178	1.11479e+06	3.23637e+07	9.34429e+07	1.73193e+07
179	1.11479e+06	3.27077e+07	9.33299e+07	1.7798e+07 
180	1.11479e+06	3.25465e+07	9.62503e+07	1.75046e+07
181	1.11479e+06	3.25337e+07	9.88102e+07	1.72463e+07
182	1.11479e+06	3.20527e+07	9.25488e+07	1.66517e+07
183	1.11479e+06	3.22075e+07	1.01678e+08	1.70103e+07
184	1.11479e+06	3.21642e+07	9.40823e+07	1.66423e+07
185	1.11479e+06	3.22578e+07	9.33591e+07	1.66998e+07
186	1.11479e+06	3.20986e+07	9.27324e+07	1.6395e+07 
187	1.11479e+06	3.23411e+07	1.02961e+08	1.65299e+07
188	1.11479e+06	3.22149e+07	1.02961e+08	1.68478e+07
189	1.11479e+06	3.22951e+07	8.63176e+07	1.66797e+07
190	1.11479e+06	3.2468e+07 	1.04612e+08	1.71729e+07
191	1.11479e+06	3.22497e+07	1.0648e+08 	1.68753e+07
192	1.11479e+06	3.20782e+07	1.0994e+08 	1.65173e+07
193	1.11479e+06	3.19806e+07	1.02074e+08	1.64196e+07
194	1.11479e+06	3.21923e+07	1.02833e+08	1.68349e+07
195	1.11479e+06	3.21413e+07	9.33818e+07	1.69057e+07
196	1.11479e+06	3.19151e+07	9.03224e+07	1.70009e+07
197	1.11479e+06	3.25892e+07	9.3873e+07 	1.77779e+07
198	1.11479e+06	3.27633e+07	1.13231e+08	1.81604e+07
199	1.11479e+06	3.24578e+07	9.40648e+07	1.77941e+07
200	1.11479e+06	3.2511e+07 	1.08745e+08	1.79946e+07
201	1.11479e+06	3.2172e+07 	9.78869e+07	1.74631e+07
202	1.11479e+06	3.16488e+07	9.09739e+07	1.68401e+07
203	1.11479e+06	3.16579e+07	9.55103e+07	1.69905e+07
204	1.11479e+06	3.13413e+07	9.70925e+07	1.64764e+07
205	1.11479e+06	3.11446e+07	9.66985e+07	1.65163e+07
206	1.11479e+06	3.12164e+07	9.87388e+07	1.65689e+07
207	1.11479e+06	3.12613e+07	9.71764e+07	1.63197e+07
208	1.11199e+06	3.12292e+07	9.58924e+07	1.59503e+07
209	1.11199e+06	3.07524e+07	9.10209e+07	1.56563e+07
210	1.11199e+06	3.08122e+07	8.96068e+07	1.54629e+07
211	1.11199e+06	3.05036e+07	9.86623e+07	1.56919e+07
212	1.11199e+06	3.06497e+07	9.94045e+07	1.58764e+07
213	1.11199e+06	3.05408e+07	9.76176e+07	1.56053e+07
214	1.11199e+06	3.07165e+07	9.33273e+07	1.62101e+07
215	1.11199e+06	3.05366e+07	9.00587e+07	1.67917e+07
216	1.11199e+06	3.06123e+07	1.01257e+08	1.65619e+07
217	1.11199e+06	3.0659e+07 	9.5091e+07 	1.65473e+07
218	1.11199e+06	3.03849e+07	8.47258e+07	1.57358e+07
219	1.11199e+06	3.0221e+07 	1.14821e+08	1.647e+07  
220	1.10502e+06	2.99938e+07	9.21317e+07	1.6041e+07 
221	1.10502e+06	2.98312e+07	9.4608e+07 	1.579e+07  
222	1.10502e+06	2.96318e+07	8.9895e+07 	1.57356e+07
223	1.10502e+06	2.96572e+07	8.65955e+07	1.56861e+07
224	1.10502e+06	2.99352e+07	8.84663e+07	1.61613e+07
225	1.10502e+06	3.00232e+07	1.04465e+08	1.67815e+07
226	1.10502e+06	2.98792e+07	1.11634e+08	1.65203e+07
227	1.10502e+06	2.95894e+07	1.1014e+08 	1.6041e+07 
228	1.10502e+06	2.93989e+07	1.0979e+08 	1.57672e+07
229	1.10502e+06	2.96973e+07	1.01351e+08	1.57129e+07
230	1.10502e+06	2.97796e+07	1.09484e+08	1.58597e+07
231	1.10502e+06	2.96866e+07	1.01809e+08	1.61424e+07
232	1.10502e+06	2.94093e+07	1.05773e+08	1.51803e+07
233	1.10502e+06	2.95261e+07	1.02405e+08	1.52345e+07
234	1.10502e+06	2.94599e+07	8.23332e+07	1.51211e+07
235	1.10502e+06	2.9686e+07 	8.60022e+07	1.5316e+07 
236	1.10502e+06	2.99972e+07	8.71528e+07	1.5648e+07 
237	980724     	2.99984e+07	9.18749e+07	1.57552e+07
238	980724     	2.9993e+07 	1.04913e+08	1.58498e+07
239	980724     	3.0228e+07 	1.12019e+08	1.6128e+07 
240	980724     	2.99177e+07	1.11509e+08	1.54132e+07
241	980724     	2.97944e+07	1.28815e+08	1.55588e+07
242	980724     	3.00137e+07	1.0216e+08 	1.55753e+07
243	980724     	2.99445e+07	9.53461e+07	1.58985e+07
244	980724     	2.96204e+07	1.01181e+08	1.58942e+07
245	980724     	2.93895e+07	9.33437e+07	1.59633e+07
246	980724     	2.91296e+07	9.07486e+07	1.52461e+07
247	980724     	2.92316e+07	9.05496e+07	1.48402e+07
248	980724     	2.8904e+07 	9.3173e+07 	1.50508e+07
249	980724     	2.91666e+07	8.61119e+07	1.51444e+07
250	980724     	2.91907e+07	9.05812e+07	1.47953e+07
251	980724     	2.90008e+07	7.99375e+07	1.45065e+07
252	980724     	2.90239e+07	7.85118e+07	1.46915e+07
253	980724     	2.91026e+07	1.06314e+08	1.52883e+07
254	980724     	2.92894e+07	8.4329e+07 	1.52685e+07
255	980724     	2.90157e+07	8.50618e+07	1.49707e+07
256	980724     	2.89877e+07	9.23052e+07	1.59304e+07
257	980724     	2.92535e+07	1.00713e+08	1.59177e+07
258	980724     	2.93927e+07	1.01724e+08	1.62331e+07
259	980724     	2.95535e+07	9.30006e+07	1.61892e+07
260	980724     	2.97362e+07	9.50623e+07	1.64717e+07
261	980724     	2.98048e+07	9.0159e+07 	1.59404e+07
262	980724     	2.94061e+07	8.91615e+07	1.55162e+07
263	980724     	2.91892e+07	1.00801e+08	1.59499e+07
264	980724     	2.90037e+07	1.03964e+08	1.59563e+07
265	980724     	2.89568e+07	1.0727e+08 	1.62579e+07
266	980724     	2.8793e+07 	9.59466e+07	1.56873e+07
267	980724     	2.888e+07  	9.39501e+07	1.58957e+07
268	980724     	2.84703e+07	1.08156e+08	1.57323e+07
269	980724     	2.88622e+07	1.12271e+08	1.60504e+07
270	980724     	2.91055e+07	8.33103e+07	1.55017e+07
271	980724     	2.8839e+07 	8.45106e+07	1.51621e+07
272	980724     	2.87142e+07	9.17175e+07	1.52665e+07
273	980724     	2.91585e+07	8.30535e+07	1.55754e+07
274	980724     	2.9295e+07 	9.03366e+07	1.62446e+07
275	980724     	2.93e+07   	9.64702e+07	1.60238e+07
276	980724     	2.92999e+07	9.93117e+07	1.62209e+07
277	980724     	2.95848e+07	9.80032e+07	1.65307e+07
278	980724     	2.93722e+07	1.02874e+08	1.60713e+07
279	980724     	2.91122e+07	8.82087e+07	1.5926e+07 
280	980724     	2.90413e+07	8.77777e+07	1.59523e+07
281	980724     	2.94835e+07	9.45686e+07	1.63105e+07
282	980724     	2.92066e+07	8.86112e+07	1.59232e+07
283	980724     	2.89123e+07	1.06882e+08	1.61135e+07
284	980724     	2.84371e+07	9.71093e+07	1.57567e+07
285	980724     	2.83018e+07	8.58016e+07	1.50912e+07
286	980724     	2.78763e+07	7.91869e+07	1.49305e+07
287	980724     	2.84366e+07	8.58812e+07	1.57247e+07
288	980724     	2.81959e+07	9.2471e+07 	1.52692e+07
289	980724     	2.79368e+07	9.2471e+07 	1.54687e+07
290	980724     	2.81544e+07	9.80416e+07	1.56753e+07
291	980724     	2.81327e+07	9.59687e+07	1.58661e+07
292	980724     	2.79006e+07	1.00148e+08	1.5925e+07 
293	980724     	2.80206e+07	1.01732e+08	1.6576e+07 
294	980724     	2.84306e+07	1.11144e+08	1.64846e+07
295	980724     	2.83725e+07	1.13169e+08	1.67255e+07
296	980724     	2.81821e+07	9.54932e+07	1.59539e+07
297	980724     	2.82782e+07	9.33706e+07	1.611e+07  
298	980724     	2.84845e+07	9.15525e+07	1.60828e+07
299	980724     	2.83979e+07	9.15525e+07	1.55521e+07
300	980724     	2.8531e+07 	8.93315e+07	1.5306e+07 
301	980724     	2.83973e+07	8.73371e+07	1.51544e+07
302	980724     	2.83819e+07	9.52727e+07	1.54706e+07
303	980724     	2.81217e+07	1.03334e+08	1.58545e+07
304	980724     	2.8341e+07 	9.77946e+07	1.63622e+07
305	980724     	2.86588e+07	9.87061e+07	1.65104e+07
306	980724     	2.83555e+07	9.13492e+07	1.65457e+07
307	980724     	2.858e+07  	9.25502e+07	1.67552e+07
308	980724     	2.82245e+07	9.12518e+07	1.66017e+07
309	980724     	2.80003e+07	8.68652e+07	1.60582e+07
310	980724     	2.78439e+07	9.71715e+07	1.57281e+07
311	980724     	2.79271e+07	1.07132e+08	1.58658e+07
312	980724     	2.79539e+07	9.80349e+07	1.58737e+07
313	980724     	2.7777e+07 	8.81531e+07	1.5742e+07 
314	980724     	2.74431e+07	8.0961e+07 	1.51098e+07
315	980724     	2.74044e+07	8.64198e+07	1.49501e+07
316	980724     	2.73984e+07	8.69562e+07	1.48829e+07
317	980724     	2.71669e+07	8.5826e+07 	1.4671e+07 
318	980724     	2.74362e+07	9.05881e+07	1.47479e+07
319	980724     	2.73181e+07	7.93309e+07	1.4542e+07 
320	980724     	2.71941e+07	8.03686e+07	1.48607e+07
321	980724     	2.7616e+07 	1.01759e+08	1.55676e+07
322	980724     	2.73683e+07	9.92994e+07	1.49595e+07
323	980724     	2.71619e+07	8.16108e+07	1.52463e+07
324	980724     	2.70256e+07	9.01927e+07	1.50501e+07
325	980724     	2.72323e+07	9.48302e+07	1.52903e+07
326	980724     	2.72992e+07	8.10274e+07	1.47867e+07
327	980724     	2.70271e+07	8.45534e+07	1.4657e+07 
328	980724     	2.69259e+07	8.80236e+07	1.45747e+07
329	980724     	2.69173e+07	7.98193e+07	1.45566e+07
330	980724     	2.69709e+07	8.67387e+07	1.44642e+07
331	980724     	2.69798e+07	8.06663e+07	1.4827e+07 
332	980724     	2.70419e+07	1.02076e+08	1.43173e+07
333	980724     	2.70866e+07	8.76871e+07	1.48319e+07
334	980724     	2.7266e+07 	1.03977e+08	1.49815e+07
335	980724     	2.72948e+07	8.95077e+07	1.49195e+07
336	980724     	2.70643e+07	8.94356e+07	1.46996e+07
337	980724     	2.66905e+07	9.48342e+07	1.46314e+07
338	980724     	2.73752e+07	9.38781e+07	1.51524e+07
339	980724     	2.68066e+07	9.03423e+07	1.50144e+07
340	980724     	2.68641e+07	8.55561e+07	1.40658e+07
341	980724     	2.69136e+07	9.14862e+07	1.38181e+07
342	980724     	2.6738e+07 	8.49431e+07	1.37889e+07
343	980724     	2.64904e+07	8.46629e+07	1.41097e+07
344	980724     	2.67758e+07	8.5078e+07 	1.45791e+07
345	980724     	2.67949e+07	8.5073e+07 	1.42857e+07
346	980724     	2.68254e+07	8.94202e+07	1.40281e+07
347	980724     	2.70135e+07	8.7495e+07 	1.44254e+07
348	980724     	2.74531e+07	8.57491e+07	1.45805e+07
349	980724     	2.72633e+07	9.14011e+07	1.46598e+07
350	980724     	2.72827e+07	8.39274e+07	1.46701e+07
351	980724     	2.74905e+07	8.09997e+07	1.43338e+07
352	980724     	2.73831e+07	8.86822e+07	1.47081e+07
353	980724     	2.75288e+07	9.24294e+07	1.49876e+07
354	980724     	2.72205e+07	8.77628e+07	1.49086e+07
355	980724     	2.67741e+07	8.56962e+07	1.45168e+07
356	980724     	2.65308e+07	9.55893e+07	1.44532e+07
357	904335     	2.65256e+07	1.10197e+08	1.44919e+07
358	904335     	2.61589e+07	1.10122e+08	1.43909e+07
359	904335     	2.58831e+07	8.40614e+07	1.40163e+07
360	904335     	2.60633e+07	8.5026e+07 	1.40149e+07
361	904335     	2.63573e+07	8.88165e+07	1.38293e+07
362	904335     	2.5951e+07 	8.46912e+07	1.42428e+07
363	904335     	2.56858e+07	8.31848e+07	1.41673e+07
364	904335     	2.59599e+07	8.4024e+07 	1.41997e+07
365	904335     	2.65267e+07	8.74216e+07	1.47352e+07
366	904335     	2.66822e+07	7.90249e+07	1.46326e+07
367	904335     	2.67659e+07	7.78553e+07	1.47377e+07
368	904335     	2.68324e+07	9.1343e+07 	1.51694e+07
369	904335     	2.68777e+07	8.5843e+07 	1.50362e+07
370	904335     	2.72604e+07	9.82758e+07	1.5735e+07 
371	904335     	2.74097e+07	9.25794e+07	1.60479e+07
372	904335     	2.71696e+07	9.17568e+07	1.53675e+07
373	904335     	2.68424e+07	9.6582e+07 	1.5071e+07 
374	904335     	2.65511e+07	9.54608e+07	1.46963e+07
375	904335     	2.65657e+07	1.06282e+08	1.42125e+07
376	904335     	2.64659e+07	9.69055e+07	1.45917e+07
377	904335     	2.67271e+07	9.29159e+07	1.46118e+07
378	904335     	2.65495e+07	8.13057e+07	1.46529e+07
379	904335     	2.61201e+07	8.20515e+07	1.46474e+07
380	904335     	2.63092e+07	8.4059e+07 	1.47805e+07
381	904335     	2.58696e+07	8.07771e+07	1.4171e+07 
382	904335     	2.55713e+07	7.83362e+07	1.37592e+07
383	904335     	2.59099e+07	1.02137e+08	1.43363e+07
384	904335     	2.57399e+07	9.35752e+07	1.41129e+07
385	904335     	2.57203e+07	9.20009e+07	1.38849e+07
386	904335     	2.58648e+07	9.0475e+07 	1.44288e+07
387	904335     	2.59402e+07	8.83701e+07	1.45754e+07
388	904335     	2.60848e+07	9.18572e+07	1.4857e+07 
389	904335     	2.58725e+07	8.46434e+07	1.41212e+07
390	904335     	2.5771e+07 	8.49799e+07	1.39598e+07
391	904335     	2.57224e+07	9.58081e+07	1.41498e+07
392	904335     	2.55859e+07	8.87737e+07	1.39847e+07
393	904335     	2.54537e+07	7.95924e+07	1.372e+07  
394	904335     	2.56208e+07	9.17565e+07	1.44543e+07
395	904335     	2.5749e+07 	8.51243e+07	1.46843e+07
396	904335     	2.58911e+07	8.18796e+07	1.45394e+07
397	904335     	2.59238e+07	8.14264e+07	1.46172e+07
398	904335     	2.64988e+07	9.36276e+07	1.52633e+07
399	904335     	2.61166e+07	9.36276e+07	1.41779e+07
400	904335     	2.65508e+07	1.00126e+08	1.45413e+07
401	904335     	2.65127e+07	8.25176e+07	1.42652e+07
402	904335     	2.62243e+07	8.14076e+07	1.41139e+07
403	904335     	2.60625e+07	9.62745e+07	1.41233e+07
404	904335     	2.6264e+07 	9.69219e+07	1.44885e+07
405	904335     	2.57118e+07	7.74461e+07	1.35663e+07
406	904335     	2.56447e+07	8.46182e+07	1.31943e+07
407	904335     	2.55181e+07	9.05068e+07	1.27634e+07
408	904335     	2.56074e+07	8.74139e+07	1.35242e+07
409	904335     	2.56816e+07	7.51069e+07	1.41678e+07
410	904335     	2.5638e+07 	8.69177e+07	1.45293e+07
411	904335     	2.53582e+07	8.47831e+07	1.4183e+07 
412	904335     	2.53838e+07	8.45366e+07	1.43846e+07
413	904335     	2.57649e+07	9.12009e+07	1.4667e+07 
414	904335     	2.52185e+07	8.51095e+07	1.40572e+07
415	904335     	2.528e+07  	8.54551e+07	1.41814e+07
416	904335     	2.52433e+07	7.55274e+07	1.37901e+07
417	904335     	2.5079e+07 	8.18033e+07	1.36926e+07
418	904335     	2.5242e+07 	8.09486e+07	1.36096e+07
419	904335     	2.52717e+07	8.52035e+07	1.37512e+07
420	904335     	2.51354e+07	8.64422e+07	1.3807e+07 
421	904335     	2.52784e+07	8.06403e+07	1.37972e+07
422	904335     	2.52422e+07	8.37741e+07	1.4059e+07 
423	904335     	2.51709e+07	9.34766e+07	1.41855e+07
424	904335     	2.51452e+07	8.9951e+07 	1.41168e+07
425	904335     	2.52944e+07	8.72544e+07	1.45579e+07
426	904335     	2.51757e+07	8.31633e+07	1.39077e+07
427	904335     	2.55627e+07	7.78605e+07	1.39004e+07
428	904335     	2.57716e+07	8.72333e+07	1.38451e+07
429	904335     	2.57075e+07	8.26892e+07	1.43924e+07
430	904335     	2.53773e+07	8.26562e+07	1.43423e+07
431	904335     	2.54853e+07	9.3293e+07 	1.39843e+07
432	904335     	2.51625e+07	1.00615e+08	1.38885e+07
433	904335     	2.52968e+07	9.72926e+07	1.37754e+07
434	904335     	2.51487e+07	8.53483e+07	1.34919e+07
435	904335     	2.48473e+07	8.50803e+07	1.3092e+07 
436	904335     	2.4773e+07 	7.80395e+07	1.31784e+07
437	904335     	2.46919e+07	7.06461e+07	1.30483e+07
438	904335     	2.4824e+07 	7.97666e+07	1.32771e+07
439	904335     	2.48977e+07	9.17574e+07	1.33283e+07
440	904335     	2.47671e+07	8.73861e+07	1.31253e+07
441	904335     	2.48467e+07	8.50203e+07	1.29401e+07
442	904335     	2.47726e+07	8.77052e+07	1.32259e+07
443	904335     	2.43365e+07	8.04702e+07	1.28668e+07
444	904335     	2.45193e+07	7.85599e+07	1.27615e+07
445	904335     	2.50316e+07	7.86981e+07	1.32415e+07
446	904335     	2.48037e+07	8.44974e+07	1.3005e+07 
447	904335     	2.47901e+07	7.92226e+07	1.32181e+07
448	904335     	2.48315e+07	7.68603e+07	1.29935e+07
449	904335     	2.46865e+07	8.8477e+07 	1.29737e+07
450	904335     	2.48297e+07	8.26482e+07	1.32801e+07
451	904335     	2.47066e+07	7.88159e+07	1.32406e+07
452	904335     	2.49618e+07	8.23847e+07	1.38169e+07
453	904335     	2.48641e+07	9.03506e+07	1.36553e+07
454	904335     	2.47854e+07	9.69292e+07	1.4026e+07 
455	904335     	2.47749e+07	9.3474e+07 	1.37512e+07
456	904335     	2.50677e+07	9.28925e+07	1.41636e+07
457	904335     	2.4607e+07 	8.58478e+07	1.37422e+07
458	904335     	2.46355e+07	8.41851e+07	1.36765e+07
459	904335     	2.46922e+07	8.31155e+07	1.30859e+07
460	904335     	2.49395e+07	9.06529e+07	1.32971e+07
461	904335     	2.4825e+07 	1.02271e+08	1.37118e+07
462	904335     	2.45659e+07	9.54824e+07	1.34699e+07
463	904335     	2.45125e+07	8.00246e+07	1.34216e+07
464	904335     	2.44651e+07	9.2916e+07 	1.39811e+07
465	904335     	2.42453e+07	8.37835e+07	1.36127e+07
466	904335     	2.39992e+07	9.45996e+07	1.3196e+07 
467	904335     	2.40752e+07	8.2628e+07 	1.31195e+07
468	904335     	2.40505e+07	8.93413e+07	1.30181e+07
469	904335     	2.42389e+07	8.33769e+07	1.32074e+07
470	904335     	2.41127e+07	7.65992e+07	1.32296e+07
471	904335     	2.4038e+07 	7.71814e+07	1.33725e+07
472	904335     	2.43069e+07	7.20626e+07	1.31526e+07
473	904335     	2.43052e+07	7.81959e+07	1.30835e+07
474	904335     	2.44037e+07	8.36959e+07	1.32834e+07
475	904335     	2.41453e+07	7.69024e+07	1.29561e+07
476	904335     	2.41082e+07	7.34606e+07	1.3241e+07 
477	904335     	2.4112e+07 	7.83171e+07	1.31263e+07
478	904335     	2.41333e+07	7.41068e+07	1.31142e+07
479	904335     	2.41517e+07	7.90016e+07	1.29345e+07
480	904335     	2.38906e+07	7.2943e+07 	1.26037e+07
481	904335     	2.37311e+07	7.87727e+07	1.28701e+07
482	904335     	2.37163e+07	6.84249e+07	1.25921e+07
483	904335     	2.38716e+07	8.48759e+07	1.25981e+07
484	904335     	2.40003e+07	7.52883e+07	1.23803e+07
485	904335     	2.37044e+07	7.12911e+07	1.22418e+07
486	904335     	2.35989e+07	7.8417e+07 	1.23343e+07
487	904335     	2.38549e+07	8.70636e+07	1.27539e+07
488	904335     	2.40173e+07	8.44731e+07	1.30407e+07
489	904335     	2.36453e+07	8.97466e+07	1.31508e+07
490	904335     	2.3683e+07 	7.85123e+07	1.31237e+07
491	904335     	2.41708e+07	8.21541e+07	1.38922e+07
492	904335     	2.38736e+07	8.29395e+07	1.33138e+07
493	904335     	2.41054e+07	8.31594e+07	1.33275e+07
494	904335     	2.41622e+07	8.40515e+07	1.31828e+07
495	904335     	2.42821e+07	8.85202e+07	1.32088e+07
496	904335     	2.39361e+07	7.27e+07   	1.26666e+07
497	904335     	2.40354e+07	8.20674e+07	1.28855e+07
498	904335     	2.38366e+07	7.52787e+07	1.30954e+07
499	904335     	2.37582e+07	7.52787e+07	1.29146e+07
-54.93999999
