/usr/lib/python2.7/site-packages/deap/tools/_hypervolume/pyhv.py:33: ImportWarning: Falling back to the python version of hypervolume module. Expect this to be very slow.
  "module. Expect this to be very slow.", ImportWarning)
gen	min        	avg        	max        	std        
0  	4.50254e+06	4.65721e+07	1.41475e+08	2.09017e+07
1  	4.50254e+06	4.63756e+07	1.40106e+08	2.08313e+07
2  	4.50254e+06	4.59687e+07	1.19025e+08	2.05331e+07
3  	4.30499e+06	4.60435e+07	1.25396e+08	2.07101e+07
4  	4.1794e+06 	4.57507e+07	1.15127e+08	2.06584e+07
5  	4.1794e+06 	4.57921e+07	1.26793e+08	2.10171e+07
6  	4.1794e+06 	4.6118e+07 	1.25812e+08	2.14264e+07
7  	3.95448e+06	4.60074e+07	1.2529e+08 	2.11204e+07
8  	2.29185e+06	4.58202e+07	1.15292e+08	2.12246e+07
9  	2.29185e+06	4.55974e+07	1.28308e+08	2.13304e+07
10 	2.29185e+06	4.56163e+07	1.30721e+08	2.16814e+07
11 	2.29185e+06	4.58245e+07	1.48751e+08	2.19419e+07
12 	2.29185e+06	4.54279e+07	1.5058e+08 	2.17166e+07
13 	2.29185e+06	4.5113e+07 	1.20544e+08	2.06959e+07
14 	2.29185e+06	4.50387e+07	1.08993e+08	2.01233e+07
15 	2.29185e+06	4.5301e+07 	9.99675e+07	2.0077e+07 
16 	2.29185e+06	4.52614e+07	1.0904e+08 	2.06823e+07
17 	2.29185e+06	4.48924e+07	1.17588e+08	2.06586e+07
18 	2.29185e+06	4.44072e+07	1.1904e+08 	2.00424e+07
19 	2.29185e+06	4.43901e+07	1.13544e+08	2.00194e+07
20 	2.29185e+06	4.43888e+07	1.19626e+08	2.03248e+07
21 	2.29185e+06	4.41985e+07	1.21287e+08	1.98577e+07
22 	2.29185e+06	4.38891e+07	1.36084e+08	1.96877e+07
23 	2.29185e+06	4.38342e+07	1.35693e+08	2.00904e+07
24 	2.29185e+06	4.39266e+07	1.33201e+08	1.99451e+07
25 	2.04445e+06	4.39254e+07	1.26541e+08	2.018e+07  
26 	2.04445e+06	4.3794e+07 	1.06621e+08	2.02153e+07
27 	2.04445e+06	4.39179e+07	1.08701e+08	2.0405e+07 
28 	2.04445e+06	4.37817e+07	1.10523e+08	2.00914e+07
29 	2.04445e+06	4.39225e+07	1.15008e+08	2.00806e+07
30 	2.04445e+06	4.3983e+07 	1.17734e+08	2.02569e+07
31 	2.04445e+06	4.37958e+07	1.14648e+08	2.02304e+07
32 	2.04445e+06	4.36068e+07	1.12324e+08	2.00843e+07
33 	2.04445e+06	4.33669e+07	1.12286e+08	2.00228e+07
34 	2.04445e+06	4.36913e+07	1.2614e+08 	2.03252e+07
35 	2.04445e+06	4.36146e+07	1.46551e+08	2.01229e+07
36 	2.04445e+06	4.36479e+07	1.58191e+08	2.02619e+07
37 	2.04445e+06	4.31144e+07	1.42122e+08	2.01232e+07
38 	2.04445e+06	4.28109e+07	1.40407e+08	1.9847e+07 
39 	2.04445e+06	4.27135e+07	1.21912e+08	2.01404e+07
40 	2.04445e+06	4.25845e+07	1.37277e+08	1.98084e+07
41 	1.80012e+06	4.2504e+07 	1.0965e+08 	1.94628e+07
42 	1.80012e+06	4.25992e+07	1.18604e+08	1.9325e+07 
43 	1.80012e+06	4.23086e+07	1.23872e+08	1.92152e+07
44 	1.80012e+06	4.27863e+07	1.13557e+08	1.99582e+07
45 	1.80012e+06	4.26781e+07	1.08965e+08	2.01538e+07
46 	1.80012e+06	4.27223e+07	1.0818e+08 	2.04731e+07
47 	1.80012e+06	4.2503e+07 	1.14669e+08	2.02026e+07
48 	1.80012e+06	4.20254e+07	1.1889e+08 	1.96088e+07
49 	1.80012e+06	4.20392e+07	1.04233e+08	1.96852e+07
50 	1.80012e+06	4.1689e+07 	9.7624e+07 	1.94469e+07
51 	1.80012e+06	4.18487e+07	1.0443e+08 	1.96555e+07
52 	1.80012e+06	4.17193e+07	1.02038e+08	1.97817e+07
53 	1.80012e+06	4.1613e+07 	1.03345e+08	1.97971e+07
54 	1.80012e+06	4.14622e+07	1.10514e+08	1.94966e+07
55 	1.80012e+06	4.13757e+07	1.102e+08  	1.88944e+07
56 	1.80012e+06	4.13862e+07	1.25135e+08	1.94254e+07
57 	1.80012e+06	4.12211e+07	1.12043e+08	1.92842e+07
58 	1.80012e+06	4.06925e+07	1.004e+08  	1.87065e+07
59 	1.55541e+06	4.08575e+07	1.07264e+08	1.86999e+07
60 	1.55541e+06	4.07611e+07	1.06364e+08	1.84987e+07
61 	1.55541e+06	4.08878e+07	1.06364e+08	1.88754e+07
62 	1.55541e+06	4.07341e+07	9.54979e+07	1.83578e+07
63 	1.55541e+06	4.06998e+07	1.00453e+08	1.82441e+07
64 	1.55541e+06	4.02987e+07	1.04145e+08	1.89897e+07
65 	1.55541e+06	4.06778e+07	9.87914e+07	1.92386e+07
66 	1.55541e+06	4.0672e+07 	9.87914e+07	1.87527e+07
67 	1.55541e+06	4.05756e+07	1.02133e+08	1.93262e+07
68 	1.55541e+06	4.04713e+07	1.03933e+08	1.92267e+07
69 	1.55541e+06	4.04859e+07	9.75075e+07	1.91902e+07
70 	1.55541e+06	4.04313e+07	1.12565e+08	1.95291e+07
71 	1.55541e+06	4.04778e+07	1.06069e+08	1.95211e+07
72 	1.55541e+06	4.05514e+07	1.19232e+08	1.97328e+07
73 	1.55541e+06	4.07279e+07	1.1302e+08 	1.95391e+07
74 	1.55541e+06	4.07841e+07	1.1859e+08 	1.98043e+07
75 	1.55541e+06	4.05304e+07	1.2459e+08 	1.97729e+07
76 	1.55541e+06	4.07525e+07	1.27811e+08	2.02987e+07
77 	1.55541e+06	4.06701e+07	1.19771e+08	1.99916e+07
78 	1.55541e+06	4.0396e+07 	1.11743e+08	2.04127e+07
79 	1.55541e+06	4.03532e+07	1.09683e+08	2.01701e+07
80 	1.55541e+06	4.02477e+07	1.14196e+08	1.9947e+07 
81 	1.55541e+06	4.00152e+07	1.08983e+08	1.90927e+07
82 	1.55541e+06	4.00682e+07	1.13115e+08	1.94283e+07
83 	1.55541e+06	3.97123e+07	1.20538e+08	1.94009e+07
84 	1.55541e+06	3.95965e+07	1.20538e+08	2.00497e+07
85 	1.55541e+06	3.9877e+07 	1.15772e+08	2.01302e+07
86 	1.28931e+06	3.97684e+07	1.19007e+08	2.00324e+07
87 	1.28931e+06	3.97566e+07	1.14935e+08	1.95082e+07
88 	1.28931e+06	3.9717e+07 	1.11258e+08	1.94382e+07
89 	1.28931e+06	4.00498e+07	1.12764e+08	1.98211e+07
90 	1.28931e+06	4.00712e+07	1.26542e+08	1.97157e+07
91 	1.28931e+06	4.03661e+07	1.07971e+08	2.01988e+07
92 	1.28931e+06	4.00412e+07	1.07593e+08	2.00017e+07
93 	1.28931e+06	4.0004e+07 	1.06775e+08	2.01097e+07
94 	1.28931e+06	4.01619e+07	1.0662e+08 	1.94034e+07
95 	1.20929e+06	3.97117e+07	1.11084e+08	1.94525e+07
96 	1.20929e+06	3.96897e+07	1.0728e+08 	2.00929e+07
97 	1.20929e+06	3.93621e+07	1.07259e+08	1.99563e+07
98 	1.20929e+06	3.90888e+07	1.24458e+08	1.98965e+07
99 	1.20929e+06	3.913e+07  	1.2313e+08 	2.0347e+07 
100	1.20929e+06	3.8981e+07 	1.21573e+08	2.01127e+07
101	1.20929e+06	3.88515e+07	1.21573e+08	1.98691e+07
102	1.20929e+06	3.89388e+07	1.11428e+08	1.96641e+07
103	1.20929e+06	3.86246e+07	1.10196e+08	1.98492e+07
104	1.20929e+06	3.83476e+07	1.09926e+08	1.97081e+07
105	1.20929e+06	3.84484e+07	1.15138e+08	2.0133e+07 
106	1.20929e+06	3.84572e+07	1.13256e+08	1.98047e+07
107	1.20929e+06	3.84419e+07	1.13016e+08	1.9878e+07 
108	1.20929e+06	3.81722e+07	1.10107e+08	1.93859e+07
109	1.20929e+06	3.87942e+07	1.24781e+08	2.0152e+07 
110	1.20929e+06	3.90181e+07	1.2105e+08 	2.08366e+07
111	1.20929e+06	3.84261e+07	1.19833e+08	2.05121e+07
112	1.20929e+06	3.8488e+07 	1.08309e+08	2.02624e+07
113	1.20929e+06	3.82344e+07	1.10638e+08	1.98442e+07
114	1.20929e+06	3.8172e+07 	1.15172e+08	1.97279e+07
115	1.20929e+06	3.82158e+07	1.31114e+08	2.06256e+07
116	1.20929e+06	3.79941e+07	1.194e+08  	2.01059e+07
117	992389     	3.83271e+07	1.23864e+08	2.09644e+07
118	992389     	3.76916e+07	1.36965e+08	2.07553e+07
119	992389     	3.75861e+07	1.27194e+08	2.04014e+07
120	992389     	3.74278e+07	1.1462e+08 	2.01267e+07
121	992389     	3.70203e+07	1.10518e+08	1.97002e+07
122	992389     	3.7428e+07 	1.186e+08  	1.95471e+07
123	992389     	3.68614e+07	1.1677e+08 	1.91299e+07
124	992389     	3.70486e+07	1.05317e+08	1.8729e+07 
125	992389     	3.70506e+07	1.18762e+08	1.86511e+07
126	992389     	3.72344e+07	1.3108e+08 	1.926e+07  
127	992389     	3.70251e+07	1.18701e+08	1.9393e+07 
128	992389     	3.66459e+07	1.04332e+08	1.87508e+07
129	992389     	3.64842e+07	1.13433e+08	1.87396e+07
130	992389     	3.62356e+07	1.04798e+08	1.85537e+07
131	992389     	3.6493e+07 	1.10485e+08	1.84094e+07
132	992389     	3.64265e+07	1.09957e+08	1.82145e+07
133	992389     	3.66068e+07	9.71211e+07	1.86386e+07
134	992389     	3.66699e+07	9.50689e+07	1.82939e+07
135	992389     	3.67375e+07	1.08317e+08	1.85578e+07
136	992389     	3.64746e+07	1.05347e+08	1.83618e+07
137	992389     	3.66424e+07	1.13346e+08	1.882e+07  
138	992389     	3.6315e+07 	1.13861e+08	1.84995e+07
139	992389     	3.64736e+07	1.09457e+08	1.86735e+07
140	992389     	3.61941e+07	1.06545e+08	1.89306e+07
141	992389     	3.60854e+07	1.07895e+08	1.9469e+07 
142	992389     	3.63555e+07	1.19272e+08	1.98204e+07
143	992389     	3.63391e+07	1.30879e+08	1.97653e+07
144	992389     	3.63238e+07	1.05299e+08	1.97345e+07
145	992389     	3.5755e+07 	1.03397e+08	1.88696e+07
146	992389     	3.56833e+07	1.05594e+08	1.84276e+07
147	992389     	3.60266e+07	1.11859e+08	1.86188e+07
148	992389     	3.6095e+07 	1.11974e+08	1.82691e+07
149	992389     	3.59833e+07	1.07518e+08	1.84837e+07
150	992389     	3.57304e+07	1.03028e+08	1.88485e+07
151	992389     	3.55963e+07	1.03028e+08	1.84413e+07
152	992389     	3.52441e+07	1.03075e+08	1.84822e+07
153	992389     	3.54134e+07	1.26399e+08	1.89166e+07
154	992389     	3.56701e+07	1.27227e+08	1.93168e+07
155	992389     	3.55167e+07	9.88636e+07	1.88191e+07
156	992389     	3.5499e+07 	1.04902e+08	1.87295e+07
157	992389     	3.55084e+07	1.02141e+08	1.85629e+07
158	992389     	3.52137e+07	9.43506e+07	1.83616e+07
159	992389     	3.53243e+07	1.04926e+08	1.86276e+07
160	992389     	3.534e+07  	9.75944e+07	1.79293e+07
161	992389     	3.53758e+07	1.15717e+08	1.85654e+07
162	992389     	3.5222e+07 	1.03452e+08	1.77457e+07
163	992389     	3.50247e+07	1.03858e+08	1.82812e+07
164	992389     	3.45062e+07	1.11426e+08	1.84762e+07
165	992389     	3.44171e+07	1.10893e+08	1.89545e+07
166	992389     	3.43207e+07	9.8238e+07 	1.83902e+07
167	991717     	3.44898e+07	1.06464e+08	1.82885e+07
168	991717     	3.42246e+07	1.02463e+08	1.807e+07  
169	991717     	3.44673e+07	1.04883e+08	1.80127e+07
170	991717     	3.42007e+07	9.14166e+07	1.75118e+07
171	991717     	3.41662e+07	9.47906e+07	1.72186e+07
172	991717     	3.37895e+07	8.91894e+07	1.69712e+07
173	991717     	3.3594e+07 	9.30154e+07	1.70495e+07
174	991717     	3.38041e+07	1.01443e+08	1.75918e+07
175	991717     	3.37619e+07	1.07171e+08	1.81842e+07
176	991717     	3.4148e+07 	1.00451e+08	1.83411e+07
177	991717     	3.44702e+07	1.05471e+08	1.78873e+07
178	991717     	3.42945e+07	1.16324e+08	1.81494e+07
179	991717     	3.42602e+07	1.09889e+08	1.79571e+07
180	991717     	3.39615e+07	1.09889e+08	1.74702e+07
181	991717     	3.37498e+07	1.06355e+08	1.72348e+07
182	991717     	3.37596e+07	1.11309e+08	1.72626e+07
183	991717     	3.31908e+07	1.06779e+08	1.70402e+07
184	991717     	3.38585e+07	1.11212e+08	1.80457e+07
185	991717     	3.36805e+07	1.07397e+08	1.7458e+07 
186	991717     	3.31343e+07	1.11371e+08	1.77961e+07
187	991717     	3.31534e+07	1.08153e+08	1.75955e+07
188	991717     	3.29443e+07	1.10691e+08	1.71937e+07
189	991717     	3.31151e+07	1.06386e+08	1.73822e+07
190	991717     	3.33325e+07	1.06386e+08	1.73557e+07
191	991717     	3.38096e+07	1.11707e+08	1.76429e+07
192	991717     	3.34955e+07	1.12822e+08	1.80513e+07
193	991717     	3.31382e+07	1.07635e+08	1.82376e+07
194	991717     	3.31001e+07	1.07635e+08	1.84432e+07
195	991717     	3.28164e+07	1.01176e+08	1.79823e+07
196	991717     	3.28192e+07	1.01201e+08	1.77992e+07
197	991717     	3.29038e+07	9.8701e+07 	1.77527e+07
198	991717     	3.28436e+07	9.94266e+07	1.80442e+07
199	991717     	3.24514e+07	1.014e+08  	1.75501e+07
200	991717     	3.23408e+07	9.88012e+07	1.72986e+07
201	991717     	3.23441e+07	1.11849e+08	1.7502e+07 
202	991717     	3.23249e+07	1.01302e+08	1.75196e+07
203	991717     	3.2205e+07 	1.27831e+08	1.75717e+07
204	991717     	3.22423e+07	1.00485e+08	1.72741e+07
205	991717     	3.22316e+07	1.18052e+08	1.74901e+07
206	991717     	3.25151e+07	9.38947e+07	1.7866e+07 
207	991717     	3.2512e+07 	1.06597e+08	1.79057e+07
208	991717     	3.23267e+07	9.92737e+07	1.72806e+07
209	991717     	3.21349e+07	9.92737e+07	1.70535e+07
210	991717     	3.17303e+07	9.69217e+07	1.70142e+07
211	991717     	3.17034e+07	1.00601e+08	1.68056e+07
212	991717     	3.14103e+07	1.12433e+08	1.66485e+07
213	991717     	3.18747e+07	9.97953e+07	1.72442e+07
214	991717     	3.12507e+07	1.20776e+08	1.66384e+07
215	991717     	3.16756e+07	1.01339e+08	1.69303e+07
216	991717     	3.14487e+07	1.12089e+08	1.68745e+07
217	991717     	3.12866e+07	9.0395e+07 	1.68459e+07
218	991717     	3.15924e+07	9.43729e+07	1.7243e+07 
219	991717     	3.17291e+07	9.75118e+07	1.71623e+07
220	991717     	3.20531e+07	9.40263e+07	1.72527e+07
221	991717     	3.1595e+07 	8.85938e+07	1.66515e+07
222	991717     	3.1218e+07 	1.13944e+08	1.66491e+07
223	991717     	3.12826e+07	9.176e+07  	1.67188e+07
224	991717     	3.1163e+07 	8.9168e+07 	1.62218e+07
225	991717     	3.09551e+07	9.23702e+07	1.6695e+07 
226	991717     	3.09074e+07	9.89181e+07	1.68519e+07
227	991717     	3.12551e+07	1.09191e+08	1.68509e+07
228	991717     	3.13113e+07	1.00139e+08	1.67746e+07
229	991717     	3.15217e+07	9.97013e+07	1.71812e+07
230	991717     	3.17743e+07	1.02709e+08	1.71541e+07
231	991717     	3.17602e+07	1.06356e+08	1.74173e+07
232	991717     	3.17101e+07	9.53743e+07	1.69239e+07
233	991717     	3.14914e+07	9.61984e+07	1.63906e+07
234	991717     	3.13478e+07	9.02145e+07	1.64128e+07
235	991717     	3.07791e+07	9.57275e+07	1.64906e+07
236	991717     	3.03877e+07	1.00358e+08	1.60582e+07
237	991717     	3.06221e+07	9.44824e+07	1.63112e+07
238	991717     	3.01757e+07	9.86168e+07	1.56624e+07
239	991717     	2.99522e+07	9.69205e+07	1.55702e+07
240	991717     	2.9853e+07 	1.00945e+08	1.6071e+07 
241	991717     	2.9875e+07 	1.01934e+08	1.59969e+07
242	991717     	2.9974e+07 	1.03056e+08	1.58534e+07
243	991717     	2.97575e+07	1.01054e+08	1.58898e+07
244	991717     	2.97723e+07	9.77143e+07	1.58494e+07
245	991717     	2.98136e+07	9.00864e+07	1.57839e+07
246	991717     	2.98702e+07	9.44187e+07	1.56271e+07
247	991717     	2.94441e+07	9.62869e+07	1.56113e+07
248	991717     	2.95903e+07	9.62041e+07	1.60235e+07
249	991717     	2.93842e+07	9.55732e+07	1.58693e+07
250	991717     	2.9585e+07 	9.97803e+07	1.60682e+07
251	991717     	2.93725e+07	9.63442e+07	1.59996e+07
252	991717     	2.95983e+07	8.60786e+07	1.58709e+07
253	991717     	2.95533e+07	8.7511e+07 	1.59936e+07
254	991717     	2.98187e+07	8.65426e+07	1.54818e+07
255	991717     	2.99063e+07	8.35383e+07	1.6066e+07 
256	991717     	3.04279e+07	8.7045e+07 	1.65836e+07
257	991717     	3.09147e+07	1.00736e+08	1.6871e+07 
258	991717     	3.08758e+07	1.00573e+08	1.712e+07  
259	991717     	3.11646e+07	9.8494e+07 	1.7006e+07 
260	991717     	3.08458e+07	9.40944e+07	1.67564e+07
261	991717     	3.07569e+07	9.92956e+07	1.6988e+07 
262	991717     	3.03848e+07	9.42338e+07	1.69981e+07
263	991717     	3.04252e+07	1.11252e+08	1.69406e+07
264	991717     	3.04409e+07	9.80896e+07	1.65969e+07
265	991717     	3.01608e+07	9.37709e+07	1.64021e+07
266	991717     	2.99531e+07	9.08582e+07	1.64739e+07
267	991717     	3.01291e+07	9.72783e+07	1.70954e+07
268	991717     	2.97619e+07	9.45284e+07	1.67719e+07
269	991717     	2.99989e+07	9.26647e+07	1.70522e+07
270	991717     	3.00331e+07	8.95415e+07	1.69534e+07
271	991717     	3.00521e+07	1.07141e+08	1.65255e+07
272	991717     	3.01842e+07	9.8736e+07 	1.68094e+07
273	991717     	2.98394e+07	9.8736e+07 	1.64535e+07
274	991717     	2.99907e+07	9.08048e+07	1.64437e+07
275	991717     	2.97684e+07	9.65207e+07	1.6129e+07 
276	991717     	2.95944e+07	9.27321e+07	1.56978e+07
277	991717     	2.95511e+07	9.72946e+07	1.57942e+07
278	991717     	2.94985e+07	9.20991e+07	1.56762e+07
279	991717     	2.98345e+07	9.94227e+07	1.59709e+07
280	991717     	3.02578e+07	1.08367e+08	1.65814e+07
281	991717     	2.99039e+07	1.11733e+08	1.63579e+07
282	991717     	2.96136e+07	8.89562e+07	1.5903e+07 
283	991717     	2.97085e+07	1.03038e+08	1.59335e+07
284	991717     	2.99135e+07	1.00976e+08	1.57258e+07
285	991717     	2.97574e+07	9.146e+07  	1.55029e+07
286	991717     	2.92812e+07	9.09794e+07	1.5326e+07 
287	991717     	2.90866e+07	8.67432e+07	1.54634e+07
288	991717     	2.89364e+07	8.0648e+07 	1.52211e+07
289	991717     	2.89786e+07	1.04571e+08	1.58846e+07
290	991717     	2.88987e+07	9.66208e+07	1.60457e+07
291	991717     	2.88974e+07	9.31783e+07	1.62147e+07
292	991717     	2.85127e+07	8.70145e+07	1.54407e+07
293	991717     	2.84697e+07	1.05055e+08	1.51262e+07
294	991717     	2.85606e+07	8.78973e+07	1.48876e+07
295	991717     	2.85432e+07	9.57825e+07	1.51439e+07
296	991717     	2.86488e+07	7.79343e+07	1.50789e+07
297	991717     	2.82453e+07	9.26026e+07	1.52466e+07
298	991717     	2.81894e+07	9.73714e+07	1.54867e+07
299	991717     	2.84289e+07	9.63722e+07	1.58363e+07
300	991717     	2.81281e+07	9.10574e+07	1.53248e+07
301	991717     	2.82042e+07	9.01043e+07	1.52083e+07
302	991717     	2.87236e+07	9.74749e+07	1.59148e+07
303	991717     	2.8352e+07 	1.0875e+08 	1.53465e+07
304	991717     	2.83113e+07	8.08721e+07	1.5224e+07 
305	991717     	2.79824e+07	8.86862e+07	1.49394e+07
306	991717     	2.78476e+07	8.37991e+07	1.44344e+07
307	991717     	2.74844e+07	7.49064e+07	1.3738e+07 
308	991717     	2.77169e+07	7.95205e+07	1.41955e+07
309	991717     	2.78187e+07	8.94669e+07	1.46053e+07
310	991717     	2.77922e+07	8.16129e+07	1.47221e+07
311	991717     	2.77911e+07	8.11264e+07	1.47009e+07
312	991717     	2.78795e+07	8.2338e+07 	1.44922e+07
313	965596     	2.79337e+07	7.91502e+07	1.48528e+07
314	965596     	2.78812e+07	1.00474e+08	1.54168e+07
315	965596     	2.83344e+07	9.1336e+07 	1.55228e+07
316	965596     	2.80322e+07	8.81765e+07	1.54605e+07
317	965596     	2.78293e+07	8.81765e+07	1.53706e+07
318	965596     	2.79476e+07	9.13209e+07	1.5539e+07 
319	965596     	2.84874e+07	9.01552e+07	1.56958e+07
320	965596     	2.83582e+07	7.92965e+07	1.52358e+07
321	965596     	2.82258e+07	8.31186e+07	1.50322e+07
322	959877     	2.82477e+07	1.06566e+08	1.51877e+07
323	959877     	2.78354e+07	9.11191e+07	1.4967e+07 
324	959877     	2.76988e+07	1.02267e+08	1.49798e+07
325	959877     	2.78931e+07	9.19993e+07	1.53888e+07
326	959877     	2.78734e+07	8.20977e+07	1.52809e+07
327	959877     	2.74361e+07	1.06309e+08	1.49864e+07
328	959877     	2.76147e+07	9.05111e+07	1.49398e+07
329	959877     	2.77375e+07	8.72737e+07	1.48499e+07
330	959877     	2.78754e+07	8.34485e+07	1.50139e+07
331	959877     	2.78457e+07	8.85958e+07	1.47534e+07
332	959877     	2.79224e+07	9.28905e+07	1.54329e+07
333	959877     	2.7806e+07 	8.93858e+07	1.56748e+07
334	959877     	2.78317e+07	9.60107e+07	1.60424e+07
335	959877     	2.74834e+07	8.94058e+07	1.55217e+07
336	959877     	2.7157e+07 	8.94568e+07	1.49239e+07
337	959877     	2.74466e+07	8.63921e+07	1.55295e+07
338	959877     	2.72157e+07	8.68858e+07	1.56349e+07
339	956693     	2.74085e+07	8.70812e+07	1.51635e+07
340	956693     	2.7869e+07 	9.35173e+07	1.57645e+07
341	956693     	2.75166e+07	9.74553e+07	1.52897e+07
342	956693     	2.78362e+07	1.11428e+08	1.5684e+07 
343	956693     	2.71399e+07	1.0613e+08 	1.54813e+07
344	956693     	2.70758e+07	1.12603e+08	1.49886e+07
345	956693     	2.70246e+07	9.28302e+07	1.49349e+07
346	956693     	2.70501e+07	9.03104e+07	1.49352e+07
347	956693     	2.69139e+07	1.03871e+08	1.48355e+07
348	956693     	2.68036e+07	9.54435e+07	1.43577e+07
349	956693     	2.67284e+07	9.48743e+07	1.45933e+07
350	956693     	2.69993e+07	9.39954e+07	1.46438e+07
351	956693     	2.70244e+07	9.22368e+07	1.46745e+07
352	956693     	2.69011e+07	8.9878e+07 	1.46787e+07
353	956693     	2.73804e+07	8.8823e+07 	1.48255e+07
354	956693     	2.71212e+07	8.36603e+07	1.46301e+07
355	956693     	2.72313e+07	8.36923e+07	1.50472e+07
356	956693     	2.7558e+07 	9.4772e+07 	1.53873e+07
357	956693     	2.73567e+07	7.63494e+07	1.44682e+07
358	956693     	2.68688e+07	9.73329e+07	1.4249e+07 
359	956693     	2.71219e+07	8.27541e+07	1.44236e+07
360	956693     	2.75008e+07	9.0555e+07 	1.50079e+07
361	956693     	2.72992e+07	9.39292e+07	1.47486e+07
362	956693     	2.73908e+07	8.94838e+07	1.48168e+07
363	956693     	2.72467e+07	9.33093e+07	1.47284e+07
364	956693     	2.68352e+07	8.38576e+07	1.45759e+07
365	956693     	2.6671e+07 	9.26179e+07	1.4622e+07 
366	956693     	2.66976e+07	9.01379e+07	1.43259e+07
367	956693     	2.67811e+07	9.27035e+07	1.48476e+07
368	956693     	2.70578e+07	1.02118e+08	1.49545e+07
369	956693     	2.74486e+07	9.50712e+07	1.53646e+07
370	956693     	2.75461e+07	1.00902e+08	1.51278e+07
371	956693     	2.68864e+07	9.5758e+07 	1.47315e+07
372	956693     	2.6747e+07 	1.30499e+08	1.46702e+07
373	956693     	2.66824e+07	9.7488e+07 	1.39424e+07
374	956693     	2.66207e+07	8.59277e+07	1.41875e+07
375	956693     	2.64569e+07	8.46551e+07	1.35651e+07
376	956693     	2.6319e+07 	9.22128e+07	1.35937e+07
377	956693     	2.62722e+07	8.84872e+07	1.37377e+07
378	956693     	2.63498e+07	8.82836e+07	1.38532e+07
379	956693     	2.6371e+07 	9.5223e+07 	1.45338e+07
380	956693     	2.63398e+07	9.04811e+07	1.50599e+07
381	956693     	2.63319e+07	8.55745e+07	1.50942e+07
382	956693     	2.62418e+07	8.09764e+07	1.46907e+07
383	956693     	2.63633e+07	9.17316e+07	1.47875e+07
384	956693     	2.64268e+07	8.22761e+07	1.48863e+07
385	956693     	2.67499e+07	8.87612e+07	1.51042e+07
386	956693     	2.66436e+07	8.95682e+07	1.55493e+07
387	956693     	2.67186e+07	9.76905e+07	1.53463e+07
388	956693     	2.66634e+07	9.51741e+07	1.56732e+07
389	956693     	2.67147e+07	8.81794e+07	1.58468e+07
390	956693     	2.66591e+07	9.36919e+07	1.56379e+07
391	956693     	2.62961e+07	9.6204e+07 	1.53158e+07
392	956693     	2.63279e+07	9.2058e+07 	1.50868e+07
393	956693     	2.60619e+07	1.00852e+08	1.4782e+07 
394	956693     	2.62733e+07	1.19812e+08	1.50791e+07
395	956693     	2.64167e+07	1.08323e+08	1.48904e+07
396	956693     	2.63886e+07	9.22602e+07	1.44895e+07
397	956693     	2.61644e+07	9.52159e+07	1.48869e+07
398	956693     	2.61272e+07	9.85092e+07	1.49186e+07
399	956693     	2.62809e+07	9.18739e+07	1.48219e+07
400	956693     	2.66444e+07	8.32672e+07	1.43155e+07
401	956693     	2.69455e+07	8.32672e+07	1.45332e+07
402	956693     	2.66456e+07	7.81921e+07	1.45754e+07
403	956693     	2.6499e+07 	8.67662e+07	1.47791e+07
404	956693     	2.63984e+07	8.74092e+07	1.4445e+07 
405	956693     	2.64641e+07	9.30356e+07	1.50442e+07
406	956693     	2.64551e+07	9.28384e+07	1.497e+07  
407	956693     	2.65103e+07	8.61076e+07	1.45699e+07
408	956693     	2.6421e+07 	8.11252e+07	1.42399e+07
409	956693     	2.63773e+07	8.46392e+07	1.40352e+07
410	956693     	2.61655e+07	8.65856e+07	1.40416e+07
411	956693     	2.62586e+07	8.36924e+07	1.40692e+07
412	956693     	2.56276e+07	8.69938e+07	1.41025e+07
413	956693     	2.55567e+07	9.32655e+07	1.38071e+07
414	956693     	2.56816e+07	7.88497e+07	1.37624e+07
415	956693     	2.5479e+07 	8.87424e+07	1.37087e+07
416	956693     	2.56495e+07	1.05319e+08	1.37777e+07
417	956693     	2.58347e+07	8.62879e+07	1.37985e+07
418	956693     	2.54944e+07	8.68761e+07	1.38346e+07
419	956693     	2.55739e+07	8.89353e+07	1.37008e+07
420	956693     	2.56843e+07	7.95204e+07	1.34087e+07
421	956693     	2.55551e+07	9.01658e+07	1.38246e+07
422	956693     	2.6015e+07 	9.6892e+07 	1.42476e+07
423	956693     	2.55829e+07	9.62017e+07	1.36542e+07
424	956693     	2.54984e+07	8.65623e+07	1.36898e+07
425	956693     	2.54251e+07	7.35327e+07	1.37733e+07
426	956693     	2.53371e+07	8.49937e+07	1.37883e+07
427	956693     	2.5528e+07 	8.87848e+07	1.37066e+07
428	937156     	2.54298e+07	8.11315e+07	1.34395e+07
429	937156     	2.53451e+07	8.21302e+07	1.35361e+07
430	937156     	2.53418e+07	7.607e+07  	1.3387e+07 
431	937156     	2.55474e+07	9.08025e+07	1.39188e+07
432	937156     	2.53085e+07	8.666e+07  	1.37208e+07
433	937156     	2.50907e+07	8.11204e+07	1.34653e+07
434	937156     	2.51914e+07	7.92247e+07	1.3923e+07 
435	937156     	2.52957e+07	8.63677e+07	1.40672e+07
436	937156     	2.51785e+07	9.12364e+07	1.41779e+07
437	937156     	2.47856e+07	9.86808e+07	1.41478e+07
438	937156     	2.49891e+07	9.86808e+07	1.4245e+07 
439	937156     	2.51096e+07	9.19802e+07	1.4155e+07 
440	937156     	2.51797e+07	8.52752e+07	1.39938e+07
441	937156     	2.47996e+07	8.36624e+07	1.3341e+07 
442	937156     	2.52395e+07	8.09951e+07	1.36579e+07
443	937156     	2.51895e+07	8.30147e+07	1.32461e+07
444	937156     	2.51711e+07	8.97043e+07	1.35484e+07
445	937156     	2.53425e+07	8.22451e+07	1.36312e+07
446	937156     	2.51476e+07	8.22451e+07	1.35713e+07
447	937156     	2.51601e+07	7.86714e+07	1.3536e+07 
448	937156     	2.52374e+07	7.52457e+07	1.35817e+07
449	937156     	2.53097e+07	7.86798e+07	1.37137e+07
450	937156     	2.53539e+07	8.65567e+07	1.38535e+07
451	937156     	2.54289e+07	8.08066e+07	1.40518e+07
452	937156     	2.56498e+07	7.73992e+07	1.40868e+07
453	937156     	2.55398e+07	8.74251e+07	1.45413e+07
454	937156     	2.5445e+07 	9.08781e+07	1.44798e+07
455	937156     	2.51255e+07	8.3345e+07 	1.4267e+07 
456	937156     	2.50341e+07	7.99014e+07	1.3924e+07 
457	937156     	2.49006e+07	8.96375e+07	1.3821e+07 
458	937156     	2.49899e+07	7.94548e+07	1.36695e+07
459	937156     	2.48984e+07	7.63965e+07	1.35644e+07
460	937156     	2.48553e+07	7.57938e+07	1.30472e+07
461	937156     	2.47558e+07	7.57518e+07	1.31967e+07
462	937156     	2.49775e+07	7.7818e+07 	1.33193e+07
463	937156     	2.49688e+07	7.86458e+07	1.34774e+07
464	937156     	2.51492e+07	8.1094e+07 	1.37608e+07
465	937156     	2.50884e+07	8.45153e+07	1.38225e+07
466	937156     	2.48891e+07	8.4458e+07 	1.40217e+07
467	937156     	2.46934e+07	8.10678e+07	1.40939e+07
468	937156     	2.50287e+07	8.75253e+07	1.42385e+07
469	937156     	2.51739e+07	9.1386e+07 	1.43106e+07
470	937156     	2.51022e+07	8.60389e+07	1.42065e+07
471	937156     	2.51275e+07	8.31508e+07	1.37059e+07
472	937156     	2.46955e+07	7.94392e+07	1.35322e+07
473	937156     	2.48359e+07	7.25026e+07	1.3126e+07 
474	937156     	2.51801e+07	9.39822e+07	1.38153e+07
475	937156     	2.53532e+07	8.98366e+07	1.38193e+07
476	937156     	2.52716e+07	8.64635e+07	1.3583e+07 
477	937156     	2.54986e+07	7.73175e+07	1.32348e+07
478	937156     	2.46874e+07	7.05304e+07	1.29521e+07
479	937156     	2.47691e+07	9.55306e+07	1.32712e+07
480	937156     	2.42367e+07	8.81446e+07	1.30476e+07
481	937156     	2.40005e+07	7.59749e+07	1.28157e+07
482	937156     	2.45024e+07	7.93362e+07	1.29491e+07
483	937156     	2.46757e+07	8.04785e+07	1.32743e+07
484	937156     	2.4691e+07 	7.73905e+07	1.32759e+07
485	937156     	2.43477e+07	8.40932e+07	1.31773e+07
486	937156     	2.45026e+07	8.29084e+07	1.37337e+07
487	937156     	2.43632e+07	7.86639e+07	1.35024e+07
488	937156     	2.4459e+07 	8.51081e+07	1.32773e+07
489	937156     	2.45849e+07	8.63846e+07	1.31104e+07
490	937156     	2.44517e+07	8.38847e+07	1.29731e+07
491	937156     	2.45378e+07	9.0015e+07 	1.3249e+07 
492	937156     	2.44984e+07	7.85009e+07	1.33006e+07
493	937156     	2.46649e+07	8.75927e+07	1.38285e+07
494	937156     	2.47714e+07	8.82106e+07	1.40369e+07
495	937156     	2.50099e+07	9.15425e+07	1.41236e+07
496	937156     	2.50782e+07	9.42177e+07	1.40081e+07
497	937156     	2.47672e+07	8.9114e+07 	1.42721e+07
498	937156     	2.49644e+07	8.25617e+07	1.42662e+07
499	937156     	2.50792e+07	8.25617e+07	1.40632e+07
-54.93999999
