/usr/lib/python2.7/site-packages/deap/tools/_hypervolume/pyhv.py:33: ImportWarning: Falling back to the python version of hypervolume module. Expect this to be very slow.
  "module. Expect this to be very slow.", ImportWarning)
gen	min   	avg       	max        	std        
0  	467.74	7.0979e+06	6.61725e+07	9.06914e+06
1  	435.309	7.23409e+06	5.61381e+07	8.92332e+06
2  	435.309	7.21922e+06	4.76023e+07	8.84266e+06
3  	383.968	7.19308e+06	5.77029e+07	8.90343e+06
4  	383.968	7.19788e+06	5.13375e+07	8.62283e+06
5  	383.968	7.04065e+06	5.6468e+07 	8.5883e+06 
6  	383.968	7.10134e+06	5.61263e+07	9.03928e+06
7  	383.968	7.0661e+06 	5.71527e+07	8.89894e+06
8  	383.968	7.08705e+06	5.10754e+07	9.10924e+06
9  	344.813	7.24748e+06	5.87976e+07	9.29526e+06
10 	344.813	7.04564e+06	5.4681e+07 	9.19144e+06
11 	344.813	7.11078e+06	5.23273e+07	8.91668e+06
12 	344.813	7.24756e+06	5.43134e+07	9.24696e+06
13 	344.813	6.95933e+06	5.27509e+07	8.67396e+06
14 	344.813	6.71708e+06	5.12941e+07	8.5083e+06 
15 	344.813	6.62803e+06	4.65311e+07	8.30627e+06
16 	344.813	6.57993e+06	4.53077e+07	8.2377e+06 
17 	344.813	6.5032e+06 	5.37285e+07	8.21697e+06
18 	344.813	6.17365e+06	4.08355e+07	7.86341e+06
19 	344.813	6.05648e+06	4.06305e+07	7.56122e+06
20 	344.813	6.15253e+06	3.89737e+07	7.49862e+06
21 	344.813	6.47335e+06	4.71443e+07	7.79829e+06
22 	344.813	6.55897e+06	4.46222e+07	7.74231e+06
23 	344.813	6.47912e+06	3.99109e+07	7.43339e+06
24 	344.813	6.36283e+06	3.36693e+07	7.20762e+06
25 	344.813	6.32364e+06	4.07676e+07	7.49583e+06
26 	344.813	6.4159e+06 	4.07676e+07	7.77431e+06
27 	344.813	6.11263e+06	3.90789e+07	7.59474e+06
28 	344.813	6.17649e+06	5.00531e+07	7.98136e+06
29 	344.813	6.43755e+06	4.46886e+07	8.04613e+06
30 	344.813	6.46387e+06	4.2719e+07 	7.73816e+06
31 	344.813	6.52519e+06	4.57629e+07	7.97328e+06
32 	344.813	6.49e+06   	4.44207e+07	7.86983e+06
33 	344.813	6.45971e+06	5.05899e+07	7.99038e+06
34 	344.813	6.43078e+06	5.60623e+07	8.11748e+06
35 	344.813	6.41242e+06	5.27529e+07	8.13406e+06
36 	344.813	6.3143e+06 	4.86171e+07	7.88599e+06
37 	344.813	6.31722e+06	5.37513e+07	8.42502e+06
38 	344.813	6.15878e+06	4.94959e+07	7.99884e+06
39 	344.813	6.15534e+06	4.49698e+07	7.81517e+06
40 	344.813	6.23628e+06	4.59389e+07	8.0405e+06 
41 	344.813	6.0704e+06 	6.22779e+07	7.68636e+06
42 	344.813	5.96019e+06	4.01265e+07	7.34001e+06
43 	344.813	5.93533e+06	4.58415e+07	7.30972e+06
44 	344.813	5.90347e+06	4.33244e+07	7.36997e+06
45 	344.813	5.87289e+06	4.44731e+07	7.68484e+06
46 	344.813	6.00638e+06	4.82115e+07	7.75819e+06
47 	344.813	5.95124e+06	5.05817e+07	7.60169e+06
48 	344.813	5.85037e+06	4.79465e+07	7.22895e+06
49 	344.813	5.80134e+06	5.33784e+07	7.2767e+06 
50 	344.813	5.74271e+06	5.27834e+07	7.10955e+06
51 	344.813	5.79855e+06	4.02353e+07	7.198e+06  
52 	344.813	5.8822e+06 	4.38394e+07	7.20017e+06
53 	344.813	5.95031e+06	4.38394e+07	7.52659e+06
54 	344.813	6.14007e+06	4.06799e+07	7.71496e+06
55 	344.813	6.06632e+06	4.01571e+07	7.59531e+06
56 	344.813	6.24153e+06	4.29263e+07	7.82979e+06
57 	344.813	6.09019e+06	4.77916e+07	7.5508e+06 
58 	344.813	6.30248e+06	4.31268e+07	7.62219e+06
59 	344.813	6.15112e+06	4.21422e+07	7.47943e+06
60 	344.813	6.14693e+06	4.87455e+07	7.73275e+06
61 	344.813	6.10458e+06	4.36619e+07	7.7388e+06 
62 	344.813	6.20572e+06	5.54181e+07	7.80197e+06
63 	344.813	6.27341e+06	5.09713e+07	8.09113e+06
64 	344.813	6.28331e+06	4.89894e+07	8.2812e+06 
65 	344.813	6.54489e+06	5.2483e+07 	8.60949e+06
66 	344.813	6.64666e+06	5.23867e+07	8.53092e+06
67 	344.813	6.39971e+06	4.69104e+07	8.33751e+06
68 	344.813	6.16193e+06	4.31291e+07	7.58774e+06
69 	344.813	6.05388e+06	5.34527e+07	7.8403e+06 
70 	344.813	5.93009e+06	4.24748e+07	7.52618e+06
71 	344.813	6.17035e+06	5.9182e+07 	8.04139e+06
72 	344.813	6.11984e+06	4.59961e+07	7.52236e+06
73 	344.813	6.06945e+06	5.63421e+07	7.96068e+06
74 	344.813	6.21328e+06	4.75882e+07	7.92197e+06
75 	344.813	5.96787e+06	5.21698e+07	7.4839e+06 
76 	344.813	6.01288e+06	5.31633e+07	7.48932e+06
77 	344.813	5.79588e+06	4.75262e+07	7.13259e+06
78 	344.813	5.86917e+06	4.17974e+07	7.32086e+06
79 	344.813	5.94873e+06	4.69806e+07	7.62284e+06
80 	344.813	5.98115e+06	5.41295e+07	7.906e+06  
81 	344.813	6.05009e+06	4.29904e+07	7.90697e+06
82 	344.813	5.88794e+06	4.15142e+07	7.84204e+06
83 	344.813	5.67297e+06	4.34539e+07	7.20846e+06
84 	344.813	5.8017e+06 	4.76397e+07	7.4541e+06 
85 	344.813	5.78171e+06	4.99579e+07	7.28372e+06
86 	344.813	5.95379e+06	4.50769e+07	7.50723e+06
87 	344.813	6.17584e+06	4.26043e+07	7.66683e+06
88 	344.813	6.09783e+06	4.20589e+07	7.60029e+06
89 	344.813	6.30339e+06	4.9181e+07 	8.01909e+06
90 	344.813	6.41201e+06	4.52216e+07	8.12234e+06
91 	340.667	6.55853e+06	4.96556e+07	8.11459e+06
92 	340.667	6.33538e+06	5.96128e+07	8.38658e+06
93 	340.667	6.30683e+06	5.41525e+07	7.87642e+06
94 	340.667	6.3067e+06 	5.24305e+07	7.97649e+06
95 	340.667	5.98884e+06	4.16481e+07	7.42327e+06
96 	340.667	5.98828e+06	4.44892e+07	7.30095e+06
97 	340.667	6.00315e+06	4.85851e+07	7.52842e+06
98 	340.667	6.02318e+06	4.30249e+07	7.48344e+06
99 	340.667	5.92465e+06	4.4491e+07 	7.33536e+06
100	340.667	5.93495e+06	5.57732e+07	7.79033e+06
101	340.667	5.77846e+06	5.57732e+07	7.58117e+06
102	340.667	6.11275e+06	4.23514e+07	7.69289e+06
103	340.667	6.32624e+06	5.42366e+07	8.15228e+06
104	340.667	6.2429e+06 	4.77062e+07	8.26643e+06
105	340.667	6.14002e+06	5.35398e+07	7.94279e+06
106	340.667	6.2302e+06 	5.11324e+07	8.3055e+06 
107	340.667	6.18965e+06	5.49077e+07	8.6745e+06 
108	340.667	5.97005e+06	5.22632e+07	8.0737e+06 
109	340.667	6.08429e+06	4.76105e+07	8.17392e+06
110	340.667	5.98787e+06	4.43902e+07	7.88466e+06
111	340.667	5.91235e+06	5.68757e+07	8.22e+06   
112	340.667	5.85602e+06	5.42611e+07	7.91575e+06
113	340.667	5.75587e+06	5.15784e+07	7.79248e+06
114	340.667	5.51025e+06	5.3285e+07 	7.61517e+06
115	340.667	5.77326e+06	7.02535e+07	7.89932e+06
116	340.667	5.52213e+06	5.83723e+07	7.61431e+06
117	340.667	5.74023e+06	5.80947e+07	7.53081e+06
118	340.667	5.65173e+06	4.16612e+07	7.30524e+06
119	340.667	5.83467e+06	5.41073e+07	7.46049e+06
120	340.667	5.74269e+06	5.43108e+07	7.34531e+06
121	340.667	5.57835e+06	4.01516e+07	6.90465e+06
122	340.667	5.68948e+06	5.2898e+07 	7.31824e+06
123	340.667	5.60899e+06	4.61685e+07	6.95786e+06
124	340.667	5.61141e+06	4.12257e+07	6.83566e+06
125	340.667	5.8437e+06 	4.62329e+07	7.39458e+06
126	340.667	5.53897e+06	4.44827e+07	7.14892e+06
127	340.667	5.83783e+06	4.94098e+07	7.69911e+06
128	340.667	5.81168e+06	4.56034e+07	7.3939e+06 
129	340.667	5.83065e+06	4.48326e+07	7.58747e+06
130	340.667	5.78874e+06	4.17458e+07	7.48296e+06
131	340.667	5.98726e+06	6.27754e+07	8.08751e+06
132	340.667	5.69419e+06	5.19892e+07	7.8251e+06 
133	340.667	5.7329e+06 	4.49695e+07	7.64077e+06
134	340.667	5.57855e+06	4.34579e+07	7.2964e+06 
135	340.667	5.68937e+06	4.82662e+07	7.46322e+06
136	340.667	6.00427e+06	5.86934e+07	8.01405e+06
137	340.667	6.16715e+06	4.89284e+07	7.97355e+06
138	340.667	6.19282e+06	6.41335e+07	8.44787e+06
139	340.667	6.06404e+06	5.04141e+07	8.07664e+06
140	340.667	6.34312e+06	5.26375e+07	8.04703e+06
141	340.667	5.94322e+06	5.26023e+07	7.85692e+06
142	340.667	5.90464e+06	4.94966e+07	7.59909e+06
143	340.667	6.1012e+06 	5.08031e+07	7.69466e+06
144	340.667	6.1375e+06 	5.61134e+07	7.7594e+06 
145	340.667	5.96338e+06	5.5312e+07 	7.81998e+06
146	340.667	5.95427e+06	5.5312e+07 	7.88202e+06
147	340.667	5.97392e+06	4.47742e+07	7.31204e+06
148	340.667	5.87452e+06	4.30166e+07	7.27601e+06
149	340.667	5.76861e+06	3.87386e+07	7.18739e+06
150	340.667	5.68321e+06	4.20099e+07	6.88799e+06
151	340.667	5.60444e+06	3.66508e+07	7.08454e+06
152	340.667	5.59679e+06	4.13545e+07	6.88188e+06
153	340.667	5.68499e+06	4.08826e+07	7.02523e+06
154	340.667	5.70973e+06	4.36125e+07	6.99376e+06
155	340.667	5.8793e+06 	4.31893e+07	7.12148e+06
156	340.667	6.21989e+06	4.08836e+07	7.73178e+06
157	340.667	6.08845e+06	4.65014e+07	7.72871e+06
158	340.667	5.97379e+06	4.29261e+07	7.6399e+06 
159	340.667	5.9547e+06 	4.63693e+07	7.77701e+06
160	340.667	6.02088e+06	4.50103e+07	7.67374e+06
161	340.667	6.07888e+06	4.72881e+07	7.75229e+06
162	340.667	6.16532e+06	4.77261e+07	7.74401e+06
163	340.667	6.33972e+06	4.78627e+07	7.63803e+06
164	340.667	6.55234e+06	5.39141e+07	7.91494e+06
165	340.667	6.68454e+06	4.76585e+07	8.12962e+06
166	340.667	6.65951e+06	4.61621e+07	8.21057e+06
167	340.667	6.71132e+06	4.63932e+07	8.26227e+06
168	340.667	6.4414e+06 	5.01675e+07	7.91399e+06
169	340.667	6.30418e+06	5.2165e+07 	8.08266e+06
170	340.667	6.37382e+06	6.05453e+07	8.36386e+06
171	340.667	6.33347e+06	5.80319e+07	8.07292e+06
172	340.667	6.51326e+06	4.91668e+07	8.33233e+06
173	340.667	6.51377e+06	4.69708e+07	8.25208e+06
174	340.667	6.48483e+06	5.35203e+07	8.27284e+06
175	340.667	6.43084e+06	6.14957e+07	8.36229e+06
176	340.667	6.4211e+06 	6.43622e+07	8.3057e+06 
177	340.667	6.56034e+06	6.13093e+07	8.15498e+06
178	340.667	6.66176e+06	5.02767e+07	8.25995e+06
179	340.667	6.70819e+06	5.02767e+07	8.77299e+06
180	339.208	6.99584e+06	5.65408e+07	9.10293e+06
181	339.208	6.91224e+06	5.65408e+07	9.21363e+06
182	339.208	6.64321e+06	5.63517e+07	9.01897e+06
183	339.208	6.18827e+06	5.54522e+07	8.15345e+06
184	339.208	5.97638e+06	4.97261e+07	8.18014e+06
185	339.208	6.1408e+06 	5.58209e+07	8.17413e+06
186	339.208	6.17641e+06	4.54004e+07	7.7912e+06 
187	339.208	5.98399e+06	4.79625e+07	7.90649e+06
188	339.208	6.28477e+06	5.51644e+07	8.22245e+06
189	339.208	6.29746e+06	5.73055e+07	8.33823e+06
190	339.208	6.4437e+06 	5.86423e+07	8.45175e+06
191	339.208	6.62539e+06	5.46915e+07	8.69365e+06
192	339.208	6.49456e+06	5.46915e+07	8.65107e+06
193	339.208	6.40164e+06	5.4389e+07 	8.66339e+06
194	339.208	6.18581e+06	4.84178e+07	8.25277e+06
195	339.208	6.24519e+06	5.5085e+07 	8.29086e+06
196	339.208	6.26777e+06	6.56881e+07	8.69813e+06
197	339.208	6.35586e+06	5.46359e+07	8.26982e+06
198	339.208	6.18202e+06	5.08265e+07	7.68457e+06
199	339.208	6.53363e+06	5.95555e+07	8.70389e+06
200	339.208	6.25366e+06	6.15863e+07	8.63485e+06
201	339.208	6.22556e+06	4.99765e+07	8.15196e+06
202	339.208	6.23099e+06	4.56955e+07	7.99701e+06
203	339.208	6.44075e+06	5.81448e+07	8.54801e+06
204	339.208	6.31443e+06	7.78287e+07	8.80878e+06
205	339.208	6.2155e+06 	6.87898e+07	8.58505e+06
206	339.208	6.1384e+06 	6.13205e+07	8.62761e+06
207	339.208	6.38755e+06	6.22327e+07	9.08953e+06
208	339.208	6.35243e+06	5.71436e+07	8.57517e+06
209	339.208	6.11738e+06	6.07428e+07	8.19372e+06
210	339.208	6.24393e+06	5.25742e+07	8.35336e+06
211	339.208	6.13864e+06	6.22941e+07	8.67423e+06
212	339.208	6.36859e+06	6.30413e+07	9.03167e+06
213	339.208	6.47908e+06	5.69019e+07	8.99571e+06
214	339.208	6.45528e+06	8.98972e+07	8.86625e+06
215	339.208	6.61621e+06	6.27534e+07	8.74719e+06
216	339.208	6.49881e+06	5.16951e+07	8.17415e+06
217	339.208	6.55452e+06	6.60264e+07	8.64667e+06
218	339.208	6.5679e+06 	5.25262e+07	8.48293e+06
219	339.208	6.72501e+06	5.31888e+07	8.79903e+06
220	339.208	6.82058e+06	5.56975e+07	8.58776e+06
221	339.208	6.812e+06  	5.56975e+07	8.43202e+06
222	339.208	6.91891e+06	6.06464e+07	8.78086e+06
223	339.208	6.88153e+06	5.51006e+07	8.48628e+06
224	339.208	6.95809e+06	4.81447e+07	8.57896e+06
225	339.208	7.337e+06  	5.4502e+07 	9.43677e+06
226	339.208	6.8965e+06 	5.62606e+07	8.57389e+06
227	339.208	7.13991e+06	7.32036e+07	9.39585e+06
228	339.208	6.71184e+06	5.38307e+07	8.76922e+06
229	339.208	6.36249e+06	4.87491e+07	8.60099e+06
230	339.208	6.47896e+06	5.04917e+07	8.84445e+06
231	339.208	6.61799e+06	7.13256e+07	9.14684e+06
232	339.208	6.70336e+06	7.25691e+07	9.27485e+06
233	339.208	6.64566e+06	7.25691e+07	8.7862e+06 
234	339.208	6.45807e+06	4.8582e+07 	8.31614e+06
235	339.208	6.45948e+06	6.32092e+07	8.45372e+06
236	339.208	6.3358e+06 	6.10073e+07	8.24864e+06
237	339.208	6.39772e+06	5.7771e+07 	8.13239e+06
238	339.208	6.03784e+06	4.80333e+07	7.91891e+06
239	339.208	6.16483e+06	5.21552e+07	8.06332e+06
240	339.208	6.20568e+06	5.82931e+07	8.18942e+06
241	339.208	6.16762e+06	6.01487e+07	8.15448e+06
242	339.208	6.10999e+06	5.59129e+07	8.09885e+06
243	339.208	6.2224e+06 	5.95488e+07	8.13904e+06
244	339.208	6.5533e+06 	4.79838e+07	8.20084e+06
245	339.208	6.10293e+06	5.97802e+07	8.30641e+06
246	339.208	6.21552e+06	4.59318e+07	7.80798e+06
247	339.208	6.0855e+06 	4.41992e+07	7.68192e+06
248	339.208	5.88939e+06	4.78455e+07	7.4193e+06 
249	339.208	5.79344e+06	4.88949e+07	7.4651e+06 
250	339.208	5.98351e+06	6.49775e+07	7.65684e+06
251	292.496	6.20376e+06	5.28585e+07	7.94831e+06
252	292.496	6.04613e+06	4.79103e+07	8.02946e+06
253	292.496	5.97887e+06	5.45763e+07	7.88551e+06
254	292.496	5.7523e+06 	4.94172e+07	7.49918e+06
255	292.496	6.08135e+06	5.13841e+07	8.22098e+06
256	292.496	6.37434e+06	7.13933e+07	8.87995e+06
257	292.496	6.47006e+06	6.43621e+07	8.88824e+06
258	292.496	6.17516e+06	4.9302e+07 	7.96029e+06
259	292.496	6.20196e+06	4.33415e+07	7.64926e+06
260	292.496	6.34703e+06	4.20803e+07	7.77448e+06
261	292.496	6.20248e+06	5.09258e+07	7.7973e+06 
262	292.496	6.1781e+06 	4.70511e+07	7.87759e+06
263	292.496	6.40191e+06	5.58888e+07	8.22873e+06
264	292.496	6.33455e+06	5.59018e+07	8.43254e+06
265	292.496	6.45278e+06	5.45158e+07	8.6017e+06 
266	292.496	6.62095e+06	4.78793e+07	8.46224e+06
267	292.496	6.66005e+06	5.1229e+07 	8.61569e+06
268	292.496	6.63761e+06	5.14331e+07	8.66051e+06
269	292.496	6.56027e+06	6.04552e+07	8.87303e+06
270	292.496	6.69919e+06	5.99555e+07	8.99202e+06
271	292.496	6.83028e+06	5.78228e+07	8.83097e+06
272	292.496	6.61258e+06	6.12926e+07	8.83458e+06
273	292.496	6.68116e+06	6.10916e+07	8.65604e+06
274	292.496	6.51777e+06	5.60801e+07	8.40823e+06
275	292.496	6.61115e+06	5.5438e+07 	8.62497e+06
276	292.496	6.96921e+06	5.38331e+07	8.75462e+06
277	292.496	6.72867e+06	4.37406e+07	8.49272e+06
278	292.496	6.84402e+06	5.73258e+07	8.73548e+06
279	292.496	6.91323e+06	6.5056e+07 	9.12867e+06
280	292.496	7.03779e+06	6.24781e+07	9.20691e+06
281	292.496	7.02103e+06	7.4277e+07 	9.42869e+06
282	292.496	7.08987e+06	6.30823e+07	9.31101e+06
283	292.496	7.15954e+06	7.02869e+07	9.707e+06  
284	292.496	7.03578e+06	7.0473e+07 	9.29347e+06
285	292.496	6.95814e+06	6.8015e+07 	9.31617e+06
286	292.496	6.9991e+06 	5.50862e+07	9.27349e+06
287	292.496	6.95256e+06	6.43122e+07	9.59744e+06
288	292.496	7.10718e+06	6.49406e+07	9.58409e+06
289	292.496	6.98953e+06	7.18687e+07	9.45728e+06
290	292.496	6.87183e+06	5.58134e+07	9.53691e+06
291	292.496	6.8015e+06 	5.80307e+07	9.21571e+06
292	292.496	6.97875e+06	5.69975e+07	9.47888e+06
293	292.496	6.55459e+06	6.08165e+07	9.12422e+06
294	292.496	6.87234e+06	6.36333e+07	9.57216e+06
295	292.496	7.01133e+06	6.33438e+07	9.66838e+06
296	292.496	7.4653e+06 	6.6146e+07 	1.00715e+07
297	292.496	7.42427e+06	5.90227e+07	9.79895e+06
298	292.496	7.57057e+06	6.66976e+07	1.00991e+07
299	292.496	7.08833e+06	6.59557e+07	9.39671e+06
300	292.496	7.14957e+06	5.96154e+07	9.60304e+06
301	292.496	7.52581e+06	7.10469e+07	1.05341e+07
302	292.496	7.84628e+06	7.34561e+07	1.07371e+07
303	292.496	7.81278e+06	6.29185e+07	1.00571e+07
304	292.496	7.51669e+06	7.52941e+07	9.91006e+06
305	292.496	7.53632e+06	6.1255e+07 	9.92019e+06
306	292.496	7.487e+06  	6.11835e+07	9.74531e+06
307	292.496	7.39149e+06	6.96664e+07	9.99103e+06
308	292.496	7.10768e+06	5.60808e+07	9.15423e+06
309	292.496	6.8836e+06 	4.92567e+07	8.50056e+06
310	292.496	6.87081e+06	6.00516e+07	8.90084e+06
311	292.496	6.79391e+06	6.29774e+07	9.09459e+06
312	292.496	6.86709e+06	6.71341e+07	8.93885e+06
313	292.496	6.91902e+06	5.20947e+07	8.73629e+06
314	292.496	6.7331e+06 	6.15814e+07	8.69042e+06
315	292.496	6.83033e+06	5.86304e+07	8.8571e+06 
316	292.496	7.13104e+06	6.02524e+07	9.16238e+06
317	292.496	7.26071e+06	6.29279e+07	9.49034e+06
318	292.496	7.157e+06  	5.94167e+07	9.27513e+06
319	292.496	7.18925e+06	5.94167e+07	9.62632e+06
320	292.496	6.94228e+06	5.94167e+07	9.14499e+06
321	292.496	7.17237e+06	5.91796e+07	9.54238e+06
322	292.496	7.55888e+06	6.52254e+07	9.99833e+06
323	292.496	7.39887e+06	5.30042e+07	9.59736e+06
324	292.496	7.19238e+06	4.84852e+07	9.11232e+06
325	292.496	7.44498e+06	5.1019e+07 	9.44608e+06
326	292.496	7.10763e+06	5.85309e+07	9.13814e+06
327	292.496	6.92872e+06	4.6838e+07 	8.82719e+06
328	292.496	6.93727e+06	4.78162e+07	8.60335e+06
329	292.496	7.14041e+06	5.16294e+07	8.78663e+06
330	292.496	7.12333e+06	4.97806e+07	8.99752e+06
331	292.496	6.90949e+06	6.28697e+07	9.28123e+06
332	292.496	6.59573e+06	5.98038e+07	9.09242e+06
333	292.496	6.62627e+06	5.74421e+07	8.64298e+06
334	292.496	6.54885e+06	4.76096e+07	8.61695e+06
335	292.496	6.44658e+06	5.267e+07  	8.33319e+06
336	292.496	6.68933e+06	5.10495e+07	8.76223e+06
337	292.496	6.84765e+06	5.10495e+07	8.6739e+06 
338	292.496	7.06679e+06	6.03157e+07	9.29453e+06
339	292.496	7.15633e+06	5.86943e+07	9.16914e+06
340	292.496	7.08525e+06	6.27633e+07	8.73323e+06
341	292.496	7.07752e+06	7.07376e+07	9.3654e+06 
342	292.496	6.82772e+06	6.88237e+07	9.09122e+06
343	292.496	6.98022e+06	7.09096e+07	9.14709e+06
344	292.496	6.85008e+06	6.72849e+07	9.21153e+06
345	292.496	6.91417e+06	6.93696e+07	9.38822e+06
346	292.496	6.84407e+06	6.55339e+07	9.09952e+06
347	292.496	6.97534e+06	5.73984e+07	9.34279e+06
348	292.496	7.32283e+06	7.29421e+07	1.01744e+07
349	292.496	7.28229e+06	6.87821e+07	9.80584e+06
350	292.496	7.4849e+06 	6.69403e+07	1.02033e+07
351	292.496	7.20087e+06	6.64066e+07	9.44207e+06
352	292.496	7.24904e+06	6.86726e+07	9.26127e+06
353	292.496	7.23274e+06	6.7716e+07 	9.07084e+06
354	292.496	7.49909e+06	6.59324e+07	9.79992e+06
355	292.496	7.76471e+06	6.07108e+07	1.01454e+07
356	292.496	7.93107e+06	7.0892e+07 	1.02999e+07
357	292.496	7.7473e+06 	7.83076e+07	1.05583e+07
358	292.496	7.54751e+06	6.23615e+07	1.0072e+07 
359	292.496	7.48051e+06	7.52914e+07	9.8526e+06 
360	292.496	7.4414e+06 	7.52914e+07	9.86952e+06
361	292.496	7.08992e+06	5.94612e+07	9.24625e+06
362	292.496	7.15682e+06	5.94612e+07	9.14041e+06
363	292.496	7.3913e+06 	6.81782e+07	1.0049e+07 
364	292.496	7.51493e+06	6.08061e+07	9.61872e+06
365	292.496	7.35266e+06	6.15066e+07	9.94821e+06
366	292.496	7.21669e+06	6.31281e+07	9.66462e+06
367	292.496	7.1695e+06 	6.12862e+07	9.66035e+06
368	292.496	7.15058e+06	5.71107e+07	8.92368e+06
369	292.496	6.72115e+06	5.25036e+07	8.50675e+06
370	292.496	7.08728e+06	6.94969e+07	9.39264e+06
371	292.496	6.78507e+06	5.94312e+07	8.86578e+06
372	292.496	6.92618e+06	5.3294e+07 	9.04452e+06
373	292.496	7.1274e+06 	5.74294e+07	9.72542e+06
374	292.496	7.15702e+06	5.43389e+07	9.39905e+06
375	292.496	7.03662e+06	4.92709e+07	9.17005e+06
376	292.496	7.04886e+06	6.33143e+07	9.33502e+06
377	292.496	7.08919e+06	6.58155e+07	9.66269e+06
378	292.496	6.90682e+06	5.68005e+07	8.98545e+06
379	292.496	6.88129e+06	5.44791e+07	9.08641e+06
380	292.496	6.97042e+06	6.16791e+07	8.83885e+06
381	292.496	7.06187e+06	6.10493e+07	8.90898e+06
382	292.496	6.68839e+06	4.3645e+07 	8.32304e+06
383	292.496	6.44434e+06	5.92443e+07	8.3541e+06 
384	292.496	6.60434e+06	5.37976e+07	8.45699e+06
385	292.496	6.85254e+06	5.37976e+07	8.70222e+06
386	291.799	6.69213e+06	5.96535e+07	8.5855e+06 
387	291.799	7.20431e+06	5.17694e+07	8.95859e+06
388	291.799	7.01238e+06	6.44933e+07	9.03187e+06
389	291.799	6.94771e+06	5.76666e+07	9.03842e+06
390	291.799	6.57816e+06	6.01857e+07	8.90922e+06
391	291.799	6.46558e+06	6.05749e+07	8.91152e+06
392	291.799	6.4453e+06 	6.36766e+07	8.83752e+06
393	291.799	6.69111e+06	6.38913e+07	8.90946e+06
394	291.799	6.88636e+06	5.72633e+07	9.22697e+06
395	291.799	6.89917e+06	6.46035e+07	9.03141e+06
396	291.799	7.01108e+06	5.44791e+07	8.87303e+06
397	291.799	7.17612e+06	5.00116e+07	8.88396e+06
398	291.799	7.29526e+06	6.0945e+07 	9.14884e+06
399	291.799	7.1548e+06 	6.21352e+07	9.3305e+06 
400	291.799	7.08237e+06	5.56426e+07	9.1545e+06 
401	291.799	6.88911e+06	6.63318e+07	9.2344e+06 
402	291.799	7.05959e+06	6.49092e+07	9.43309e+06
403	291.799	7.1995e+06 	6.82284e+07	9.5854e+06 
404	291.799	6.98524e+06	7.15298e+07	9.27352e+06
405	291.799	7.00816e+06	6.08467e+07	9.04009e+06
406	291.799	6.7798e+06 	6.14765e+07	8.4912e+06 
407	291.799	6.92261e+06	6.67528e+07	8.94656e+06
408	291.799	6.94074e+06	5.92929e+07	8.76512e+06
409	291.799	6.82543e+06	6.10524e+07	8.71012e+06
410	291.799	7.00839e+06	5.98412e+07	9.13733e+06
411	291.799	7.1063e+06 	7.02839e+07	8.92968e+06
412	291.799	6.81895e+06	6.0962e+07 	8.57896e+06
413	291.799	6.9287e+06 	5.7554e+07 	8.72501e+06
414	291.799	6.78981e+06	4.81834e+07	8.24466e+06
415	291.799	6.99498e+06	6.37403e+07	9.10957e+06
416	291.799	7.20393e+06	5.14884e+07	9.13869e+06
417	291.799	7.18618e+06	4.47553e+07	8.88844e+06
418	291.799	7.13819e+06	6.12378e+07	9.62078e+06
419	291.799	6.92962e+06	5.22745e+07	9.1636e+06 
420	291.799	6.98873e+06	5.11327e+07	9.259e+06  
421	291.799	7.24185e+06	6.29476e+07	9.48191e+06
422	291.799	7.48975e+06	6.053e+07  	9.39314e+06
423	291.799	7.50784e+06	6.37572e+07	9.49955e+06
424	291.799	7.11187e+06	6.66047e+07	9.54017e+06
425	291.799	7.26103e+06	5.9398e+07 	9.55228e+06
426	291.799	7.3857e+06 	6.38713e+07	1.02104e+07
427	291.799	7.44399e+06	6.31733e+07	1.00934e+07
428	291.799	7.24081e+06	6.07579e+07	9.81553e+06
429	291.799	7.35477e+06	6.36708e+07	9.55275e+06
430	291.799	7.26902e+06	6.04318e+07	9.4135e+06 
431	291.799	7.44108e+06	5.57897e+07	9.37985e+06
432	291.799	7.22826e+06	8.22711e+07	9.64489e+06
433	291.799	7.08293e+06	6.19936e+07	9.4572e+06 
434	291.799	7.12482e+06	6.19936e+07	9.51186e+06
435	291.799	6.8969e+06 	6.61495e+07	8.98113e+06
436	291.799	6.75134e+06	5.7636e+07 	8.58197e+06
437	291.799	6.65149e+06	5.7469e+07 	8.3168e+06 
438	291.799	7.04061e+06	5.65609e+07	8.74719e+06
439	291.799	6.91989e+06	5.32865e+07	8.60875e+06
440	291.799	6.79298e+06	5.17588e+07	8.59894e+06
441	291.799	6.90821e+06	6.07317e+07	9.08927e+06
442	291.799	6.71746e+06	5.79296e+07	9.08052e+06
443	291.799	6.84671e+06	5.76852e+07	9.27867e+06
444	291.799	7.00553e+06	5.3413e+07 	9.28034e+06
445	291.799	7.2385e+06 	5.4581e+07 	9.52755e+06
446	291.799	7.058e+06  	6.35094e+07	9.1094e+06 
447	291.799	7.11624e+06	5.90105e+07	9.11209e+06
448	291.799	7.17266e+06	5.22218e+07	8.91719e+06
449	291.799	7.12019e+06	6.23763e+07	9.13288e+06
450	291.799	7.17145e+06	6.23763e+07	9.02506e+06
451	291.799	6.8203e+06 	6.4951e+07 	8.82337e+06
452	291.799	6.79499e+06	6.27733e+07	8.75564e+06
453	291.799	7.02426e+06	6.1055e+07 	8.93221e+06
454	291.799	7.22025e+06	5.73276e+07	9.24188e+06
455	291.799	7.31009e+06	5.66929e+07	9.04687e+06
456	291.799	7.37774e+06	5.81066e+07	9.06521e+06
457	291.799	7.71857e+06	6.18818e+07	9.75527e+06
458	291.799	7.61331e+06	6.27641e+07	9.70009e+06
459	291.799	7.47367e+06	6.1905e+07 	9.4253e+06 
460	291.799	7.49088e+06	6.31139e+07	9.4489e+06 
461	291.799	7.31565e+06	5.78269e+07	9.61164e+06
462	291.799	7.21971e+06	5.81224e+07	9.05257e+06
463	291.799	6.93155e+06	5.47184e+07	8.73473e+06
464	291.799	7.2341e+06 	7.0208e+07 	9.33597e+06
465	291.799	7.07294e+06	7.0208e+07 	9.34398e+06
466	291.799	7.0628e+06 	6.25977e+07	8.96085e+06
467	291.799	7.22704e+06	5.98331e+07	8.77075e+06
468	291.799	7.34158e+06	5.20391e+07	9.0478e+06 
469	291.799	7.31007e+06	6.50146e+07	9.76228e+06
470	291.799	6.97368e+06	5.82113e+07	9.52149e+06
471	291.799	7.01661e+06	5.40573e+07	9.15406e+06
472	291.799	6.8069e+06 	5.62257e+07	9.28831e+06
473	291.799	6.85597e+06	6.78047e+07	9.1218e+06 
474	291.799	6.91773e+06	6.37701e+07	9.01238e+06
475	291.799	6.59613e+06	6.17017e+07	8.6242e+06 
476	291.799	6.87771e+06	4.91905e+07	9.05031e+06
477	291.799	7.08166e+06	5.37441e+07	9.28442e+06
478	291.799	7.14698e+06	6.75923e+07	9.48872e+06
479	291.799	7.44558e+06	5.51435e+07	9.42506e+06
480	291.799	7.26959e+06	5.55671e+07	9.35105e+06
481	291.799	7.23931e+06	5.26584e+07	9.03157e+06
482	291.799	7.38674e+06	6.09951e+07	9.43019e+06
483	291.799	7.27655e+06	6.09951e+07	9.51093e+06
484	291.799	7.65095e+06	6.48362e+07	1.00081e+07
485	291.799	7.83023e+06	1.00724e+08	1.02921e+07
486	291.799	7.83985e+06	1.00724e+08	1.0752e+07 
487	291.799	7.72442e+06	6.28835e+07	9.85794e+06
488	291.799	7.96074e+06	6.75064e+07	1.01727e+07
489	291.799	8.04285e+06	6.69403e+07	1.06256e+07
490	291.799	7.90067e+06	6.58292e+07	1.01905e+07
491	291.799	7.72074e+06	6.32393e+07	9.91215e+06
492	291.799	7.59325e+06	6.24201e+07	9.85902e+06
493	291.799	7.41041e+06	6.92881e+07	9.81199e+06
494	291.799	7.74681e+06	5.37656e+07	9.72236e+06
495	291.799	7.81054e+06	5.69466e+07	9.98606e+06
496	291.799	7.85111e+06	6.8587e+07 	1.01958e+07
497	291.799	7.83017e+06	6.94928e+07	1.00623e+07
498	291.799	7.48064e+06	6.65069e+07	9.79305e+06
499	291.799	7.46899e+06	7.58445e+07	9.85246e+06
76.27000001
