/usr/lib/python2.7/site-packages/deap/tools/_hypervolume/pyhv.py:33: ImportWarning: Falling back to the python version of hypervolume module. Expect this to be very slow.
  "module. Expect this to be very slow.", ImportWarning)
gen	min        	avg        	max        	std        
0  	2.32595e+08	2.53121e+09	8.25601e+10	5.01807e+09
1  	2.32595e+08	2.57229e+09	6.6851e+10 	4.71089e+09
2  	2.1692e+08 	2.32576e+09	3.48384e+10	3.40149e+09
3  	2.1692e+08 	2.27515e+09	4.08429e+10	3.49729e+09
4  	2.1692e+08 	2.19415e+09	3.48988e+10	3.20259e+09
5  	2.1692e+08 	2.22523e+09	3.62884e+10	3.42841e+09
6  	2.1692e+08 	2.32858e+09	6.27686e+10	4.19154e+09
7  	2.09043e+08	2.14152e+09	3.89087e+10	3.0552e+09 
8  	2.09043e+08	2.05909e+09	3.40574e+10	2.7928e+09 
9  	2.09043e+08	2.08688e+09	3.49272e+10	2.88774e+09
10 	2.09043e+08	2.10426e+09	3.31306e+10	2.7995e+09 
11 	2.09043e+08	2.06574e+09	2.84407e+10	2.66277e+09
12 	2.09043e+08	2.15634e+09	4.74791e+10	3.38603e+09
13 	2.01068e+08	2.00847e+09	2.85209e+10	2.36737e+09
14 	2.01068e+08	2.00191e+09	2.71933e+10	2.27816e+09
15 	2.01068e+08	2.03704e+09	2.35567e+10	2.37702e+09
16 	2.01068e+08	2.0522e+09 	2.10565e+10	2.44393e+09
17 	2.01068e+08	2.17315e+09	3.94761e+10	3.03292e+09
18 	2.01068e+08	2.21572e+09	6.01026e+10	3.78246e+09
19 	2.01068e+08	2.12396e+09	4.03137e+10	2.96265e+09
20 	2.01068e+08	1.95208e+09	1.79984e+10	1.96647e+09
21 	2.01068e+08	2.02525e+09	3.88218e+10	2.51041e+09
22 	2.01068e+08	2.06418e+09	3.31365e+10	2.61224e+09
23 	2.01068e+08	2.03238e+09	3.18288e+10	2.63123e+09
24 	2.01068e+08	2.13593e+09	3.48271e+10	3.08263e+09
25 	2.01068e+08	2.09826e+09	3.16887e+10	2.91016e+09
26 	2.01068e+08	2.06253e+09	2.99626e+10	2.74107e+09
27 	2.01068e+08	2.06679e+09	3.25208e+10	2.93353e+09
28 	1.94533e+08	2.01373e+09	3.51273e+10	2.84845e+09
29 	1.94533e+08	2.01509e+09	5.96955e+10	3.14622e+09
30 	1.94533e+08	1.85782e+09	1.54752e+10	1.89095e+09
31 	1.94533e+08	1.9296e+09 	1.46386e+10	1.92368e+09
32 	1.94533e+08	1.97421e+09	5.28549e+10	2.69186e+09
33 	1.94533e+08	1.90452e+09	2.32134e+10	2.12833e+09
34 	1.94533e+08	2.07808e+09	5.07937e+10	3.14405e+09
35 	1.94533e+08	2.1617e+09 	9.44821e+10	4.50026e+09
36 	1.86959e+08	2.0577e+09 	7.05218e+10	3.40854e+09
37 	1.86959e+08	1.9908e+09 	3.21118e+10	2.74131e+09
38 	1.86959e+08	1.88224e+09	2.46992e+10	2.04721e+09
39 	1.86959e+08	1.98721e+09	2.15524e+10	2.36804e+09
40 	1.86959e+08	1.97014e+09	3.36841e+10	2.60279e+09
41 	1.75784e+08	1.93049e+09	2.76613e+10	2.306e+09  
42 	1.75784e+08	1.95084e+09	2.05365e+10	2.27729e+09
43 	1.75784e+08	1.9601e+09 	3.03976e+10	2.51646e+09
44 	1.75784e+08	2.01751e+09	2.26306e+10	2.37553e+09
45 	1.75784e+08	2.07559e+09	2.41113e+10	2.70694e+09
46 	1.6036e+08 	2.24262e+09	5.18566e+10	3.76627e+09
47 	1.6036e+08 	2.15035e+09	5.69396e+10	3.33734e+09
48 	1.6036e+08 	2.13096e+09	6.21696e+10	3.47085e+09
49 	1.59649e+08	2.20073e+09	5.1976e+10 	3.46273e+09
50 	1.59649e+08	2.18339e+09	4.77923e+10	3.64561e+09
51 	1.49998e+08	2.11321e+09	3.66517e+10	3.2356e+09 
52 	1.4903e+08 	2.03712e+09	3.17339e+10	2.81694e+09
53 	1.4903e+08 	2.02058e+09	3.3415e+10 	2.98211e+09
54 	1.38015e+08	2.14137e+09	6.30733e+10	3.95521e+09
55 	1.38015e+08	2.04955e+09	2.58003e+10	2.79564e+09
56 	1.38015e+08	2.00571e+09	2.73811e+10	2.70114e+09
57 	1.32059e+08	2.08089e+09	5.74596e+10	3.15291e+09
58 	1.32059e+08	2.06604e+09	2.18119e+10	2.51836e+09
59 	1.32059e+08	2.05863e+09	2.21228e+10	2.57233e+09
60 	1.32059e+08	2.07516e+09	4.16155e+10	3.20163e+09
61 	1.31511e+08	2.03392e+09	3.11492e+10	2.80665e+09
62 	1.31511e+08	2.01916e+09	3.08183e+10	2.55247e+09
63 	1.31511e+08	2.05396e+09	5.00955e+10	3.32151e+09
64 	1.31511e+08	2.31426e+09	1.52838e+11	7.85183e+09
65 	1.31511e+08	2.20627e+09	8.29736e+10	4.75241e+09
66 	1.31511e+08	1.99203e+09	5.6499e+10 	3.15367e+09
67 	1.31511e+08	2.02011e+09	4.87527e+10	3.01983e+09
68 	1.22741e+08	2.03353e+09	3.05071e+10	2.83069e+09
69 	1.22206e+08	2.10883e+09	2.89279e+10	2.9272e+09 
70 	1.22206e+08	2.05001e+09	3.73189e+10	2.78966e+09
71 	1.22206e+08	2.02081e+09	2.59312e+10	2.55781e+09
72 	1.19946e+08	2.06057e+09	3.27079e+10	2.7148e+09 
73 	1.19946e+08	2.02228e+09	2.44228e+10	2.59959e+09
74 	1.19946e+08	2.07449e+09	2.76965e+10	2.91215e+09
75 	1.19946e+08	2.10058e+09	5.21761e+10	3.2897e+09 
76 	1.19946e+08	2.10656e+09	5.01085e+10	3.05501e+09
77 	1.19946e+08	2.01139e+09	3.02235e+10	2.67295e+09
78 	1.19946e+08	2.07238e+09	4.73088e+10	3.27888e+09
79 	1.19946e+08	1.96294e+09	2.39623e+10	2.48629e+09
80 	1.19946e+08	2.0424e+09 	3.50542e+10	2.81484e+09
81 	1.19946e+08	1.94672e+09	2.4072e+10 	2.47369e+09
82 	1.19946e+08	2.03481e+09	6.27175e+10	3.67629e+09
83 	1.19946e+08	2.10792e+09	7.64279e+10	4.13695e+09
84 	1.1653e+08 	2.05556e+09	5.90926e+10	3.39658e+09
85 	1.11705e+08	1.92198e+09	2.35658e+10	2.3094e+09 
86 	1.11705e+08	1.92411e+09	2.78342e+10	2.54078e+09
87 	1.11705e+08	1.94876e+09	4.54059e+10	2.90325e+09
88 	1.11705e+08	1.99517e+09	5.57291e+10	3.17478e+09
89 	1.11705e+08	1.98476e+09	3.19043e+10	2.82113e+09
90 	1.11705e+08	2.01332e+09	3.22132e+10	2.73514e+09
91 	1.11705e+08	2.02893e+09	2.82622e+10	2.66087e+09
92 	1.11705e+08	2.01827e+09	2.59892e+10	2.64006e+09
93 	1.11705e+08	1.96193e+09	3.21183e+10	2.58182e+09
94 	1.11705e+08	1.87417e+09	2.31974e+10	2.23695e+09
95 	1.11705e+08	1.81231e+09	2.45117e+10	2.12585e+09
96 	1.11705e+08	1.96509e+09	4.37363e+10	2.90606e+09
97 	1.11705e+08	1.99568e+09	3.05915e+10	2.61593e+09
98 	1.11705e+08	1.90276e+09	3.40767e+10	2.51664e+09
99 	8.02571e+07	1.9115e+09 	7.56501e+10	3.36228e+09
100	7.89165e+07	1.9831e+09 	6.02218e+10	3.29261e+09
101	7.89165e+07	1.97576e+09	4.56964e+10	2.92356e+09
102	7.89165e+07	1.97041e+09	3.83861e+10	2.94055e+09
103	7.89165e+07	1.9066e+09 	2.76666e+10	2.49856e+09
104	7.89165e+07	1.89132e+09	2.61857e+10	2.2849e+09 
105	7.89165e+07	1.89851e+09	2.7417e+10 	2.35452e+09
106	7.89165e+07	1.8362e+09 	2.3729e+10 	2.13939e+09
107	7.89165e+07	1.76784e+09	2.37947e+10	2.06275e+09
108	7.89165e+07	1.81566e+09	2.51277e+10	2.20097e+09
109	7.89165e+07	1.83846e+09	2.51277e+10	2.24914e+09
110	7.89165e+07	1.85668e+09	1.93499e+10	2.06027e+09
111	7.89165e+07	1.82926e+09	2.83683e+10	2.21852e+09
112	7.89165e+07	1.91137e+09	2.64714e+10	2.48105e+09
113	7.77196e+07	1.78835e+09	1.99357e+10	1.9617e+09 
114	7.77196e+07	1.7556e+09 	1.91366e+10	1.82033e+09
115	7.77196e+07	1.80902e+09	1.97176e+10	1.99968e+09
116	7.77196e+07	1.88677e+09	3.22959e+10	2.67417e+09
117	7.77196e+07	1.91921e+09	3.05381e+10	2.86346e+09
118	7.77196e+07	1.93853e+09	4.43302e+10	3.10639e+09
119	7.77196e+07	1.99146e+09	8.76867e+10	3.83476e+09
120	7.77196e+07	1.97146e+09	4.4042e+10 	3.13283e+09
121	7.77196e+07	1.81935e+09	2.43215e+10	2.13382e+09
122	7.77196e+07	1.76e+09   	1.40158e+10	1.89161e+09
123	7.77196e+07	1.78376e+09	2.09761e+10	1.97047e+09
124	7.77196e+07	1.81684e+09	2.19674e+10	1.96692e+09
125	7.77196e+07	1.77302e+09	2.19674e+10	1.95551e+09
126	7.77196e+07	1.67424e+09	1.49699e+10	1.58102e+09
127	7.77196e+07	1.75497e+09	1.24334e+10	1.72503e+09
128	7.77196e+07	1.84004e+09	2.71811e+10	2.3791e+09 
129	7.77196e+07	1.74498e+09	1.53499e+10	1.90826e+09
130	7.77196e+07	1.83309e+09	1.83758e+10	2.09068e+09
131	7.77196e+07	1.764e+09  	1.7363e+10 	2.05593e+09
132	7.77196e+07	1.76873e+09	1.67064e+10	1.9444e+09 
133	7.77196e+07	1.77675e+09	1.87658e+10	1.96585e+09
134	7.77196e+07	1.85402e+09	4.45789e+10	2.64132e+09
135	7.77196e+07	1.79435e+09	2.04197e+10	2.17059e+09
136	7.77196e+07	1.81664e+09	2.50351e+10	2.24216e+09
137	7.77196e+07	1.83915e+09	2.98941e+10	2.41079e+09
138	7.77196e+07	1.90361e+09	4.06226e+10	2.77533e+09
139	7.77196e+07	1.77408e+09	2.81246e+10	2.18126e+09
140	7.77196e+07	1.83849e+09	2.09636e+10	2.37579e+09
141	7.77196e+07	1.79208e+09	1.65873e+10	2.12688e+09
142	7.77196e+07	1.68306e+09	1.84722e+10	1.78766e+09
143	7.77196e+07	1.72385e+09	1.59769e+10	1.81426e+09
144	7.77196e+07	1.85775e+09	2.99098e+10	2.48692e+09
145	7.77196e+07	1.79875e+09	2.30154e+10	2.26925e+09
146	7.77196e+07	1.79241e+09	2.24781e+10	2.25913e+09
147	7.77196e+07	1.83264e+09	2.18259e+10	2.36198e+09
148	7.77196e+07	1.7526e+09 	1.82981e+10	2.06382e+09
149	7.77196e+07	1.69581e+09	2.33601e+10	1.95153e+09
150	7.77196e+07	1.68735e+09	2.33601e+10	1.81267e+09
151	7.77196e+07	1.63687e+09	1.59419e+10	1.62583e+09
152	7.77196e+07	1.59881e+09	1.76118e+10	1.54503e+09
153	7.77196e+07	1.60605e+09	1.60232e+10	1.5798e+09 
154	7.77196e+07	1.77376e+09	3.03282e+10	2.40571e+09
155	7.77196e+07	1.76444e+09	1.8807e+10 	2.05276e+09
156	7.77196e+07	1.84492e+09	2.77219e+10	2.41533e+09
157	7.61515e+07	1.77092e+09	2.57245e+10	2.13164e+09
158	7.61515e+07	1.75621e+09	2.88384e+10	2.16979e+09
159	7.61515e+07	1.75898e+09	2.77018e+10	2.32128e+09
160	7.39241e+07	1.87637e+09	5.1517e+10 	2.80278e+09
161	7.39241e+07	1.73422e+09	1.92156e+10	1.88188e+09
162	7.39241e+07	1.68919e+09	1.84024e+10	1.81578e+09
163	7.31062e+07	1.72668e+09	2.41421e+10	1.97941e+09
164	7.31062e+07	1.66884e+09	1.45481e+10	1.78146e+09
165	7.31062e+07	1.65928e+09	2.85901e+10	2.07401e+09
166	7.31062e+07	1.65427e+09	2.03316e+10	1.82013e+09
167	7.31062e+07	1.70722e+09	2.13268e+10	1.92829e+09
168	7.31062e+07	1.60589e+09	1.60437e+10	1.61884e+09
169	7.31062e+07	1.6443e+09 	1.71129e+10	1.804e+09  
170	7.31062e+07	1.6812e+09 	2.6119e+10 	2.09942e+09
171	7.31062e+07	1.74341e+09	2.66564e+10	2.45921e+09
172	7.31062e+07	1.87741e+09	3.07772e+10	3.03507e+09
173	7.31062e+07	1.80078e+09	3.30473e+10	2.69546e+09
174	7.31062e+07	1.76078e+09	3.09945e+10	2.51221e+09
175	7.31062e+07	1.7761e+09 	3.71533e+10	2.71996e+09
176	7.31062e+07	1.74058e+09	2.65392e+10	2.25451e+09
177	7.31062e+07	1.86364e+09	4.55851e+10	3.08823e+09
178	7.31062e+07	1.76478e+09	4.45573e+10	2.51089e+09
179	7.31062e+07	1.89746e+09	5.78811e+10	3.60893e+09
180	7.31062e+07	1.71976e+09	3.17049e+10	2.39419e+09
181	7.31062e+07	1.72472e+09	2.24539e+10	2.29214e+09
182	7.31062e+07	1.71527e+09	2.41487e+10	2.27172e+09
183	7.05703e+07	1.83112e+09	4.51829e+10	3.08747e+09
184	6.72957e+07	1.74922e+09	3.44318e+10	2.58813e+09
185	6.72957e+07	1.62424e+09	2.17764e+10	1.84419e+09
186	6.72957e+07	1.58503e+09	2.77471e+10	1.73144e+09
187	6.72957e+07	1.6463e+09 	1.85279e+10	1.90544e+09
188	6.72957e+07	1.66756e+09	1.71077e+10	1.89736e+09
189	6.72957e+07	1.68584e+09	2.38115e+10	1.91183e+09
190	6.72957e+07	1.70438e+09	2.27791e+10	1.98518e+09
191	6.72957e+07	1.65548e+09	2.03495e+10	1.87087e+09
192	6.72957e+07	1.6316e+09 	1.73277e+10	1.75685e+09
193	6.72957e+07	1.66479e+09	1.49643e+10	1.86596e+09
194	6.72957e+07	1.64978e+09	2.11644e+10	1.84622e+09
195	6.72957e+07	1.59649e+09	1.41438e+10	1.57836e+09
196	6.72957e+07	1.65102e+09	1.58803e+10	1.83385e+09
197	6.72957e+07	1.62567e+09	1.62562e+10	1.80054e+09
198	6.72957e+07	1.61426e+09	1.64368e+10	1.83645e+09
199	6.72957e+07	1.65274e+09	1.79989e+10	1.94439e+09
200	6.72957e+07	1.62642e+09	1.87876e+10	1.91447e+09
201	6.72957e+07	1.65828e+09	2.78807e+10	2.07788e+09
202	6.72957e+07	1.64137e+09	2.22927e+10	1.94873e+09
203	6.72957e+07	1.69728e+09	2.28915e+10	2.14208e+09
204	6.72957e+07	1.71487e+09	2.74426e+10	2.2759e+09 
205	6.20264e+07	1.78862e+09	2.93866e+10	2.56423e+09
206	6.20264e+07	1.74779e+09	2.41744e+10	2.26865e+09
207	6.20264e+07	1.70608e+09	2.20354e+10	2.0918e+09 
208	5.90971e+07	1.72754e+09	2.37608e+10	2.21295e+09
209	5.90971e+07	1.74693e+09	2.80792e+10	2.3171e+09 
210	5.90971e+07	1.65965e+09	2.17467e+10	1.85925e+09
211	5.90971e+07	1.66503e+09	2.1873e+10 	1.98666e+09
212	5.90971e+07	1.66713e+09	1.84373e+10	1.85925e+09
213	5.90971e+07	1.6813e+09 	1.96644e+10	2.03933e+09
214	5.90971e+07	1.62426e+09	1.56554e+10	1.76421e+09
215	5.90971e+07	1.6472e+09 	2.12035e+10	2.04619e+09
216	5.90971e+07	1.73576e+09	2.45199e+10	2.21635e+09
217	5.90971e+07	1.58737e+09	3.56013e+10	2.05432e+09
218	5.90971e+07	1.5316e+09 	1.44191e+10	1.60575e+09
219	5.90971e+07	1.58539e+09	1.48478e+10	1.73512e+09
220	5.90971e+07	1.65877e+09	2.65651e+10	2.26869e+09
221	5.90971e+07	1.6612e+09 	3.79174e+10	2.54649e+09
222	5.90971e+07	1.6337e+09 	4.26989e+10	2.33725e+09
223	5.90971e+07	1.63227e+09	2.24123e+10	1.98837e+09
224	5.90971e+07	1.64384e+09	2.48938e+10	1.98143e+09
225	5.90971e+07	1.6678e+09 	2.32786e+10	2.08754e+09
226	5.90971e+07	1.65816e+09	2.21095e+10	1.93274e+09
227	5.90971e+07	1.59506e+09	1.8421e+10 	1.67669e+09
228	5.90971e+07	1.60297e+09	1.8421e+10 	1.76626e+09
229	5.90971e+07	1.62339e+09	1.88593e+10	1.87779e+09
230	5.90971e+07	1.5623e+09 	1.61476e+10	1.66827e+09
231	5.90971e+07	1.58762e+09	1.47341e+10	1.73998e+09
232	5.90971e+07	1.58527e+09	1.66105e+10	1.75603e+09
233	5.90971e+07	1.58789e+09	1.89775e+10	1.91148e+09
234	5.90971e+07	1.56676e+09	2.4605e+10 	1.80824e+09
235	5.90971e+07	1.54053e+09	2.14811e+10	1.71873e+09
236	5.90971e+07	1.52805e+09	1.68981e+10	1.7207e+09 
237	5.90971e+07	1.50378e+09	1.68981e+10	1.50324e+09
238	5.90971e+07	1.4539e+09 	1.65728e+10	1.37819e+09
239	5.90971e+07	1.50984e+09	1.49531e+10	1.57234e+09
240	5.88117e+07	1.51985e+09	2.40115e+10	1.87013e+09
241	5.88117e+07	1.52424e+09	2.40115e+10	1.85606e+09
242	5.77439e+07	1.55593e+09	3.52422e+10	2.16435e+09
243	5.77439e+07	1.60421e+09	3.64567e+10	2.52821e+09
244	5.77439e+07	1.68162e+09	3.8065e+10 	2.7276e+09 
245	5.77439e+07	1.63544e+09	3.20095e+10	2.48918e+09
246	5.77439e+07	1.57234e+09	2.82839e+10	2.01027e+09
247	5.77439e+07	1.64827e+09	2.82839e+10	2.35973e+09
248	5.77439e+07	1.64777e+09	2.95385e+10	2.31942e+09
249	5.71047e+07	1.56683e+09	1.86127e+10	1.8296e+09 
250	5.71047e+07	1.61008e+09	1.51884e+10	1.89031e+09
251	5.71047e+07	1.65421e+09	2.37656e+10	2.09548e+09
252	5.71047e+07	1.55658e+09	1.90264e+10	1.79733e+09
253	5.71047e+07	1.53673e+09	1.67032e+10	1.78794e+09
254	5.71047e+07	1.66964e+09	4.50456e+10	2.64636e+09
255	5.71047e+07	1.63564e+09	3.74807e+10	2.52969e+09
256	5.71047e+07	1.60176e+09	3.28194e+10	2.14379e+09
257	5.71047e+07	1.62477e+09	2.3536e+10 	2.02689e+09
258	5.71047e+07	1.6276e+09 	2.43986e+10	2.03326e+09
259	5.71047e+07	1.60361e+09	1.42419e+10	1.91308e+09
260	5.71047e+07	1.64846e+09	2.63734e+10	2.1538e+09 
261	5.71047e+07	1.52167e+09	2.21256e+10	1.74425e+09
262	5.71047e+07	1.52687e+09	2.49244e+10	1.84908e+09
263	5.71047e+07	1.4762e+09 	1.56874e+10	1.62756e+09
264	5.71047e+07	1.47587e+09	1.49856e+10	1.5883e+09 
265	5.71047e+07	1.50572e+09	1.63993e+10	1.70455e+09
266	5.71047e+07	1.62417e+09	4.72301e+10	2.67068e+09
267	5.71047e+07	1.58587e+09	2.29673e+10	2.07567e+09
268	5.71047e+07	1.5783e+09 	2.78539e+10	2.09264e+09
269	5.71047e+07	1.75345e+09	7.96441e+10	3.77225e+09
270	5.71047e+07	1.56814e+09	2.29913e+10	1.96861e+09
271	5.71047e+07	1.57939e+09	1.90437e+10	1.9688e+09 
272	5.67045e+07	1.52971e+09	1.71278e+10	1.86413e+09
273	5.67045e+07	1.55981e+09	1.94328e+10	1.86941e+09
274	5.67045e+07	1.51891e+09	2.27358e+10	1.95993e+09
275	5.49625e+07	1.55619e+09	3.54949e+10	2.3239e+09 
276	5.40613e+07	1.48492e+09	2.30371e+10	1.72692e+09
277	5.40613e+07	1.47015e+09	1.6626e+10 	1.52064e+09
278	4.37505e+07	1.46556e+09	1.74702e+10	1.69289e+09
279	4.37505e+07	1.51716e+09	1.97027e+10	1.80399e+09
280	4.37505e+07	1.54379e+09	1.9715e+10 	2.04901e+09
281	4.37505e+07	1.54257e+09	3.4078e+10 	2.36044e+09
282	4.37505e+07	1.50795e+09	2.33893e+10	1.90899e+09
283	4.37505e+07	1.47094e+09	2.01083e+10	1.63635e+09
284	4.37505e+07	1.46348e+09	1.30461e+10	1.54134e+09
285	4.37505e+07	1.4883e+09 	2.37754e+10	1.68987e+09
286	4.37505e+07	1.42292e+09	1.45457e+10	1.42059e+09
287	4.37505e+07	1.47943e+09	1.80729e+10	1.58035e+09
288	4.37505e+07	1.45663e+09	1.56284e+10	1.56231e+09
289	4.37505e+07	1.50746e+09	1.3527e+10 	1.68627e+09
290	4.37505e+07	1.58479e+09	1.76911e+10	1.96553e+09
291	4.37505e+07	1.58134e+09	1.85555e+10	1.91961e+09
292	4.37505e+07	1.61359e+09	3.29392e+10	2.23274e+09
293	4.37505e+07	1.53486e+09	1.73331e+10	1.75588e+09
294	4.37505e+07	1.55943e+09	1.64762e+10	1.72507e+09
295	4.37505e+07	1.61706e+09	1.9588e+10 	1.98318e+09
296	4.37505e+07	1.59525e+09	2.21409e+10	1.92008e+09
297	4.37505e+07	1.54049e+09	2.21361e+10	1.84929e+09
298	4.37505e+07	1.47622e+09	1.61083e+10	1.62538e+09
299	4.15903e+07	1.38313e+09	2.04681e+10	1.43522e+09
300	4.15903e+07	1.36496e+09	1.69273e+10	1.44016e+09
301	4.15903e+07	1.43496e+09	1.64797e+10	1.67363e+09
302	4.15903e+07	1.39735e+09	1.08744e+10	1.35168e+09
303	4.15903e+07	1.39079e+09	1.70773e+10	1.54905e+09
304	4.15903e+07	1.50467e+09	2.58944e+10	2.03848e+09
305	4.15903e+07	1.42941e+09	1.81374e+10	1.71248e+09
306	4.15903e+07	1.47992e+09	2.55047e+10	1.93548e+09
307	4.15903e+07	1.4335e+09 	1.85331e+10	1.65913e+09
308	4.15903e+07	1.44318e+09	1.36754e+10	1.48685e+09
309	4.15903e+07	1.43564e+09	2.60499e+10	1.62087e+09
310	4.15903e+07	1.45884e+09	2.56307e+10	1.81009e+09
311	4.15903e+07	1.54314e+09	2.57881e+10	2.09538e+09
312	4.15903e+07	1.5924e+09 	2.23376e+10	2.25732e+09
313	4.15903e+07	1.56329e+09	2.66008e+10	2.3306e+09 
314	4.15903e+07	1.53963e+09	1.64256e+10	1.89254e+09
315	4.15903e+07	1.57499e+09	1.69492e+10	1.9674e+09 
316	4.15903e+07	1.57426e+09	3.61863e+10	2.23904e+09
317	4.15903e+07	1.47765e+09	1.3239e+10 	1.61118e+09
318	3.96301e+07	1.51599e+09	1.7973e+10 	1.76421e+09
319	3.96301e+07	1.52837e+09	1.83912e+10	1.77467e+09
320	3.96301e+07	1.52668e+09	2.07954e+10	1.89978e+09
321	3.96301e+07	1.56807e+09	1.90666e+10	2.06746e+09
322	3.96301e+07	1.58116e+09	1.94063e+10	2.09411e+09
323	3.96301e+07	1.53191e+09	2.60191e+10	2.14178e+09
324	3.96301e+07	1.60558e+09	2.69035e+10	2.35612e+09
325	3.96301e+07	1.66455e+09	2.69035e+10	2.5796e+09 
326	3.96301e+07	1.55228e+09	2.69035e+10	2.33431e+09
327	3.96301e+07	1.46339e+09	1.82774e+10	1.75067e+09
328	3.96301e+07	1.51284e+09	2.47929e+10	2.1364e+09 
329	3.96301e+07	1.50687e+09	2.11805e+10	2.06559e+09
330	3.96301e+07	1.42377e+09	1.98305e+10	1.58233e+09
331	3.96301e+07	1.4592e+09 	1.45653e+10	1.55488e+09
332	3.96301e+07	1.48297e+09	1.54204e+10	1.63079e+09
333	3.37446e+07	1.50174e+09	1.93139e+10	1.76636e+09
334	3.37446e+07	1.5117e+09 	2.09105e+10	1.98275e+09
335	3.37446e+07	1.53031e+09	2.84695e+10	2.2817e+09 
336	3.37446e+07	1.45931e+09	2.08901e+10	1.86728e+09
337	3.37446e+07	1.46022e+09	1.98157e+10	1.78686e+09
338	3.37446e+07	1.37293e+09	2.38814e+10	1.54933e+09
339	3.37446e+07	1.36123e+09	1.28669e+10	1.3574e+09 
340	3.37446e+07	1.4006e+09 	2.20241e+10	1.64189e+09
341	3.37446e+07	1.3989e+09 	1.62038e+10	1.54449e+09
342	3.37446e+07	1.48745e+09	2.4278e+10 	2.00879e+09
343	3.16137e+07	1.47493e+09	3.35111e+10	2.24639e+09
344	3.16137e+07	1.50839e+09	3.51572e+10	2.38962e+09
345	3.16137e+07	1.52076e+09	3.51572e+10	2.30609e+09
346	3.16137e+07	1.52286e+09	4.65057e+10	2.45887e+09
347	3.16137e+07	1.61028e+09	3.7063e+10 	2.50379e+09
348	3.16137e+07	1.48074e+09	1.84509e+10	1.80789e+09
349	3.16137e+07	1.44953e+09	3.3669e+10 	1.94839e+09
350	3.16137e+07	1.46281e+09	3.79062e+10	2.1859e+09 
351	3.12747e+07	1.44058e+09	2.26755e+10	1.81026e+09
352	3.12747e+07	1.4738e+09 	3.16217e+10	2.14896e+09
353	3.12747e+07	1.49468e+09	2.29054e+10	2.11645e+09
354	3.12747e+07	1.52956e+09	3.70822e+10	2.32364e+09
355	3.12747e+07	1.47505e+09	2.15935e+10	2.02731e+09
356	3.12747e+07	1.50929e+09	2.86465e+10	2.22048e+09
357	3.12747e+07	1.41147e+09	2.2254e+10 	1.91819e+09
358	3.12747e+07	1.36381e+09	1.65608e+10	1.54745e+09
359	3.12747e+07	1.36905e+09	1.41132e+10	1.50029e+09
360	3.12747e+07	1.40302e+09	1.57845e+10	1.66073e+09
361	3.12747e+07	1.39677e+09	2.4218e+10 	1.91786e+09
362	3.12747e+07	1.4025e+09 	2.07717e+10	1.7655e+09 
363	3.12747e+07	1.35354e+09	1.24822e+10	1.42243e+09
364	3.12747e+07	1.3205e+09 	1.61709e+10	1.41356e+09
365	3.12747e+07	1.33781e+09	1.78623e+10	1.59048e+09
366	3.12747e+07	1.31881e+09	1.77347e+10	1.45238e+09
367	3.12747e+07	1.4535e+09 	3.1326e+10 	1.99684e+09
368	3.12747e+07	1.47046e+09	3.1326e+10 	2.12837e+09
369	3.12747e+07	1.45337e+09	2.68501e+10	2.02704e+09
370	3.12747e+07	1.40259e+09	1.96064e+10	1.66424e+09
371	3.12747e+07	1.3925e+09 	1.55899e+10	1.55969e+09
372	3.12747e+07	1.38758e+09	1.41832e+10	1.56056e+09
373	3.12747e+07	1.46584e+09	1.93097e+10	1.69824e+09
374	3.12747e+07	1.3584e+09 	1.51227e+10	1.48802e+09
375	3.12747e+07	1.37655e+09	1.93506e+10	1.75975e+09
376	3.12747e+07	1.36948e+09	2.17793e+10	1.75305e+09
377	3.12747e+07	1.46764e+09	2.46935e+10	2.02615e+09
378	3.12747e+07	1.44595e+09	3.75657e+10	2.22351e+09
379	3.12747e+07	1.41654e+09	2.69958e+10	1.89189e+09
380	3.12747e+07	1.53139e+09	3.62714e+10	2.49263e+09
381	3.12747e+07	1.41502e+09	1.51107e+10	1.70651e+09
382	3.12747e+07	1.4554e+09 	1.93443e+10	1.89719e+09
383	3.12747e+07	1.4842e+09 	2.05642e+10	1.98587e+09
384	3.12747e+07	1.49277e+09	2.41491e+10	2.13943e+09
385	3.12747e+07	1.47466e+09	2.08631e+10	2.0273e+09 
386	3.12747e+07	1.46569e+09	2.19038e+10	2.21448e+09
387	3.12747e+07	1.43611e+09	2.08824e+10	2.05916e+09
388	3.12747e+07	1.39884e+09	2.04194e+10	1.76907e+09
389	3.12747e+07	1.36503e+09	3.21167e+10	1.84515e+09
390	3.12747e+07	1.37713e+09	1.82324e+10	1.66016e+09
391	3.12747e+07	1.41721e+09	3.03383e+10	2.02737e+09
392	3.12747e+07	1.37239e+09	1.79019e+10	1.66503e+09
393	3.12747e+07	1.32501e+09	2.66683e+10	1.72804e+09
394	3.12747e+07	1.36512e+09	3.59971e+10	2.01633e+09
395	3.12747e+07	1.39086e+09	3.59971e+10	2.15425e+09
396	3.12747e+07	1.36367e+09	3.70328e+10	2.22014e+09
397	3.12747e+07	1.28892e+09	1.30309e+10	1.51146e+09
398	3.12747e+07	1.33678e+09	2.08015e+10	1.67371e+09
399	3.12747e+07	1.30175e+09	1.22706e+10	1.37288e+09
400	3.12747e+07	1.32514e+09	1.33263e+10	1.38704e+09
401	3.12747e+07	1.38991e+09	2.56933e+10	1.87647e+09
402	3.12747e+07	1.36264e+09	2.81704e+10	1.99287e+09
403	3.12747e+07	1.37372e+09	2.33032e+10	1.75558e+09
404	3.12747e+07	1.31557e+09	1.4457e+10 	1.42954e+09
405	3.12747e+07	1.31132e+09	1.4457e+10 	1.40853e+09
406	3.12747e+07	1.34826e+09	1.51316e+10	1.51567e+09
407	3.12747e+07	1.32848e+09	1.62725e+10	1.38672e+09
408	3.12747e+07	1.32391e+09	3.2548e+10 	1.82829e+09
409	3.12747e+07	1.3063e+09 	2.53387e+10	1.57832e+09
410	3.12747e+07	1.39429e+09	3.37921e+10	2.11366e+09
411	3.12747e+07	1.38473e+09	1.64962e+10	1.64861e+09
412	3.12747e+07	1.38065e+09	1.26983e+10	1.46401e+09
413	3.12747e+07	1.35749e+09	1.11407e+10	1.43472e+09
414	3.07852e+07	1.37045e+09	1.37648e+10	1.52359e+09
415	3.07852e+07	1.32431e+09	1.29376e+10	1.36443e+09
416	3.07852e+07	1.32695e+09	1.29376e+10	1.39025e+09
417	3.07852e+07	1.3888e+09 	2.11023e+10	1.77909e+09
418	3.07852e+07	1.45123e+09	2.82566e+10	2.19163e+09
419	3.07852e+07	1.4325e+09 	2.82566e+10	2.13368e+09
420	3.07852e+07	1.46778e+09	4.57385e+10	2.64573e+09
421	3.07852e+07	1.39636e+09	1.70337e+10	1.695e+09  
422	3.07852e+07	1.35485e+09	1.43693e+10	1.49217e+09
423	3.07852e+07	1.37971e+09	3.00426e+10	1.79038e+09
424	3.07852e+07	1.384e+09  	1.54851e+10	1.59428e+09
425	3.07852e+07	1.38195e+09	1.36997e+10	1.61292e+09
426	3.07852e+07	1.40613e+09	2.2068e+10 	1.76703e+09
427	3.07852e+07	1.26229e+09	1.564e+10  	1.38582e+09
428	3.07852e+07	1.32355e+09	2.77163e+10	1.71699e+09
429	3.07852e+07	1.28213e+09	1.42656e+10	1.42045e+09
430	3.07852e+07	1.24898e+09	1.02445e+10	1.2365e+09 
431	3.07852e+07	1.24051e+09	8.53392e+09	1.17697e+09
432	3.07852e+07	1.25041e+09	1.86623e+10	1.50929e+09
433	3.07852e+07	1.26112e+09	1.82938e+10	1.4657e+09 
434	3.07852e+07	1.3295e+09 	2.31892e+10	1.87777e+09
435	3.05851e+07	1.32946e+09	1.52604e+10	1.64183e+09
436	3.05851e+07	1.28695e+09	1.20983e+10	1.4008e+09 
437	3.05851e+07	1.2935e+09 	2.44233e+10	1.60834e+09
438	3.05851e+07	1.33121e+09	1.61354e+10	1.48135e+09
439	3.05851e+07	1.39035e+09	2.41439e+10	1.82433e+09
440	3.05851e+07	1.40432e+09	2.46374e+10	1.81206e+09
441	3.05851e+07	1.44657e+09	2.74083e+10	1.9503e+09 
442	3.05851e+07	1.42003e+09	2.27872e+10	2.03128e+09
443	3.05851e+07	1.37226e+09	4.10175e+10	2.11164e+09
444	3.05851e+07	1.3429e+09 	1.81566e+10	1.66841e+09
445	3.05851e+07	1.40633e+09	1.88524e+10	1.91617e+09
446	3.05566e+07	1.42321e+09	3.98886e+10	2.20067e+09
447	3.05566e+07	1.37001e+09	1.60484e+10	1.7007e+09 
448	3.05566e+07	1.27891e+09	1.60484e+10	1.45445e+09
449	3.05566e+07	1.22461e+09	1.2817e+10 	1.26069e+09
450	3.05566e+07	1.23212e+09	1.56311e+10	1.41862e+09
451	3.05566e+07	1.21328e+09	1.22875e+10	1.27032e+09
452	3.05566e+07	1.21071e+09	1.22436e+10	1.23955e+09
453	3.05566e+07	1.26755e+09	1.31111e+10	1.36643e+09
454	3.05566e+07	1.27534e+09	1.43479e+10	1.42248e+09
455	2.79319e+07	1.2925e+09 	1.22943e+10	1.45894e+09
456	2.79319e+07	1.27786e+09	1.18796e+10	1.45247e+09
457	2.79319e+07	1.35966e+09	3.48382e+10	2.12935e+09
458	2.79319e+07	1.32177e+09	2.35308e+10	1.88484e+09
459	2.79319e+07	1.30204e+09	2.1001e+10 	1.73151e+09
460	2.79319e+07	1.32107e+09	2.58448e+10	1.89449e+09
461	2.79319e+07	1.27162e+09	1.47796e+10	1.46757e+09
462	2.79319e+07	1.23426e+09	2.14196e+10	1.55971e+09
463	2.79319e+07	1.24183e+09	1.73796e+10	1.56345e+09
464	2.79319e+07	1.20715e+09	2.32515e+10	1.5199e+09 
465	2.79319e+07	1.28432e+09	5.80018e+10	2.46186e+09
466	2.79319e+07	1.28049e+09	2.51543e+10	1.687e+09  
467	2.79319e+07	1.3086e+09 	2.14408e+10	1.75568e+09
468	2.79319e+07	1.26971e+09	1.81101e+10	1.56445e+09
469	2.68968e+07	1.27288e+09	1.43204e+10	1.48591e+09
470	2.68968e+07	1.23693e+09	1.21883e+10	1.27501e+09
471	2.68968e+07	1.25276e+09	1.96756e+10	1.47481e+09
472	2.68968e+07	1.24841e+09	2.39928e+10	1.62237e+09
473	2.68968e+07	1.26688e+09	2.00873e+10	1.67143e+09
474	2.68968e+07	1.28636e+09	3.46194e+10	2.14252e+09
475	2.68968e+07	1.2563e+09 	2.74236e+10	1.68335e+09
476	2.68968e+07	1.3214e+09 	1.80989e+10	1.70466e+09
477	2.68968e+07	1.28395e+09	1.47881e+10	1.58664e+09
478	2.68968e+07	1.2972e+09 	3.12015e+10	1.8429e+09 
479	2.68968e+07	1.29999e+09	2.4204e+10 	1.76087e+09
480	2.68968e+07	1.25375e+09	1.54774e+10	1.60347e+09
481	2.68968e+07	1.27268e+09	1.6885e+10 	1.59206e+09
482	2.68968e+07	1.26937e+09	1.93065e+10	1.67442e+09
483	2.68968e+07	1.35429e+09	2.46353e+10	1.96437e+09
484	2.68968e+07	1.31954e+09	1.50938e+10	1.58301e+09
485	2.68968e+07	1.27301e+09	2.621e+10  	1.6283e+09 
486	2.68968e+07	1.26075e+09	1.3419e+10 	1.44086e+09
487	2.68968e+07	1.21284e+09	1.94185e+10	1.31316e+09
488	2.68968e+07	1.29756e+09	2.74663e+10	1.76556e+09
489	2.68968e+07	1.25423e+09	1.60739e+10	1.38279e+09
490	2.68968e+07	1.27924e+09	1.61886e+10	1.6039e+09 
491	2.68968e+07	1.31186e+09	1.91683e+10	1.71644e+09
492	2.68968e+07	1.27645e+09	1.3026e+10 	1.4427e+09 
493	2.68968e+07	1.38426e+09	2.86569e+10	2.0921e+09 
494	2.68968e+07	1.42788e+09	2.91565e+10	2.16406e+09
495	2.68968e+07	1.36786e+09	2.31218e+10	1.95585e+09
496	2.68968e+07	1.2908e+09 	1.32683e+10	1.48211e+09
497	2.68968e+07	1.29182e+09	1.61915e+10	1.50421e+09
498	2.68968e+07	1.29614e+09	2.10644e+10	1.56184e+09
499	2.68968e+07	1.25836e+09	1.25524e+10	1.34083e+09
-621.10999999
