/usr/lib/python2.7/site-packages/deap/tools/_hypervolume/pyhv.py:33: ImportWarning: Falling back to the python version of hypervolume module. Expect this to be very slow.
  "module. Expect this to be very slow.", ImportWarning)
gen	min        	avg        	max        	std        
0  	2.43163e+08	2.31433e+09	2.93158e+10	2.96605e+09
1  	2.43163e+08	2.41894e+09	2.48528e+10	3.10576e+09
2  	2.43163e+08	2.46594e+09	4.71509e+10	3.49216e+09
3  	2.36399e+08	2.504e+09  	4.18761e+10	3.91255e+09
4  	2.36399e+08	2.45952e+09	4.88641e+10	3.7947e+09 
5  	2.15473e+08	2.3928e+09 	4.56921e+10	3.51233e+09
6  	2.15473e+08	2.30955e+09	4.04452e+10	3.17333e+09
7  	1.80152e+08	2.26851e+09	3.47378e+10	3.12961e+09
8  	1.80152e+08	2.31629e+09	3.23356e+10	3.12504e+09
9  	1.62164e+08	2.42146e+09	5.0025e+10 	3.76831e+09
10 	1.62164e+08	2.23488e+09	2.51962e+10	2.77612e+09
11 	1.62164e+08	2.33862e+09	3.93267e+10	3.37893e+09
12 	1.62164e+08	2.19876e+09	3.34229e+10	2.80546e+09
13 	1.62164e+08	2.20866e+09	4.59995e+10	2.90977e+09
14 	1.62164e+08	2.29815e+09	4.59995e+10	3.13791e+09
15 	1.62164e+08	2.18775e+09	2.62923e+10	2.59741e+09
16 	1.62164e+08	2.22453e+09	2.85784e+10	2.84006e+09
17 	1.62164e+08	2.29307e+09	3.57201e+10	3.13038e+09
18 	1.62164e+08	2.33482e+09	8.81522e+10	4.52864e+09
19 	1.62164e+08	2.25133e+09	4.49289e+10	3.22515e+09
20 	1.62164e+08	2.23774e+09	3.17569e+10	2.95837e+09
21 	1.62164e+08	2.27307e+09	3.2993e+10 	3.06882e+09
22 	1.62164e+08	2.18512e+09	5.53925e+10	3.01225e+09
23 	1.62164e+08	2.12294e+09	3.31216e+10	2.7604e+09 
24 	1.62164e+08	2.1067e+09 	2.04594e+10	2.54301e+09
25 	1.62164e+08	2.12835e+09	2.90484e+10	2.87396e+09
26 	1.62164e+08	2.12412e+09	4.50197e+10	3.09848e+09
27 	1.62164e+08	2.1796e+09 	3.31792e+10	2.83372e+09
28 	1.62164e+08	2.21447e+09	2.71223e+10	2.88789e+09
29 	1.62164e+08	2.22434e+09	2.49011e+10	2.7518e+09 
30 	1.62164e+08	2.24882e+09	4.45654e+10	3.21632e+09
31 	1.62164e+08	2.29701e+09	4.53924e+10	3.51243e+09
32 	1.62164e+08	2.33085e+09	4.53924e+10	3.86757e+09
33 	1.62164e+08	2.41356e+09	7.04574e+10	4.42349e+09
34 	1.62164e+08	2.28569e+09	5.41128e+10	3.82066e+09
35 	1.62164e+08	2.20652e+09	4.62423e+10	3.46226e+09
36 	1.59797e+08	2.11718e+09	2.83352e+10	2.54722e+09
37 	1.59797e+08	2.12388e+09	2.83352e+10	2.63262e+09
38 	1.59797e+08	2.20192e+09	5.33565e+10	3.47191e+09
39 	1.59797e+08	2.15505e+09	3.47407e+10	2.73337e+09
40 	1.59797e+08	2.1454e+09 	3.10947e+10	2.89125e+09
41 	1.59797e+08	2.16301e+09	3.31934e+10	2.90906e+09
42 	1.59797e+08	2.12579e+09	3.22015e+10	2.94431e+09
43 	1.59797e+08	2.24368e+09	5.0254e+10 	3.30515e+09
44 	1.59797e+08	2.24909e+09	3.82242e+10	3.33463e+09
45 	1.57394e+08	2.24391e+09	3.17931e+10	3.12609e+09
46 	1.57394e+08	2.29172e+09	6.50528e+10	4.01195e+09
47 	1.57394e+08	2.15405e+09	3.64376e+10	3.0427e+09 
48 	1.57394e+08	2.16868e+09	3.35309e+10	3.15861e+09
49 	1.57394e+08	2.15936e+09	3.20446e+10	2.95431e+09
50 	1.57394e+08	2.05047e+09	4.11085e+10	2.70941e+09
51 	1.57394e+08	2.05558e+09	3.24873e+10	2.53548e+09
52 	1.57394e+08	2.01343e+09	5.16584e+10	2.77888e+09
53 	1.57394e+08	1.98874e+09	2.77419e+10	2.40527e+09
54 	1.42615e+08	2.00209e+09	2.34773e+10	2.40013e+09
55 	1.42615e+08	2.04587e+09	3.42543e+10	2.66532e+09
56 	1.42615e+08	2.14641e+09	2.22035e+10	2.87886e+09
57 	1.20388e+08	2.0842e+09 	3.49516e+10	2.97491e+09
58 	1.20388e+08	2.15605e+09	6.2645e+10 	4.01878e+09
59 	1.19941e+08	2.04203e+09	6.56467e+10	3.38263e+09
60 	1.19327e+08	2.12536e+09	7.54696e+10	3.69832e+09
61 	1.19327e+08	2.13427e+09	4.78768e+10	3.39364e+09
62 	1.19327e+08	2.10534e+09	4.64107e+10	3.4083e+09 
63 	1.19327e+08	2.34028e+09	7.20796e+10	4.93717e+09
64 	1.19327e+08	2.17548e+09	5.69117e+10	4.4713e+09 
65 	1.19327e+08	1.92548e+09	4.88401e+10	3.16333e+09
66 	1.19327e+08	1.90483e+09	3.07595e+10	2.31842e+09
67 	1.19327e+08	2.00424e+09	4.81044e+10	2.84427e+09
68 	1.19327e+08	2.0157e+09 	3.72436e+10	2.68413e+09
69 	1.19327e+08	2.01787e+09	2.90162e+10	2.47615e+09
70 	1.19327e+08	2.0133e+09 	2.12667e+10	2.40516e+09
71 	1.19327e+08	1.95841e+09	1.87461e+10	2.26426e+09
72 	1.19327e+08	1.91309e+09	2.47426e+10	2.24529e+09
73 	1.19327e+08	1.92525e+09	2.34709e+10	2.26476e+09
74 	1.19327e+08	1.97469e+09	3.13389e+10	2.60128e+09
75 	1.19327e+08	1.93195e+09	3.86963e+10	2.57215e+09
76 	1.19327e+08	1.98724e+09	5.50109e+10	3.14051e+09
77 	1.19327e+08	2.01246e+09	5.10253e+10	2.97697e+09
78 	1.19327e+08	2.04859e+09	5.50043e+10	3.26061e+09
79 	1.19327e+08	2.06796e+09	2.72566e+10	2.74523e+09
80 	1.19327e+08	2.09469e+09	2.60768e+10	2.78399e+09
81 	1.19327e+08	1.98385e+09	2.51732e+10	2.43995e+09
82 	1.19327e+08	1.87666e+09	1.99546e+10	2.06214e+09
83 	1.19327e+08	1.91638e+09	1.72509e+10	2.00548e+09
84 	1.19327e+08	1.93332e+09	1.96241e+10	2.11616e+09
85 	1.19327e+08	1.91569e+09	2.33747e+10	2.23645e+09
86 	1.19327e+08	1.89748e+09	1.99488e+10	2.03152e+09
87 	1.14873e+08	1.89173e+09	2.23485e+10	2.11105e+09
88 	1.14873e+08	1.94749e+09	2.10205e+10	2.35256e+09
89 	1.14873e+08	1.91453e+09	2.07571e+10	2.27928e+09
90 	1.14873e+08	2.05411e+09	2.6819e+10 	2.7183e+09 
91 	1.14873e+08	1.94789e+09	2.69376e+10	2.41762e+09
92 	1.14873e+08	2.02516e+09	2.063e+10  	2.37195e+09
93 	1.14873e+08	2.02396e+09	2.98281e+10	2.54256e+09
94 	1.14873e+08	2.05266e+09	2.96131e+10	2.59565e+09
95 	1.14873e+08	1.98569e+09	2.15703e+10	2.31046e+09
96 	1.14873e+08	2.00434e+09	2.60816e+10	2.42823e+09
97 	1.14565e+08	1.94149e+09	1.95041e+10	2.19986e+09
98 	1.14565e+08	1.97472e+09	2.02248e+10	2.32577e+09
99 	1.14565e+08	2.0203e+09 	2.86014e+10	2.79903e+09
100	1.14565e+08	1.99498e+09	5.05694e+10	3.0286e+09 
101	1.14565e+08	2.01161e+09	4.63025e+10	2.81984e+09
102	1.14565e+08	2.01562e+09	2.61357e+10	2.49616e+09
103	1.14565e+08	2.0621e+09 	3.11641e+10	2.71459e+09
104	1.13009e+08	2.16696e+09	5.9793e+10 	3.63924e+09
105	1.13009e+08	2.03345e+09	4.66465e+10	2.94132e+09
106	1.13009e+08	1.94093e+09	3.95748e+10	2.74614e+09
107	9.99877e+07	1.88481e+09	2.21725e+10	2.18752e+09
108	9.99877e+07	1.84618e+09	2.05897e+10	2.09889e+09
109	9.99877e+07	1.89396e+09	3.51237e+10	2.46257e+09
110	9.99877e+07	1.90748e+09	1.86751e+10	2.22499e+09
111	9.4887e+07 	1.84212e+09	2.34137e+10	2.13477e+09
112	9.4887e+07 	1.85844e+09	4.05471e+10	2.61361e+09
113	9.4887e+07 	1.85715e+09	2.8956e+10 	2.37428e+09
114	9.4887e+07 	1.90107e+09	2.37494e+10	2.40481e+09
115	9.4887e+07 	2.04377e+09	5.51022e+10	3.47575e+09
116	9.4887e+07 	1.95544e+09	4.20052e+10	2.88747e+09
117	9.4887e+07 	2.02698e+09	4.20052e+10	3.18855e+09
118	9.4887e+07 	2.04987e+09	4.20052e+10	2.98938e+09
119	9.4887e+07 	1.84182e+09	2.28401e+10	2.17793e+09
120	9.4887e+07 	1.85614e+09	2.07328e+10	2.19389e+09
121	9.4887e+07 	1.86592e+09	2.67795e+10	2.19707e+09
122	9.4887e+07 	1.87173e+09	2.99411e+10	2.44432e+09
123	9.4887e+07 	1.86037e+09	3.43786e+10	2.39584e+09
124	9.4887e+07 	1.90097e+09	3.57079e+10	2.71808e+09
125	9.4887e+07 	1.81693e+09	2.68607e+10	1.96473e+09
126	9.4887e+07 	1.88191e+09	1.54125e+10	2.00723e+09
127	9.31456e+07	1.9522e+09 	3.43058e+10	2.45823e+09
128	9.31456e+07	1.94635e+09	1.82564e+10	2.32522e+09
129	9.31456e+07	2.01752e+09	4.96177e+10	2.99085e+09
130	9.31456e+07	1.96332e+09	2.42945e+10	2.45002e+09
131	9.31456e+07	1.87814e+09	1.79705e+10	2.01031e+09
132	9.31456e+07	1.91307e+09	2.63794e+10	2.24219e+09
133	9.31456e+07	1.84852e+09	2.04539e+10	2.02207e+09
134	9.31456e+07	1.86015e+09	2.57037e+10	2.16795e+09
135	9.31456e+07	1.82208e+09	2.2899e+10 	2.01813e+09
136	9.31456e+07	1.85334e+09	2.30609e+10	2.18474e+09
137	9.31456e+07	1.97561e+09	3.42032e+10	2.68997e+09
138	9.31456e+07	1.92821e+09	2.27686e+10	2.31711e+09
139	9.31456e+07	1.89923e+09	1.88286e+10	2.32232e+09
140	9.31456e+07	1.89506e+09	3.42042e+10	2.6253e+09 
141	9.31456e+07	1.82029e+09	2.86131e+10	2.19517e+09
142	9.31456e+07	1.89193e+09	3.0368e+10 	2.45491e+09
143	9.31456e+07	1.88944e+09	2.50584e+10	2.39318e+09
144	9.31456e+07	1.86892e+09	2.69492e+10	2.30942e+09
145	9.31456e+07	1.83761e+09	2.37289e+10	2.18403e+09
146	9.31456e+07	1.81567e+09	1.58844e+10	1.9947e+09 
147	9.31456e+07	1.73986e+09	1.99945e+10	1.83203e+09
148	9.31456e+07	1.77208e+09	2.41823e+10	1.94e+09   
149	9.31456e+07	1.84905e+09	2.49522e+10	2.16257e+09
150	9.31456e+07	1.82252e+09	3.09806e+10	2.22346e+09
151	9.31456e+07	1.82009e+09	2.58655e+10	2.22416e+09
152	9.31456e+07	1.81009e+09	3.59819e+10	2.54085e+09
153	9.31456e+07	1.84497e+09	3.59819e+10	2.41537e+09
154	9.31456e+07	1.80436e+09	2.64519e+10	2.20398e+09
155	9.31456e+07	1.87907e+09	3.53666e+10	2.61631e+09
156	9.31456e+07	1.85777e+09	3.60083e+10	2.63029e+09
157	9.31456e+07	1.90629e+09	4.78379e+10	2.81605e+09
158	9.31456e+07	1.84884e+09	3.86246e+10	2.51824e+09
159	9.31456e+07	1.96773e+09	4.19131e+10	2.8562e+09 
160	9.31456e+07	1.88355e+09	4.01405e+10	2.66647e+09
161	9.31456e+07	1.78314e+09	2.12068e+10	2.22915e+09
162	9.31456e+07	1.78386e+09	2.33519e+10	2.31583e+09
163	9.31456e+07	1.74083e+09	2.52734e+10	2.09359e+09
164	9.31456e+07	1.73895e+09	1.83474e+10	2.11718e+09
165	9.31456e+07	1.72221e+09	1.99078e+10	1.99946e+09
166	9.31456e+07	1.69295e+09	1.57157e+10	1.81119e+09
167	9.31456e+07	1.82854e+09	4.23503e+10	2.55818e+09
168	9.31456e+07	1.76046e+09	3.03514e+10	2.22512e+09
169	9.31456e+07	1.71928e+09	2.35866e+10	2.07077e+09
170	8.57003e+07	1.75999e+09	2.48985e+10	2.05654e+09
171	8.35726e+07	1.8183e+09 	2.48985e+10	2.42782e+09
172	8.35726e+07	1.92077e+09	3.22198e+10	2.64912e+09
173	8.35726e+07	1.86399e+09	2.10244e+10	2.38904e+09
174	8.35726e+07	1.78106e+09	2.08877e+10	2.06299e+09
175	8.35726e+07	1.71209e+09	1.47717e+10	1.82431e+09
176	8.35726e+07	1.73647e+09	2.29122e+10	1.92323e+09
177	8.35726e+07	1.79884e+09	2.29856e+10	2.34262e+09
178	8.35726e+07	1.67539e+09	2.29122e+10	1.80212e+09
179	8.35726e+07	1.67248e+09	2.06625e+10	1.91086e+09
180	8.35726e+07	1.73598e+09	3.28221e+10	2.29485e+09
181	8.35726e+07	1.72081e+09	2.57946e+10	2.06219e+09
182	8.35726e+07	1.74962e+09	1.94303e+10	2.07826e+09
183	8.35726e+07	1.73964e+09	1.7368e+10 	2.13811e+09
184	8.35726e+07	1.6872e+09 	1.47284e+10	1.91949e+09
185	8.35726e+07	1.81718e+09	3.0385e+10 	2.51509e+09
186	8.35726e+07	1.83363e+09	3.84172e+10	2.75396e+09
187	8.35726e+07	1.8206e+09 	4.0624e+10 	2.76611e+09
188	8.35726e+07	1.90913e+09	6.353e+10  	3.4275e+09 
189	8.35726e+07	1.91281e+09	5.70566e+10	3.30062e+09
190	8.35726e+07	1.85014e+09	2.9911e+10 	2.65961e+09
191	8.35726e+07	1.82082e+09	3.10355e+10	2.49064e+09
192	8.35726e+07	1.83359e+09	3.40503e+10	2.58615e+09
193	8.35726e+07	1.82747e+09	2.6205e+10 	2.22974e+09
194	8.35726e+07	1.88157e+09	3.08988e+10	2.58122e+09
195	8.35726e+07	1.82186e+09	2.4817e+10 	2.33845e+09
196	8.35726e+07	1.8749e+09 	2.28963e+10	2.43326e+09
197	8.35726e+07	1.86991e+09	2.17012e+10	2.41699e+09
198	8.35726e+07	1.83146e+09	5.00377e+10	2.73049e+09
199	8.35726e+07	1.7568e+09 	2.57234e+10	2.28112e+09
200	8.35726e+07	1.78254e+09	3.05174e+10	2.33962e+09
201	8.35726e+07	1.78424e+09	2.76344e+10	2.47067e+09
202	8.35726e+07	1.65016e+09	1.81038e+10	1.79692e+09
203	8.35726e+07	1.66427e+09	1.50087e+10	1.74598e+09
204	8.35726e+07	1.63459e+09	1.50087e+10	1.74747e+09
205	8.35726e+07	1.63453e+09	1.60087e+10	1.73209e+09
206	8.35726e+07	1.63374e+09	1.7459e+10 	1.71059e+09
207	8.35726e+07	1.6269e+09 	1.53341e+10	1.60175e+09
208	8.35726e+07	1.68603e+09	1.92383e+10	1.69088e+09
209	8.27816e+07	1.68438e+09	2.1004e+10 	1.87079e+09
210	8.27816e+07	1.69094e+09	1.6226e+10 	1.85158e+09
211	8.27816e+07	1.7461e+09 	2.62111e+10	2.41994e+09
212	8.27816e+07	1.73504e+09	3.13987e+10	2.26692e+09
213	8.07265e+07	1.78421e+09	2.8327e+10 	2.30018e+09
214	7.17831e+07	1.85619e+09	2.64329e+10	2.44407e+09
215	7.17831e+07	1.88013e+09	4.72971e+10	3.06364e+09
216	7.17831e+07	1.90917e+09	4.35086e+10	3.2362e+09 
217	7.17831e+07	1.89906e+09	3.7549e+10 	2.85257e+09
218	7.17831e+07	1.81073e+09	1.93532e+10	2.2351e+09 
219	7.17831e+07	1.6997e+09 	2.16253e+10	1.95031e+09
220	7.17831e+07	1.66166e+09	1.90427e+10	1.74471e+09
221	7.17831e+07	1.63788e+09	1.73061e+10	1.69081e+09
222	7.17831e+07	1.72562e+09	2.27001e+10	2.09224e+09
223	7.17831e+07	1.74954e+09	3.17257e+10	2.48909e+09
224	7.17831e+07	1.73526e+09	3.1174e+10 	2.39115e+09
225	6.78291e+07	1.7065e+09 	1.88576e+10	2.09104e+09
226	6.78291e+07	1.70612e+09	2.35696e+10	2.10404e+09
227	6.78291e+07	1.66765e+09	2.32761e+10	2.0444e+09 
228	6.78089e+07	1.65657e+09	1.77266e+10	1.86532e+09
229	6.78089e+07	1.70904e+09	2.12898e+10	2.03742e+09
230	6.78089e+07	1.72442e+09	2.1728e+10 	2.09421e+09
231	6.78089e+07	1.73868e+09	2.84142e+10	2.1916e+09 
232	6.78089e+07	1.71807e+09	1.99908e+10	2.00912e+09
233	6.78089e+07	1.7739e+09 	2.65364e+10	2.32723e+09
234	6.78089e+07	1.73789e+09	2.49635e+10	2.16168e+09
235	6.72317e+07	1.70349e+09	3.29899e+10	2.55867e+09
236	6.72317e+07	1.5997e+09 	1.60883e+10	1.75083e+09
237	6.72317e+07	1.61928e+09	2.73245e+10	1.93984e+09
238	6.72317e+07	1.62058e+09	2.2819e+10 	1.84414e+09
239	6.72317e+07	1.63425e+09	2.75603e+10	2.22075e+09
240	6.58666e+07	1.54895e+09	1.88626e+10	1.69666e+09
241	6.58666e+07	1.585e+09  	1.40565e+10	1.57037e+09
242	6.58666e+07	1.59892e+09	1.28552e+10	1.65728e+09
243	6.58666e+07	1.64822e+09	1.64911e+10	1.92927e+09
244	6.58666e+07	1.659e+09  	1.68134e+10	1.8538e+09 
245	6.58666e+07	1.58633e+09	1.39756e+10	1.68888e+09
246	6.58666e+07	1.55444e+09	1.21487e+10	1.5146e+09 
247	6.58666e+07	1.55662e+09	1.76259e+10	1.70725e+09
248	6.58666e+07	1.57994e+09	1.69955e+10	1.71794e+09
249	6.58666e+07	1.67997e+09	1.84578e+10	1.98505e+09
250	6.58666e+07	1.66877e+09	2.07245e+10	2.01461e+09
251	6.58666e+07	1.67313e+09	1.58002e+10	1.88989e+09
252	6.58666e+07	1.69915e+09	2.30004e+10	2.17867e+09
253	6.58666e+07	1.56748e+09	1.78118e+10	1.77454e+09
254	6.58666e+07	1.63181e+09	3.67832e+10	2.21541e+09
255	6.58666e+07	1.63913e+09	3.09167e+10	2.12758e+09
256	6.58666e+07	1.6192e+09 	2.15316e+10	1.94756e+09
257	6.58666e+07	1.64574e+09	2.25641e+10	2.06585e+09
258	6.58666e+07	1.71995e+09	3.78912e+10	2.53991e+09
259	6.58666e+07	1.69542e+09	2.68655e+10	2.42768e+09
260	6.58666e+07	1.68408e+09	3.17947e+10	2.39761e+09
261	6.58666e+07	1.6104e+09 	2.04e+10   	1.97696e+09
262	6.58666e+07	1.57162e+09	1.64951e+10	1.68153e+09
263	6.58666e+07	1.65256e+09	2.09238e+10	1.96251e+09
264	6.58666e+07	1.72844e+09	4.86818e+10	2.75021e+09
265	6.58666e+07	1.71041e+09	2.87173e+10	2.3986e+09 
266	6.58666e+07	1.66662e+09	2.02109e+10	2.15135e+09
267	6.58666e+07	1.69794e+09	2.25202e+10	2.29743e+09
268	6.58666e+07	1.73426e+09	4.36945e+10	2.70797e+09
269	6.58666e+07	1.78525e+09	4.16864e+10	2.90268e+09
270	6.58666e+07	1.7503e+09 	4.27726e+10	2.60507e+09
271	6.58666e+07	1.74877e+09	2.70312e+10	2.41657e+09
272	6.58666e+07	1.62942e+09	1.98922e+10	2.0687e+09 
273	6.58666e+07	1.64162e+09	3.38005e+10	2.36237e+09
274	6.58666e+07	1.72486e+09	4.33305e+10	2.63175e+09
275	6.58666e+07	1.7118e+09 	2.63667e+10	2.45141e+09
276	5.92242e+07	1.61339e+09	2.01541e+10	2.00323e+09
277	5.92242e+07	1.67583e+09	4.65483e+10	2.75757e+09
278	5.92242e+07	1.8953e+09 	1.59553e+11	6.25208e+09
279	5.92242e+07	1.79859e+09	5.82185e+10	3.68323e+09
280	5.92242e+07	1.64354e+09	2.30393e+10	2.11883e+09
281	5.92242e+07	1.54935e+09	2.62593e+10	1.86371e+09
282	5.92242e+07	1.59244e+09	1.79405e+10	1.7794e+09 
283	5.92242e+07	1.58652e+09	1.49985e+10	1.69296e+09
284	5.92242e+07	1.64028e+09	2.19913e+10	1.99598e+09
285	5.92242e+07	1.62046e+09	1.70843e+10	1.87465e+09
286	5.92242e+07	1.55741e+09	1.49283e+10	1.85008e+09
287	5.92242e+07	1.558e+09  	1.56848e+10	1.84161e+09
288	5.92242e+07	1.60703e+09	1.92765e+10	1.97942e+09
289	5.92242e+07	1.62107e+09	1.84756e+10	1.92409e+09
290	5.92242e+07	1.5857e+09 	1.61058e+10	1.79827e+09
291	5.92242e+07	1.66881e+09	3.25921e+10	2.54969e+09
292	5.92242e+07	1.62481e+09	1.74844e+10	1.99316e+09
293	5.92242e+07	1.52776e+09	1.33851e+10	1.67398e+09
294	5.92242e+07	1.51068e+09	2.44637e+10	1.85829e+09
295	5.90974e+07	1.58163e+09	2.44637e+10	2.14432e+09
296	5.73815e+07	1.6044e+09 	2.50152e+10	2.17711e+09
297	5.73815e+07	1.59399e+09	1.83471e+10	2.03731e+09
298	5.73815e+07	1.49785e+09	1.62634e+10	1.72093e+09
299	5.73815e+07	1.51305e+09	1.60259e+10	1.70965e+09
300	5.73815e+07	1.47049e+09	1.25141e+10	1.49604e+09
301	5.73815e+07	1.56216e+09	1.85171e+10	1.84242e+09
302	5.73815e+07	1.59483e+09	2.20531e+10	1.95909e+09
303	5.73815e+07	1.60988e+09	2.52772e+10	2.06293e+09
304	5.73815e+07	1.62967e+09	3.8631e+10 	2.33477e+09
305	4.38979e+07	1.6448e+09 	3.05397e+10	2.23345e+09
306	4.38979e+07	1.5869e+09 	2.61481e+10	2.00376e+09
307	4.38979e+07	1.57603e+09	2.42322e+10	1.96577e+09
308	4.38979e+07	1.48393e+09	1.48322e+10	1.57636e+09
309	4.38979e+07	1.52113e+09	1.81084e+10	1.67701e+09
310	3.20839e+07	1.56083e+09	1.40787e+10	1.679e+09  
311	3.20839e+07	1.59301e+09	1.82695e+10	2.0102e+09 
312	3.20839e+07	1.58545e+09	2.87748e+10	2.16131e+09
313	3.20839e+07	1.50316e+09	1.83061e+10	1.75243e+09
314	3.20839e+07	1.56593e+09	1.69688e+10	1.91366e+09
315	3.20839e+07	1.54241e+09	2.02206e+10	1.90398e+09
316	3.20839e+07	1.58893e+09	1.79177e+10	1.95618e+09
317	3.20839e+07	1.52267e+09	1.62289e+10	1.7527e+09 
318	3.20839e+07	1.55312e+09	1.67062e+10	1.88028e+09
319	3.20839e+07	1.54042e+09	1.51001e+10	1.75313e+09
320	3.20839e+07	1.56424e+09	2.7191e+10 	2.06434e+09
321	3.20839e+07	1.54999e+09	1.48723e+10	1.81532e+09
322	3.20839e+07	1.6265e+09 	2.72795e+10	2.29304e+09
323	3.20839e+07	1.6144e+09 	2.28185e+10	2.31034e+09
324	3.20839e+07	1.50896e+09	1.9034e+10 	1.83743e+09
325	3.20839e+07	1.53358e+09	2.34822e+10	1.94825e+09
326	3.20839e+07	1.45955e+09	1.61679e+10	1.53545e+09
327	3.17831e+07	1.45939e+09	1.51439e+10	1.64117e+09
328	3.17831e+07	1.45968e+09	1.76705e+10	1.64589e+09
329	3.17831e+07	1.46488e+09	1.81115e+10	1.60146e+09
330	3.17831e+07	1.4994e+09 	1.7525e+10 	1.71445e+09
331	3.17831e+07	1.57463e+09	2.02124e+10	1.98007e+09
332	3.17831e+07	1.52316e+09	3.78337e+10	2.07065e+09
333	3.17831e+07	1.49182e+09	2.37178e+10	1.91922e+09
334	3.17831e+07	1.53432e+09	3.12455e+10	2.45635e+09
335	3.17831e+07	1.48211e+09	2.66995e+10	1.9885e+09 
336	3.17831e+07	1.39575e+09	1.98279e+10	1.52428e+09
337	3.17831e+07	1.47931e+09	2.99978e+10	1.98707e+09
338	3.17831e+07	1.54774e+09	1.88225e+10	1.88186e+09
339	3.17831e+07	1.57875e+09	2.09869e+10	1.91516e+09
340	3.17831e+07	1.62958e+09	2.17588e+10	2.07043e+09
341	3.17831e+07	1.57137e+09	1.92353e+10	2.03634e+09
342	3.17831e+07	1.61465e+09	2.29757e+10	2.1537e+09 
343	3.17831e+07	1.59843e+09	2.39493e+10	2.06964e+09
344	3.17831e+07	1.51674e+09	1.43551e+10	1.68713e+09
345	3.16974e+07	1.50294e+09	2.38127e+10	1.82805e+09
346	3.16974e+07	1.5444e+09 	2.99399e+10	2.0323e+09 
347	3.16974e+07	1.49195e+09	1.66864e+10	1.67496e+09
348	3.16974e+07	1.52438e+09	2.31796e+10	1.87655e+09
349	3.16974e+07	1.61545e+09	2.38194e+10	2.06404e+09
350	3.16974e+07	1.5256e+09 	1.51907e+10	1.65436e+09
351	3.16974e+07	1.53664e+09	2.03076e+10	1.83246e+09
352	3.16974e+07	1.54789e+09	3.28478e+10	2.01497e+09
353	3.16974e+07	1.4621e+09 	1.70719e+10	1.55345e+09
354	3.16974e+07	1.47811e+09	1.58499e+10	1.67505e+09
355	3.16974e+07	1.52686e+09	1.84628e+10	1.8631e+09 
356	2.78144e+07	1.53276e+09	1.96997e+10	1.99455e+09
357	2.78144e+07	1.46764e+09	1.54746e+10	1.70535e+09
358	2.78144e+07	1.43725e+09	2.12315e+10	1.67385e+09
359	2.78144e+07	1.413e+09  	2.12315e+10	1.73382e+09
360	2.78144e+07	1.45425e+09	3.02438e+10	1.93671e+09
361	2.78144e+07	1.49424e+09	1.79601e+10	1.89646e+09
362	2.78144e+07	1.53044e+09	2.84002e+10	2.17165e+09
363	2.78144e+07	1.53546e+09	2.18933e+10	2.12191e+09
364	2.78144e+07	1.57558e+09	2.52454e+10	2.30129e+09
365	2.78144e+07	1.54315e+09	3.25029e+10	2.24757e+09
366	2.78144e+07	1.49007e+09	2.72789e+10	2.22555e+09
367	2.78144e+07	1.54301e+09	3.12516e+10	2.40157e+09
368	2.78144e+07	1.53969e+09	3.26241e+10	2.33966e+09
369	2.78144e+07	1.52826e+09	1.49068e+10	1.86493e+09
370	2.78144e+07	1.53533e+09	1.66853e+10	2.00664e+09
371	2.78144e+07	1.53625e+09	2.45593e+10	1.9909e+09 
372	2.78144e+07	1.50366e+09	2.28991e+10	1.9669e+09 
373	2.78144e+07	1.50464e+09	1.98003e+10	1.9663e+09 
374	2.78144e+07	1.5193e+09 	1.91471e+10	2.07367e+09
375	2.78144e+07	1.48257e+09	1.8492e+10 	1.90307e+09
376	2.78144e+07	1.46606e+09	2.90877e+10	2.02012e+09
377	2.78144e+07	1.5209e+09 	3.61825e+10	2.32268e+09
378	2.78144e+07	1.59307e+09	3.89407e+10	2.49748e+09
379	2.78144e+07	1.58712e+09	6.27985e+10	2.88241e+09
380	2.78144e+07	1.46557e+09	2.71969e+10	1.8398e+09 
381	2.78144e+07	1.55434e+09	2.51174e+10	2.0155e+09 
382	2.78144e+07	1.53724e+09	2.30095e+10	2.01605e+09
383	2.78144e+07	1.48127e+09	1.48722e+10	1.67223e+09
384	2.78144e+07	1.43536e+09	1.59018e+10	1.54495e+09
385	2.78144e+07	1.40209e+09	1.47533e+10	1.45133e+09
386	2.78144e+07	1.47711e+09	2.47446e+10	1.88317e+09
387	2.78144e+07	1.4133e+09 	2.22012e+10	1.66844e+09
388	2.78144e+07	1.42194e+09	1.74417e+10	1.56447e+09
389	2.78144e+07	1.429e+09  	1.74417e+10	1.49901e+09
390	2.78144e+07	1.47165e+09	1.34814e+10	1.6148e+09 
391	2.78144e+07	1.45633e+09	1.34814e+10	1.56002e+09
392	2.78144e+07	1.47275e+09	2.82152e+10	2.05482e+09
393	2.78144e+07	1.49355e+09	3.19244e+10	2.11734e+09
394	2.78144e+07	1.45033e+09	2.51248e+10	1.85389e+09
395	2.78144e+07	1.41211e+09	1.41247e+10	1.5501e+09 
396	2.78144e+07	1.44559e+09	2.53287e+10	1.78222e+09
397	2.78144e+07	1.45148e+09	1.86881e+10	1.90367e+09
398	2.78144e+07	1.45339e+09	2.93417e+10	2.0255e+09 
399	2.42344e+07	1.44854e+09	2.46936e+10	1.85619e+09
400	2.42344e+07	1.46918e+09	2.48402e+10	2.09574e+09
401	2.42344e+07	1.39357e+09	1.85615e+10	1.71148e+09
402	2.42344e+07	1.43566e+09	1.99914e+10	1.81368e+09
403	2.42344e+07	1.48384e+09	2.36935e+10	1.9563e+09 
404	2.32002e+07	1.48411e+09	1.91931e+10	1.94382e+09
405	2.32002e+07	1.51074e+09	1.85855e+10	2.13742e+09
406	2.32002e+07	1.51421e+09	3.55472e+10	2.34597e+09
407	2.32002e+07	1.41676e+09	2.21806e+10	1.85839e+09
408	2.32002e+07	1.49192e+09	2.85136e+10	2.16946e+09
409	2.32002e+07	1.43022e+09	2.32505e+10	1.94613e+09
410	2.32002e+07	1.35771e+09	1.21455e+10	1.44586e+09
411	2.32002e+07	1.4336e+09 	1.91198e+10	1.80197e+09
412	2.32002e+07	1.42486e+09	2.28265e+10	1.86448e+09
413	2.32002e+07	1.40396e+09	1.91866e+10	1.81521e+09
414	2.32002e+07	1.43271e+09	1.69181e+10	1.79922e+09
415	2.32002e+07	1.40656e+09	2.05195e+10	1.74595e+09
416	2.32002e+07	1.32785e+09	1.12151e+10	1.40446e+09
417	2.32002e+07	1.32769e+09	1.11754e+10	1.43575e+09
418	2.32002e+07	1.33501e+09	1.89071e+10	1.54798e+09
419	2.2405e+07 	1.32106e+09	2.40221e+10	1.51834e+09
420	2.00738e+07	1.32492e+09	1.56366e+10	1.53168e+09
421	2.00738e+07	1.39294e+09	2.14003e+10	1.83604e+09
422	2.00738e+07	1.31645e+09	2.39415e+10	1.6768e+09 
423	2.00738e+07	1.39242e+09	2.10674e+10	1.85792e+09
424	1.69937e+07	1.41496e+09	1.95388e+10	1.8925e+09 
425	1.69937e+07	1.40497e+09	1.91772e+10	1.75341e+09
426	1.69937e+07	1.36758e+09	2.12274e+10	1.71919e+09
427	1.69937e+07	1.35949e+09	5.32273e+10	2.30571e+09
428	1.69937e+07	1.24789e+09	1.01593e+10	1.22631e+09
429	1.69937e+07	1.30806e+09	1.63924e+10	1.44555e+09
430	1.69937e+07	1.33631e+09	2.40417e+10	1.69873e+09
431	1.69937e+07	1.38619e+09	2.91967e+10	1.99805e+09
432	1.69937e+07	1.34165e+09	2.01789e+10	1.59514e+09
433	1.69937e+07	1.41527e+09	2.99497e+10	2.14992e+09
434	1.69937e+07	1.38078e+09	1.52538e+10	1.6666e+09 
435	1.69937e+07	1.4572e+09 	2.14348e+10	1.97668e+09
436	1.69937e+07	1.44691e+09	1.9781e+10 	1.94243e+09
437	1.69937e+07	1.46787e+09	1.92263e+10	1.811e+09  
438	1.69937e+07	1.44602e+09	2.68937e+10	1.87801e+09
439	1.69937e+07	1.36992e+09	1.69102e+10	1.65257e+09
440	1.69937e+07	1.35553e+09	2.11308e+10	1.74661e+09
441	1.69937e+07	1.36464e+09	1.57459e+10	1.62131e+09
442	1.69937e+07	1.3439e+09 	1.35777e+10	1.51967e+09
443	1.69937e+07	1.3946e+09 	1.53726e+10	1.7634e+09 
444	1.69937e+07	1.44092e+09	2.60662e+10	2.09998e+09
445	1.69937e+07	1.43091e+09	2.59767e+10	2.07257e+09
446	1.69937e+07	1.39868e+09	1.96818e+10	1.9373e+09 
447	1.69937e+07	1.43474e+09	2.34271e+10	2.01686e+09
448	1.69937e+07	1.44512e+09	2.13444e+10	1.84513e+09
449	1.69937e+07	1.39585e+09	1.68737e+10	1.7515e+09 
450	1.69937e+07	1.42075e+09	1.87517e+10	1.7816e+09 
451	1.69937e+07	1.32883e+09	1.33869e+10	1.439e+09  
452	1.69937e+07	1.36772e+09	1.64598e+10	1.59471e+09
453	1.69937e+07	1.30045e+09	2.15935e+10	1.48543e+09
454	1.69937e+07	1.36136e+09	1.3304e+10 	1.47616e+09
455	1.69937e+07	1.4029e+09 	2.80458e+10	1.85368e+09
456	1.69937e+07	1.41957e+09	2.55819e+10	1.90274e+09
457	1.69937e+07	1.44922e+09	2.10317e+10	1.99195e+09
458	1.69937e+07	1.48153e+09	2.99841e+10	2.28842e+09
459	1.69937e+07	1.48346e+09	3.04766e+10	2.32386e+09
460	1.69937e+07	1.40692e+09	3.34843e+10	1.96203e+09
461	1.69937e+07	1.39204e+09	3.48576e+10	2.12891e+09
462	1.69937e+07	1.38863e+09	1.37732e+10	1.54285e+09
463	1.69937e+07	1.35685e+09	2.17297e+10	1.59823e+09
464	1.69937e+07	1.33368e+09	1.41411e+10	1.46009e+09
465	1.69937e+07	1.35093e+09	1.16984e+10	1.5384e+09 
466	1.69937e+07	1.39181e+09	1.52132e+10	1.61655e+09
467	1.69937e+07	1.35088e+09	1.34231e+10	1.44862e+09
468	1.69937e+07	1.3465e+09 	1.20849e+10	1.40681e+09
469	1.69937e+07	1.34292e+09	1.21019e+10	1.41626e+09
470	1.69937e+07	1.40122e+09	1.53749e+10	1.60994e+09
471	1.69937e+07	1.42207e+09	1.62561e+10	1.72511e+09
472	1.69937e+07	1.41439e+09	1.80079e+10	1.84343e+09
473	1.69937e+07	1.41283e+09	3.90174e+10	2.31437e+09
474	1.69937e+07	1.39797e+09	2.44187e+10	1.99237e+09
475	1.69937e+07	1.32813e+09	1.79682e+10	1.61655e+09
476	1.51457e+07	1.34237e+09	2.87803e+10	1.93105e+09
477	1.51457e+07	1.29457e+09	3.29796e+10	1.71343e+09
478	1.49839e+07	1.35935e+09	3.06176e+10	1.88633e+09
479	1.49839e+07	1.42411e+09	1.54901e+10	1.92252e+09
480	1.49839e+07	1.41612e+09	2.06544e+10	1.92813e+09
481	1.49839e+07	1.39595e+09	2.48411e+10	2.11745e+09
482	1.49839e+07	1.42183e+09	2.99984e+10	2.20922e+09
483	1.49839e+07	1.40384e+09	5.38308e+10	2.51518e+09
484	1.49839e+07	1.35159e+09	3.02191e+10	1.8733e+09 
485	1.49839e+07	1.35409e+09	1.97612e+10	1.7437e+09 
486	1.49839e+07	1.29866e+09	1.52434e+10	1.48376e+09
487	1.49839e+07	1.31954e+09	1.52704e+10	1.64339e+09
488	1.49839e+07	1.32908e+09	1.42431e+10	1.62552e+09
489	1.49839e+07	1.37069e+09	2.21335e+10	1.87698e+09
490	1.49839e+07	1.31443e+09	1.89405e+10	1.58974e+09
491	1.49839e+07	1.21222e+09	1.39919e+10	1.26837e+09
492	1.49839e+07	1.20083e+09	2.36252e+10	1.45887e+09
493	1.49839e+07	1.22118e+09	1.62437e+10	1.39966e+09
494	1.49839e+07	1.21235e+09	1.39372e+10	1.33625e+09
495	1.49839e+07	1.21989e+09	1.57268e+10	1.32466e+09
496	1.49839e+07	1.27512e+09	2.74539e+10	1.72634e+09
497	1.49839e+07	1.31718e+09	1.92104e+10	1.7074e+09 
498	1.49839e+07	1.31511e+09	2.03569e+10	1.74759e+09
499	1.49839e+07	1.39575e+09	1.95111e+10	1.85439e+09
-621.10999999
