/usr/lib/python2.7/site-packages/deap/tools/_hypervolume/pyhv.py:33: ImportWarning: Falling back to the python version of hypervolume module. Expect this to be very slow.
  "module. Expect this to be very slow.", ImportWarning)
gen	min       	avg       	max        	std        
0  	2.1511e+08	2.3711e+09	6.44972e+10	4.44198e+09
1  	2.1511e+08	2.37435e+09	5.60993e+10	4.04233e+09
2  	2.1511e+08	2.20316e+09	4.03632e+10	3.23065e+09
3  	2.1511e+08	2.0967e+09 	2.60333e+10	2.38988e+09
4  	2.1511e+08	2.25141e+09	4.0736e+10 	2.96343e+09
5  	2.1511e+08	2.24566e+09	2.58038e+10	2.93809e+09
6  	2.09143e+08	2.26838e+09	3.41249e+10	2.91936e+09
7  	2.09143e+08	2.10713e+09	2.4562e+10 	2.47101e+09
8  	2.08079e+08	2.1689e+09 	2.42743e+10	2.66666e+09
9  	2.02274e+08	2.18881e+09	2.68848e+10	2.82813e+09
10 	2.02274e+08	2.26276e+09	4.48341e+10	3.59276e+09
11 	2.02274e+08	2.22477e+09	5.5103e+10 	3.5804e+09 
12 	1.62744e+08	2.14575e+09	3.26534e+10	2.82388e+09
13 	1.46236e+08	2.14662e+09	3.2309e+10 	2.67798e+09
14 	1.46236e+08	2.16413e+09	3.0799e+10 	2.69993e+09
15 	1.46236e+08	2.15133e+09	3.82529e+10	2.65808e+09
16 	1.46236e+08	2.10225e+09	2.60697e+10	2.58594e+09
17 	1.46236e+08	2.11002e+09	2.43711e+10	2.54134e+09
18 	1.46236e+08	2.1618e+09 	2.77055e+10	2.71874e+09
19 	1.46236e+08	2.13717e+09	2.37861e+10	2.63259e+09
20 	1.46236e+08	2.08939e+09	2.0171e+10 	2.44754e+09
21 	1.46236e+08	2.07167e+09	2.0158e+10 	2.32376e+09
22 	1.46236e+08	2.16632e+09	2.68031e+10	2.66215e+09
23 	1.46236e+08	2.3174e+09 	4.64936e+10	3.50865e+09
24 	1.46236e+08	2.26924e+09	4.20402e+10	3.08183e+09
25 	1.34962e+08	2.21048e+09	2.82474e+10	2.83958e+09
26 	1.34962e+08	2.28159e+09	3.15797e+10	3.25038e+09
27 	1.34962e+08	2.18979e+09	2.85016e+10	2.82454e+09
28 	1.34962e+08	2.25168e+09	3.49117e+10	3.035e+09  
29 	1.34962e+08	2.27149e+09	3.30907e+10	3.05023e+09
30 	1.34962e+08	2.34954e+09	3.39175e+10	3.30084e+09
31 	1.34962e+08	2.27507e+09	2.9731e+10 	3.06147e+09
32 	1.32349e+08	2.15989e+09	2.98733e+10	2.80557e+09
33 	1.32349e+08	2.22258e+09	3.32015e+10	3.20856e+09
34 	1.32349e+08	2.12428e+09	2.81404e+10	2.66402e+09
35 	1.32349e+08	2.13389e+09	2.81404e+10	2.82076e+09
36 	1.32349e+08	2.15984e+09	2.97465e+10	2.87851e+09
37 	1.32349e+08	2.14138e+09	3.41243e+10	2.7374e+09 
38 	1.32349e+08	2.15534e+09	3.21981e+10	2.91073e+09
39 	1.32349e+08	2.16598e+09	3.21981e+10	3.07635e+09
40 	1.32349e+08	2.02958e+09	2.00808e+10	2.51342e+09
41 	1.32349e+08	2.0183e+09 	3.34623e+10	2.46457e+09
42 	1.32349e+08	1.91766e+09	1.99387e+10	2.06645e+09
43 	1.32349e+08	2.01921e+09	3.17117e+10	2.43835e+09
44 	1.32349e+08	2.11804e+09	3.17666e+10	3.05274e+09
45 	1.32349e+08	2.1524e+09 	3.69026e+10	3.06939e+09
46 	1.32349e+08	2.17477e+09	3.68557e+10	3.31821e+09
47 	1.32349e+08	2.16926e+09	3.91979e+10	3.37942e+09
48 	1.32349e+08	1.97199e+09	2.39827e+10	2.13844e+09
49 	1.32349e+08	1.97912e+09	2.93443e+10	2.29085e+09
50 	1.32349e+08	2.05156e+09	3.19208e+10	2.55328e+09
51 	1.32349e+08	2.0804e+09 	3.25672e+10	2.68823e+09
52 	1.32349e+08	2.11089e+09	7.36031e+10	3.59328e+09
53 	1.32349e+08	2.03086e+09	2.55916e+10	2.53042e+09
54 	1.32349e+08	2.11143e+09	5.0968e+10 	3.50768e+09
55 	1.19592e+08	2.02978e+09	2.32281e+10	2.65611e+09
56 	1.19592e+08	2.11075e+09	2.41669e+10	2.68939e+09
57 	1.19592e+08	2.09949e+09	3.00298e+10	2.60445e+09
58 	1.19592e+08	2.22767e+09	5.7803e+10 	3.67062e+09
59 	1.14363e+08	2.29903e+09	4.43469e+10	3.60399e+09
60 	1.14363e+08	2.20556e+09	3.19311e+10	2.92149e+09
61 	1.14363e+08	2.08263e+09	3.18218e+10	2.66576e+09
62 	1.14363e+08	1.96161e+09	2.64756e+10	2.29931e+09
63 	1.14363e+08	1.91359e+09	1.46051e+10	1.92103e+09
64 	1.14363e+08	1.8992e+09 	1.58017e+10	1.96871e+09
65 	1.14363e+08	1.89169e+09	1.90689e+10	1.93487e+09
66 	1.14363e+08	1.98359e+09	2.17822e+10	2.2536e+09 
67 	1.14363e+08	1.96818e+09	2.41122e+10	2.32218e+09
68 	1.14363e+08	1.97456e+09	2.29394e+10	2.27359e+09
69 	1.14363e+08	1.9316e+09 	1.91495e+10	2.10527e+09
70 	1.14363e+08	1.92555e+09	2.0483e+10 	2.05379e+09
71 	1.14363e+08	1.92344e+09	1.68703e+10	2.07951e+09
72 	1.14363e+08	1.97261e+09	2.4431e+10 	2.21731e+09
73 	1.11203e+08	2.0164e+09 	2.21386e+10	2.4654e+09 
74 	1.11203e+08	2.0661e+09 	2.40982e+10	2.52061e+09
75 	1.11203e+08	2.14715e+09	2.63298e+10	2.84184e+09
76 	1.11203e+08	2.18567e+09	3.14699e+10	3.13342e+09
77 	1.11203e+08	2.11826e+09	2.32417e+10	2.62816e+09
78 	1.11203e+08	2.07807e+09	2.28229e+10	2.62473e+09
79 	1.11203e+08	2.06967e+09	4.14911e+10	3.04919e+09
80 	1.11203e+08	2.05446e+09	2.93257e+10	2.74724e+09
81 	1.02985e+08	2.01826e+09	2.47024e+10	2.41801e+09
82 	1.02985e+08	2.01409e+09	2.75343e+10	2.67991e+09
83 	1.02985e+08	1.94385e+09	2.44755e+10	2.24594e+09
84 	1.02985e+08	1.90339e+09	2.31034e+10	2.23924e+09
85 	1.02985e+08	1.90237e+09	2.48242e+10	2.22317e+09
86 	1.02985e+08	1.9395e+09 	2.3707e+10 	2.42341e+09
87 	1.02985e+08	2.10475e+09	4.53041e+10	3.61396e+09
88 	1.02985e+08	2.01133e+09	3.21588e+10	2.76151e+09
89 	1.02985e+08	2.00635e+09	3.21588e+10	2.69087e+09
90 	1.00197e+08	2.03957e+09	3.19767e+10	2.67718e+09
91 	1.00197e+08	2.06198e+09	2.73739e+10	2.54062e+09
92 	1.00197e+08	1.99556e+09	1.70093e+10	2.08621e+09
93 	1.00197e+08	2.02486e+09	1.912e+10  	2.26744e+09
94 	1.00197e+08	1.97026e+09	1.96824e+10	2.19124e+09
95 	1.00197e+08	2.05541e+09	3.19673e+10	2.54565e+09
96 	1.00197e+08	1.99401e+09	2.97833e+10	2.42895e+09
97 	9.94833e+07	2.09305e+09	3.74726e+10	2.833e+09  
98 	9.54298e+07	2.0028e+09 	3.74726e+10	2.53056e+09
99 	9.54298e+07	2.04409e+09	2.70303e+10	2.48557e+09
100	9.54298e+07	2.03757e+09	2.70303e+10	2.48529e+09
101	9.54298e+07	2.04882e+09	3.22521e+10	2.75129e+09
102	9.54298e+07	2.00479e+09	2.78091e+10	2.44352e+09
103	9.54298e+07	2.03371e+09	2.68365e+10	2.49188e+09
104	9.54298e+07	2.01609e+09	2.04466e+10	2.2906e+09 
105	9.54298e+07	1.93557e+09	3.17735e+10	2.3486e+09 
106	9.54298e+07	1.95562e+09	1.91674e+10	2.15896e+09
107	9.54298e+07	2.01629e+09	1.36113e+10	2.1419e+09 
108	9.54298e+07	1.9517e+09 	1.89868e+10	2.11476e+09
109	9.54298e+07	1.94007e+09	3.48638e+10	2.58695e+09
110	9.54298e+07	1.9412e+09 	4.93217e+10	2.85449e+09
111	9.54298e+07	2.01571e+09	5.60602e+10	3.19562e+09
112	9.54298e+07	2.0002e+09 	3.03977e+10	2.75603e+09
113	9.54298e+07	1.98211e+09	2.63588e+10	2.38555e+09
114	9.54298e+07	2.06016e+09	4.525e+10  	3.10508e+09
115	9.54298e+07	2.09444e+09	3.99431e+10	2.87211e+09
116	9.54298e+07	2.07282e+09	2.83928e+10	2.62838e+09
117	9.54298e+07	2.0835e+09 	2.81903e+10	2.65298e+09
118	9.54298e+07	2.07524e+09	2.41134e+10	2.63269e+09
119	6.57715e+07	2.01539e+09	2.217e+10  	2.39129e+09
120	6.57715e+07	1.95684e+09	1.724e+10  	2.12241e+09
121	6.57715e+07	1.9243e+09 	1.95052e+10	2.07202e+09
122	6.57715e+07	1.94844e+09	1.93263e+10	2.22039e+09
123	6.57715e+07	1.96014e+09	2.22236e+10	2.22725e+09
124	6.57715e+07	1.91706e+09	2.08731e+10	2.1035e+09 
125	6.57715e+07	1.99827e+09	2.4077e+10 	2.36973e+09
126	4.45417e+07	2.04323e+09	3.35258e+10	2.519e+09  
127	4.45417e+07	2.03813e+09	3.43142e+10	2.52425e+09
128	4.45417e+07	2.09235e+09	3.69676e+10	2.90302e+09
129	4.45417e+07	2.19447e+09	3.5715e+10 	3.28757e+09
130	4.45417e+07	2.13191e+09	2.9447e+10 	3.1395e+09 
131	4.45417e+07	1.99257e+09	2.52941e+10	2.51125e+09
132	4.45417e+07	1.9378e+09 	1.81061e+10	2.20028e+09
133	4.45417e+07	1.93422e+09	1.81061e+10	2.172e+09  
134	4.45417e+07	1.8645e+09 	1.7042e+10 	1.94918e+09
135	4.45417e+07	1.93757e+09	2.35263e+10	2.21911e+09
136	4.45417e+07	1.95972e+09	2.28002e+10	2.30136e+09
137	4.45417e+07	1.95052e+09	2.58645e+10	2.38197e+09
138	4.45417e+07	1.8915e+09 	2.54316e+10	2.37303e+09
139	4.45417e+07	1.83014e+09	2.37111e+10	2.08256e+09
140	4.45417e+07	1.87585e+09	2.42686e+10	2.22583e+09
141	4.45417e+07	1.94194e+09	2.42686e+10	2.38053e+09
142	4.45417e+07	2.01745e+09	3.07634e+10	2.60988e+09
143	4.45417e+07	2.01304e+09	2.10373e+10	2.54514e+09
144	4.45417e+07	1.92634e+09	2.10373e+10	2.2615e+09 
145	4.45417e+07	1.98115e+09	3.84596e+10	2.58222e+09
146	4.45417e+07	1.99981e+09	2.36416e+10	2.46075e+09
147	4.45417e+07	1.90865e+09	4.16957e+10	2.43887e+09
148	3.97584e+07	1.90516e+09	2.27379e+10	2.09679e+09
149	3.97584e+07	1.9017e+09 	3.86959e+10	2.28465e+09
150	3.97584e+07	1.95986e+09	3.15652e+10	2.53276e+09
151	3.97584e+07	1.91766e+09	2.37437e+10	2.22705e+09
152	3.97584e+07	1.87914e+09	1.87941e+10	2.15015e+09
153	3.97584e+07	1.90559e+09	1.85439e+10	2.21138e+09
154	3.97584e+07	1.87727e+09	1.74052e+10	2.11042e+09
155	3.97584e+07	1.85601e+09	1.98372e+10	1.93254e+09
156	3.97584e+07	1.94707e+09	3.08423e+10	2.52582e+09
157	3.97584e+07	1.94314e+09	3.71063e+10	2.5438e+09 
158	3.97584e+07	1.99409e+09	3.32963e+10	2.84006e+09
159	3.97584e+07	2.04647e+09	3.6981e+10 	3.10082e+09
160	3.97584e+07	2.0172e+09 	3.60916e+10	2.93764e+09
161	3.65007e+07	2.13707e+09	3.37425e+10	3.13322e+09
162	3.65007e+07	1.98666e+09	3.1345e+10 	2.61062e+09
163	3.65007e+07	2.05027e+09	3.57313e+10	3.01957e+09
164	3.65007e+07	1.95842e+09	2.23219e+10	2.323e+09  
165	3.65007e+07	1.94659e+09	2.45707e+10	2.37353e+09
166	3.65007e+07	1.91549e+09	2.74877e+10	2.37269e+09
167	3.65007e+07	1.87277e+09	2.98739e+10	2.36704e+09
168	3.65007e+07	1.91836e+09	2.1345e+10 	2.35276e+09
169	3.65007e+07	1.91606e+09	3.01581e+10	2.49886e+09
170	3.38388e+07	1.91342e+09	2.26578e+10	2.39774e+09
171	3.38388e+07	1.83586e+09	2.5447e+10 	2.23544e+09
172	3.38388e+07	1.80878e+09	1.64959e+10	1.99967e+09
173	3.38388e+07	1.87765e+09	4.00199e+10	2.512e+09  
174	3.38388e+07	1.89859e+09	3.19979e+10	2.48028e+09
175	3.38388e+07	1.96906e+09	3.06661e+10	2.82362e+09
176	3.38388e+07	1.97725e+09	3.24712e+10	3.01183e+09
177	3.38388e+07	1.94658e+09	3.00526e+10	2.81963e+09
178	3.38388e+07	1.96773e+09	3.5307e+10 	2.9486e+09 
179	3.38388e+07	2.04891e+09	5.04192e+10	3.60795e+09
180	3.38388e+07	1.9284e+09 	4.04938e+10	2.79149e+09
181	3.38388e+07	1.88765e+09	2.7713e+10 	2.52344e+09
182	3.38388e+07	1.89065e+09	4.93664e+10	2.83548e+09
183	3.38388e+07	1.90615e+09	2.56217e+10	2.4926e+09 
184	3.38388e+07	1.82767e+09	2.22269e+10	2.1129e+09 
185	3.38388e+07	1.81632e+09	2.1532e+10 	2.16016e+09
186	3.38388e+07	1.96472e+09	4.01618e+10	3.10627e+09
187	3.38388e+07	1.88938e+09	2.73032e+10	2.45816e+09
188	3.38388e+07	1.86338e+09	2.14629e+10	2.34485e+09
189	3.38388e+07	1.98034e+09	3.742e+10  	2.89633e+09
190	3.38388e+07	1.97837e+09	2.86899e+10	2.75653e+09
191	3.38388e+07	1.94441e+09	2.86341e+10	2.53704e+09
192	3.38388e+07	1.88183e+09	2.74695e+10	2.44806e+09
193	3.38388e+07	1.87341e+09	2.57878e+10	2.26718e+09
194	3.38388e+07	1.92915e+09	2.5728e+10 	2.53302e+09
195	3.38388e+07	1.85934e+09	2.48931e+10	2.41307e+09
196	3.38388e+07	1.81271e+09	2.91341e+10	2.34764e+09
197	3.38388e+07	1.87275e+09	2.91341e+10	2.47936e+09
198	3.38388e+07	1.9733e+09 	5.65193e+10	3.30361e+09
199	3.38388e+07	2.06229e+09	4.36292e+10	3.31526e+09
200	3.38388e+07	1.95317e+09	3.50168e+10	2.65375e+09
201	3.38388e+07	2.00589e+09	4.1366e+10 	3.34312e+09
202	3.38388e+07	1.81383e+09	4.02925e+10	2.32754e+09
203	3.38388e+07	1.69885e+09	2.05785e+10	1.88535e+09
204	3.38388e+07	1.84683e+09	6.3895e+10 	3.00793e+09
205	3.38388e+07	1.91521e+09	3.70964e+10	2.79357e+09
206	3.38388e+07	1.90742e+09	3.61214e+10	2.88041e+09
207	3.38388e+07	1.89235e+09	3.58517e+10	2.69278e+09
208	3.38388e+07	1.8578e+09 	4.22281e+10	2.72543e+09
209	3.38388e+07	1.80588e+09	2.97253e+10	2.31593e+09
210	3.38388e+07	1.81324e+09	3.08768e+10	2.29678e+09
211	3.38388e+07	1.7801e+09 	2.95923e+10	2.28631e+09
212	3.38388e+07	1.82428e+09	3.47652e+10	2.32457e+09
213	3.38388e+07	1.83292e+09	2.34501e+10	2.252e+09  
214	3.38388e+07	1.81222e+09	1.93444e+10	2.12721e+09
215	3.38388e+07	1.76543e+09	1.95289e+10	2.03872e+09
216	3.38388e+07	1.77783e+09	1.95289e+10	1.98172e+09
217	3.38388e+07	1.68403e+09	1.61039e+10	1.77174e+09
218	3.38388e+07	1.82104e+09	2.22229e+10	2.24509e+09
219	3.38388e+07	1.85172e+09	2.15527e+10	2.18078e+09
220	3.3566e+07 	1.78349e+09	1.71435e+10	1.99267e+09
221	3.3566e+07 	1.77118e+09	1.5705e+10 	1.90468e+09
222	3.3566e+07 	1.77099e+09	1.78441e+10	1.96227e+09
223	3.3566e+07 	1.77364e+09	1.44584e+10	1.93924e+09
224	3.3566e+07 	1.88747e+09	3.45975e+10	2.64077e+09
225	3.3566e+07 	1.99826e+09	1.90779e+10	2.65051e+09
226	3.3566e+07 	1.88228e+09	1.92339e+10	2.41058e+09
227	3.3566e+07 	1.85076e+09	1.92339e+10	2.21739e+09
228	3.3566e+07 	1.81516e+09	2.94546e+10	2.30989e+09
229	3.3566e+07 	1.70423e+09	2.53711e+10	2.04426e+09
230	3.3566e+07 	1.75122e+09	2.64054e+10	2.40856e+09
231	3.3566e+07 	1.73476e+09	2.4769e+10 	2.21703e+09
232	3.3566e+07 	1.6668e+09 	3.06253e+10	2.03801e+09
233	3.3566e+07 	1.78523e+09	2.47303e+10	2.2085e+09 
234	3.3566e+07 	1.72461e+09	1.52396e+10	1.87086e+09
235	3.3566e+07 	1.74509e+09	2.17115e+10	2.04477e+09
236	3.3566e+07 	1.77686e+09	2.78472e+10	2.21306e+09
237	3.3566e+07 	1.80362e+09	2.75037e+10	2.31758e+09
238	3.3566e+07 	1.80585e+09	3.33438e+10	2.33144e+09
239	3.3566e+07 	1.83471e+09	1.97741e+10	2.23239e+09
240	3.3566e+07 	1.8262e+09 	3.21414e+10	2.40678e+09
241	3.3566e+07 	1.83308e+09	2.84065e+10	2.43085e+09
242	3.3566e+07 	1.78845e+09	2.57362e+10	2.29326e+09
243	3.3566e+07 	1.85049e+09	3.92009e+10	2.79384e+09
244	3.3566e+07 	1.8687e+09 	2.7881e+10 	2.8004e+09 
245	3.3566e+07 	1.77776e+09	2.55574e+10	2.5005e+09 
246	3.3566e+07 	1.82109e+09	3.58722e+10	2.83685e+09
247	3.3566e+07 	1.7898e+09 	2.03915e+10	2.3808e+09 
248	3.3566e+07 	1.86368e+09	3.28193e+10	2.63704e+09
249	3.3566e+07 	1.95492e+09	3.28193e+10	2.91793e+09
250	3.3566e+07 	1.93457e+09	2.63341e+10	2.68993e+09
251	3.3566e+07 	1.84075e+09	3.9271e+10 	2.60347e+09
252	3.3566e+07 	1.84797e+09	3.8858e+10 	2.72391e+09
253	3.3566e+07 	1.81993e+09	2.65065e+10	2.35762e+09
254	3.3566e+07 	1.84594e+09	3.04188e+10	2.52759e+09
255	3.3566e+07 	1.81802e+09	2.77111e+10	2.4358e+09 
256	3.3566e+07 	1.73649e+09	2.77111e+10	2.39308e+09
257	3.3566e+07 	1.78648e+09	3.20453e+10	2.63344e+09
258	3.3566e+07 	1.88002e+09	4.62588e+10	3.13804e+09
259	3.3566e+07 	1.79128e+09	4.22568e+10	2.69899e+09
260	3.16936e+07	1.75977e+09	3.47178e+10	2.52834e+09
261	3.16936e+07	1.90857e+09	5.58967e+10	3.6488e+09 
262	3.16936e+07	1.76432e+09	2.46189e+10	2.35545e+09
263	3.16936e+07	1.70862e+09	1.75556e+10	1.98686e+09
264	3.04413e+07	1.7214e+09 	1.60366e+10	1.96639e+09
265	3.04413e+07	1.6723e+09 	2.32721e+10	2.04252e+09
266	3.04413e+07	1.72091e+09	1.82605e+10	2.12504e+09
267	3.04413e+07	1.78942e+09	3.23959e+10	2.50643e+09
268	3.04413e+07	1.79315e+09	1.81538e+10	2.10532e+09
269	3.04413e+07	1.72465e+09	3.24824e+10	2.21884e+09
270	3.04413e+07	1.70186e+09	3.24824e+10	2.25326e+09
271	3.04413e+07	1.76062e+09	2.43138e+10	2.33846e+09
272	3.04413e+07	1.77474e+09	3.34528e+10	2.46838e+09
273	3.01157e+07	1.70596e+09	3.24137e+10	2.34185e+09
274	3.01157e+07	1.64009e+09	1.71118e+10	1.85713e+09
275	3.01157e+07	1.63195e+09	1.77852e+10	1.88625e+09
276	3.00471e+07	1.71626e+09	3.05762e+10	2.29997e+09
277	2.95175e+07	1.78333e+09	2.7636e+10 	2.31476e+09
278	2.95175e+07	1.71245e+09	2.64228e+10	2.29732e+09
279	2.95175e+07	1.67369e+09	2.2333e+10 	2.02089e+09
280	2.95175e+07	1.72192e+09	2.20132e+10	2.20889e+09
281	2.95175e+07	1.7132e+09 	2.08145e+10	2.23818e+09
282	2.95175e+07	1.63402e+09	2.12679e+10	2.16936e+09
283	2.95175e+07	1.59659e+09	2.08145e+10	1.98725e+09
284	2.95175e+07	1.61396e+09	2.20562e+10	2.13384e+09
285	2.95175e+07	1.62476e+09	4.00143e+10	2.3635e+09 
286	2.95175e+07	1.62656e+09	2.29777e+10	2.00265e+09
287	2.95175e+07	1.5342e+09 	1.6496e+10 	1.73816e+09
288	2.95175e+07	1.55262e+09	1.94392e+10	1.87342e+09
289	2.95175e+07	1.54142e+09	2.69707e+10	1.88646e+09
290	2.95175e+07	1.50057e+09	2.30189e+10	1.57783e+09
291	2.95175e+07	1.51806e+09	1.97408e+10	1.65322e+09
292	2.95175e+07	1.49998e+09	1.35942e+10	1.51074e+09
293	2.95175e+07	1.5821e+09 	1.75823e+10	1.77835e+09
294	2.95175e+07	1.62102e+09	5.00467e+10	2.56208e+09
295	2.95175e+07	1.5888e+09 	3.79575e+10	2.29902e+09
296	2.95175e+07	1.57563e+09	2.732e+10  	1.86422e+09
297	2.95175e+07	1.59494e+09	1.27622e+10	1.60529e+09
298	2.95175e+07	1.5805e+09 	1.25489e+10	1.57085e+09
299	2.95175e+07	1.65002e+09	1.80076e+10	1.84144e+09
300	2.95175e+07	1.64671e+09	1.9268e+10 	1.93196e+09
301	2.95175e+07	1.58292e+09	1.97179e+10	1.74761e+09
302	2.95175e+07	1.55387e+09	1.24313e+10	1.60114e+09
303	2.95175e+07	1.60527e+09	1.51687e+10	1.75634e+09
304	2.95175e+07	1.62884e+09	1.99058e+10	2.05058e+09
305	2.95175e+07	1.67486e+09	2.90365e+10	2.25078e+09
306	2.95175e+07	1.6867e+09 	2.21038e+10	2.04592e+09
307	2.95175e+07	1.72411e+09	2.94301e+10	2.39648e+09
308	2.95175e+07	1.65595e+09	2.53753e+10	2.15729e+09
309	2.95175e+07	1.67805e+09	2.03693e+10	2.19807e+09
310	2.95175e+07	1.70712e+09	4.91625e+10	2.71698e+09
311	2.95175e+07	1.66007e+09	2.28718e+10	2.10893e+09
312	2.95175e+07	1.69505e+09	1.96436e+10	2.13562e+09
313	2.95175e+07	1.7276e+09 	2.31016e+10	2.35676e+09
314	2.95175e+07	1.75096e+09	2.04297e+10	2.35529e+09
315	2.95175e+07	1.6631e+09 	1.96435e+10	2.12329e+09
316	2.95175e+07	1.66842e+09	2.47149e+10	2.17683e+09
317	2.95175e+07	1.69121e+09	3.33069e+10	2.42832e+09
318	2.95175e+07	1.63626e+09	3.24281e+10	2.45355e+09
319	2.95175e+07	1.58687e+09	2.20316e+10	1.99226e+09
320	2.95175e+07	1.61362e+09	2.04187e+10	2.08314e+09
321	2.95175e+07	1.60105e+09	1.77844e+10	1.94207e+09
322	2.95175e+07	1.69429e+09	3.39301e+10	2.38994e+09
323	2.95175e+07	1.60476e+09	1.87417e+10	1.91149e+09
324	2.95175e+07	1.60731e+09	3.10165e+10	2.13075e+09
325	2.95175e+07	1.60819e+09	2.76149e+10	2.09912e+09
326	2.89293e+07	1.64144e+09	4.02231e+10	2.29781e+09
327	2.89293e+07	1.55244e+09	1.94831e+10	1.84644e+09
328	2.89293e+07	1.4891e+09 	1.67123e+10	1.53314e+09
329	2.89293e+07	1.49352e+09	2.04199e+10	1.60191e+09
330	2.89293e+07	1.61223e+09	3.78061e+10	2.30644e+09
331	2.89293e+07	1.59147e+09	1.86624e+10	1.90321e+09
332	2.89293e+07	1.64578e+09	1.97306e+10	2.21e+09   
333	2.89293e+07	1.59626e+09	3.21743e+10	2.35881e+09
334	2.89293e+07	1.65151e+09	4.04851e+10	2.77761e+09
335	2.89293e+07	1.72557e+09	3.23965e+10	2.54647e+09
336	2.89293e+07	1.66918e+09	2.97989e+10	2.41825e+09
337	2.89293e+07	1.61559e+09	2.93468e+10	2.1501e+09 
338	2.89293e+07	1.7381e+09 	2.82035e+10	2.41092e+09
339	2.89293e+07	1.68665e+09	2.48194e+10	2.21484e+09
340	2.89293e+07	1.60042e+09	1.87334e+10	2.00419e+09
341	2.89293e+07	1.57232e+09	1.6679e+10 	1.86154e+09
342	2.5886e+07 	1.5623e+09 	1.63389e+10	1.85349e+09
343	2.5886e+07 	1.5788e+09 	3.6555e+10 	2.29436e+09
344	2.5886e+07 	1.55603e+09	1.89107e+10	1.94683e+09
345	2.5886e+07 	1.59321e+09	1.91799e+10	1.96005e+09
346	2.5886e+07 	1.58424e+09	1.95282e+10	2.07226e+09
347	2.5886e+07 	1.48902e+09	1.41859e+10	1.61798e+09
348	2.5886e+07 	1.50774e+09	2.39876e+10	1.90922e+09
349	2.4202e+07 	1.49771e+09	2.5556e+10 	1.9266e+09 
350	2.4202e+07 	1.53171e+09	2.65181e+10	1.99436e+09
351	2.4202e+07 	1.58184e+09	2.34755e+10	2.17441e+09
352	2.4202e+07 	1.57642e+09	3.09416e+10	2.37199e+09
353	2.4202e+07 	1.5041e+09 	2.13497e+10	1.93577e+09
354	2.4202e+07 	1.51149e+09	1.98794e+10	1.75492e+09
355	2.4202e+07 	1.47642e+09	1.23952e+10	1.54126e+09
356	2.4202e+07 	1.46877e+09	1.73635e+10	1.60243e+09
357	2.4202e+07 	1.43964e+09	1.11082e+10	1.40474e+09
358	2.4202e+07 	1.49533e+09	1.41801e+10	1.53533e+09
359	2.4202e+07 	1.59783e+09	2.45071e+10	2.10198e+09
360	2.4202e+07 	1.62121e+09	2.08106e+10	2.21758e+09
361	2.4202e+07 	1.59088e+09	1.99594e+10	1.90171e+09
362	2.4202e+07 	1.49625e+09	1.41061e+10	1.60328e+09
363	2.4202e+07 	1.59005e+09	1.83392e+10	1.91128e+09
364	2.41512e+07	1.53168e+09	1.49736e+10	1.7704e+09 
365	2.41512e+07	1.50943e+09	1.90011e+10	1.81664e+09
366	2.41512e+07	1.52307e+09	2.49487e+10	1.86517e+09
367	2.41512e+07	1.60099e+09	2.49487e+10	2.12932e+09
368	2.41512e+07	1.59885e+09	1.85806e+10	2.01931e+09
369	2.41512e+07	1.64725e+09	1.92949e+10	2.2624e+09 
370	2.41512e+07	1.59664e+09	2.30665e+10	2.03487e+09
371	2.41512e+07	1.62736e+09	3.24567e+10	2.22927e+09
372	2.41512e+07	1.66869e+09	2.37428e+10	2.35975e+09
373	2.41512e+07	1.64574e+09	1.98262e+10	2.25487e+09
374	2.41512e+07	1.65211e+09	2.2472e+10 	2.23934e+09
375	2.41512e+07	1.68951e+09	3.30235e+10	2.5521e+09 
376	2.41512e+07	1.59739e+09	3.3579e+10 	2.08016e+09
377	2.41512e+07	1.6791e+09 	2.6597e+10 	2.36769e+09
378	2.41512e+07	1.6635e+09 	1.79989e+10	2.17714e+09
379	2.41512e+07	1.58038e+09	2.63055e+10	2.09643e+09
380	2.41512e+07	1.51136e+09	2.28987e+10	2.03229e+09
381	2.41512e+07	1.53121e+09	2.31832e+10	1.99651e+09
382	2.41512e+07	1.52289e+09	4.73292e+10	2.31223e+09
383	2.41512e+07	1.49952e+09	2.4427e+10 	1.82548e+09
384	2.41512e+07	1.44946e+09	2.36512e+10	1.6437e+09 
385	2.41512e+07	1.48474e+09	1.6091e+10 	1.65401e+09
386	2.41512e+07	1.47993e+09	1.43927e+10	1.63724e+09
387	2.41512e+07	1.54026e+09	1.58587e+10	1.75352e+09
388	2.41512e+07	1.54275e+09	3.44977e+10	2.12845e+09
389	2.41512e+07	1.50815e+09	2.25872e+10	1.96381e+09
390	2.41512e+07	1.47704e+09	2.14292e+10	1.79662e+09
391	2.41512e+07	1.47613e+09	1.67833e+10	1.63717e+09
392	2.41512e+07	1.622e+09  	3.26853e+10	2.26646e+09
393	2.41512e+07	1.50984e+09	1.56499e+10	1.69626e+09
394	2.41512e+07	1.44587e+09	1.36139e+10	1.57337e+09
395	2.41512e+07	1.50639e+09	1.72272e+10	1.84231e+09
396	2.41512e+07	1.46603e+09	1.65852e+10	1.62891e+09
397	2.41512e+07	1.52253e+09	2.45989e+10	1.93314e+09
398	2.41512e+07	1.52595e+09	2.26782e+10	2.03079e+09
399	2.41512e+07	1.55771e+09	2.94708e+10	2.26315e+09
400	2.41512e+07	1.45044e+09	1.51854e+10	1.67993e+09
401	2.41512e+07	1.4361e+09 	1.9537e+10 	1.7892e+09 
402	2.41512e+07	1.39457e+09	1.30359e+10	1.51966e+09
403	2.22255e+07	1.48083e+09	2.67231e+10	1.95205e+09
404	2.22255e+07	1.49119e+09	1.71822e+10	1.76374e+09
405	2.22255e+07	1.49114e+09	1.93544e+10	1.74732e+09
406	2.22255e+07	1.41408e+09	1.20834e+10	1.39822e+09
407	2.22255e+07	1.44616e+09	1.81261e+10	1.60577e+09
408	2.21861e+07	1.47564e+09	2.09518e+10	1.76268e+09
409	2.21861e+07	1.45606e+09	1.81471e+10	1.6795e+09 
410	2.21861e+07	1.6429e+09 	3.36207e+10	2.42707e+09
411	2.21861e+07	1.60758e+09	2.42763e+10	2.21393e+09
412	2.21861e+07	1.50842e+09	1.95024e+10	1.83121e+09
413	2.21861e+07	1.49548e+09	2.13046e+10	1.77072e+09
414	2.21861e+07	1.43419e+09	1.34998e+10	1.60735e+09
415	2.21861e+07	1.47345e+09	1.86084e+10	1.78384e+09
416	2.21861e+07	1.49085e+09	3.79813e+10	2.15083e+09
417	2.21861e+07	1.54851e+09	3.03059e+10	2.17239e+09
418	2.21861e+07	1.57411e+09	3.37377e+10	2.42796e+09
419	2.21861e+07	1.51969e+09	4.43449e+10	2.50961e+09
420	2.21861e+07	1.5201e+09 	2.32058e+10	2.03713e+09
421	2.21861e+07	1.62745e+09	3.13306e+10	2.61863e+09
422	2.21861e+07	1.56233e+09	3.5181e+10 	2.3971e+09 
423	2.21861e+07	1.54557e+09	2.3756e+10 	2.21194e+09
424	2.21861e+07	1.6012e+09 	2.005e+10  	2.07334e+09
425	2.21861e+07	1.49851e+09	1.94364e+10	1.75758e+09
426	2.21861e+07	1.55209e+09	4.23179e+10	2.54694e+09
427	2.21861e+07	1.47779e+09	1.951e+10  	1.73937e+09
428	2.21861e+07	1.50542e+09	2.08857e+10	1.79242e+09
429	2.21861e+07	1.56824e+09	2.28295e+10	2.21794e+09
430	2.21861e+07	1.54015e+09	2.81421e+10	2.14894e+09
431	2.21861e+07	1.63093e+09	2.12159e+10	2.32997e+09
432	2.21861e+07	1.63741e+09	3.04559e+10	2.54913e+09
433	2.21861e+07	1.59668e+09	2.60855e+10	2.37093e+09
434	2.21861e+07	1.51739e+09	2.60855e+10	2.04655e+09
435	2.21861e+07	1.51682e+09	2.5306e+10 	1.93001e+09
436	2.21861e+07	1.58344e+09	3.01628e+10	2.27855e+09
437	2.21861e+07	1.55472e+09	2.21089e+10	2.04388e+09
438	2.21861e+07	1.58104e+09	2.2934e+10 	2.21492e+09
439	2.21861e+07	1.55419e+09	1.95486e+10	1.94374e+09
440	2.21861e+07	1.54611e+09	3.39993e+10	2.40668e+09
441	2.21861e+07	1.51093e+09	3.74215e+10	2.31554e+09
442	2.21861e+07	1.55312e+09	2.47609e+10	2.33836e+09
443	2.21861e+07	1.53769e+09	2.4121e+10 	2.05703e+09
444	1.93099e+07	1.56427e+09	2.82341e+10	2.23992e+09
445	1.92608e+07	1.53956e+09	2.40337e+10	2.21979e+09
446	1.92608e+07	1.55463e+09	3.16558e+10	2.51069e+09
447	1.92608e+07	1.56192e+09	2.75826e+10	2.26501e+09
448	1.92608e+07	1.45552e+09	2.3626e+10 	1.82729e+09
449	1.92608e+07	1.43498e+09	1.31625e+10	1.63741e+09
450	1.92608e+07	1.42175e+09	1.44794e+10	1.67041e+09
451	1.92608e+07	1.41983e+09	1.7794e+10 	1.65002e+09
452	1.92608e+07	1.4828e+09 	2.16053e+10	1.98599e+09
453	1.92608e+07	1.50422e+09	3.20254e+10	2.24528e+09
454	1.92608e+07	1.48874e+09	2.22249e+10	2.13845e+09
455	1.92608e+07	1.37912e+09	1.4266e+10 	1.55835e+09
456	1.92608e+07	1.41525e+09	1.50603e+10	1.643e+09  
457	1.92608e+07	1.38974e+09	1.49028e+10	1.65267e+09
458	1.92608e+07	1.43677e+09	2.57864e+10	2.03746e+09
459	1.92608e+07	1.45789e+09	3.609e+10  	2.32612e+09
460	1.92608e+07	1.44484e+09	2.85015e+10	2.21385e+09
461	1.92608e+07	1.44502e+09	5.64562e+10	2.58343e+09
462	1.92608e+07	1.349e+09  	1.26518e+10	1.43703e+09
463	1.92608e+07	1.48227e+09	2.92813e+10	2.35007e+09
464	1.92608e+07	1.51675e+09	2.08104e+10	2.10685e+09
465	1.92608e+07	1.50338e+09	2.69436e+10	2.14597e+09
466	1.92608e+07	1.38666e+09	1.67128e+10	1.49823e+09
467	1.92608e+07	1.43315e+09	1.83502e+10	1.74848e+09
468	1.92608e+07	1.39935e+09	1.78872e+10	1.73141e+09
469	1.80295e+07	1.44943e+09	2.59148e+10	2.14769e+09
470	1.80295e+07	1.3996e+09 	1.94695e+10	1.78617e+09
471	1.80295e+07	1.42047e+09	1.47183e+10	1.61497e+09
472	1.80295e+07	1.39515e+09	1.61416e+10	1.617e+09  
473	1.80295e+07	1.41364e+09	2.11767e+10	1.82862e+09
474	1.80295e+07	1.39422e+09	2.44493e+10	1.79995e+09
475	1.80295e+07	1.35609e+09	1.76382e+10	1.57002e+09
476	1.80295e+07	1.31609e+09	1.21063e+10	1.36135e+09
477	1.80295e+07	1.36232e+09	2.28384e+10	1.84768e+09
478	1.80295e+07	1.35472e+09	2.75115e+10	1.81186e+09
479	1.80295e+07	1.32714e+09	1.33999e+10	1.47497e+09
480	1.80295e+07	1.31932e+09	1.60287e+10	1.38963e+09
481	1.80295e+07	1.34013e+09	1.51106e+10	1.56944e+09
482	1.80295e+07	1.33743e+09	1.40205e+10	1.48025e+09
483	1.80295e+07	1.34054e+09	1.34499e+10	1.51876e+09
484	1.77429e+07	1.42505e+09	1.9893e+10 	1.83281e+09
485	1.77429e+07	1.5324e+09 	3.90336e+10	2.54249e+09
486	1.51065e+07	1.54522e+09	2.80319e+10	2.38846e+09
487	1.51065e+07	1.58971e+09	3.50289e+10	2.65785e+09
488	1.51065e+07	1.48362e+09	2.18256e+10	1.9223e+09 
489	1.51065e+07	1.41726e+09	1.70198e+10	1.70218e+09
490	1.51065e+07	1.36116e+09	1.35656e+10	1.42452e+09
491	1.51065e+07	1.3282e+09 	2.14213e+10	1.51006e+09
492	1.51065e+07	1.32569e+09	1.76245e+10	1.50134e+09
493	1.51065e+07	1.37659e+09	3.1908e+10 	1.96725e+09
494	1.51065e+07	1.38098e+09	3.1908e+10 	1.94399e+09
495	1.51065e+07	1.38318e+09	2.78615e+10	1.93114e+09
496	1.51065e+07	1.34832e+09	1.95589e+10	1.74252e+09
497	1.51065e+07	1.31239e+09	1.62614e+10	1.49233e+09
498	1.51065e+07	1.31935e+09	1.79109e+10	1.54438e+09
499	1.51065e+07	1.2628e+09 	1.58803e+10	1.30427e+09
-621.10999999
