/usr/lib/python2.7/site-packages/deap/tools/_hypervolume/pyhv.py:33: ImportWarning: Falling back to the python version of hypervolume module. Expect this to be very slow.
  "module. Expect this to be very slow.", ImportWarning)
gen	min    	avg    	max    	std    
0  	2745.73	4064.99	5477.77	432.242
1  	2745.73	4064.75	5227.47	439.087
2  	2702.84	4060.7 	5249.97	440.601
3  	2702.84	4059.21	5229.66	424.743
4  	2702.84	4063.6 	5052.24	416.428
5  	2702.84	4062.35	5243.83	418.575
6  	2702.84	4062.31	5268.04	415.526
7  	2700.39	4061.09	5268.04	419.744
8  	2700.39	4066   	5175.37	422.679
9  	2668.93	4067.01	5375.37	428.137
10 	2668.93	4065.9 	5258.63	426.57 
11 	2604.83	4064.58	5288.31	433.2  
12 	2604.83	4061.87	5373.06	447.532
13 	2522.52	4064.85	5200.42	438.925
14 	2522.52	4060.56	5367.38	442.363
15 	2522.52	4053.63	5259.78	443.178
16 	2522.52	4057.38	5289.53	441.437
17 	2522.52	4055.48	5229.37	444.676
18 	2433.82	4054.02	5297.41	443.181
19 	2433.82	4050.93	5262.69	436.712
20 	2363.12	4048.7 	5140.46	436.655
21 	2363.12	4051.39	5232.14	448.812
22 	2179.55	4044.49	5154.72	436.86 
23 	2179.55	4047.5 	5255.1 	434.463
24 	2179.55	4044.85	5299.83	440.027
25 	2179.55	4044.44	5281.27	442.768
26 	2179.55	4044.85	5249.05	445.68 
27 	2179.55	4042.84	5267.7 	447.79 
28 	2179.55	4037.76	5249.05	450.494
29 	2179.55	4036.84	5209.59	458.581
30 	2179.55	4036.79	5258.3 	448.749
31 	2179.55	4039.7 	5263.35	445.383
32 	2179.55	4041.69	5263.35	440.656
33 	2173.25	4040.45	5301.34	442.171
34 	1972.6 	4039.87	5207.68	446.061
35 	1972.6 	4038.19	5308.67	454.459
36 	1972.6 	4037.83	5417.27	455.529
37 	1972.6 	4037.21	5258.28	451.618
38 	1972.6 	4035.25	5339.81	452.194
39 	1972.6 	4032.36	5281.06	443.538
40 	1972.6 	4030.61	5206.79	446.223
41 	1972.6 	4030.76	5118.42	443.237
42 	1945.62	4030   	5274.6 	442.579
43 	1945.62	4027.28	5272.47	450.99 
44 	1945.62	4022.46	5178.88	448.051
45 	1945.62	4015.97	5348.27	454.066
46 	1945.62	4015.99	5248.77	443.877
47 	1945.62	4006.03	5146.85	451.945
48 	1906.41	4002.25	5134.89	459.069
49 	1906.41	3997.46	5128.58	455.706
50 	1889.16	3999.81	5113.63	457.979
51 	1889.16	3998.14	5184.76	462.287
52 	1889.16	3999.4 	5200.82	469.2  
53 	1889.16	3995.46	5267.83	463.313
54 	1889.16	3999.77	5272.22	469.132
55 	1889.16	4002.22	5341.34	482.039
56 	1889.16	4002.69	5272.03	483.13 
57 	1879.26	3998.03	5300.68	473.61 
58 	1879.26	3988.99	5259.06	473.539
59 	1879.26	3987.17	5177.8 	463.525
60 	1879.26	3990.77	5215.07	465.477
61 	1879.26	3989.45	5470.57	457.499
62 	1870.45	3986.98	5285.85	457.901
63 	1870.45	3983.57	5260.55	454.815
64 	1870.45	3981.31	5305.97	460.667
65 	1870.45	3983.13	5171.31	456.102
66 	1870.45	3986.27	5174.83	456.302
67 	1870.45	3985.04	5031.99	456.717
68 	1870.45	3980.31	5263.99	466.289
69 	1870.45	3980.3 	5222.71	468.387
70 	1870.45	3982.07	5130.86	458.683
71 	1870.45	3980.63	5207.45	456.184
72 	1870.45	3980.85	5171.23	457.356
73 	1870.45	3980.97	5128.93	461.504
74 	1870.45	3979.16	5177.03	449.413
75 	1870.45	3973.65	5119.76	455.189
76 	1870.45	3969.11	5166.09	463.391
77 	1870.45	3963.94	5044.13	465.746
78 	1870.45	3967.43	5331.65	481.953
79 	1870.45	3965.53	5211.25	476.942
80 	1870.45	3965.21	5194.26	470.102
81 	1870.45	3965.51	5055.26	468.706
82 	1870.45	3964.35	5304.03	470.316
83 	1870.45	3958.99	5136.86	466.765
84 	1870.45	3958.31	5327.37	468.159
85 	1870.45	3953.26	5122.02	459.15 
86 	1870.45	3956.84	5122.02	464.782
87 	1870.45	3957.65	5194.6 	461.33 
88 	1870.45	3957.23	5253.69	464.08 
89 	1787.77	3952.69	5211.97	462.105
90 	1787.77	3955.14	5144.92	475.126
91 	1787.77	3952.8 	5204.59	477.689
92 	1787.77	3951.03	5124.94	472.837
93 	1787.77	3949.36	5147.31	466.031
94 	1787.77	3947.55	5132.99	458.323
95 	1778.47	3946.85	5103.93	468.262
96 	1778.47	3945.64	5047.58	462.765
97 	1778.47	3950.96	5018.3 	462.25 
98 	1778.47	3948.62	5303.39	471.145
99 	1778.47	3951.08	5143.25	454.773
100	1778.47	3948.68	5286.06	450.228
101	1778.47	3952.12	5249.56	451.949
102	1778.47	3945.18	5265.09	458.681
103	1778.47	3939.02	5146.44	467.4  
104	1762.78	3939.03	5099.6 	473.609
105	1762.78	3934.93	5114.97	475.363
106	1762.78	3936.84	5328.54	478.245
107	1762.78	3936.54	5254.93	482.079
108	1762.78	3932.85	5369.51	489.133
109	1762.78	3928.15	5102.95	464.204
110	1762.78	3928.67	5220.28	470.238
111	1762.78	3930.5 	5191.31	473.697
112	1762.78	3927.6 	5182.37	471.544
113	1762.78	3925.9 	5011.52	466.082
114	1739   	3921.26	5196.52	470.186
115	1739   	3919.66	5111.28	465.562
116	1739   	3916.56	5020.05	467.475
117	1739   	3911.45	5118.36	466.53 
118	1739   	3912.5 	5222.18	467.314
119	1739   	3906.4 	5101.1 	471.912
120	1739   	3899.97	5108.97	460.076
121	1739   	3900.64	5166.1 	465.313
122	1739   	3906.25	5146.73	463.255
123	1739   	3904.91	5341.27	459.938
124	1739   	3906.36	5198.54	448.269
125	1739   	3904.63	5211.66	453.924
126	1739   	3897.79	5247.33	454.633
127	1739   	3891.45	5224.28	450.394
128	1739   	3890.19	5168.51	452.875
129	1739   	3891.86	5308.33	467.549
130	1739   	3894.37	5239.25	467.782
131	1739   	3896.6 	5247.38	473.049
132	1739   	3895.07	5301.02	474.756
133	1739   	3888.83	5261.08	480.703
134	1739   	3890.43	5264.21	490.297
135	1739   	3885.47	5211.62	482.598
136	1739   	3882.03	5229.34	477.044
137	1739   	3885.62	5178.58	477.132
138	1739   	3888.11	5152.9 	484.084
139	1739   	3883.92	5152.67	480.643
140	1739   	3879.02	5222.77	479.307
141	1739   	3876.11	5230.05	492.594
142	1727.19	3876.06	5156.98	485.555
143	1727.19	3873.4 	5154.8 	484.169
144	1727.19	3869.76	5210.02	484.733
145	1727.19	3864.96	5099.64	476.803
146	1727.19	3869.47	5039.54	478.89 
147	1727.19	3864.23	5038.07	478.225
148	1727.19	3861.69	5084.97	468.463
149	1727.19	3864.89	5104.62	459.164
150	1727.19	3859.85	5104.62	463.235
151	1727.19	3860   	5026.66	462.696
152	1727.19	3865.29	5073.25	459.581
153	1727.19	3868.52	5163.31	468.161
154	1633.91	3869.71	5151.18	481.469
155	1633.91	3866.79	5083.61	472.995
156	1633.91	3861.46	5148.95	472.403
157	1633.91	3860.98	5111.25	489.132
158	1633.91	3854.96	5105.12	483.245
159	1571.55	3844.52	5068.45	480.323
160	1571.55	3846.6 	5194.28	484.286
161	1571.55	3844.77	5205.15	480.574
162	1571.55	3847.04	5297.48	478.693
163	1571.55	3844.99	5298.6 	474.686
164	1571.55	3845.87	5248.06	469.829
165	1571.55	3844.25	5262.72	468.018
166	1571.55	3841.88	5140.91	464.162
167	1571.55	3836.54	5173.98	458.279
168	1571.55	3831.38	5034.85	455.638
169	1571.55	3835.4 	5211.39	462.2  
170	1571.55	3832.81	5021.6 	456.012
171	1568.14	3833.41	5080.35	463.505
172	1568.14	3830.41	5221.36	471.35 
173	1568.14	3832.4 	5221.36	469.659
174	1568.14	3826.52	5116.65	480.007
175	1568.14	3830.05	5110.04	483.521
176	1568.14	3830.61	5016.27	493.194
177	1568.14	3837.98	5070.14	496.357
178	1568.14	3840.29	5089.59	493.998
179	1568.14	3839.78	5325.96	494.615
180	1568.14	3835.95	5250.83	501.858
181	1568.14	3831.01	5142.14	492.191
182	1568.14	3826.67	5152.94	487.55 
183	1568.14	3827.49	5135.05	490.156
184	1565.78	3826.53	5143.16	488.499
185	1548.48	3827.84	5145.34	479.834
186	1548.48	3826.31	5049.9 	477.832
187	1548.48	3823   	5043.16	475.507
188	1548.48	3821.52	5156.02	476.14 
189	1548.48	3820.49	5195.18	476.531
190	1548.48	3819.69	5195.18	489.061
191	1548.48	3823.64	4962.63	483.098
192	1548.48	3818.47	5082.33	490.296
193	1548.48	3807.82	5033.93	487.432
194	1548.48	3802.16	4934.91	484.363
195	1548.48	3799.29	5067.9 	483.21 
196	1548.48	3796.17	5072.72	496.102
197	1548.48	3797.23	5179.12	490.154
198	1548.48	3799   	5016.01	481.947
199	1548.48	3803.8 	5099.37	473.059
200	1548.48	3804.41	4974.07	469.966
201	1548.48	3805.47	5074.99	477.234
202	1547.59	3806.31	5021.77	472.449
203	1547.59	3800.76	5095.51	480.754
204	1547.59	3795.19	4974.02	492.041
205	1547.59	3796.14	4992.07	479.014
206	1547.59	3789.11	5134.11	476.802
207	1478.41	3789.63	5118.66	486.113
208	1478.41	3792.01	5075.71	481.557
209	1478.41	3790.07	5095.16	489.044
210	1478.41	3791.27	5037.75	494.266
211	1478.41	3782.83	5093.28	499.063
212	1478.41	3777.02	5018.39	490.282
213	1478.41	3769.99	5130.89	489.908
214	1478.41	3770.16	5121.68	496.557
215	1478.41	3769.96	5119.22	495.031
216	1478.41	3766.25	5111.73	494.334
217	1478.41	3766.2 	5075.66	500.138
218	1478.41	3763.43	5123.7 	507.45 
219	1478.41	3760.7 	5118.19	512.355
220	1478.41	3766.23	5269.19	512.148
221	1478.41	3769.81	5221.75	513.408
222	1478.41	3767.58	5256.21	512.659
223	1478.41	3767.18	5131.24	518.551
224	1478.41	3763.56	5139.11	514.814
225	1478.41	3757.91	5173.69	510.653
226	1478.41	3754.84	5159.01	512.286
227	1478.41	3749.37	5201.75	501.77 
228	1478.41	3750.12	5135.26	494.902
229	1478.41	3749.81	5129.82	485.308
230	1478.41	3748.81	4982.87	499.05 
231	1478.41	3753.31	4947.11	501.523
232	1478.41	3750.83	5011.82	499.672
233	1478.41	3747.48	4975.14	501.359
234	1478.41	3749.42	5078.12	494.494
235	1478.41	3754.04	5016.78	490.784
236	1478.41	3748.48	4926.69	491.547
237	1478.41	3744.12	5269.39	497.594
238	1478.41	3745.36	5195.88	490.117
239	1470.55	3743.88	5080.7 	491.296
240	1470.55	3741.25	4989.47	491.493
241	1470.55	3734.04	4945.21	491.062
242	1470.55	3737.96	4999.15	488.126
243	1470.55	3735.93	5118.92	475.468
244	1470.55	3737.76	4994.7 	465.335
245	1470.55	3729.01	4882.78	461.441
246	1470.55	3730.41	5182.02	468.938
247	1470.05	3732.43	5034.79	463.742
248	1470.05	3727.26	4983.32	460.02 
249	1470.05	3724.01	5223.21	467.781
250	1470.05	3725.1 	4958.75	472.091
251	1470.05	3723.44	4944.44	463.556
252	1470.05	3719.6 	5112.68	459.304
253	1470.05	3714.15	5015   	456.376
254	1470.05	3707.59	5118.23	465.788
255	1470.05	3712.38	4919.68	467.327
256	1470.05	3707.92	5046.26	464.793
257	1470.05	3714.56	4913.21	471.219
258	1470.05	3718.03	5013.41	472.478
259	1470.05	3717.72	5082.21	482.171
260	1470.05	3713.62	4973.55	473.443
261	1470.05	3712.79	4976.95	479.377
262	1470.05	3713.34	5090.59	476.032
263	1470.05	3716.44	5127.58	486.318
264	1470.05	3723.28	5090.67	496.341
265	1470.05	3719.17	5278.41	499.446
266	1470.05	3719.69	5167.68	496.054
267	1470.05	3714.23	5097.21	486.291
268	1470.05	3713.23	5135.99	477.32 
269	1470.05	3712.28	4875.01	479.659
270	1470.05	3708.61	5086.31	484.357
271	1470.05	3709.61	5086.31	486.99 
272	1470.05	3703.3 	4853.51	481.339
273	1470.05	3696.19	4895.64	480.514
274	1470.05	3698.15	4879.76	478.519
275	1470.05	3702.14	4899.99	477.738
276	1470.05	3700.87	4996.42	484.783
277	1470.05	3701.9 	5013.34	479.423
278	1470.05	3703.1 	5016.89	487.125
279	1470.05	3705.38	4974.8 	481.501
280	1470.05	3695.09	4912.5 	466.708
281	1470.05	3690.38	5040.88	482.989
282	1470.05	3690.81	4975.99	479.94 
283	1470.05	3688.23	5204.61	494.022
284	1470.05	3691.05	5129.23	493.683
285	1470.05	3687.8 	5111.68	493.155
286	1470.05	3686.07	4989.71	495.003
287	1470.05	3677.97	4929.24	504.923
288	1470.05	3679.14	4921.11	503.365
289	1470.05	3682.34	4993.08	509.185
290	1470.05	3680.99	5277.15	507.936
291	1470.05	3673.14	4932.31	509.832
292	1470.05	3666.72	5064   	505.409
293	1470.05	3668.37	4992.89	501.313
294	1470.05	3666.32	4933.78	502.661
295	1470.05	3667.34	5070.7 	493.418
296	1470.05	3664.55	5014.5 	487.492
297	1470.05	3662.94	4839.92	469.969
298	1452.99	3666.21	5055.77	484.52 
299	1452.99	3666.29	5029.46	484.052
300	1452.99	3669.82	5072.65	477.302
301	1452.99	3662.42	4916.47	482.458
302	1452.99	3659.18	4933.45	495.156
303	1452.99	3660.45	4993.11	490.681
304	1452.99	3654.79	5084.1 	489.551
305	1452.99	3653.85	4989.34	476.865
306	1452.99	3645.51	5037.71	483.68 
307	1452.99	3645.6 	5033.97	486.264
308	1452.99	3639.07	5001.39	488.717
309	1452.99	3635.63	5076.31	488.436
310	1452.99	3640.77	5000.19	487.248
311	1452.99	3642.69	5045.64	489.282
312	1452.99	3644.82	5010.08	486.323
313	1452.99	3648.78	4997.29	495.405
314	1452.99	3646.64	5153.64	495.713
315	1437.31	3642.34	4984.87	489.643
316	1437.31	3634.98	4993.81	492.939
317	1437.31	3632.78	4981.1 	485.762
318	1437.31	3623.73	5152.89	484.754
319	1437.31	3621   	5145.89	477.231
320	1437.31	3617.48	4998.95	469.827
321	1437.31	3617.67	5104.53	477.233
322	1437.31	3622.21	5073.03	480.206
323	1437.31	3623.05	4986.21	472.974
324	1437.31	3620.84	5131.72	476.702
325	1396.67	3612.06	5034.14	481.672
326	1396.67	3607.26	4893.45	474.54 
327	1396.67	3609.37	4907.88	466.222
328	1396.67	3611.62	4982.31	477.375
329	1396.67	3613.25	4864.25	477.101
330	1396.67	3613.08	5029.17	478.757
331	1396.67	3612.44	4967.52	488.069
332	1396.67	3612.17	5044.39	485.966
333	1389.86	3612.08	5069.95	491.301
334	1389.86	3610.92	5040.11	488.356
335	1389.86	3601.14	4912.26	481.09 
336	1389.86	3603.69	4918.49	473.329
337	1389.86	3600.46	4947.4 	481.903
338	1389.86	3598.88	4871.54	493.454
339	1389.86	3601.15	4867.73	491.825
340	1389.86	3605.64	4998.1 	495.659
341	1389.86	3605.07	4925.84	488.023
342	1389.86	3611.02	4983.59	482.87 
343	1389.86	3609.47	5067.12	480.556
344	1389.86	3608.63	5014.86	485.462
345	1389.86	3605.98	4856.36	475.656
346	1389.86	3607.01	4809.06	478.124
347	1380.95	3606.22	4960.73	480.02 
348	1380.95	3605.03	4896.92	473.352
349	1380.95	3600.57	4856.04	483.181
350	1380.95	3598.74	4835.38	476.191
351	1380.95	3598.09	4957.68	480.987
352	1380.95	3588.75	4957.68	476.049
353	1380.95	3591.71	5006.76	480.959
354	1380.95	3588.63	5015.93	487.648
355	1380.95	3582.4 	5060.73	497.18 
356	1366.12	3587.49	4797.64	501.1  
357	1366.12	3592.01	5028.71	497.157
358	1366.12	3588.07	4861.03	493.206
359	1366.12	3585.95	4969.32	493.865
360	1366.12	3588.81	4753.93	492.346
361	1345.32	3586.26	4966.21	498.377
362	1345.32	3579.55	4936.34	493.635
363	1345.32	3578.08	4997.22	493.388
364	1302.54	3579.18	4997.22	500.006
365	1302.54	3574.47	4803.52	489.451
366	1302.54	3573.67	4911.14	488.346
367	1302.54	3575.09	4862.31	487.06 
368	1302.54	3565.4 	5068.93	483.881
369	1302.54	3561.66	4900.71	476.8  
370	1302.54	3563.25	4802.09	472.994
371	1302.54	3555.72	4781.4 	476.747
372	1302.54	3553.79	4816.09	481.018
373	1302.54	3563.21	4802.95	494.575
374	1302.54	3564.26	4899.42	499.57 
375	1302.54	3550.29	4918.13	500.382
376	1280.84	3553.53	4963.54	508.097
377	1280.84	3555.53	4768.37	506.908
378	1280.84	3552.07	4853.17	514.222
379	1280.84	3552.66	4830.77	501.026
380	1202.62	3543.69	4875.15	509.207
381	1202.62	3543.61	4897.88	509.939
382	1202.62	3543.36	4806.22	517.082
383	1202.62	3546.76	4816.96	506.821
384	1202.62	3547.41	4968.67	501.275
385	1202.62	3541.89	4864.39	497.946
386	1175.45	3533.79	4835.38	497.943
387	1175.45	3529.88	4774.24	495.098
388	1175.45	3531.07	4824.74	503.812
389	1175.45	3534.54	4846.23	505.147
390	1175.45	3527.42	4946.03	502.864
391	1175.45	3524.69	4845.61	504.312
392	1175.45	3523.87	4849.71	502.767
393	1175.45	3522.77	4858.68	505.452
394	1175.45	3526.42	4843.79	513.738
395	1175.45	3521.34	5104.64	508.976
396	1175.45	3513.67	4838.46	510.226
397	1175.45	3516.74	4887.78	502.821
398	1175.45	3511.28	4888.62	497.835
399	1175.45	3514.7 	4905.63	501.754
400	1070.77	3513.23	4850.08	498.725
401	1070.77	3516.1 	4862.62	489.288
402	1070.77	3510.64	4852.02	472.665
403	1070.77	3516.62	4837.29	472.512
404	1070.77	3512.96	4832.82	470.981
405	1070.77	3509.43	4749.58	479.762
406	1070.77	3508.65	4831.43	480.834
407	1070.77	3510.76	4691.61	478.857
408	1070.77	3511.52	4772.62	475.161
409	1070.77	3506.6 	4882.34	481.144
410	1070.77	3511.14	4776.18	489.22 
411	1070.77	3504.07	4801.06	493.881
412	1070.77	3504.46	4786.04	487.786
413	1070.77	3504.42	4726.66	482.154
414	1070.77	3499.55	4699.05	483.338
415	1070.77	3500.58	4877.32	480.017
416	1070.77	3499.71	4873.58	486.849
417	1070.77	3503.86	4735.4 	486.596
418	1070.77	3501.77	4819.99	489.027
419	1070.77	3503.62	4872.16	497.099
420	1070.77	3497.27	4919.32	505.325
421	1070.77	3495.48	4922.75	498.453
422	1037.32	3495.91	4879.74	507.369
423	1037.32	3491.94	5090.36	518.69 
424	1037.32	3487.4 	4857.63	511.843
425	1037.32	3489   	4940.1 	501.213
426	1037.32	3483.48	4897.06	491.596
427	1037.32	3480   	4968.44	480.442
428	1037.32	3480.39	4876.6 	477.906
429	1037.32	3477.49	4947.71	487.306
430	1015.34	3471.99	4901.46	480.612
431	1015.34	3469.77	4861.6 	490.106
432	1015.34	3471.57	4861.6 	489.935
433	1015.34	3469.5 	4721.25	495.174
434	1015.34	3467.31	4758.65	496.258
435	1015.34	3467.99	4764.29	505.568
436	1015.34	3463.47	4703.78	492.266
437	1015.34	3465.5 	4741.78	504.285
438	1015.34	3458.78	4731.87	502.231
439	1015.34	3458.14	4784.73	489.298
440	1015.34	3459.97	4728.79	484.73 
441	982.584	3454.85	4732.98	484.799
442	982.584	3453.17	4713.25	495.35 
443	982.584	3462.47	4519.51	489.409
444	982.584	3452.29	4608.76	493.551
445	947.75 	3453.34	4582.04	491.305
446	947.75 	3454.68	4687.01	496.637
447	947.75 	3455.89	4694.12	501.139
448	947.75 	3447.92	4699.77	511.069
449	947.75 	3438.44	4709.83	520.203
450	947.75 	3441.85	4704.71	520.655
451	947.75 	3445.58	4715.19	518.742
452	947.75 	3449   	4675.16	513.525
453	947.75 	3444.35	4736.98	516.238
454	947.75 	3442.5 	4745.39	512.751
455	947.75 	3439.81	4729.28	509.896
456	947.75 	3442.86	4777.6 	517.075
457	947.75 	3442.89	4924.42	510.2  
458	947.75 	3448.03	4788   	502.813
459	947.75 	3445.49	4745.15	512.753
460	947.75 	3445.38	4723.48	502.826
461	947.75 	3442.69	4783.69	509.625
462	947.75 	3431.79	4721.79	501.952
463	947.75 	3432.62	4799.59	498.211
464	947.75 	3437.88	4793.28	491.352
465	947.75 	3436.9 	4907.58	503.21 
466	947.75 	3431.63	4735.66	495.7  
467	947.75 	3433.48	4622.77	502.605
468	947.75 	3434.7 	4789.47	501.464
469	947.75 	3431.02	4862.43	499.3  
470	947.75 	3426.16	4862.43	505.653
471	947.75 	3422.84	4803.88	497.446
472	947.75 	3422   	4728.62	495.541
473	947.75 	3421.43	4688.37	505.641
474	947.75 	3419.09	4794.28	488.407
475	947.75 	3416.43	4825.04	474.487
476	947.75 	3411.56	4851.8 	483.57 
477	947.75 	3411.54	4866.78	494.438
478	947.75 	3407.45	4704.78	504.592
479	947.75 	3406.67	4633.26	505.624
480	947.75 	3402.73	4715.22	509.105
481	947.75 	3405.88	4851.97	508.493
482	947.75 	3410.8 	4785.23	503.384
483	947.75 	3405.46	4739.13	495.323
484	947.75 	3406.29	4723.48	485.955
485	947.75 	3404.47	4807.85	493.638
486	947.75 	3405.17	4781.39	484.195
487	947.75 	3404.13	4875.32	487.085
488	947.75 	3397.85	4671.33	493.178
489	947.75 	3401.27	4569.65	481.919
490	947.75 	3399.47	4684.27	485.353
491	947.75 	3403.13	4681.58	487.005
492	947.75 	3404.12	4771.45	482.152
493	916.155	3400.17	4805.19	484.606
494	916.155	3405.17	4805.19	476.884
495	916.155	3403.28	4805.19	490.303
496	916.155	3401.53	4603.98	489.921
497	916.155	3396.13	4783.13	501.579
498	916.155	3391.26	4661.09	501.415
499	916.155	3396.47	4779.71	500.478
29.97000001
