/usr/lib/python2.7/site-packages/deap/tools/_hypervolume/pyhv.py:33: ImportWarning: Falling back to the python version of hypervolume module. Expect this to be very slow.
  "module. Expect this to be very slow.", ImportWarning)
gen	min    	avg    	max    	std   
0  	2765.49	4067.86	5178.51	428.42
1  	2754.16	4066.58	5157.28	428.133
2  	2569.19	4066.86	5157.28	425.58 
3  	2569.19	4064.35	5153.71	435.26 
4  	2569.19	4061.15	5132.43	434.962
5  	2464.3 	4059.43	5192.64	437.053
6  	2464.3 	4060.73	5221.02	428.266
7  	2405.45	4055.28	5242.65	431.523
8  	2344.49	4056.13	5276.93	439.066
9  	2271.51	4053.74	5311.75	431.591
10 	2152.43	4052.92	5214.57	429.87 
11 	2125.6 	4047.45	5288.56	441.045
12 	2125.6 	4044.15	5263.03	438.426
13 	2125.6 	4043.83	5407.32	436.631
14 	2020.98	4041.43	5205.97	444.104
15 	2020.98	4043.02	5237.76	442.505
16 	2020.98	4041.81	5197.43	444.892
17 	2020.98	4043.73	5439.55	446.945
18 	2020.98	4043.92	5236.66	449.672
19 	2020.98	4041.58	5281.65	452.813
20 	2020.98	4039.93	5367.81	446.207
21 	2020.98	4042.14	5156.07	444.698
22 	2020.98	4040.03	5314.84	446.484
23 	2020.98	4033.81	5291.59	447.01 
24 	2020.98	4034.86	5162.72	456.911
25 	2020.98	4029.28	5242.98	449.789
26 	2020.98	4025.92	5303.71	451.642
27 	2020.98	4024.41	5177.91	450.975
28 	2020.98	4026.35	5267.99	453.839
29 	2020.98	4028.66	5294.33	452.552
30 	2020.98	4028.41	5325.33	445.769
31 	2004   	4031.8 	5191.69	442.663
32 	2004   	4031.06	5191.6 	448.207
33 	2004   	4028.71	5182.87	454.632
34 	2004   	4029.87	5145.96	462.771
35 	2004   	4027.43	5304.11	466.758
36 	2004   	4019.97	5356   	464.255
37 	2004   	4013.52	5274.52	463.407
38 	2004   	4008.6 	5349.32	466.985
39 	2004   	4009.66	5298.81	468.149
40 	2004   	4008.39	5377.56	469.543
41 	2004   	4003.98	5335.09	474.429
42 	2004   	3999.28	5262.68	475.803
43 	2004   	3996.21	5377.01	472.129
44 	1993.42	3996.8 	5244.01	467.772
45 	1993.42	3999.04	5178.38	445.817
46 	1993.42	3999.32	5210.47	448.715
47 	1993.42	3996.61	5233.2 	450.159
48 	1993.42	4000.42	5248.81	452.005
49 	1993.42	3999.52	5491.81	452.833
50 	1924.77	3993.85	5456.34	466.869
51 	1924.77	3992.29	5321.01	475.208
52 	1924.77	3992.03	5322.41	476.265
53 	1924.77	3991.64	5288.86	463.585
54 	1924.77	3987.55	5255.15	463.554
55 	1856.78	3989.2 	5299.19	458.928
56 	1856.78	3996.59	5382.57	452.724
57 	1856.78	3994.75	5171.11	450.744
58 	1856.78	3987.11	5104.76	453.802
59 	1856.78	3981.1 	5196.01	449.882
60 	1856.78	3983.46	5193.58	448.631
61 	1856.78	3977.49	5145.06	461.688
62 	1856.78	3980.63	5122.19	456.194
63 	1856.78	3980.81	5132.32	459.491
64 	1844.05	3976.76	5204.4 	461.191
65 	1844.05	3971.87	5275.44	465.549
66 	1844.05	3972.8 	5162.09	464.263
67 	1838.14	3966.75	5054.76	459.107
68 	1838.14	3968.5 	5163.82	448.277
69 	1838.14	3968.41	5236.62	460.272
70 	1838.14	3969.24	5289.96	466.471
71 	1838.14	3965.52	5377.25	461.188
72 	1838.14	3965.58	5137.46	457.174
73 	1838.14	3965.77	5157.12	451.099
74 	1838.14	3966.52	5203.51	439.087
75 	1838.14	3968.3 	5166.67	437.259
76 	1838.14	3972.13	5131.82	449.479
77 	1816.56	3964.71	5160.42	458.402
78 	1816.56	3965.47	5265.57	458.575
79 	1816.56	3957.2 	5233.83	470.925
80 	1816.56	3951.53	5185.69	470.791
81 	1816.56	3957.99	5311.19	471.56 
82 	1816.56	3944.74	5297.04	475.357
83 	1816.56	3947.48	5175.78	466.332
84 	1816.56	3944.85	5277.64	468.314
85 	1816.56	3942.4 	5277.64	466.216
86 	1816.56	3939.71	5205.65	452.836
87 	1816.56	3943.13	5107.66	450.065
88 	1816.56	3939.18	5084.06	451.738
89 	1816.56	3942.12	5136.8 	463.353
90 	1816.56	3940.66	5136.8 	462.529
91 	1816.56	3941.17	5136.8 	454.841
92 	1816.56	3942.06	5181.95	462.183
93 	1791.12	3942.71	5206.49	471.051
94 	1791.12	3937.36	5144.57	468.991
95 	1791.12	3942.61	5333.34	473.341
96 	1791.12	3940.9 	5345.89	484.549
97 	1782.4 	3932.7 	5208.29	484.267
98 	1782.4 	3938.24	5210.38	489.06 
99 	1782.4 	3939.48	5318.42	487.695
100	1782.4 	3935.92	5333.49	477.198
101	1782.4 	3936.93	5222.34	478.207
102	1782.4 	3935.13	5179.81	476.792
103	1782.4 	3927.36	5396.67	492.05 
104	1782.4 	3921.88	5334.08	472.871
105	1782.4 	3924.12	5230.66	466.105
106	1782.4 	3923.73	5253.86	469.761
107	1782.4 	3919.94	5200.78	456.638
108	1782.4 	3914.28	5035.3 	445.977
109	1782.4 	3911.47	5121.18	455.051
110	1782.4 	3905.17	5054.25	451.873
111	1782.4 	3903.39	5137.99	450.395
112	1782.4 	3903.78	5139.19	452.443
113	1782.4 	3909.77	5082.1 	441.856
114	1782.4 	3906.79	5141.17	444.867
115	1782.4 	3901.72	5045.34	449.971
116	1782.4 	3896.49	5113.99	463.249
117	1782.4 	3907.85	5284.29	463.388
118	1782.4 	3906.68	5211.21	464.496
119	1782.4 	3894.76	5079.95	460.629
120	1782.4 	3896.84	5139.16	455.281
121	1721.01	3895.96	5113.9 	451.313
122	1721.01	3893.1 	5093.12	456.31 
123	1721.01	3894.97	5088.56	460.109
124	1721.01	3896   	4999.32	463.585
125	1721.01	3892.51	5148.1 	463.521
126	1721.01	3895.48	5026.57	471.934
127	1721.01	3895.28	5159.31	476.188
128	1721.01	3891.53	5193.97	474.712
129	1721.01	3890.76	5193.97	470.956
130	1721.01	3890.98	5052.69	483.516
131	1721.01	3886.33	5117.72	490.063
132	1721.01	3880.35	5184.55	491.351
133	1721.01	3875.59	5200.23	491.685
134	1721.01	3873.23	5278.46	493.117
135	1721.01	3870.45	5277.38	488.003
136	1721.01	3871.34	5284.61	482.534
137	1721.01	3870.35	5198.13	483.992
138	1721.01	3870.53	5075.59	485.92 
139	1721.01	3867.43	5062.02	485.967
140	1721.01	3867.26	5027.91	485.303
141	1721.01	3863.95	5090.3 	485.239
142	1721.01	3862.15	5069.71	480.81 
143	1721.01	3863.41	5097.13	486.118
144	1721.01	3854.23	5122.62	500.516
145	1721.01	3856.1 	5194.04	494.326
146	1721.01	3858.97	5125.15	499.562
147	1669.67	3852.78	5129.73	500.693
148	1669.67	3851.57	5114.19	501.152
149	1669.67	3846.75	4993.56	489.452
150	1669.67	3849.41	5166.44	482.777
151	1669.67	3843.57	5168.27	487.946
152	1669.67	3838.9 	5245.72	488.108
153	1669.67	3839.52	5106.38	485.024
154	1669.67	3836.77	5120.83	485.607
155	1669.67	3834.76	5095.55	495.771
156	1669.67	3834.14	5175.06	495.632
157	1669.67	3834.7 	5096.06	492.146
158	1625.81	3826.35	5132.28	491.918
159	1625.81	3828.6 	5380.14	490.221
160	1625.81	3828.42	5213.46	484.369
161	1625.81	3826.66	5163.49	485.017
162	1625.81	3823.21	5082.7 	481.955
163	1625.81	3816.29	5104.35	483.182
164	1620.57	3810.73	5152.25	485.883
165	1619.64	3816.08	4994.8 	484.456
166	1619.64	3820.95	5121.84	499.503
167	1619.64	3819.29	5089.6 	499.15 
168	1619.64	3824.46	5296.94	492.366
169	1619.64	3825.05	5156.83	486.628
170	1619.64	3821.67	5240.35	483.281
171	1619.64	3816.05	5092.36	482.634
172	1619.64	3810.09	5004.95	483.721
173	1619.64	3809.51	5144.79	486.506
174	1619.64	3805.11	5071.03	479.716
175	1619.64	3803.97	5080.51	480.975
176	1619.64	3800.25	4984.6 	472.709
177	1619.64	3796.35	4930.67	470.765
178	1619.64	3793.21	5009.67	468.079
179	1619.64	3794.14	5086.83	464.029
180	1619.64	3789.93	5087.25	469.148
181	1619.64	3784.5 	5111.82	484.479
182	1619.64	3781.99	5128.5 	487.654
183	1619.64	3776.87	5009.14	489.514
184	1619.64	3779.33	5019.66	493.616
185	1619.64	3782.82	5011.37	497.997
186	1619.64	3784.15	5145.1 	493.498
187	1619.64	3781.04	5210.4 	495.57 
188	1619.64	3779.81	5110.46	493.687
189	1619.64	3780.91	5033.3 	484.554
190	1619.64	3779.59	4965.31	479.773
191	1619.64	3780.95	4980.19	481.15 
192	1619.64	3776.66	5009.06	469.85 
193	1619.64	3776.74	5074.58	483.316
194	1619.64	3783.24	4928.54	465.944
195	1619.64	3779.04	5017.78	471.102
196	1619.64	3777.62	4967.89	472.471
197	1619.64	3779.43	4899.94	476.967
198	1619.64	3778.43	5290.03	473.066
199	1619.64	3773.27	5231.36	477.043
200	1619.64	3770.21	5201.36	474.871
201	1619.64	3769.72	5153.53	467.617
202	1619.64	3765.02	5235.32	474.345
203	1619.64	3767.34	5181.72	482.44 
204	1619.64	3760.96	5059.26	470.916
205	1619.64	3759.91	5075.71	472.268
206	1619.64	3760.72	5112.58	475.675
207	1619.64	3762.32	5398.36	474.051
208	1619.64	3766.92	5330.16	469.679
209	1619.64	3766.72	5030.02	470.51 
210	1619.64	3759.81	5303.76	463.283
211	1619.64	3754.43	5048.65	460.873
212	1619.64	3754.16	5004.9 	464.352
213	1619.64	3757.95	5438.47	473.479
214	1619.64	3750.47	5100.46	475.179
215	1619.64	3745.86	5116.76	475.684
216	1410.21	3744.3 	5032.3 	475.8  
217	1410.21	3748.18	4907.62	475.295
218	1410.21	3752.59	4963.6 	477.679
219	1410.21	3750.82	4998.4 	481.564
220	1410.21	3752.32	4948.48	487.341
221	1410.21	3750.38	4982.92	487.451
222	1410.21	3752.34	5040.35	491.422
223	1400.53	3749.04	5233.3 	493.308
224	1400.53	3741.41	5082.55	480.585
225	1400.53	3738.83	5221.08	481.636
226	1400.53	3737.58	5169.76	493.921
227	1400.53	3734.58	5029.19	504.511
228	1400.53	3740.28	5104   	506.503
229	1400.53	3734.56	5189.31	514.676
230	1389.16	3730   	5042.69	519.631
231	1389.16	3726.46	5215.24	511.446
232	1389.16	3725.9 	5031.15	496.93 
233	1389.16	3722.18	5012.86	480.394
234	1389.16	3727   	5012.86	478.128
235	1323.2 	3724.58	4965.25	469.067
236	1323.2 	3727.43	5024.35	469.353
237	1323.2 	3720.57	4992.93	480.543
238	1323.2 	3719.86	4978.61	483.18 
239	1323.2 	3710.57	5116.19	490.968
240	1323.2 	3708.64	4901.69	483.329
241	1323.2 	3713.73	4927.27	478.554
242	1323.2 	3719.34	5043.97	473.037
243	1323.2 	3716.39	4994.2 	475.332
244	1323.2 	3717.72	4925.61	476.253
245	1323.2 	3715.46	5100.43	488.505
246	1323.2 	3710.38	5008.94	480.965
247	1323.2 	3715.97	5019.76	484.349
248	1323.2 	3712.51	4927.15	482.492
249	1323.2 	3713.28	5100.59	469.398
250	1323.2 	3709.42	4896.14	466.24 
251	1323.2 	3702.44	5042.88	464.782
252	1323.2 	3703.51	4979.88	471.519
253	1323.2 	3699.52	4936.62	468.037
254	1323.2 	3696.24	4916.38	467.415
255	1323.2 	3697.57	5040.43	477.24 
256	1323.2 	3690.95	4994.19	472.926
257	1323.2 	3692.77	5031.23	469.654
258	1323.2 	3695.06	5028.85	467.377
259	1323.2 	3685.8 	5062.4 	477.473
260	1323.2 	3683.89	4980.05	487.888
261	1323.2 	3684.56	5035.61	500.965
262	1288.53	3680.62	5089.15	495.615
263	1288.53	3680.42	4917.26	496.675
264	1288.53	3674.85	5024.91	500.837
265	1288.53	3678.57	4870.63	493.616
266	1288.53	3673.55	4920.4 	492.332
267	1288.53	3674.74	4893.67	495.807
268	1288.53	3679.09	4863.67	496.755
269	1288.53	3674.21	5139.63	495.975
270	1288.53	3676.56	5066.27	501.588
271	1288.53	3672.56	5130.41	498.28 
272	1280.51	3667.4 	5141.77	496.417
273	1280.51	3664.38	5157.33	489.184
274	1280.51	3663.44	5090.79	490.001
275	1280.51	3652.28	4919.93	488.717
276	1266.63	3650.26	4884   	486.016
277	1266.63	3651.5 	4884.75	485.211
278	1266.63	3658.89	5309.82	479.691
279	1266.63	3658.05	5075.89	482.375
280	1266.63	3653.56	5088.77	482.624
281	1266.63	3661.83	5304.51	505.994
282	1113.55	3659.72	5166.92	510.591
283	1113.55	3656.03	5033.32	508.52 
284	1113.55	3654.64	5060.02	510.356
285	1113.55	3656.24	5070.33	504.731
286	1113.55	3651.24	5083.16	508.864
287	1111.67	3647.43	4906.91	500.648
288	1096.93	3643.65	5140.89	507.415
289	1096.93	3641.92	4916.81	502.985
290	1096.93	3640.16	5202.26	487.559
291	1096.93	3641.55	5024.99	490.171
292	1096.93	3643.17	4856.88	486.698
293	1096.93	3647.7 	5380.73	490.319
294	1096.93	3643.72	5152.91	481.652
295	1096.93	3640.43	5231.25	477.918
296	1096.93	3637.42	4802.21	468.99 
297	1096.93	3635.41	4957.6 	469.79 
298	1096.93	3628.28	5075.64	463.525
299	1096.93	3625.21	4872.05	474.195
300	1096.93	3620.59	4872.05	484.107
301	1096.93	3618.94	4837.2 	484.309
302	1096.93	3619.19	4837.2 	481.919
303	1096.93	3622.38	4900.26	484.578
304	1096.93	3618.81	4848.47	482.23 
305	1096.93	3619.78	4823.15	482.232
306	1096.93	3627.45	4959.59	477.033
307	1096.93	3621.88	4823.5 	480.231
308	1096.93	3620.96	4839.53	484.821
309	1096.93	3622.53	4967.68	484.803
310	1096.93	3620.68	4799.54	485.285
311	1096.93	3616.23	4992.91	491.325
312	1096.93	3616.12	4958.29	494.793
313	1096.93	3612.12	5075.77	493.795
314	1096.93	3614.62	5070.71	501.365
315	1096.93	3616.9 	4947.79	487.926
316	1096.93	3618.08	4814.89	485.504
317	1096.93	3616.93	4874.85	486.791
318	1096.93	3614.51	4874.85	489.862
319	1096.93	3613.64	4884.96	484.404
320	1096.93	3609.09	4788.1 	487.228
321	1096.93	3604.31	4746.01	483.356
322	1096.93	3607.35	4795.82	485.505
323	1096.93	3610.67	4853.01	493.694
324	1096.93	3611   	4898.3 	495.574
325	1096.93	3604.07	5020.48	503.089
326	1096.93	3598.79	4874.36	492.223
327	1096.93	3598.02	5086.61	493.352
328	1096.93	3590.68	4920.74	497.99 
329	1096.93	3593.68	4989.78	491.507
330	1096.93	3588.18	4948.38	498.159
331	1096.93	3588.86	5078.37	495.797
332	1096.93	3592.83	5008.09	497.235
333	1096.93	3592.72	4927.88	504.139
334	1096.93	3588.75	4972.04	505.302
335	1096.93	3586.81	5012.24	512.653
336	1096.93	3584.5 	5113.49	510.783
337	1096.93	3581.04	5112.62	519.211
338	1096.93	3575.98	5197.97	520.878
339	1096.93	3571.58	5116.77	506.966
340	1096.93	3575.73	5041.8 	504.863
341	1096.93	3576.13	4979.02	510.272
342	1096.93	3578.34	4971.95	502.228
343	1096.93	3569.49	5224.97	509.489
344	1096.93	3573.62	5072.86	506.765
345	1096.93	3572.75	4943.61	500.51 
346	1079.92	3570.8 	5083.28	503.86 
347	1079.92	3566.5 	4845.84	508.562
348	1079.92	3565.13	4845.84	500.862
349	1079.92	3554.61	4833.27	504.631
350	1079.92	3554.45	4936.76	494.339
351	1079.92	3558.2 	4879.21	492.819
352	1079.92	3557.73	5055.69	499.205
353	1079.92	3556.23	4884.52	485.755
354	1079.92	3553.22	4845.22	482.459
355	1079.92	3552.96	4916.6 	488.141
356	1079.92	3556.86	4958.12	492.728
357	1079.92	3545.38	4826.02	487.225
358	1079.92	3546.59	4926.92	491.623
359	1079.92	3541.4 	5093.27	506.401
360	1079.92	3536.85	4894.67	498.899
361	1079.92	3534.68	5002.84	489.058
362	1079.92	3535.5 	4835.81	494.972
363	1079.92	3536.16	4787.93	491.665
364	1079.92	3533.68	4949.02	508.074
365	1079.92	3539.31	4811.83	514.998
366	1079.92	3533.91	4823.01	504.187
367	1079.92	3526.59	4829.78	509.465
368	1079.92	3524.72	4771.2 	506.562
369	1079.92	3522.37	4844.67	511.309
370	1079.92	3520.19	4995.03	509.738
371	1079.92	3515.2 	4900.51	505.17 
372	1079.92	3513.62	4820.26	504.975
373	1079.92	3511.57	4722.04	497.379
374	1079.92	3511.07	4656.84	497.962
375	1079.92	3515.91	4826.97	482.015
376	1079.92	3511.53	4802.87	483.524
377	1079.92	3516.04	4717.78	491.133
378	1079.92	3517.33	4850.18	480.265
379	1079.92	3509.05	4973.11	478.653
380	1079.92	3511.5 	4917.38	480.035
381	1079.92	3512.52	4904.24	484.872
382	1079.92	3510.89	4915.53	495.168
383	1079.92	3506.21	4951.62	502.694
384	1079.92	3505.08	4851.03	501.971
385	1079.92	3502.09	4871.7 	503.131
386	1079.92	3498.23	4803.82	498.685
387	1079.92	3498.55	4772.93	484.837
388	1079.92	3491.51	4848.37	495.227
389	1079.92	3500.35	4732.76	496.932
390	1079.92	3504.93	4921.4 	508.144
391	1079.92	3505.29	4813.05	497.185
392	1079.92	3504.56	5074.98	507.602
393	1079.92	3511.33	4807.91	499.95 
394	1079.92	3510.62	4922.86	507.815
395	1079.92	3506.99	4922.86	515.475
396	1079.92	3495.76	4832.81	507.245
397	1079.92	3500.75	4725.64	503.421
398	1079.92	3499.73	4861.98	489.387
399	1079.92	3495.15	4876.44	488.984
400	1079.92	3496.5 	4761.06	483.209
401	1079.92	3491.48	4802.86	489.984
402	1079.92	3491.04	4782.84	506.495
403	1079.92	3494.71	4754.94	494.725
404	1079.92	3492.58	4837.86	499.319
405	1079.92	3491.83	4876.07	495.879
406	1079.92	3490.27	4972.91	493.494
407	1079.92	3484.63	4860.68	493.934
408	1079.92	3476.03	4775.77	506.829
409	1079.92	3473.45	4746.96	514.191
410	1079.92	3476.54	4655.15	501.426
411	1079.92	3472.58	4705.91	496.657
412	1079.92	3478.72	4821.78	486.201
413	1079.92	3477.67	4627.26	479.45 
414	1079.92	3477.19	4744.09	483.362
415	1079.92	3474.07	4695.06	485.095
416	1079.92	3468.25	4741.45	486.19 
417	1079.92	3465.51	4732.79	494.505
418	1079.92	3464.17	4815.78	492.346
419	1079.92	3469.49	4961.62	493.616
420	1079.92	3463.88	5023.47	498.023
421	1079.92	3459.61	4902.23	490.772
422	1079.92	3460.48	4913.05	492.977
423	1079.92	3454.81	4743.47	495.383
424	1079.92	3456.99	4817.07	503.7  
425	1079.92	3462.35	4816.38	508.254
426	1079.92	3462.07	4989.8 	506.434
427	1079.92	3461.33	4942.19	497.461
428	1079.92	3451.71	4942.19	495.239
429	1079.92	3450.9 	4856.82	489.405
430	1079.92	3446.84	4856.82	486.392
431	1079.92	3450.59	4766.85	508.48 
432	1079.92	3452.12	4686.09	507.049
433	1079.92	3453.16	4779.34	509.629
434	1079.92	3459.16	4861.27	502.813
435	1079.92	3458.59	4813.55	488.594
436	1079.92	3457.3 	4793.89	483.915
437	1079.92	3450.13	4855.89	489.625
438	1079.92	3447.41	4855.89	489.22 
439	1079.92	3438.56	4966.77	500.221
440	1079.92	3438.26	4730.71	495.482
441	1079.92	3439.29	4730.71	489.131
442	1061.7 	3442.51	4735.18	491.756
443	1041.72	3438.65	4736.15	493.338
444	1041.72	3434.22	4685.96	491.796
445	1041.72	3430.51	4676.52	495.753
446	1041.72	3428.74	4720.16	501.967
447	1041.72	3425.93	4728.71	501.934
448	1041.72	3427.3 	4815.24	476.985
449	1041.72	3424.29	4678.33	480.39 
450	1041.72	3426.4 	5038.36	489.946
451	1041.72	3423.83	4724.25	496.837
452	1041.72	3428.39	4792.6 	490.328
453	1041.72	3424.64	4907.15	494.788
454	1041.72	3423.77	4801.43	484.238
455	1041.72	3420.7 	4701.97	497.483
456	1029.72	3429.16	4672.03	482.686
457	1029.72	3423.33	4766.9 	505.235
458	1029.72	3417.82	4723.76	501.016
459	1029.72	3416.56	4754.27	497.42 
460	1029.72	3416.96	4679.59	504.76 
461	1029.72	3418.73	4737.83	499.312
462	1029.72	3414.31	4763.23	501.097
463	1029.72	3418.14	4862.95	493.457
464	1029.72	3415.31	4920.84	497.305
465	1029.72	3411.61	4998.53	482.528
466	1029.72	3413.72	4937.45	485.703
467	1029.72	3419.24	4969.21	486.398
468	1029.72	3417.3 	4883.35	494.419
469	1029.72	3408.5 	4852.3 	502.314
470	1029.72	3410.77	4852.3 	499.385
471	1029.72	3416.68	4786   	497.677
472	1029.72	3412.01	4715.52	487.399
473	1029.72	3410.16	4943.68	483.74 
474	1029.72	3406.82	4787.53	496.36 
475	1029.72	3407.26	4655.88	491.761
476	1029.72	3409.73	4796.15	485.594
477	1029.72	3408.56	4681.46	495.898
478	1029.72	3408.08	4823.21	494.912
479	1029.72	3407.69	4840   	495.682
480	1029.72	3401.11	4660.98	502.036
481	1029.72	3400.25	4646.92	503.019
482	1029.72	3392.59	4643.44	509.76 
483	1029.72	3393.22	4648.66	500.112
484	1029.72	3391.28	4690.28	499.426
485	1029.72	3393.72	4757.47	496.32 
486	1013.69	3391.05	4796.58	503.657
487	1013.69	3389.39	4726.2 	499.857
488	1013.69	3385.63	4750   	495.393
489	1013.69	3388.02	4744.73	494.821
490	1013.69	3387.01	4789.47	492.124
491	1013.69	3377.58	4779.51	498.364
492	1013.69	3376.85	4938.51	499.276
493	1013.69	3372.6 	4648.31	491.342
494	1013.69	3373.83	4742.86	485.392
495	1013.69	3376.13	4729.96	479.797
496	1013.69	3369.79	4729.96	485.22 
497	1013.69	3365.22	4654.35	484.659
498	1013.69	3363.31	4693.05	486.918
499	1013.69	3366.82	4781.64	485.577
29.97000001
