/usr/lib/python2.7/site-packages/deap/tools/_hypervolume/pyhv.py:33: ImportWarning: Falling back to the python version of hypervolume module. Expect this to be very slow.
  "module. Expect this to be very slow.", ImportWarning)
gen	min   	avg    	max    	std   
0  	14.264	192.611	984.382	127.83
1  	6.6041	193.017	897.984	128.706
2  	3.32395	193.007	759.254	122.516
3  	3.32395	192.167	1043.73	122.999
4  	0.284406	192.957	818.643	128.353
5  	0.284406	191.738	902.592	123.617
6  	0.284406	192.703	911.898	127.86 
7  	0.284406	189.768	850.705	123.969
8  	0.284406	189.479	742.944	122.212
9  	0.284406	190.069	831.765	122.567
10 	0.284406	191.105	1106.43	121.948
11 	0.284406	190.558	889.921	122.203
12 	0.284406	192.12 	964.085	125.97 
13 	-6.08275	192.34 	798.467	127.821
14 	-7.91796	191.789	846.127	126.956
15 	-7.91796	192.053	1094.87	132.451
16 	-7.91796	190.587	952.456	125.387
17 	-7.91796	189.712	794.203	119.738
18 	-7.91796	191.49 	781.407	120.289
19 	-7.91796	188.731	827.227	119.741
20 	-7.98943	189.544	805.437	118.746
21 	-12.1664	189.695	759.459	122.146
22 	-12.1664	187.664	693.554	118.296
23 	-12.1664	189.938	752.115	122.639
24 	-12.1664	190.31 	864.712	124.928
25 	-12.1664	191.76 	892.397	126.322
26 	-15.2985	193.087	960.408	131.576
27 	-18.1265	189.397	857.684	125.236
28 	-18.1265	191.065	815.869	127.769
29 	-18.1265	191.064	830.873	132.904
30 	-20.7493	188.222	752.896	127.647
31 	-21.8291	191.993	795.041	131.667
32 	-21.8291	187.977	888.819	130.291
33 	-21.8291	187.514	880.521	130.749
34 	-21.8291	184.8  	776.886	127.861
35 	-21.8291	181.252	858.007	127.029
36 	-21.8291	182.354	1031.4 	131.041
37 	-21.8291	180.484	913.748	126.668
38 	-21.8291	181.01 	888.259	126.174
39 	-21.8291	179.221	954.167	122.914
40 	-21.8291	179.961	977.027	128.856
41 	-21.8291	179.567	995.125	125.251
42 	-22.4188	178.091	965.677	125.766
43 	-22.4188	177.055	788.838	118.854
44 	-22.4188	179.344	860.051	122.528
45 	-22.4188	176.858	836.182	119.396
46 	-22.4188	175.662	872.71 	118.328
47 	-22.4188	176.688	762.835	121    
48 	-22.4188	176.316	691.808	116.645
49 	-22.4188	172.811	822.77 	113.723
50 	-22.4188	173.486	774.339	112.75 
51 	-22.4188	173.538	709.902	112.766
52 	-22.4188	177.011	837.827	123.516
53 	-22.4188	173.544	885.073	117.293
54 	-22.4188	173.826	922.369	116.556
55 	-22.4188	173.052	814.247	112.09 
56 	-22.4188	173.839	803.153	116.173
57 	-22.4188	173.746	831.85 	113.982
58 	-22.4188	174.437	693.383	114.635
59 	-22.4188	175.76 	754.678	113.576
60 	-22.4188	175.908	759.423	114.623
61 	-22.4188	175.407	691.428	117.296
62 	-22.4188	176.469	865.514	119.145
63 	-22.4188	174.976	782.053	119.869
64 	-22.4188	171.867	818.247	113.995
65 	-22.4188	172.001	834.059	112.651
66 	-22.4188	173.41 	754.607	116.572
67 	-22.4188	173.468	669.194	112.746
68 	-23.6267	171.283	721.515	112.192
69 	-23.6267	169.219	693.615	109.207
70 	-23.6267	166.928	689.009	110.133
71 	-23.7304	168.033	657.513	108.408
72 	-23.7304	168.978	718.503	113.486
73 	-23.7304	168.28 	667.009	113.619
74 	-24.9446	167.321	683.024	110.771
75 	-24.9446	167.53 	976.905	118.86 
76 	-25.2948	165.74 	847.008	111.396
77 	-25.2948	166.795	759.577	110.145
78 	-25.2948	167.585	790.772	110.069
79 	-25.2948	167.055	790.772	107.686
80 	-25.2948	169.708	648.124	109.482
81 	-25.2948	168.844	790.284	114.012
82 	-25.2948	168.396	858.165	113.012
83 	-26.6557	169.086	722.235	116.284
84 	-26.6557	168.156	722.808	115.35 
85 	-27.0563	164.885	757.556	112.545
86 	-27.0563	163.766	685.135	110.338
87 	-27.0563	166.608	743.551	114.46 
88 	-27.0563	165.074	686.007	109.714
89 	-27.0563	163.339	653.083	106.473
90 	-27.0563	164.298	650.399	105.789
91 	-27.0563	163.054	560.819	105.471
92 	-27.0563	166.761	643.506	107.694
93 	-27.0563	165.818	663.285	109.741
94 	-27.0563	164.652	711.58 	106.997
95 	-27.4648	167.891	604.427	108.666
96 	-29.0507	166.191	596.617	109.897
97 	-29.0507	165.556	726.222	108.537
98 	-29.0507	165.258	809.166	109.961
99 	-29.1221	163.303	688.315	105.814
100	-29.1221	168.727	835.207	112.675
101	-29.1221	165.154	955.507	109.905
102	-29.1221	161.923	862.812	103.057
103	-29.1221	163.058	701.827	103.464
104	-29.1221	163.122	628.59 	104.497
105	-29.1221	162.573	597.846	103.293
106	-29.1221	165.477	753.733	108.767
107	-29.1221	166.934	761.735	115.137
108	-29.1221	166.471	782.357	111.032
109	-29.1221	164.966	784.49 	112.234
110	-29.1221	164.478	770.744	113.831
111	-29.1221	161.768	770.744	107.481
112	-29.1221	162.828	836.391	107.589
113	-29.1221	166.1  	822.171	115.153
114	-29.1221	163.213	869.261	110.248
115	-29.6589	164.994	743.164	111.682
116	-29.6589	160.914	778.599	106.074
117	-29.6589	159.406	931.894	104.894
118	-29.6589	161.075	721.659	107.037
119	-29.6589	161.626	602.618	105.274
120	-29.6589	159.658	655.426	106.779
121	-29.6589	162.032	746.286	111.058
122	-29.6589	163.202	830.551	112.751
123	-29.6589	159.945	781.226	108.613
124	-29.6589	158.659	645.743	102.739
125	-29.6589	157.969	821.969	103.521
126	-29.6589	159.919	829.158	104.449
127	-29.6589	160.384	898.266	110.189
128	-29.6589	159.841	672.885	106.242
129	-29.6589	160.939	639.108	104.246
130	-29.6589	157.375	638.911	105.278
131	-29.6589	156.158	622.314	104.247
132	-29.6589	156.924	645.965	101.551
133	-29.6589	158.821	620.372	106.132
134	-29.6589	159.701	693.068	110.296
135	-29.6589	157.562	733.243	103.263
136	-29.6589	158.79 	602.883	103.897
137	-29.6589	158.447	733.671	103.205
138	-29.6589	157.177	586.675	100.113
139	-29.6589	157.418	728.934	105.285
140	-29.6589	157.48 	855.569	104.991
141	-29.6589	156.029	738.342	100.665
142	-29.6589	156.202	707.06 	99.6252
143	-29.6589	154.556	714.521	98.8463
144	-29.6589	155.177	694.291	100.49 
145	-29.6589	154.179	732.251	100.539
146	-29.6589	155.46 	713.24 	102.717
147	-29.6589	152.426	709.207	98.3785
148	-29.6589	150.763	709.207	99.3346
149	-29.6589	149.125	749.743	95.9204
150	-29.6589	149.966	711.847	97.8131
151	-30.6862	152.465	664.36 	102.558
152	-30.6862	151.899	700.167	103.604
153	-30.6862	155.419	721.721	110.048
154	-30.6862	152.049	657.888	101.555
155	-30.9139	154.521	753.017	105.489
156	-30.9139	153.792	712.045	102.532
157	-30.9139	152.903	815.903	102.334
158	-30.9139	149.672	607.194	96.0254
159	-30.9139	152.046	757.678	102.616
160	-30.9139	151.831	748.13 	100.733
161	-30.9139	149.502	612.673	99.4316
162	-30.9139	149.487	592.89 	98.0402
163	-30.9139	152.192	665.2  	104.082
164	-30.9139	152.014	702.945	102.908
165	-30.9139	149.847	663.032	98.1316
166	-30.9139	147.696	580.129	93.0245
167	-33.3524	150.086	653.098	94.411 
168	-33.3524	150.764	555.269	93.1698
169	-33.3524	154.102	586.683	98.8937
170	-33.3524	152.105	622.466	98.9445
171	-33.3524	152.874	693.869	102.953
172	-33.3524	155.023	646.243	105.852
173	-33.3524	154.384	732.598	109.597
174	-33.3524	152.784	724.64 	105.337
175	-33.3524	154.239	760.711	108.287
176	-33.3524	152.798	749.9  	104.108
177	-33.3524	153.061	819.532	106.219
178	-33.3524	152.11 	793.729	104.609
179	-33.3524	152.039	741.286	101.939
180	-33.3524	151.675	679.176	103.906
181	-33.3524	151.708	865.909	106.496
182	-33.3524	151.904	903.19 	108.873
183	-33.3524	150.578	726.775	107.944
184	-33.3524	148.986	762.063	104.621
185	-33.3524	148.045	673.349	105.63 
186	-33.3524	146.996	692.585	100.963
187	-33.3524	144.94 	713.138	99.5486
188	-33.3524	145.981	697.848	102.019
189	-33.3524	149.294	697.504	103.192
190	-33.3524	151.128	725.07 	108.813
191	-33.3524	147.768	692.464	101.732
192	-33.3524	147.639	620.691	100.647
193	-33.3524	145.483	570.437	92.4673
194	-34.2118	146.361	717.852	99.7093
195	-35.0608	147.151	658.431	101.329
196	-35.0608	147.851	660.545	102.963
197	-35.0608	144.837	711.228	100.483
198	-35.0608	148.198	741.438	100.259
199	-35.0608	148.826	679.871	102.636
200	-35.0608	146.416	757.839	101.585
201	-35.0608	146.132	770.026	100.321
202	-35.0608	145.464	706.596	101.292
203	-35.0608	143.638	654.298	97.8599
204	-35.0608	140.458	560.003	93.0899
205	-35.0608	141.769	661.254	95.4591
206	-35.0608	140.25 	673.758	92.8196
207	-35.0608	140.336	779.172	95.1117
208	-35.0608	141.026	842.018	98.9659
209	-35.0608	141.173	602.657	95.3151
210	-35.0608	139.285	581.533	95.5202
211	-35.0608	137.81 	723.276	96.3312
212	-35.0608	140.398	719.647	96.9635
213	-35.0608	142.376	671.188	98.0829
214	-35.0608	144.105	718.774	101.396
215	-35.0608	144.444	702.393	97.4342
216	-35.0608	145.529	557.137	97.1497
217	-35.0608	143.871	741.454	100.832
218	-35.0608	142.215	808.068	100.587
219	-35.0608	141.921	580.844	98.3754
220	-35.0608	140.66 	585.321	94.8197
221	-35.0608	142.51 	585.321	98.504 
222	-35.0608	140.928	652.237	93.9933
223	-35.0608	142.589	582.553	95.5361
224	-35.0608	140.274	580.845	91.5284
225	-35.0608	138.432	570.925	89.5363
226	-35.0608	141.017	679.598	98.0246
227	-35.0608	141.048	612.193	98.2801
228	-35.0608	143.512	672.184	105.147
229	-35.0608	143.433	710.788	102.829
230	-35.0608	140.394	667.313	101.037
231	-35.0608	138.998	588.063	100.048
232	-35.1568	142.809	674.554	100.874
233	-35.1568	143.021	669.087	100.958
234	-35.1568	141.81 	656.975	98.8545
235	-35.1568	143.884	609.614	100.542
236	-35.1568	141.057	541.477	94.865 
237	-35.1568	143.54 	579.565	99.4243
238	-35.1568	144.206	663.15 	101.343
239	-35.1568	142.205	658.716	100.317
240	-35.1568	143.432	637.552	100.861
241	-35.1568	141.778	777.273	98.7047
242	-35.1568	142.263	627.478	99.4515
243	-35.1568	141.09 	675.137	99.038 
244	-35.1568	140.197	663.302	98.9764
245	-35.1568	140.153	622.822	98.9616
246	-35.1568	141.872	581.332	96.5951
247	-35.1568	142.681	692.947	96.713 
248	-35.1568	142.356	632.858	93.0656
249	-35.1568	141.955	632.858	94.8946
250	-36.0447	141.347	590.442	97.7544
251	-36.0447	137.791	615.05 	96.6068
252	-36.0447	140.162	674.843	100.868
253	-36.0447	138.891	653.331	98.8789
254	-36.0447	140.311	609.587	97.077 
255	-36.0447	139.807	618.266	95.1714
256	-36.0447	139.163	662.418	98.8248
257	-36.0447	137.094	678.523	94.615 
258	-37.4933	139.875	638.629	98.8188
259	-37.4933	138.702	578.712	96.188 
260	-37.4933	138.538	911.338	101.91 
261	-37.4933	140.329	721.653	102.191
262	-37.4933	138.264	587.784	96.9846
263	-37.4933	137.874	546.271	95.2473
264	-37.4933	140.623	563.815	99.1785
265	-37.4933	139.639	681.532	96.107 
266	-37.4933	140.08 	789.017	100.759
267	-37.4933	137.214	656.46 	97.4903
268	-37.4933	136.898	606.809	93.9543
269	-37.4933	136.235	632.972	91.973 
270	-37.4933	138.768	834.754	99.6563
271	-37.4933	135.559	769.604	94.5978
272	-37.4933	135.741	583.413	93.3414
273	-37.4933	137.694	671.076	94.4927
274	-37.4933	137.24 	654.313	96.3659
275	-37.4933	136.201	582.744	94.4119
276	-37.4933	135.146	564.322	93.4191
277	-37.4933	134.462	564.322	91.2759
278	-37.4933	132.764	593.186	95.2566
279	-37.4933	133.357	590.67 	95.1012
280	-38.0081	133.453	617.335	96.7013
281	-38.0081	133.557	531.826	94.3772
282	-38.448 	132.433	696.666	94.5535
283	-38.448 	132.356	580.594	95.517 
284	-38.448 	129.909	572.344	89.3165
285	-38.448 	131.656	750.088	94.7729
286	-38.448 	130.308	545.162	91.7033
287	-38.448 	130.384	553.111	92.176 
288	-38.448 	131.02 	596.505	94.5736
289	-38.448 	130.312	592.422	92.8351
290	-38.448 	131.072	616.942	93.9204
291	-38.448 	130.001	539.746	89.6159
292	-38.448 	129.888	690.045	90.1674
293	-38.4607	132.678	652.711	92.6915
294	-38.4607	132.747	623.719	93.9807
295	-38.4607	133.035	619.657	95.3806
296	-38.4607	132.355	982.742	101.815
297	-38.4607	129.914	733.113	91.2189
298	-38.8113	128.424	630.52 	91.5451
299	-38.8113	130.91 	747.405	98.3809
300	-38.8113	129.329	612.881	93.3756
301	-38.8113	130.17 	596.004	96.7517
302	-38.8113	128.9  	601.064	93.339 
303	-38.8113	130.207	609.253	97.6055
304	-38.8113	130.138	616.304	91.2654
305	-38.8113	130.306	616.304	92.0872
306	-38.8113	128.503	582.209	87.3924
307	-38.8113	130.138	587.872	91.0828
308	-38.8113	130.583	578.209	90.2894
309	-38.8113	130.16 	638.393	93.6866
310	-38.8113	129.277	655.111	92.9097
311	-38.8113	130.516	582.042	92.9492
312	-38.8113	128.685	510.549	85.5169
313	-38.8113	127.856	648.357	89.4028
314	-38.8113	130.535	662.746	96.4576
315	-38.8113	130.087	602.549	97.6529
316	-38.8113	132.704	561.284	98.0893
317	-38.8113	131.916	603.179	96.8116
318	-38.8113	131.898	648.935	100.288
319	-38.8113	133.059	681.269	96.8675
320	-38.8113	133.993	727.81 	99.1952
321	-38.8113	131.404	691.259	97.8039
322	-38.8113	132.257	662.481	98.0733
323	-38.8113	132.42 	648.986	97.8066
324	-38.8113	134.634	702.265	103.226
325	-38.8113	136.165	801.667	106.296
326	-38.8113	133.702	649.404	100.036
327	-38.8113	131.823	651.812	98.174 
328	-39.0271	131.134	655.652	93.4831
329	-39.0271	129.63 	602.292	94.6977
330	-39.0271	129.518	658.175	96.4889
331	-39.0271	130.784	708.421	99.9186
332	-39.0271	130.534	734.038	100.593
333	-39.0271	128.751	746.679	94.6348
334	-39.0271	129.76 	614.375	94.4414
335	-39.0271	129.811	610.907	98.0269
336	-39.0271	131.291	777.09 	103.858
337	-39.0271	134.324	804.837	107.528
338	-39.0271	134.625	828.101	106.82 
339	-39.0271	132.665	687.701	101.866
340	-39.0271	130.097	674.292	97.4379
341	-39.0271	131.4  	689.087	96.6821
342	-39.0271	131.096	611.433	96.923 
343	-39.0271	130.909	637.683	96.664 
344	-39.0271	130.131	705.146	97.8681
345	-39.0271	130.77 	636.567	95.5102
346	-39.0271	129.498	734.863	93.5997
347	-39.0271	127.431	682.016	89.8172
348	-39.0271	127.741	617.737	90.8092
349	-39.0271	130.338	609.703	92.6234
350	-39.0271	128.304	549.646	89.5915
351	-39.0271	128.092	632.647	93.9155
352	-39.0271	126.473	675.881	92.596 
353	-39.0271	125.993	659.454	89.2436
354	-39.0271	125.907	685.299	90.8083
355	-39.0271	128.772	759.061	95.1277
356	-39.0271	127.231	577.427	91.0837
357	-40.3066	125.743	577.532	89.0108
358	-40.3066	126.955	504.183	85.9332
359	-40.3066	127.227	582.859	88.3369
360	-40.3066	126.381	632.756	88.6157
361	-40.3066	128.365	528.091	90.3223
362	-40.3066	129.076	557.608	91.1272
363	-40.3066	127.211	557.608	93.6384
364	-40.3066	126.32 	582.96 	95.279 
365	-40.3066	125.642	541.884	94.9845
366	-40.3066	125.789	617.734	92.8819
367	-40.3066	127.439	617.734	92.4597
368	-40.3066	127.765	563.977	90.729 
369	-40.3066	128.802	510.263	90.5118
370	-40.3066	125.987	458.766	83.2416
371	-40.3066	125.88 	567.002	85.8029
372	-40.3066	124.81 	653.42 	87.4487
373	-40.6858	122.985	654.537	88.9052
374	-40.6858	122.912	616.817	92.7808
375	-40.6858	124.015	723.159	94.0034
376	-40.6858	126.961	688.796	100.04 
377	-40.6858	127.489	560.647	94.6006
378	-40.6858	127.552	633.334	93.1566
379	-40.6858	124.704	561.827	93.1607
380	-40.6858	124.136	507.054	87.9492
381	-40.6858	124.007	566.479	91.9969
382	-40.6858	126.582	653.675	96.5757
383	-40.6858	125.815	649.248	95.4974
384	-40.6858	126.934	666.567	94.5301
385	-40.6858	127.11 	534.563	95.4092
386	-40.6858	131.33 	563.187	99.0003
387	-40.6858	130.479	913.311	101.462
388	-40.6858	126.518	613.693	93.1126
389	-40.6858	127.483	615.961	98.5664
390	-40.6858	125.824	693.771	99.2299
391	-40.6858	130.169	785.67 	101.074
392	-40.6858	133.854	729.188	108.408
393	-40.6858	134.397	721.268	106.982
394	-40.6858	132.884	708.706	100.446
395	-40.6858	130.686	605.702	97.5043
396	-40.6858	130.073	719.748	98.532 
397	-40.6858	130.123	774.626	97.9941
398	-40.6858	129.018	712.225	99.4035
399	-40.6858	128.671	714.137	96.0571
400	-40.6858	123.527	618.45 	87.0483
401	-40.6858	122.995	531.389	87.9293
402	-40.6858	122.018	521.929	87.2268
403	-40.6858	122.765	525.371	90.4707
404	-40.7687	122.99 	578.739	88.8075
405	-40.7687	125.452	604.716	92.3431
406	-40.7687	125.867	700.012	93.5995
407	-40.7687	127.166	721.923	99.7932
408	-40.7687	125.013	664.103	96.1026
409	-40.7687	125.332	580.924	94.1987
410	-40.7687	126.608	646.304	95.499 
411	-40.7687	124.67 	591.591	95.8914
412	-40.7687	125.53 	567.891	95.458 
413	-40.7687	125.799	686.148	96.6452
414	-40.7687	125.665	575.578	94.6205
415	-40.7687	123.913	527.486	88.2949
416	-40.7687	123.746	718.193	90.4425
417	-40.7687	120.98 	716.927	89.2531
418	-40.7687	122.388	601.994	88.5994
419	-40.7687	124.209	664.938	89.1585
420	-40.7687	125.057	688.344	92.9705
421	-40.7687	122.43 	541.555	87.5292
422	-40.7687	120.757	804.041	91.1651
423	-40.7687	121.383	585.428	89.0315
424	-40.7687	121.241	697.586	90.0386
425	-40.7687	121.979	643.056	91.8155
426	-40.7687	122.331	552.912	91.4897
427	-40.7687	122.959	589.98 	91.3058
428	-40.7687	125.319	583.65 	93.736 
429	-40.7687	122.016	558.216	88.4572
430	-40.7687	121.178	625.4  	86.7274
431	-40.7687	119.903	521.773	83.5582
432	-40.7687	121.258	500.659	84.7337
433	-40.7687	118.5  	447.274	83.3252
434	-40.7687	118.917	631.204	86.1068
435	-40.7687	118.322	651.517	87.1723
436	-40.7687	118.439	499.45 	86.2051
437	-40.7687	118.761	722.537	89.6677
438	-40.7687	121.779	798.387	94.7521
439	-40.7687	119.567	598.27 	91.9873
440	-40.7687	118.813	690.065	93.5137
441	-40.7687	121.748	653.564	94.88  
442	-40.7687	121.706	640.514	91.7525
443	-40.7687	121.326	670.423	95.7466
444	-40.7687	120.624	597.474	95.8851
445	-40.7687	121.283	724.937	95.357 
446	-40.7687	119.834	710.973	94.8989
447	-40.7687	118.493	569.268	90.487 
448	-40.7687	120.642	586.788	95.2357
449	-40.7687	120.523	586.788	88.9459
450	-40.7687	121.145	688.693	92.2662
451	-40.7687	123.822	613.233	89.975 
452	-40.7687	122.072	640.665	90.1734
453	-40.7687	123.043	748.384	94.452 
454	-40.7687	123.617	568.349	92.9921
455	-41.0107	123.541	720.5  	96.967 
456	-41.0107	124.21 	716.51 	96.1195
457	-41.0107	123.486	524.032	92.9717
458	-41.0107	122.789	570.926	94.5152
459	-41.0107	122.385	725.353	98.0853
460	-41.0107	123.26 	545.263	94.5181
461	-41.0107	125.209	653.998	99.34  
462	-41.0107	129.681	752.365	109.236
463	-41.0107	131.698	772.208	110.281
464	-41.0107	130.317	735.975	108.553
465	-41.0107	131.046	767.63 	106.465
466	-41.0107	127.154	608.992	99.0212
467	-41.0107	125.646	557.52 	95.5363
468	-41.0107	124.348	532.673	93.3939
469	-41.0107	126.352	795.881	98.9874
470	-41.0107	129.522	595.809	102.079
471	-41.0107	131.869	755.206	108.602
472	-41.0107	129.418	726.051	103.185
473	-41.0107	129.636	674.133	99.689 
474	-41.0107	129.702	720.405	103.507
475	-41.0107	125.205	492.559	93.0281
476	-41.0107	123.243	591.37 	93.958 
477	-41.0107	122.871	601.415	95.6439
478	-41.0107	121.297	526.793	93.0168
479	-41.0107	121.874	539.823	94.945 
480	-41.0107	123.811	589.89 	96.1443
481	-41.0107	126.184	707.342	102.531
482	-41.0107	127.346	652.524	102.398
483	-41.0107	125.679	887.287	108.591
484	-41.0107	123.194	779.422	99.0842
485	-41.0107	119.312	599.412	93.1825
486	-41.0107	120.212	627.852	95.0948
487	-41.6081	119.576	630.059	96.1928
488	-41.6081	118.935	599.298	95.1425
489	-41.6081	119.222	643.474	96.8864
490	-41.6081	117.517	541.835	92.3426
491	-41.6081	118.472	533.215	90.4757
492	-41.6081	118.633	618.238	90.4296
493	-41.6081	119.056	601.148	90.768 
494	-41.6081	122.566	618.46 	92.6465
495	-41.6081	124.342	618.46 	95.5827
496	-41.6081	121.742	662.609	94.5279
497	-41.6081	117.809	560.717	86.2932
498	-41.6081	117.252	511.414	87.22  
499	-41.6081	117.87 	648.684	88.7747
-52.34999999
