/usr/lib/python2.7/site-packages/deap/tools/_hypervolume/pyhv.py:33: ImportWarning: Falling back to the python version of hypervolume module. Expect this to be very slow.
  "module. Expect this to be very slow.", ImportWarning)
gen	min    	avg    	max    	std    
0  	2516.96	4326.37	7826.63	891.189
1  	2516.96	4335.66	7826.63	905.389
2  	2448.91	4327.97	7661.07	879.703
3  	2430.39	4318.68	7488.75	881.569
4  	2430.39	4319.67	7944.27	869.616
5  	2430.39	4309.94	7203.47	845.737
6  	2430.39	4297.79	6948.66	843.461
7  	2430.39	4298.59	6736.1 	848.497
8  	2430.39	4289.82	8089.47	861.23 
9  	2430.39	4296.31	7611.59	860.854
10 	2235.68	4317.39	7666.71	869.734
11 	2235.68	4329.67	7537.15	889.038
12 	2235.68	4329.27	8199.48	918.615
13 	2235.68	4329.83	7968.73	920.053
14 	2235.68	4337.9 	8505.65	924.66 
15 	2170.32	4327.08	7804.6 	907.66 
16 	2134.01	4337.98	9715.01	945.205
17 	2134.01	4323.8 	8739.45	927.855
18 	2134.01	4329.3 	7545.86	935.594
19 	2134.01	4321.35	7364.94	908.541
20 	2134.01	4307.72	7769.76	934.634
21 	2134.01	4309.16	8127.52	947.788
22 	2134.01	4293.06	8819.92	953.365
23 	2134.01	4292.68	9195.55	1001.74
24 	2134.01	4260.64	7869.26	906.291
25 	2134.01	4231.32	8306.63	886.081
26 	2134.01	4226.19	7678.58	853.224
27 	2134.01	4238.7 	7080.98	840.937
28 	2134.01	4246.04	7453.53	864.05 
29 	2134.01	4252.67	8086.25	867.776
30 	2134.01	4247.66	7457.97	859.115
31 	2116.65	4260.41	7672.57	892.213
32 	2116.65	4251   	8069.75	881.834
33 	2116.65	4239.17	8779.27	880.317
34 	2116.65	4246.14	7264.98	863.55 
35 	2116.65	4251.7 	7485.19	858.22 
36 	2116.65	4252.06	7861.4 	862.129
37 	2116.65	4254.09	8137.91	902.054
38 	2116.65	4256.52	7737.12	907.387
39 	2116.65	4241.96	7668.74	894.297
40 	2116.65	4264.9 	7783.75	914.594
41 	2104.52	4256.32	7868.89	898.212
42 	2104.52	4242.49	8647.22	906.037
43 	2104.52	4233.49	7827.95	885.489
44 	2104.52	4219.61	7487.39	881.048
45 	2079.07	4204   	8528.29	887.059
46 	2079.07	4198.57	7526.55	876.777
47 	2079.07	4192.8 	7379.98	876.46 
48 	2079.07	4201.32	7407.48	872.368
49 	2079.07	4209.16	7407.48	880.028
50 	2079.07	4209.52	7407.48	882.355
51 	2079.07	4207.37	7288.73	903.808
52 	2079.07	4219.65	7883.95	913.133
53 	2079.07	4199.96	8075.48	904.686
54 	2037.45	4202.49	7882.9 	891.343
55 	2037.45	4205.74	7895.35	904.82 
56 	2037.45	4195.64	8327.78	884.155
57 	2001.59	4201.16	8957.62	911.398
58 	2001.59	4205.45	7350.14	898.503
59 	2001.59	4215.96	7695.96	927.166
60 	1978.84	4207.93	7656.1 	923.026
61 	1921.26	4206.01	7955.54	923.648
62 	1921.26	4190.93	7417.11	892.756
63 	1921.26	4167.07	6968.74	859.364
64 	1921.26	4182.22	7571.97	844.011
65 	1921.26	4189.46	7561.37	853.496
66 	1855.71	4177.88	7543.08	847.989
67 	1855.71	4191.33	7383.41	853.499
68 	1855.71	4203.68	8126.5 	882.09 
69 	1855.71	4167.05	7333.34	846.014
70 	1845.1 	4167.45	7464.08	836.235
71 	1845.1 	4151.61	7800.22	827.949
72 	1845.1 	4162.01	7582.26	869.228
73 	1845.1 	4144.7 	7161.92	843.519
74 	1845.1 	4148.72	7161.92	861.813
75 	1845.1 	4154.23	7290.05	864.873
76 	1845.1 	4137.93	7649.75	849.187
77 	1845.1 	4138.68	7751.14	860.181
78 	1845.1 	4129.57	7228.39	852.315
79 	1845.1 	4136.22	7524.43	873.616
80 	1845.1 	4147.98	7701.56	871.875
81 	1845.1 	4149.29	9517.01	877.782
82 	1845.1 	4125.79	8452.46	877.261
83 	1845.1 	4131.53	7527.82	873.696
84 	1845.1 	4118.25	8581.8 	882.485
85 	1845.1 	4107.36	7370.91	857.087
86 	1845.1 	4111.41	7774.73	862.122
87 	1845.1 	4118.46	7292.58	865.539
88 	1845.1 	4124.53	7598.33	848.716
89 	1845.1 	4108.84	6999.54	853.138
90 	1845.1 	4114.32	7396.13	875.507
91 	1845.1 	4118.21	7195.15	898.598
92 	1845.1 	4128.08	7574.51	898.948
93 	1845.1 	4135.83	7574.51	911.779
94 	1845.1 	4099.44	7988.91	874.594
95 	1845.1 	4103.56	7504.29	893.869
96 	1838.45	4092.35	6969.28	868.544
97 	1838.45	4109.04	8299.79	897.525
98 	1838.45	4096.5 	7723.77	875.507
99 	1826.15	4105.99	7443.54	902.066
100	1826.15	4100.8 	7185.42	882.806
101	1826.15	4080.2 	7266.36	847.786
102	1826.15	4095.82	7220.32	861.372
103	1826.15	4085.67	7682   	868.897
104	1826.15	4065.43	7199.95	859.639
105	1826.15	4058.43	7190.17	851.578
106	1826.15	4074.09	7225.87	854.732
107	1826.15	4059.57	8388.75	872.714
108	1826.15	4071.54	7723.45	880.892
109	1826.15	4072.72	7213.39	871.153
110	1826.15	4058.76	7320.69	856.299
111	1826.15	4063.81	7144.81	878.424
112	1826.15	4070.01	8120.57	893.846
113	1826.15	4064.85	7934.69	868.459
114	1826.15	4067.58	7115.01	849.729
115	1826.15	4049.71	7970.62	861.453
116	1826.15	4054.83	7624.3 	853.51 
117	1826.15	4057.55	7651.96	840.393
118	1826.15	4062.28	8086.02	849.992
119	1826.15	4054.16	7181.58	841.298
120	1826.15	4057.55	7550.03	854.351
121	1826.15	4048.53	7473.98	853.115
122	1826.15	4041.39	7218.31	860.208
123	1826.15	4030.09	7813.94	875.322
124	1826.15	4019.72	7745.42	851.766
125	1826.15	4023.62	7745.42	878.662
126	1826.15	4027.19	7919.63	889.356
127	1826.15	4036.26	7650.81	916.288
128	1826.15	4029.61	7254.29	906.136
129	1826.15	4028.76	7121.36	885.02 
130	1826.15	4038.82	7799.51	907.23 
131	1826.15	4038.38	7562.29	910.956
132	1826.15	4024.42	7599.85	883.391
133	1826.15	4014   	7532.21	868.694
134	1818.71	4011.87	7587.35	870.76 
135	1818.71	4005.88	8579.75	884.216
136	1818.71	3999.87	7566.31	869.084
137	1818.71	4001.33	7175.43	850.848
138	1818.71	4017.92	7977.36	880.887
139	1818.71	4005.91	7063.37	857.199
140	1818.71	4015.02	7126.37	862.519
141	1818.71	4020.62	7433.79	877.169
142	1818.71	4023.02	7725.92	874.647
143	1818.71	4009.63	7274.59	855.124
144	1818.71	4000.5 	7109.87	852.621
145	1818.71	3996.34	8732.58	864.408
146	1814.15	3996.47	7148.32	844.935
147	1814.15	3990.99	7426.28	831.773
148	1814.15	3981.01	7586.36	825.273
149	1814.15	3975.36	7213.33	818.861
150	1814.15	3982.08	8295.82	843.332
151	1814.15	3992.6 	7337.69	863.8  
152	1814.15	4007.34	7849.4 	876.515
153	1814.15	4012.43	7687.3 	877.385
154	1814.15	4014.57	7673.13	899.282
155	1814.15	3997.7 	8650.45	897.481
156	1814.15	3998.79	6896.78	863.675
157	1814.15	3991.12	7311.47	846.64 
158	1814.15	3967.37	7316.15	856.878
159	1814.15	3968.57	7161.59	839.78 
160	1814.15	3957.69	7040.96	815.598
161	1814.15	3961.16	7520.34	826.872
162	1814.15	3968.43	7695.09	857.79 
163	1814.15	3965.11	8246.88	877.344
164	1814.15	3966.43	7464.94	890.374
165	1814.15	3956.7 	7088.34	871.492
166	1814.15	3965.84	10210.7	902.945
167	1814.15	3965.5 	7827.47	883.54 
168	1814.15	3953   	8335.32	866.089
169	1814.15	3963.43	8894.54	884.055
170	1814.15	3961.57	7435.73	872.313
171	1814.15	3954.07	7655.48	880.087
172	1814.15	3961.67	7276.77	877.616
173	1814.15	3931.84	7556.27	864.815
174	1814.15	3921.15	7199.43	865.762
175	1814.15	3924.48	7213.02	863.342
176	1814.15	3941.9 	7343.79	873.75 
177	1814.15	3927.73	7112.41	849.267
178	1814.15	3932.08	7012.24	868.169
179	1814.15	3939.87	6903.72	850.271
180	1814.15	3944.6 	7046.4 	855.101
181	1814.15	3934.08	6982.02	840.156
182	1814.15	3932.01	6908.5 	837.943
183	1814.15	3934.93	7039.74	852.149
184	1814.15	3930.11	8082.75	860.148
185	1814.15	3905.92	7134.51	833.451
186	1814.15	3908.39	7026.79	826.57 
187	1814.15	3907.63	7026.79	829.417
188	1814.15	3915.33	6724.85	828.846
189	1814.15	3899.27	6965.56	813.272
190	1814.15	3909.08	7079.68	845.935
191	1814.15	3906.83	7252.07	853.9  
192	1814.15	3902.88	7087.88	836.762
193	1814.15	3901.9 	7099.92	826.965
194	1814.15	3901.58	7355.5 	801.507
195	1814.15	3899.79	7775.61	823.359
196	1814.15	3899.36	10088.5	855.632
197	1814.15	3890.91	7465.15	823.556
198	1814.15	3887.47	6784.25	816.1  
199	1814.15	3904.8 	8785.25	858.271
200	1814.15	3896.35	7675.12	843.912
201	1814.15	3884.66	7413.84	830.656
202	1814.15	3893.49	7607.87	859.536
203	1814.15	3901.83	7663.74	874.351
204	1814.15	3902   	7970.46	869.241
205	1814.15	3899.95	8914.64	877.825
206	1814.15	3899.74	7763.47	860.156
207	1814.15	3879.44	6979.39	827.527
208	1814.15	3871.48	7411.65	804.747
209	1814.15	3873.03	6899.7 	805.121
210	1814.15	3893.62	7262.96	852.342
211	1814.15	3897.2 	7216.51	855.483
212	1814.15	3895.87	7338   	853.193
213	1814.15	3876.14	6791.23	827.554
214	1814.15	3879.15	7363.14	859.632
215	1814.15	3858.61	6907.57	821.38 
216	1814.15	3866.97	7684.75	849.631
217	1814.15	3868.61	8409.32	846.41 
218	1814.15	3881.94	7967.63	868.092
219	1814.15	3866.13	7967.63	841.382
220	1814.15	3872.18	7292.51	849.656
221	1814.15	3857.02	7245.44	837.555
222	1814.15	3857.21	8146.71	822.356
223	1814.15	3864.71	7572.37	831.088
224	1814.15	3865.75	6885.87	821.22 
225	1814.15	3855.54	7072.29	826.178
226	1814.15	3864.66	6937.24	835.215
227	1814.15	3858.11	6892.72	841.215
228	1814.15	3858.42	6761.23	815.099
229	1814.15	3837.61	6792.59	797.787
230	1814.15	3838.3 	7048.52	797.251
231	1814.15	3842.86	7003.7 	806.032
232	1814.15	3837.39	6849.35	794.495
233	1814.15	3857.39	7067.17	813.758
234	1814.15	3862.57	7134.23	846.677
235	1814.15	3854.64	10089  	847.876
236	1814.15	3847.69	9263.51	833.283
237	1814.15	3812.44	6860.43	790.567
238	1814.15	3809.56	7200.55	786.658
239	1814.15	3815.6 	6781.56	804.598
240	1814.15	3806.62	7948.49	809.494
241	1814.15	3810.35	7032.36	809.289
242	1814.15	3822.09	6835.82	812.951
243	1814.15	3821.07	7314.99	805.375
244	1814.15	3825.33	7141.92	798.46 
245	1814.15	3818.16	6869.36	802.38 
246	1814.15	3815.5 	7602.15	824.831
247	1814.15	3815.65	9624.57	824.771
248	1814.15	3812.66	7930.74	822.073
249	1814.15	3794.43	6548.38	782.171
250	1814.15	3792.68	6997.85	788.151
251	1814.15	3797.92	6504.84	798.459
252	1814.15	3791.04	6501.84	778.687
253	1814.15	3792.21	6895.79	803.149
254	1814.15	3782.9 	6791.02	773.107
255	1814.15	3780.91	6791.02	782.911
256	1814.15	3795.16	6382.69	802.367
257	1814.15	3807.06	6644.09	809.776
258	1814.15	3804.48	6883.72	804.576
259	1814.15	3792.42	6661.55	817.09 
260	1814.15	3800.29	7757.19	817.581
261	1814.15	3778.71	7366.05	822.124
262	1814.15	3770.98	7510.81	811.661
263	1814.15	3770.22	7225.64	828.58 
264	1814.15	3771.74	7102.44	813.629
265	1814.15	3763.77	6923.46	799.538
266	1814.15	3749.67	6968.71	789.421
267	1814.15	3742.82	6795.52	767.469
268	1814.15	3748.8 	7172.84	779.537
269	1814.15	3755.64	7197.05	785.355
270	1814.15	3735.01	6525.04	772.124
271	1814.15	3736.15	6854.6 	783.615
272	1814.15	3736.83	6993.1 	760.874
273	1814.15	3744.56	7050.14	783.226
274	1814.15	3754.64	6815.58	803.304
275	1814.15	3747.98	6576.14	802.016
276	1814.15	3748.54	6911.94	804.806
277	1814.15	3745.68	6800.47	796.305
278	1814.15	3747.66	6690.85	778.793
279	1814.15	3755.59	6649.7 	771.607
280	1814.15	3745.96	6938.09	776.71 
281	1814.15	3738.98	7008.36	760.935
282	1814.15	3760.78	6906.39	783.224
283	1814.15	3761.45	6983.72	826.299
284	1814.15	3733.51	7124.68	795.931
285	1814.15	3726.07	6941.06	789.407
286	1814.15	3721.06	7124.82	804.333
287	1814.14	3721.8 	7485.56	812.777
288	1814.14	3720.49	6565.96	789.557
289	1814.14	3730.16	7472.21	807.807
290	1814.14	3739.24	7476.06	819.195
291	1814.14	3759.25	6956.24	841.902
292	1814.14	3746.66	6796.47	821.224
293	1814.14	3755.21	7142.41	856.902
294	1814.14	3754.01	7103.43	866.054
295	1814.14	3755.67	7089.25	836.546
296	1814.14	3754   	7322.93	843.385
297	1814.14	3753.43	7254.53	853.272
298	1814.14	3737.56	7312.69	830.155
299	1814.14	3738.22	7244.7 	848.206
300	1814.14	3735.85	6776.88	824.861
301	1814.14	3730.1 	6500   	807.124
302	1814.14	3718.47	6582.18	806.987
303	1814.14	3707.39	6630.33	812.944
304	1814.14	3696.23	7319.32	808.267
305	1814.14	3687.14	7347.19	808.568
306	1814.14	3686.62	7347.19	797.518
307	1814.14	3692.26	8003.69	800.804
308	1814.14	3684.18	7592.47	823.41 
309	1814.14	3682.59	7382.6 	817.016
310	1814.14	3682.71	6813.55	818.8  
311	1814.14	3699.2 	7558.92	834.824
312	1814.14	3691.9 	8280.61	835.83 
313	1814.14	3696.92	7189.85	816.708
314	1814.14	3694.52	7105.24	840.558
315	1814.14	3694.25	7239.37	854.452
316	1814.14	3704.11	7626.05	879.656
317	1814.14	3700.16	7733.94	866.265
318	1814.14	3697.88	7842.14	850.512
319	1814.14	3694.61	7797.46	832.302
320	1783.03	3704.37	6713.09	851.629
321	1783.03	3702.95	6971.2 	849.801
322	1783.03	3698.53	6601.36	834.216
323	1783.03	3696.97	7432.21	833.548
324	1783.03	3693.1 	7068.6 	828.763
325	1783.03	3691.87	6404.56	801.961
326	1783.03	3683.51	6178.94	796.71 
327	1783.03	3691.1 	7151.69	804.473
328	1783.03	3673.87	7274.42	794.178
329	1783.03	3702.17	6899.95	804.304
330	1783.03	3699.34	7056.46	800.931
331	1783.03	3700.34	7056.46	817.428
332	1783.03	3683.67	6822.9 	791.495
333	1783.03	3679.64	6856.63	780.476
334	1783.03	3685.29	6972.08	774.056
335	1783.03	3672.18	6859.09	784.896
336	1783.03	3672.99	7115.08	781.914
337	1783.03	3670.16	7503.87	793.092
338	1783.03	3675.44	6787.69	797.757
339	1783.03	3674   	6768.28	775.717
340	1783.03	3663.63	6614.41	762.544
341	1783.03	3666.2 	7506.63	802.818
342	1783.03	3671.35	7532.1 	819.288
343	1783.03	3651.12	6999.62	792.995
344	1783.03	3667.22	7425.1 	807.432
345	1783.03	3663.3 	6937.26	815.14 
346	1783.03	3665.97	7259.81	822.383
347	1783.03	3644.09	6467.45	784.032
348	1765.07	3648.14	6862.48	779.767
349	1765.07	3640.6 	7014.38	781.581
350	1765.07	3632.51	7014.38	772.793
351	1765.07	3635.92	6791.04	767.171
352	1765.07	3627.88	6956.62	760.928
353	1765.07	3632.27	7446.85	779.896
354	1765.07	3628.61	6816.08	783.006
355	1723.96	3624.33	6561.92	762.16 
356	1723.96	3621.08	6230.15	777.887
357	1711.97	3610.65	6399.36	773.135
358	1711.97	3610.55	6912.15	791.638
359	1711.97	3623.17	7151.05	810.772
360	1711.97	3613.66	8861.98	809.952
361	1711.97	3610.57	7903.82	809.719
362	1711.97	3599.68	7233.48	775.369
363	1711.97	3599.61	7598.74	768.553
364	1711.97	3599.27	7403.24	780.407
365	1711.97	3591.33	7140.15	776.667
366	1711.97	3595.58	6694.13	732.049
367	1711.97	3601.07	8191.49	763.371
368	1711.97	3596.9 	6962.74	756.506
369	1711.97	3599.29	6532.43	750.948
370	1711.97	3605.44	6257.02	751.107
371	1711.97	3593.93	6638.59	747.809
372	1711.97	3587.04	6494.36	754.501
373	1711.97	3573.8 	6391.98	740.083
374	1711.97	3562.69	6703.42	739.939
375	1711.97	3566.23	6645.93	765.696
376	1711.97	3570.69	7089.55	787.807
377	1711.97	3591.71	6983.32	794.453
378	1711.97	3589.12	7130.95	783.313
379	1667.9 	3591.28	6924.03	763.673
380	1667.9 	3579.02	6462.26	769.555
381	1667.9 	3577.33	8889.46	771.411
382	1667.9 	3571.8 	7933.85	766.831
383	1667.9 	3573.34	7804.63	771.44 
384	1667.9 	3570.44	7444.92	752.264
385	1667.9 	3554.72	6390.57	727.27 
386	1667.9 	3549.25	6455.46	718.807
387	1667.9 	3543.4 	6354.05	723.027
388	1667.9 	3554.59	6544.64	770.173
389	1667.9 	3567   	7253.48	792.628
390	1667.9 	3579.72	7192.18	803.007
391	1667.9 	3582.92	6977.64	798.156
392	1649.09	3571.18	6977.64	777.015
393	1649.09	3578.8 	7414.36	811.272
394	1649.09	3569.24	7033.99	780.809
395	1649.09	3558.37	6996.44	769.441
396	1649.09	3553.59	7264.52	755.47 
397	1649.09	3551   	7602.62	758.081
398	1649.09	3531.51	7100.27	749.419
399	1649.09	3521.42	6548.26	725.192
400	1649.09	3533.19	6940.1 	736.533
401	1649.09	3530.33	6960.99	746.868
402	1649.09	3542.82	7094.85	770.126
403	1649.09	3544.01	6691.58	756.009
404	1649.09	3554.21	7408.77	787.46 
405	1649.09	3535.28	6588.77	762.73 
406	1649.09	3536.82	6620.33	756.593
407	1649.09	3534.28	7208.46	749.967
408	1649.09	3538.51	6980.16	776.616
409	1649.09	3541.62	6956.44	776.716
410	1649.09	3546.84	7097.12	768.664
411	1649.09	3538.3 	6734.89	751.705
412	1649.09	3541.15	6844.59	763.064
413	1649.09	3541.07	6826.24	740.742
414	1649.09	3539.9 	5945.6 	737.386
415	1649.09	3542.53	5945.6 	750.384
416	1649.09	3535.67	6685.45	740.242
417	1649.09	3530.35	6113.34	752.456
418	1649.09	3510.2 	6704.27	745.337
419	1649.09	3504.98	6680.88	748.201
420	1649.09	3507.64	7012.46	755.408
421	1649.09	3517.01	6790.97	781.418
422	1649.09	3509.81	6582.36	768.306
423	1649.09	3515.59	6465.03	780.523
424	1649.09	3525.96	6219.86	758.299
425	1649.09	3523.14	6821.77	759.218
426	1649.09	3517.34	6419.89	756.367
427	1649.09	3497.33	6485.05	726.401
428	1649.09	3492   	5945.1 	715.075
429	1649.09	3480.21	6250.6 	705.05 
430	1649.09	3462.55	6437.81	714.051
431	1614.67	3456.3 	6734.59	698.912
432	1614.67	3457.97	6469.55	709.224
433	1614.67	3469.74	7133.78	709.47 
434	1614.67	3475.33	6356.35	713.635
435	1614.67	3476.63	6356.35	730.24 
436	1589.47	3485.22	6786.91	745.338
437	1589.47	3486.19	7717.34	766.765
438	1589.47	3487.29	7140.74	752.888
439	1589.47	3480.04	7106.83	747.527
440	1589.47	3482.63	7318.39	760.146
441	1589.47	3481.51	7219.74	744.53 
442	1589.47	3472.31	6533.4 	726.723
443	1589.47	3473.93	6482.88	734.606
444	1589.47	3481.22	6482.88	734.636
445	1589.47	3473.27	6427.79	736.554
446	1589.47	3461.97	6279.28	734.057
447	1589.47	3448.59	6160.52	734.17 
448	1589.47	3437.77	5928.84	719.871
449	1589.47	3461.22	7185.16	765.529
450	1589.47	3462.96	6890.56	785.225
451	1589.47	3455.58	6688.44	760.971
452	1589.47	3451.83	6688.44	749.535
453	1589.47	3445.64	6607.22	752.617
454	1589.47	3451.34	6268.67	749.521
455	1589.47	3467.65	7078.19	776.7  
456	1589.47	3456.74	6955.9 	760.156
457	1589.47	3453.96	6763.02	752.45 
458	1589.47	3433.75	6700.05	724.591
459	1589.47	3451   	6442.66	742.852
460	1589.47	3457.19	6302.71	742.562
461	1545.9 	3451.48	6838.65	733.167
462	1545.9 	3455.76	6755.76	751.114
463	1545.9 	3447.47	7027.97	753.173
464	1545.9 	3433.8 	6320.9 	728.675
465	1545.9 	3427.19	6622.92	748.491
466	1545.9 	3415.46	6274.13	705.54 
467	1545.9 	3401.7 	6164.93	708.539
468	1545.9 	3412.85	5936.42	703.811
469	1545.9 	3406.42	6043.23	682.175
470	1545.9 	3406.66	6401.57	703.806
471	1545.9 	3411.17	6231.86	721.641
472	1545.9 	3411.43	6261.73	711.86 
473	1545.9 	3395.48	6405.79	707.394
474	1545.9 	3393.05	6626.72	717.187
475	1545.9 	3396.65	7056.62	726.135
476	1545.9 	3378.03	6637.16	706.164
477	1545.9 	3382.03	6602.83	717.755
478	1545.9 	3381.47	7068.76	724.687
479	1545.9 	3375.47	6895.24	719.704
480	1545.9 	3376.37	7132.41	716.545
481	1545.9 	3394.46	6477.73	714.601
482	1545.9 	3395.88	6477.73	744.369
483	1545.9 	3384.25	6259.35	724.525
484	1545.9 	3384.49	6291.02	720.692
485	1545.9 	3388.85	6493.42	713.31 
486	1545.9 	3383.93	6135.19	716.579
487	1545.9 	3370.99	6372.54	703.819
488	1545.9 	3378.23	6669.59	720.727
489	1545.9 	3373.68	5933.03	705.365
490	1545.9 	3388.79	6282.35	707.815
491	1545.9 	3391.43	6282.35	715.917
492	1545.9 	3380.92	6005.6 	713.234
493	1545.9 	3375.74	6170.56	712.084
494	1545.9 	3369.77	6350.5 	690.915
495	1545.9 	3352.93	6082.4 	665.684
496	1545.9 	3344.07	5991.86	673.247
497	1545.9 	3351.12	6001   	666.376
498	1545.9 	3343.4 	5988.2 	666.44 
499	1545.9 	3346.81	6905.71	675.197
1000.00000001
