/usr/lib/python2.7/site-packages/deap/tools/_hypervolume/pyhv.py:33: ImportWarning: Falling back to the python version of hypervolume module. Expect this to be very slow.
  "module. Expect this to be very slow.", ImportWarning)
gen	min    	avg    	max    	std    
0  	2461.64	4310.09	7928.94	888.645
1  	2334.3 	4313.19	7576.27	898.815
2  	2334.3 	4301.2 	7658.28	891.058
3  	2255.79	4295.3 	7571.69	881.093
4  	2255.79	4313.86	7559.61	901.962
5  	2255.79	4322.15	7875.8 	930.158
6  	2087.21	4332.46	8010.45	946.968
7  	2087.21	4306.77	7716.75	921.091
8  	2087.21	4317.41	7644.51	916.046
9  	2087.21	4305.05	7435.85	908.921
10 	2087.21	4297.5 	7754.43	909.915
11 	2087.21	4296.74	7410.89	922.097
12 	2087.21	4282.14	7380.56	911.054
13 	2065.18	4281.77	7441.34	915.554
14 	2065.18	4282.48	7732.27	898.699
15 	2025.7 	4283.31	7534.4 	918.1  
16 	2025.7 	4289.07	7835.1 	906.056
17 	2025.7 	4288.91	8057.13	895.973
18 	2025.7 	4270.29	7744.64	875.866
19 	2025.7 	4260.83	7556.5 	913.387
20 	2025.7 	4280.63	7493.31	915.787
21 	1976.41	4272.02	8095.99	895.837
22 	1976.41	4270.85	7483.43	900.429
23 	1976.41	4270.33	7136.23	898.2  
24 	1976.41	4268.3 	7245.04	870.728
25 	1976.41	4275.41	8333.22	877.202
26 	1976.41	4268.68	7631.2 	881.031
27 	1976.41	4274.54	9896.51	891.119
28 	1976.41	4263.14	8964.56	900.889
29 	1976.41	4269.53	9428.94	922.719
30 	1976.41	4247.9 	8254.06	874.877
31 	1976.41	4236.37	7329.64	859.184
32 	1935.21	4234.16	7675.03	879.964
33 	1935.21	4232.92	7188.56	879.153
34 	1935.21	4248.4 	7555.92	879.903
35 	1935.21	4237.31	7895.75	877.836
36 	1935.21	4241.87	7414.42	925.675
37 	1913.62	4214.51	8412.84	922.977
38 	1897.1 	4205.97	8000.88	917.732
39 	1897.1 	4236.48	8056.43	938.134
40 	1897.1 	4229.9 	7984.34	928.59 
41 	1897.1 	4233.89	7482.02	924.859
42 	1897.1 	4228.77	7440.76	928.473
43 	1888.16	4229.08	7321.09	928.625
44 	1888.16	4221.76	7650.37	938.031
45 	1888.16	4216.89	7650.37	911.818
46 	1888.16	4232.12	7501.28	920.682
47 	1888.16	4217.46	7644.17	882.709
48 	1888.16	4247.59	8756.82	939.278
49 	1888.16	4246.7 	7874.72	915.044
50 	1888.16	4238.78	8044.68	917.334
51 	1888.16	4207.74	8432.38	900.471
52 	1820.96	4190.17	7476.3 	866.466
53 	1820.96	4195.05	7632.68	878.956
54 	1820.96	4204.6 	7638.02	880.231
55 	1820.96	4208.16	7498.56	900.921
56 	1820.96	4209.59	7144.1 	887.562
57 	1820.96	4198.5 	7603.61	891.786
58 	1766.31	4195.23	7390.09	909.917
59 	1766.31	4202.6 	7849.61	927.878
60 	1766.31	4185.01	7901.96	895.655
61 	1766.31	4179.87	7901.96	891.18 
62 	1766.31	4173.02	7815.15	876.255
63 	1766.31	4180.69	7371.59	866.292
64 	1766.31	4158.03	7339.72	867.547
65 	1766.31	4150.68	7265.69	870.103
66 	1766.31	4162.36	7486.82	893.354
67 	1766.31	4144.2 	7826.7 	854.399
68 	1766.31	4149.5 	9119.53	876.676
69 	1766.31	4130.66	7304.05	857.368
70 	1766.31	4147.52	8076.16	903.731
71 	1766.31	4156.58	8548.49	917.034
72 	1766.31	4134.77	8274.98	905.841
73 	1766.31	4144.7 	7522.85	915.601
74 	1766.31	4141.67	7742.9 	919.383
75 	1766.31	4139.59	8037.28	935.459
76 	1766.31	4143.81	7330.5 	916.95 
77 	1766.31	4140.74	7583.29	912.478
78 	1766.31	4139.03	7849.48	895.714
79 	1766.31	4141.77	7877.24	910.726
80 	1766.31	4142.1 	7776.78	915.059
81 	1766.31	4141.84	7394.37	900.559
82 	1766.31	4153.62	8075.72	901.36 
83 	1766.31	4133.57	8042.04	904.472
84 	1766.31	4139.52	8040.87	906.717
85 	1766.31	4133.5 	7815.25	913.407
86 	1766.31	4137.89	7691.89	907.665
87 	1766.31	4122.44	7530.14	907.811
88 	1766.31	4129.84	7514.5 	926.324
89 	1730.99	4142.32	8375   	957.669
90 	1730.99	4155.36	8184.13	967.748
91 	1730.99	4159.56	8174.38	970.142
92 	1730.99	4168.67	8174.38	968.434
93 	1730.99	4170.85	8952.11	981.847
94 	1730.99	4184.51	9613.76	1002.3 
95 	1730.99	4166.56	10269.9	983.902
96 	1730.99	4161.11	9523.99	943.921
97 	1730.99	4142.03	8183.73	916.746
98 	1730.99	4136.34	8735.86	934.413
99 	1730.99	4132.31	8609.52	931.627
100	1730.99	4110.99	8480.4 	922.363
101	1730.99	4104.86	8586.91	913.937
102	1730.99	4107.37	8229.39	921.959
103	1730.99	4108.09	7943.24	947.504
104	1730.99	4092.95	7964.58	920.271
105	1730.99	4088.2 	7409.89	885.541
106	1730.99	4081.38	7977.86	915.985
107	1730.99	4082.45	7312.72	912.478
108	1730.99	4062.97	7689.37	903.465
109	1713.9 	4083.55	8596.96	946.077
110	1713.9 	4076.02	8734.57	917.163
111	1713.9 	4082.85	7383.11	910.292
112	1713.9 	4060.28	7802.23	930.449
113	1713.9 	4054.73	7422.88	915.502
114	1713.9 	4059.58	8322.91	952.158
115	1713.9 	4076.36	7760.7 	965.694
116	1713.9 	4072.4 	7527.21	953.992
117	1713.9 	4048.08	7107.43	937.633
118	1713.9 	4034.96	7485.16	925.538
119	1713.9 	4054.79	7144.41	908.291
120	1713.9 	4061.77	7255.62	911.793
121	1713.9 	4067.75	7948.95	911.632
122	1709.47	4070.91	7652.1 	932.585
123	1709.47	4068.23	7830.7 	936.196
124	1709.47	4063.47	7172.42	928.566
125	1709.47	4065.25	7456.07	917.351
126	1709.47	4062.72	7956.3 	912.319
127	1709.47	4052.03	7788.51	899.121
128	1709.47	4038.21	8753.47	947.569
129	1709.47	4037.75	9146.88	936.131
130	1709.47	4024.48	7987.07	929.931
131	1709.47	4043.74	8102.41	961.02 
132	1709.47	4049.84	8766.9 	941.087
133	1709.47	4030.98	8753.27	903.533
134	1709.47	4042.98	7309.66	897.928
135	1709.47	4043.78	7646.52	925.949
136	1707.58	4045.44	7096.47	906.222
137	1707.58	4039.11	7098.62	872.916
138	1707.58	4029.56	7262.17	861.878
139	1707.58	4013.75	7530.55	848.974
140	1707.58	4028.92	7249.11	880.87 
141	1707.58	4007.12	7240.91	873.522
142	1707.58	4029.22	7268.33	870.755
143	1707.58	4007.58	7394.73	865.751
144	1707.58	4003.67	7506.72	878.056
145	1707.58	4011.6 	7897.43	916.455
146	1707.58	4018.17	8776.07	944.968
147	1707.58	4013.54	7755.09	903.222
148	1647.61	3993.9 	7418.92	867.418
149	1647.61	3992.9 	7201.31	858.133
150	1647.61	4001.61	7269.34	888.437
151	1647.61	4002.8 	7150.83	889.324
152	1647.61	3989.9 	7216.47	882.514
153	1647.61	3977.37	7214.69	870.745
154	1647.61	3987.8 	7298.85	867.758
155	1647.61	3965.22	7519.62	866.005
156	1647.61	3976.47	7734.58	884.563
157	1647.61	3966.6 	7214.58	860.166
158	1647.61	3953.56	7283.66	859.316
159	1647.61	3950.96	7413.87	878.387
160	1647.61	3959.39	8181.35	904.505
161	1647.61	3967.72	8981.98	910.796
162	1647.61	3970.12	8934.51	900.963
163	1647.61	3962.81	8934.51	886.299
164	1647.61	3953.59	8156.81	878.852
165	1647.61	3965.47	8103.78	905.584
166	1647.61	3954.47	7905.18	876.796
167	1647.61	3977.28	7320.9 	884.16 
168	1647.61	3961.27	7468.31	900.741
169	1647.61	3976.54	8689.95	945.611
170	1647.61	3961.53	8547.75	892.939
171	1647.61	3964.02	7678.98	894.177
172	1647.61	3969.36	7511.9 	899.613
173	1647.61	3957.72	7774.2 	894.319
174	1647.61	3950.3 	7363.42	889.558
175	1647.61	3946.44	7333.57	865.877
176	1647.61	3951.14	8241.74	877.402
177	1647.61	3936.76	8980.86	889.401
178	1647.61	3920.9 	7138.38	865.712
179	1647.61	3929.98	6847.63	857.35 
180	1647.61	3928.83	7843   	866.765
181	1647.61	3925.05	10023.5	895.67 
182	1647.61	3925.16	8243.21	888.766
183	1647.61	3926.9 	9004.69	891.898
184	1647.61	3919.02	7704.02	887.963
185	1647.61	3939.43	7486.75	884.013
186	1647.61	3941.72	7756.49	892.609
187	1647.61	3942.9 	8245.26	887.76 
188	1647.61	3945.89	7955.54	907.496
189	1647.61	3936.9 	7387.94	881.554
190	1647.61	3938.48	9017.1 	910.955
191	1647.61	3945.76	7240.02	904.806
192	1647.61	3935   	8214.53	914.611
193	1647.61	3929.44	7635.91	908.722
194	1647.61	3940.06	7132.64	918.066
195	1647.61	3932.65	7631.89	912.616
196	1647.61	3911.92	7414.79	865.575
197	1647.61	3902.51	7521.03	869.801
198	1647.61	3877.98	7521.03	846.273
199	1647.61	3893.5 	7323.24	869.749
200	1647.61	3895.55	7192.25	869.922
201	1647.61	3876.17	7739.4 	868.953
202	1647.61	3891.62	7792.11	899.392
203	1647.61	3872.34	7400.53	885.275
204	1647.61	3879.86	7400.53	891.261
205	1647.61	3877.72	7350.6 	880.928
206	1647.61	3877.47	7629.77	878.18 
207	1647.61	3862.06	7337.05	851.166
208	1647.61	3858.09	7475.64	852.023
209	1647.61	3844.2 	7497.26	834.998
210	1647.61	3834.98	6831.19	818.166
211	1636.9 	3835.67	7498   	839.515
212	1636.9 	3852.93	7826.44	862.965
213	1636.9 	3869.63	7753.53	886.162
214	1636.9 	3858.69	7197.27	858.88 
215	1636.9 	3866.4 	7426.1 	884.79 
216	1636.9 	3856.88	8029.29	900.643
217	1636.9 	3864.62	7592.8 	902.956
218	1636.9 	3847.82	6907.06	880.05 
219	1636.9 	3848.74	8194.26	890.29 
220	1636.9 	3839.12	7283.31	860.733
221	1636.9 	3830.98	7527.34	858.913
222	1636.9 	3824.02	8340.25	880.947
223	1636.9 	3829.82	7365.08	894.769
224	1636.9 	3841.21	7130.89	896.031
225	1636.9 	3843.32	7623.79	912.69 
226	1636.9 	3844.15	7493.09	911.959
227	1636.9 	3832.63	8836.25	896.514
228	1636.9 	3825.67	8836.25	906.036
229	1636.9 	3825.26	7235   	880.412
230	1636.9 	3824.73	7142.14	866.153
231	1636.9 	3827.62	7018.34	879.582
232	1636.9 	3821.81	7013.74	861.459
233	1636.9 	3836.2 	7738.22	887.774
234	1636.9 	3822.53	7611.51	877.89 
235	1636.9 	3818.84	7292.72	869.099
236	1636.9 	3806.72	7025.35	856.724
237	1636.9 	3815.89	7225.66	874.421
238	1631.91	3821.85	7567.28	874.56 
239	1631.91	3834.05	8206.98	858.952
240	1631.91	3828.45	7658.4 	852.267
241	1631.91	3832.84	7617.99	855.679
242	1631.91	3823.32	6993.71	842.291
243	1631.91	3837.77	7506.94	879.679
244	1631.91	3817.74	7036.16	851.609
245	1631.91	3818.26	7334.14	855.752
246	1631.91	3812.56	7428.95	819.011
247	1631.91	3810.24	7411.24	854.89 
248	1631.91	3805.77	7669.93	859.216
249	1631.91	3815.25	7669.46	887.239
250	1631.91	3814.78	7817.75	905.23 
251	1631.91	3804.87	7219.88	875.098
252	1631.91	3815.82	7206.06	891.548
253	1631.91	3789.55	7147.43	857.784
254	1631.91	3779.16	7093.79	870.137
255	1631.91	3777.99	8395.53	884.246
256	1631.91	3775.86	7620.12	886.478
257	1631.91	3757.83	7055.14	854.891
258	1631.91	3780.14	6735.38	883.056
259	1631.91	3787.59	8456.69	912.908
260	1631.91	3789.46	7065.62	887.674
261	1631.91	3787.41	6737.44	899.157
262	1631.91	3815.94	8924.66	938.578
263	1631.91	3793.53	6968.77	918.227
264	1631.91	3799.73	7189.65	919.687
265	1631.91	3804.59	7634.51	937.726
266	1631.91	3787.84	7488.56	900.687
267	1631.91	3770.03	7367.67	866.033
268	1631.91	3764.41	7422.4 	873.126
269	1631.91	3763   	7503.55	886.9  
270	1631.91	3760.3 	7652.04	883.127
271	1556.6 	3764.04	8545   	903.093
272	1556.6 	3769.69	7472.04	913.441
273	1556.6 	3750   	7314.2 	885.93 
274	1556.6 	3764.55	7389.43	885.552
275	1556.6 	3759.61	7283.39	853.594
276	1556.6 	3756.48	7342.94	836.553
277	1556.6 	3745.01	7077.54	829.524
278	1556.6 	3732.57	8159.81	839.127
279	1556.6 	3734.8 	7234.24	849.578
280	1556.6 	3719.2 	6612.01	828.253
281	1482.5 	3712.08	6700.8 	834.021
282	1482.5 	3714.38	7127.9 	839.5  
283	1482.5 	3713.46	6848.22	818.665
284	1482.5 	3720.31	7239.47	844.232
285	1480.85	3716.47	6852.34	854.1  
286	1480.85	3726.77	6871.99	856.677
287	1480.85	3711.95	7685.96	873.364
288	1480.85	3723.08	8265.25	870.244
289	1480.85	3718.16	6769.56	858.649
290	1480.85	3721.78	8101.23	887.21 
291	1480.85	3705.27	7631.02	841.891
292	1480.85	3712.97	7115.98	838.44 
293	1480.85	3698.72	6794.99	835.927
294	1480.85	3700.27	7708.74	852.665
295	1480.85	3695.37	7840   	834.844
296	1480.85	3691.92	7085.99	844.138
297	1480.85	3683.09	7182.68	835.179
298	1480.85	3697.47	7116.03	848.512
299	1480.85	3696.61	7314.91	848.789
300	1480.85	3696.6 	7328.08	827.762
301	1480.85	3695.45	7088.33	825.618
302	1480.85	3701.63	8762.85	856.114
303	1480.85	3683.37	8263.26	842.821
304	1480.85	3684.89	8700.07	874.017
305	1480.85	3694.17	8188.22	858.33 
306	1480.85	3687.46	7550.55	828.56 
307	1480.85	3678.69	7555.45	839.857
308	1480.85	3669.12	7164.03	852.579
309	1480.85	3668.13	7604.38	844.178
310	1480.85	3661.92	7191.76	853.026
311	1480.85	3663.45	7161.17	822.373
312	1480.85	3661.08	7376.67	804.023
313	1480.85	3647.55	6456   	791.959
314	1480.85	3653.95	6943.52	798.462
315	1480.85	3638.43	6255.11	776.671
316	1480.85	3648.31	6200.49	781.089
317	1480.85	3663.38	7644.41	821.643
318	1480.85	3657.27	9073.92	858.235
319	1480.85	3654.95	6928.29	856.496
320	1480.85	3645.59	7012.88	843.091
321	1480.85	3629.44	7012.88	809.706
322	1480.85	3622.18	6975.16	799.628
323	1480.85	3621.7 	6922.73	795.549
324	1480.85	3637.77	7967.39	808.516
325	1480.85	3628.8 	6835.79	812.32 
326	1480.85	3650.18	6791.11	853.733
327	1480.85	3647.6 	7596.8 	856.077
328	1480.85	3625.58	7109.25	830.981
329	1480.85	3618.78	7807.98	824.788
330	1480.85	3623.36	6825.95	802.876
331	1480.85	3628.3 	7127.43	831.776
332	1480.85	3640.91	7938.87	843.664
333	1480.85	3653.49	7798.4 	838.449
334	1480.85	3648.76	6976.86	821.652
335	1480.85	3664.89	8505.29	876.879
336	1480.85	3654.53	7938.02	880.671
337	1480.85	3657.17	7938.02	892.217
338	1480.85	3665.77	7623.18	893.788
339	1480.85	3658.27	7355.62	874.959
340	1480.85	3668.92	8090.87	898.644
341	1480.85	3658.93	7702.66	890.874
342	1480.85	3667.19	8206.02	897.941
343	1480.85	3652.99	8136.07	859.597
344	1480.85	3658.47	7031.26	832.128
345	1480.85	3653.81	7143.75	848.023
346	1480.85	3619.1 	7066.57	822.873
347	1480.85	3618.7 	7277.7 	812.867
348	1480.85	3627.54	7255   	827.153
349	1480.85	3627.31	6879.36	823.34 
350	1480.85	3617.41	8451.7 	836.337
351	1480.85	3627.2 	6805.9 	840.907
352	1480.85	3631.18	8103.5 	856.181
353	1480.85	3630.35	8053.41	866.327
354	1480.85	3635.06	7879.39	865.475
355	1480.85	3625.53	7422.75	857.651
356	1480.85	3636.59	8185.34	932.753
357	1480.85	3616.78	7305.83	879.693
358	1480.85	3614.8 	7540.95	886.569
359	1480.85	3605.67	7135.62	880.019
360	1480.85	3592.06	6866.75	828.281
361	1480.85	3587.64	6742.16	834.555
362	1480.85	3601.79	7321.4 	870.461
363	1480.85	3580.12	6902.22	855.999
364	1480.85	3588.36	6959.02	863.826
365	1480.85	3600.63	7505.91	874.93 
366	1480.85	3597.33	7068.5 	841.732
367	1480.85	3580.66	7165.17	843.657
368	1480.85	3571.02	7220.08	830.743
369	1480.85	3605.9 	6924.65	852.19 
370	1457.83	3589.73	7597.47	855.923
371	1457.83	3597.5 	6882.56	869.988
372	1457.83	3604.27	7124.29	878.874
373	1457.83	3595.21	6992.44	874.601
374	1457.83	3588.02	6992.44	867.516
375	1457.83	3578.42	6746.67	838.368
376	1457.83	3566.73	7444.61	825.433
377	1457.83	3564.62	6985.67	813.579
378	1457.83	3543.19	7721.51	813.267
379	1457.83	3545.12	7205.97	800.039
380	1457.83	3558.77	7449.6 	843.22 
381	1457.83	3545.87	6783.08	813.506
382	1457.83	3545.47	7389.74	816.681
383	1457.83	3540.95	7130.58	799.686
384	1457.83	3546.31	7234.85	825.703
385	1457.83	3534.4 	6763.86	804.091
386	1457.83	3519.42	6725.54	776.197
387	1457.83	3505.26	6657.72	775.296
388	1457.83	3519.76	6176.05	789.72 
389	1457.83	3522.57	6689.9 	807.411
390	1457.83	3535.1 	7457.11	819.994
391	1457.83	3530.48	7362.88	814.717
392	1457.83	3525.43	6417.16	801.129
393	1457.83	3542.15	6661.78	818.961
394	1457.83	3543.05	6430.45	811.464
395	1457.83	3523.01	7344.33	803.183
396	1457.83	3535.09	7344.33	824.95 
397	1457.83	3528.58	6726.59	820.257
398	1457.83	3528.32	7329.72	829.735
399	1457.83	3546.29	6998.39	834.876
400	1457.83	3529.72	6998.39	819.633
401	1457.83	3530.06	7059.96	816.262
402	1457.83	3540.54	7791.55	834.517
403	1457.83	3540.83	8753.51	850.575
404	1457.83	3517.34	7076.74	816.897
405	1457.83	3507.43	6490.36	800.112
406	1457.83	3508.45	7791.6 	816.449
407	1457.83	3495.64	7362.73	815.596
408	1457.83	3486.07	6277.35	779.733
409	1457.83	3502.62	6608   	788.278
410	1457.83	3504.06	7091.07	818.221
411	1457.83	3489.97	7508.58	825.626
412	1457.83	3487.24	7640.57	839.129
413	1457.83	3501.87	7920.47	874.779
414	1457.83	3496.89	7567.61	841.536
415	1457.83	3508.44	7593.72	830.138
416	1457.83	3515.31	7005.93	812.839
417	1457.83	3507.96	6748.23	790.472
418	1457.83	3495.97	6255.9 	789.67 
419	1457.83	3491.75	6283.3 	788.994
420	1457.83	3508.63	7219.1 	825.354
421	1457.83	3492.12	6549.09	805.485
422	1457.83	3481.57	6495.93	790.687
423	1457.83	3465.12	6531.4 	789.172
424	1457.83	3476.76	6960.68	805.432
425	1457.83	3484.33	6705.72	801.907
426	1457.83	3486.91	6681.96	811.731
427	1457.83	3470.95	6282.08	798.448
428	1457.83	3470.23	6589.92	798.502
429	1457.83	3476.67	6480.73	812.954
430	1457.83	3487.32	6699.75	814.422
431	1457.83	3487.81	6687.48	817.873
432	1457.83	3477.79	6538.01	796.167
433	1457.83	3472.34	7025.39	797.359
434	1457.83	3454.83	6379.33	790.32 
435	1457.83	3469.91	7953.56	834.574
436	1457.83	3462.72	7187.1 	798.707
437	1457.83	3443.36	6417.32	793.029
438	1457.83	3435.74	6587.27	787.307
439	1457.83	3435.1 	6305.48	764.6  
440	1457.83	3444.5 	6840.96	771.632
441	1457.83	3446.28	6387.67	763.593
442	1457.83	3433.9 	6502.94	755.477
443	1457.83	3451.21	6739   	798.212
444	1457.83	3436.98	7433.97	785.977
445	1457.83	3420.34	6902.38	777.797
446	1457.83	3424.09	7080.78	809.246
447	1457.83	3445.85	7176.54	818.179
448	1457.83	3459.23	7673.94	820.814
449	1457.83	3434.52	7685.18	810.027
450	1457.83	3443.11	6995.61	813.745
451	1457.83	3442.99	7867.65	831.27 
452	1457.83	3452.86	6911.5 	829.789
453	1457.83	3433.81	6705.35	813.85 
454	1457.83	3427.48	6319.27	805.343
455	1457.83	3424.72	6969.54	805.035
456	1457.83	3407.38	6568.01	771.776
457	1457.83	3414.77	6304.44	767.946
458	1457.83	3421.17	6760.68	787.855
459	1457.83	3421.84	6582.43	786.889
460	1457.83	3425.46	6299.55	765.065
461	1457.83	3441.41	7009.59	790.196
462	1457.83	3418.34	6409.62	760.951
463	1457.83	3434.42	6223.75	778.27 
464	1457.83	3438.78	6184.34	776.106
465	1457.83	3425.22	6710.02	776.363
466	1457.83	3416.94	6640.89	782.161
467	1457.83	3408.98	6508.15	790.269
468	1457.83	3402.35	6186.52	783.694
469	1457.83	3393.65	6714.07	776.859
470	1457.83	3404.59	6613.05	759.063
471	1457.83	3401.24	7480.47	761.645
472	1457.83	3398.99	6871.34	766.842
473	1457.83	3399.85	6694.34	763.524
474	1457.83	3392.2 	6505.93	765.668
475	1457.83	3407.15	6997.61	809.373
476	1457.83	3401.67	6728.85	795.177
477	1457.83	3396.85	7008.98	800.3  
478	1457.83	3390.68	6380.12	793.503
479	1457.83	3386.43	6423.52	795.801
480	1457.83	3381.64	7341.07	802.883
481	1457.83	3372.86	6522.69	791.743
482	1457.83	3374.85	6968.7 	774.891
483	1457.83	3389.81	7068.86	783.933
484	1457.83	3377.69	6605.69	774.446
485	1457.83	3359.96	6863.69	740.334
486	1457.83	3362.7 	6844.17	743.589
487	1457.83	3374.55	6698.63	764.216
488	1457.83	3382.68	6398.67	768.009
489	1457.83	3367.48	6566.87	749.514
490	1457.83	3362.64	7018.29	754.939
491	1457.83	3348.46	6682.8 	760.599
492	1457.83	3341.38	6626.72	735.076
493	1457.83	3342.13	6629.27	745.053
494	1457.83	3344.94	6630.79	749.114
495	1457.83	3341.74	6915.33	744.971
496	1457.83	3363.46	7045.85	756.894
497	1457.83	3363.58	6904.72	765.657
498	1457.83	3343.1 	6391.71	751.861
499	1457.83	3361.2 	6969.47	791.611
1000.00000001
