/usr/lib/python2.7/site-packages/deap/tools/_hypervolume/pyhv.py:33: ImportWarning: Falling back to the python version of hypervolume module. Expect this to be very slow.
  "module. Expect this to be very slow.", ImportWarning)
gen	min    	avg    	max    	std    
0  	112.413	152.737	208.216	15.4405
1  	108.8  	152.955	195.725	15.1109
2  	108.8  	152.407	204.961	15.075 
3  	108.8  	153.036	196.764	15.8325
4  	108.8  	152.439	213.708	15.423 
5  	108.8  	152.122	201.653	15.6537
6  	108.8  	152.106	198.664	15.7985
7  	108.8  	151.924	200.373	15.861 
8  	108.8  	151.703	206.703	15.3674
9  	108.519	152.514	203.811	15.1605
10 	104.082	151.688	212.077	15.1334
11 	104.082	152.339	203.572	15.7891
12 	104.082	151.964	208.259	15.8567
13 	103.599	151.709	204.533	16.0285
14 	103.599	151.568	205.088	15.5557
15 	103.599	151.242	201.726	15.9311
16 	103.599	151.347	207.039	15.3312
17 	103.599	151.892	206.699	16.0539
18 	103.599	153.12 	212.91 	15.5074
19 	103.599	152.209	207.242	15.8634
20 	103.599	152.219	199.64 	15.9177
21 	103.599	153.424	206.044	15.7097
22 	103.599	151.686	209.152	14.9296
23 	103.599	152.988	207.691	15.5308
24 	103.599	152.736	198.494	15.2421
25 	103.599	152.563	205.684	15.5593
26 	103.599	152.08 	204.598	15.6226
27 	103.599	151.442	201.985	15.9171
28 	103.599	151.284	200.281	15.6064
29 	103.599	151.367	196.901	15.2532
30 	103.599	151.951	210.586	15.5974
31 	103.599	152.074	198.311	15.6867
32 	103.599	152.334	207.592	16.266 
33 	103.599	151.175	202.511	15.4227
34 	103.599	152.303	209.562	15.3879
35 	103.599	152.093	203.15 	15.3563
36 	103.599	152.175	203.15 	15.4979
37 	103.599	151.764	205.555	15.3721
38 	103.599	152.229	210.108	15.7853
39 	103.599	152.663	201.963	15.4976
40 	103.599	151.567	202.381	15.8764
41 	103.599	152.188	209.738	15.6199
42 	103.599	152.051	198.043	15.5432
43 	103.599	151.962	206.66 	15.5794
44 	103.599	151.621	205.16 	15.8553
45 	103.599	152.068	194.45 	15.6872
46 	103.599	151.691	198.384	15.354 
47 	103.599	152.286	206.232	15.8561
48 	103.599	152.84 	200.859	15.8867
49 	103.599	152.165	202.468	15.9028
50 	103.599	151.755	210.864	15.6173
51 	103.599	151.457	203.122	15.5872
52 	103.599	151.563	202.152	15.4825
53 	103.599	152.192	204.717	15.7205
54 	103.599	151.344	198.724	14.8945
55 	103.599	152.871	209.397	15.7572
56 	103.599	152.176	201.049	15.2967
57 	103.599	152.614	208.881	15.6685
58 	103.599	152.848	198.66 	15.4744
59 	103.599	151.915	204.859	15.5986
60 	103.599	151.716	198.148	15.2162
61 	103.599	152.599	202.318	15.0009
62 	103.599	152.425	197.209	15.2595
63 	103.599	152.497	201.284	15.4104
64 	103.599	152.48 	200.903	15.5113
65 	103.599	153.026	200.903	15.87  
66 	103.599	152.655	201.259	15.5375
67 	103.599	152.046	210.081	15.8837
68 	103.599	151.797	205.638	15.6696
69 	103.599	152.632	203.85 	15.7283
70 	103.599	152.642	207.163	16.0457
71 	103.599	151.863	207.163	15.2409
72 	103.599	151.684	210.397	15.4607
73 	103.599	152.064	203.265	15.2627
74 	103.599	152.659	201.196	15.4453
75 	103.599	152.466	206.328	16.0228
76 	103.599	151.38 	206.514	15.0463
77 	103.599	152.203	212.252	15.5714
78 	103.599	152.928	214.274	16.2503
79 	103.599	151.524	201.274	15.1099
80 	103.599	151.589	201.274	15.1742
81 	103.599	152.065	199.984	15.8099
82 	103.599	152.075	197.6  	15.9314
83 	103.599	151.699	201.751	15.5418
84 	103.599	152.221	204.387	16.2325
85 	103.599	151.915	202.679	15.6812
86 	103.599	151.228	200.019	15.3162
87 	103.599	152.584	206.308	15.4922
88 	103.599	152.313	203.188	14.8674
89 	103.599	152.153	206.816	15.7458
90 	103.599	151.523	206.627	15.3803
91 	103.599	152.854	207.155	15.7838
92 	103.599	151.606	200.363	14.8058
93 	103.599	153.089	200.199	16.0142
94 	103.599	152.623	197.138	16.099 
95 	103.599	152.47 	209.019	15.9985
96 	103.599	151.957	199.4  	15.5685
97 	103.599	152.057	204.419	15.6274
98 	102.064	153.079	206.12 	15.9263
99 	102.064	151.991	202.956	16.5936
100	102.064	152.174	200.947	15.4725
101	102.064	151.705	209.431	15.7038
102	102.064	152.229	203.252	16.0781
103	102.064	152.038	200.439	16.233 
104	102.064	152.435	198.544	15.7018
105	102.064	151.772	203.57 	15.0607
106	102.064	152.66 	206.31 	15.3291
107	102.064	152.116	206.31 	15.878 
108	102.064	151.58 	204.137	15.2574
109	102.064	152.217	208.765	16.1511
110	102.064	151.513	196.594	15.0427
111	102.064	152.716	207.521	16.011 
112	102.064	153.191	205.705	15.7431
113	102.064	152.73 	202.414	16.096 
114	102.064	151.301	210.447	15.5412
115	102.064	152.374	201.078	16.039 
116	102.064	152.351	200.748	15.3821
117	102.064	152.509	211.023	16.0169
118	102.064	153.033	204.25 	16.3984
119	102.064	153.482	209.201	16.1808
120	102.064	152.058	211.831	16.0059
121	102.064	151.367	206.49 	15.8549
122	102.064	151.758	199.643	15.7022
123	102.064	152.179	202.889	15.603 
124	102.064	152.179	204.012	15.4851
125	102.064	151.996	200.754	15.6238
126	102.064	151.337	196.453	15.629 
127	102.064	151.937	196.37 	15.6078
128	102.064	152.644	210.666	15.6779
129	102.064	151.77 	208.569	15.0092
130	102.064	153.225	203.128	15.5674
131	102.064	152.354	209.588	15.2937
132	102.064	151.722	197.793	15.1525
133	102.064	152.239	195.42 	15.7014
134	102.064	153.008	216.201	15.7478
135	102.064	152.066	199.135	15.0306
136	102.064	152.345	212.428	15.258 
137	102.064	151.127	199.211	15.6303
138	102.064	151.856	202.488	15.523 
139	102.064	152.474	199.557	15.4395
140	102.064	152.369	194.686	15.6403
141	102.064	152.403	195.895	15.1833
142	100.433	152.849	224.743	16.2178
143	100.433	152.353	209.732	15.4827
144	100.433	153.124	210.547	16.1317
145	100.433	151.684	201.885	15.2815
146	100.433	151.408	209.331	15.7496
147	100.433	151.351	199.568	15.3819
148	100.433	151.922	204.867	15.6823
149	100.433	152.324	202.072	15.6596
150	100.433	153.219	212.552	15.6152
151	100.433	152.257	202.929	15.2826
152	100.433	152.423	203.571	16.2589
153	100.433	152.089	202.179	15.842 
154	100.433	152.688	206.402	15.532 
155	100.433	151.229	202.121	14.6592
156	100.433	152.126	207.274	15.4857
157	100.433	152.223	202.334	15.1079
158	100.433	153.079	208.405	15.6385
159	100.433	152.387	206.139	15.9033
160	100.433	153.624	208.938	15.6518
161	100.433	152.974	201.279	15.4484
162	100.433	152.009	201.266	15.2698
163	100.433	153.038	201.428	15.1443
164	100.433	152.597	199.157	15.7111
165	100.433	152.021	201.163	15.5788
166	100.433	152.544	209.785	15.3529
167	100.433	153.056	207.712	15.6586
168	100.433	152.646	205.364	15.9913
169	100.433	153.544	206.281	15.5924
170	100.433	153.297	213.768	15.9164
171	100.433	152.663	202.782	15.832 
172	100.433	151.805	199.674	15.1574
173	100.433	151.983	204.47 	15.5562
174	100.433	153.524	208.666	16.2908
175	100.433	152.956	200.416	16.0058
176	100.433	152.786	201.439	15.0344
177	100.433	153.207	201.149	15.3129
178	100.433	152.284	203.354	15.8733
179	100.433	151.484	212.096	15.62  
180	100.433	152.227	204.534	14.8577
181	100.433	153.36 	208.494	16.0324
182	100.433	152.368	207.311	15.7378
183	100.433	151.954	208.019	15.7226
184	100.433	151.481	201.683	15.211 
185	100.433	153.291	204.165	16.1149
186	100.433	152.212	206.457	15.9671
187	100.433	152.861	204.688	15.7499
188	100.433	152.32 	204.311	15.7409
189	100.433	153.074	212.834	15.7555
190	100.433	153.056	207.39 	15.334 
191	100.433	153.117	207.39 	15.822 
192	100.433	152.557	205.838	15.1248
193	100.433	153.627	207.643	15.3834
194	100.433	153.284	206.819	15.4185
195	100.273	152.861	212.236	15.8391
196	100.273	152.794	218.486	15.9989
197	100.273	153.79 	198.923	14.9953
198	100.273	153.221	200.317	15.4229
199	100.273	152.581	206.897	15.0256
200	100.273	151.699	205.879	15.6767
201	100.273	153.382	202.593	15.7822
202	100.273	152.642	218.289	16.0699
203	100.273	152.071	200.096	14.8415
204	100.273	151.998	205.495	15.839 
205	100.273	153.053	211.028	15.7886
206	100.273	153.155	208.891	16.2797
207	100.273	152.142	205.257	15.4708
208	100.273	151.854	198.569	15.6721
209	100.273	152.474	206.287	15.7281
210	100.273	152.715	204.55 	15.9352
211	100.273	152.677	214.951	16.0076
212	100.273	152.616	206.609	15.7074
213	100.273	153.555	212.086	15.7692
214	100.273	152.163	205.487	15.1803
215	100.273	152.562	201.156	15.9443
216	100.273	152.859	206.215	15.5705
217	100.273	153.085	202.45 	15.3369
218	100.273	152.801	211.857	15.7576
219	100.273	153.273	211.857	15.6211
220	100.273	152.541	208.731	16.7282
221	100.273	152.828	205.872	15.4194
222	100.273	152.265	214.763	15.9781
223	100.273	152.813	211.233	15.6735
224	100.273	153.024	203.369	15.37  
225	100.273	153.211	210.375	15.2999
226	100.273	152.262	201.868	15.1887
227	100.273	152.702	202.036	15.6209
228	100.273	154.005	198.275	15.3372
229	100.273	152.413	201.939	15.3944
230	100.273	152.86 	204.502	15.9355
231	100.273	153.207	206.148	15.7496
232	100.273	153.293	201.894	15.6067
233	100.273	152.97 	200.164	14.8309
234	100.273	152.985	204.664	15.2794
235	100.273	151.8  	202.08 	15.5131
236	100.273	152.77 	209.189	14.8541
237	100.273	151.991	208.571	15.5612
238	100.273	152.447	200.542	15.0912
239	100.273	154.019	206.071	15.3065
240	100.273	153.804	206.071	15.5733
241	100.273	152.233	206.568	15.5596
242	100.273	151.744	203.918	15.2842
243	100.273	152.681	196.675	14.9482
244	100.273	153.804	198.306	15.435 
245	100.273	153.172	202.023	15.1301
246	100.273	152.535	201.081	16.0786
247	100.273	152.235	214.14 	15.8687
248	100.273	151.813	205.04 	15.6519
249	100.273	152.676	204.446	16.1563
250	100.273	153.825	212.583	15.7244
251	100.273	152.842	213.261	15.0035
252	100.273	153.121	212.948	15.6665
253	100.273	154.247	204.881	15.723 
254	100.273	152.638	204.307	15.6475
255	100.273	152.963	201.604	15.5921
256	100.273	153.451	210.296	15.4999
257	100.273	152.235	203.143	15.6377
258	100.273	152.147	203.143	15.2144
259	100.273	152.47 	201.358	15.394 
260	100.273	152.644	206.104	15.5072
261	100.273	153.396	211.716	15.2359
262	100.273	154.5  	205.537	16.0959
263	100.273	152.632	194.006	15.6629
264	100.273	152.818	199.137	15.4893
265	100.273	153.618	204.162	15.4685
266	100.273	153.208	202.793	15.6907
267	100.273	152.469	205.97 	15.1355
268	100.273	152.736	212.364	16.2368
269	100.273	152.494	208.037	15.7149
270	100.273	153.325	206.465	16.2452
271	100.273	153.403	208.004	15.6732
272	100.273	152.388	203.212	15.1492
273	100.273	153.139	209.042	15.6492
274	100.273	154.088	201.378	15.8596
275	100.273	154.072	206.575	16.1411
276	100.273	152.541	202.8  	15.0178
277	100.273	152.468	201.956	15.0158
278	100.273	152.215	202.296	15.1985
279	100.273	152.428	207.627	15.3998
280	100.273	152.866	218.689	15.6184
281	100.273	152.588	205.601	16.0452
282	100.273	153.235	210.207	16.0982
283	100.273	152.138	203.935	15.7067
284	100.273	152.826	205.976	16.3997
285	100.273	151.757	204.574	15.4052
286	100.273	152.264	196.345	15.234 
287	100.273	152.977	206.047	15.1445
288	100.273	152.644	195.898	15.6976
289	100.273	152.42 	222.436	15.8543
290	100.273	151.939	198.093	15.4566
291	100.273	152.675	201.137	16.0446
292	100.273	152.916	198.933	15.3902
293	100.273	153.322	206.253	15.0423
294	100.273	153.176	207.724	15.3308
295	100.273	152.415	199.672	15.4442
296	100.273	152.933	204.607	15.4097
297	100.273	153.165	206.065	16.1153
298	100.273	153.079	204.32 	16.0193
299	100.273	153.168	200.161	15.3284
300	100.273	152.99 	203.11 	16.1218
301	100.273	153.218	197.26 	15.5465
302	100.273	153.23 	204.649	15.506 
303	100.273	153.352	210.739	15.8421
304	100.273	153.721	208.99 	15.7406
305	100.273	153.457	204.491	15.9964
306	100.273	153.366	209.077	16.0233
307	100.273	152.984	199.643	15.2162
308	100.273	153.481	210.548	15.6779
309	100.273	152.781	211.342	14.9748
310	100.273	153.647	210.956	15.8345
311	100.273	153.242	195.623	15.4281
312	100.273	153.337	204.937	15.3984
313	100.273	153.099	203.947	15.6919
314	100.273	153.316	203.887	15.6643
315	100.273	152.909	209.848	15.5779
316	100.273	153.264	208.558	15.8717
317	100.273	153.428	214.873	15.8275
318	100.273	153.258	199.33 	16.1366
319	100.273	152.719	203.627	15.7617
320	100.273	153.34 	205.813	15.6016
321	100.273	152.881	207.104	15.3839
322	100.273	153.253	204.045	15.2348
323	100.273	152.924	208.666	15.4952
324	100.273	153.482	204.071	15.5089
325	100.273	153.68 	207.302	15.8381
326	100.273	152.795	194.936	15.1471
327	100.273	153.064	220.124	15.986 
328	100.273	153.653	202.555	15.2935
329	100.273	152.351	208    	15.5684
330	100.273	152.91 	204.234	16.0335
331	100.273	154.476	201.39 	15.9851
332	100.273	153.818	213.357	15.8444
333	100.273	153.225	200.158	15.5892
334	100.273	153.108	200.408	15.6316
335	100.273	152.839	204.462	14.9721
336	100.273	153.699	200.968	15.7256
337	100.273	152.865	209.583	15.7576
338	100.273	152.97 	212.335	15.6114
339	100.273	153.066	207.52 	15.6365
340	100.273	152.257	204.005	15.3793
341	100.273	153.192	202.255	15.3407
342	100.273	153.058	202.008	15.5433
343	100.273	153.584	211.682	15.2473
344	100.273	153.386	211.682	15.9882
345	100.273	153.686	202.273	15.3553
346	100.273	154.558	202.576	16.2181
347	100.273	154.925	201.387	15.8979
348	100.273	154.004	201.123	15.4899
349	100.273	153.872	203.786	15.2341
350	100.273	153.771	203.799	15.5982
351	100.273	153.46 	199.534	15.1451
352	100.273	153.777	199.537	15.7492
353	100.273	153.94 	205.139	16.3022
354	100.273	154.299	206.314	16.2817
355	100.273	153.414	201.907	15.7218
356	100.273	153.137	209.617	15.683 
357	100.273	153.309	209.162	15.5855
358	100.273	152.971	210.726	16.0758
359	100.273	153.79 	209.998	16.9126
360	100.273	153.449	207.647	15.8903
361	100.273	153.944	201.664	15.9832
362	100.273	153.923	205.972	16.0642
363	100.273	153.428	199.894	15.5664
364	100.273	154.082	209.859	15.2247
365	100.273	154.473	200.062	15.9921
366	100.273	154.251	211.621	16.1722
367	100.273	153.981	209.709	15.2164
368	100.273	153.218	198.934	15.5099
369	100.273	153.544	203.419	16.2374
370	100.273	153.598	211.903	15.4751
371	100.273	152.677	207.368	15.5432
372	100.273	153.205	199.864	15.414 
373	100.273	153.113	205.447	15.2428
374	100.273	153.248	203.953	14.9447
375	100.273	153.901	199.31 	15.0951
376	100.273	153.947	207.565	15.7681
377	100.273	153.836	204.747	15.7813
378	100.273	153.623	205.469	15.4957
379	100.273	154.036	205.337	15.5723
380	100.273	154.204	207.014	15.9481
381	100.273	153.362	211.719	16.056 
382	100.273	153.194	207.508	16.1799
383	100.273	153.719	222.153	15.9528
384	100.273	155.462	215.471	16.1193
385	100.273	153.718	213.319	16.0918
386	100.273	154.246	211.15 	16.3344
387	100.273	154.63 	206.9  	15.9045
388	100.273	153.495	200.341	16.0132
389	100.273	153.855	203.899	16.4362
390	100.273	153.395	202.06 	15.5058
391	100.273	154.468	206.484	15.5627
392	100.273	153.658	207.335	16.2749
393	100.273	154.228	202.98 	16.6333
394	100.273	152.94 	208.643	15.5262
395	100.273	153.642	207.644	16.1627
396	100.273	154.227	206.471	14.7869
397	100.273	153.607	207.455	16.1337
398	100.273	153.786	205.671	16.491 
399	100.273	153.679	204.285	16.1699
400	100.273	153.61 	205.363	15.7757
401	100.273	152.9  	206.057	15.6128
402	100.273	153.736	208.146	15.9581
403	100.273	154.05 	204.966	15.8142
404	100.273	154.676	205.437	16.2197
405	100.273	154.977	199.18 	15.844 
406	100.273	154.274	207.405	16.0974
407	100.273	154.99 	208.8  	15.7185
408	100.273	154.965	203.92 	16.0313
409	100.273	153.69 	203.92 	16.3841
410	100.273	154.144	210.627	15.7077
411	100.273	153.436	207.525	15.7836
412	100.273	154.155	201.457	15.293 
413	100.273	155.036	212.843	15.4397
414	100.273	153.253	212.882	15.3978
415	100.273	153.482	204.453	15.5135
416	100.273	155.189	207.823	15.7007
417	100.273	154.607	207.967	15.6166
418	100.273	153.646	209.237	15.9386
419	100.273	153.807	205.416	15.8243
420	100.273	153.937	208.7  	15.5924
421	100.273	154.161	207.671	15.3204
422	100.273	154.373	201.152	15.3322
423	100.273	153.708	201.091	15.0037
424	100.273	153.597	206.73 	15.3935
425	100.273	153.398	195.702	15.6206
426	100.273	153.037	207.893	15.7548
427	100.273	153.842	203.898	16.5227
428	100.273	154.43 	198.552	15.0584
429	100.273	153.555	199.513	15.2777
430	100.273	154.211	203.848	15.9666
431	100.273	154.482	204.839	15.7866
432	100.273	153.799	207.645	16.1081
433	100.273	155.145	215.134	16.1439
434	100.273	153.918	207.043	15.8007
435	100.273	154.156	196.097	15.0122
436	100.273	154.502	215.849	15.5282
437	100.273	153.072	200.124	15.2674
438	100.273	153.297	205.726	15.6146
439	100.273	154.927	209.948	16.4976
440	100.273	153.582	205.445	16.4522
441	100.273	154.048	205.856	16.4938
442	100.273	153.904	199.752	15.1682
443	100.273	154.306	200.331	15.8163
444	100.273	153.953	208.53 	15.8828
445	100.273	153.983	205.202	16.0141
446	100.273	153.732	204.691	15.3955
447	100.273	154.545	208.289	15.364 
448	100.273	154.229	199.357	15.2817
449	100.273	154.587	206.989	15.4699
450	100.273	153.842	204.043	15.4474
451	100.273	154.248	205.387	16.0297
452	100.273	154.553	209.506	15.522 
453	100.273	153.756	200.199	15.2377
454	100.273	153.81 	200.345	15.5101
455	100.273	153.899	200.97 	15.5006
456	100.273	153.765	210.201	15.876 
457	100.273	153.988	209.745	15.5457
458	100.273	153.672	210.383	15.2243
459	100.273	154.652	206.075	16.1121
460	100.273	154.055	206.531	15.9506
461	100.273	154.231	208.972	15.8828
462	100.273	153.831	204.053	15.2971
463	100.273	153.853	208.324	15.6253
464	100.273	154.07 	210.077	15.5439
465	100.273	153.858	214.903	15.8804
466	100.273	152.407	202.474	15.4394
467	100.273	153.995	197.838	14.9479
468	100.273	153.716	203.294	15.5114
469	100.273	154.81 	205.026	15.2625
470	100.273	153.71 	213.95 	15.1638
471	100.273	154.744	209.875	16.4074
472	100.273	154.624	209.41 	15.756 
473	100.273	153.255	205.618	15.4405
474	100.273	153.947	204.797	15.3252
475	100.273	154.658	207.594	15.4726
476	100.273	154.651	206.98 	15.2882
477	100.273	154.04 	204.909	15.9539
478	100.273	153.581	211.255	15.5252
479	100.273	153.359	218.245	15.6835
480	100.273	154.815	212.209	16.1323
481	100.273	154.67 	217.26 	16.0925
482	100.273	154.491	204.815	16.0763
483	100.273	154.697	204.824	15.5097
484	100.273	154.802	216.132	16.5281
485	100.273	154.436	208.849	15.8688
486	100.273	154.217	205.764	15.6504
487	100.273	155.079	201.102	15.7984
488	100.273	154.335	216.207	16.028 
489	100.273	155.923	217.188	15.8381
490	100.273	153.44 	206.423	15.046 
491	100.273	153.996	205.022	16.188 
492	100.273	154.634	204.247	15.4187
493	100.273	154.079	211.452	15.3026
494	100.273	153.822	211.452	15.8358
495	100.273	154.649	200.406	15.8174
496	100.273	154.575	204.969	15.5796
497	100.273	155.303	213.879	16.4998
498	100.273	153.796	197.538	16.2726
499	99.725 	154.798	216.154	16.0184
71.35000001
