/usr/lib/python2.7/site-packages/deap/tools/_hypervolume/pyhv.py:33: ImportWarning: Falling back to the python version of hypervolume module. Expect this to be very slow.
  "module. Expect this to be very slow.", ImportWarning)
gen	min   	avg    	max    	std  
0  	109.75	152.804	207.338	15.78
1  	109.75	152.586	205.436	15.5822
2  	109.75	152.531	200.478	15.048 
3  	109.75	152.54 	206.721	15.7684
4  	109.75	152.688	207.021	15.6617
5  	109.75	151.891	212.394	15.8666
6  	108.623	152.421	207.579	15.9481
7  	108.623	151.906	206.803	15.5729
8  	108.623	151.953	201.841	14.894 
9  	108.623	152.63 	205.071	15.6334
10 	108.623	152.44 	212.015	16.027 
11 	108.623	151.824	207.834	15.2076
12 	108.623	151.068	205.192	14.66  
13 	108.623	152.118	198.725	14.9539
14 	108.623	152.474	206.774	15.8968
15 	108.623	151.423	200.824	14.8714
16 	104.002	153.009	201.655	15.3407
17 	102.055	153.01 	193.09 	15.4725
18 	102.055	152.074	210.383	15.7184
19 	102.055	152.896	199.327	15.4779
20 	102.055	152.218	197.08 	16.0969
21 	102.055	151.471	205.799	15.8951
22 	102.055	153.243	209.515	16.4613
23 	102.055	152.66 	197.988	15.8718
24 	102.055	151.935	201.431	16.2359
25 	102.055	152.725	201.689	15.221 
26 	102.055	152.265	209.143	15.6606
27 	102.055	152.431	209.143	15.6422
28 	102.055	152.057	207.307	16.2394
29 	102.055	152.299	204.57 	15.9086
30 	102.055	152.009	203.895	15.221 
31 	102.055	151.805	208.805	15.1886
32 	102.055	152.201	224.543	16.1861
33 	102.055	152.128	207.954	15.5961
34 	102.055	151.732	212.909	15.7842
35 	102.055	152.122	205.938	15.6853
36 	102.055	152.325	200.223	15.4979
37 	102.055	151.41 	201.006	15.8402
38 	102.055	152.328	201.006	15.4433
39 	102.055	152.343	201.214	15.0237
40 	102.055	152.744	200.394	15.2563
41 	102.055	152.449	206.489	15.3954
42 	102.055	151.834	196.023	15.2599
43 	102.055	152.146	197.711	15.6829
44 	102.055	152.347	204.714	15.6208
45 	102.055	152.64 	196.036	15.0767
46 	102.055	151.697	210.12 	16.2234
47 	101.443	152.669	212.574	15.3964
48 	101.443	152.298	213.167	14.8178
49 	101.443	152.291	201.522	15.2305
50 	101.443	152.608	201.522	15.5932
51 	101.443	152.643	202.028	15.7299
52 	101.443	153.852	202.468	15.5595
53 	101.443	153.14 	205.994	16.3148
54 	101.443	151.501	210.76 	16.2307
55 	101.443	153.099	195.522	15.4427
56 	101.443	152.739	205.292	15.3501
57 	101.443	152.478	203.097	15.0907
58 	101.443	153.175	210.601	15.747 
59 	101.443	153.387	204.068	15.4769
60 	101.443	152.588	209.568	16.3187
61 	101.443	151.592	202.206	15.281 
62 	101.443	152.065	198.25 	15.3677
63 	101.443	151.953	200.453	15.1868
64 	101.443	152.018	197.763	15.1385
65 	101.443	153.396	199.538	15.3982
66 	101.443	153.076	202.952	15.9458
67 	101.443	151.913	204.446	16.0898
68 	101.443	151.687	206.239	15.5734
69 	101.443	153.146	202.193	15.4203
70 	101.443	152.472	208.887	15.5244
71 	101.443	151.855	213.404	15.3628
72 	101.443	153.011	204.609	15.943 
73 	101.443	151.762	206.367	14.9534
74 	101.443	152.741	196.774	15.2967
75 	101.443	153.176	210.45 	15.8388
76 	101.443	152.607	205.831	15.7545
77 	101.443	151.954	205.888	15.8515
78 	101.443	152.235	199.62 	15.1178
79 	101.443	152.016	207.599	15.9694
80 	101.443	151.63 	197.483	15.1437
81 	101.443	151.952	204.392	14.7902
82 	101.443	151.325	206.86 	15.717 
83 	101.443	153.135	200.449	15.3632
84 	101.443	151.794	202.156	15.2547
85 	101.443	152.407	207.278	15.4382
86 	101.443	150.973	198.45 	15.7574
87 	101.443	152.169	204.656	16.0444
88 	101.443	151.827	204.845	15.0149
89 	101.443	152.03 	208.795	15.5733
90 	101.443	152.771	203.778	16.2135
91 	101.443	152.863	202.901	15.696 
92 	101.443	151.768	208.689	15.3248
93 	101.443	151.487	204.023	15.6665
94 	101.443	152.286	202.784	16.0549
95 	101.443	152.644	204.691	15.414 
96 	101.443	152.138	201.656	15.756 
97 	101.443	152.517	203.101	16.1458
98 	101.443	152.485	202.775	16.1188
99 	101.443	152.559	207.308	15.749 
100	101.443	153.861	209.309	16.4919
101	101.443	152.404	207.875	15.9447
102	101.443	152.612	219.373	16.0522
103	101.443	152.557	200.785	16.254 
104	101.443	153.629	199.451	15.0925
105	101.443	154.022	206.202	15.6528
106	101.443	152.666	198.796	15.2216
107	101.443	152.37 	199.465	15.5826
108	101.443	152.314	201.218	15.8209
109	101.443	152.376	207.839	15.5077
110	101.443	152.513	199.697	15.299 
111	101.443	152.172	201.097	15.3153
112	101.443	153.604	216.799	15.5663
113	101.443	152.446	211.353	15.0756
114	101.443	153.013	217.473	16.0556
115	101.443	151.741	215.119	16.07  
116	101.443	151.876	203.242	15.9208
117	101.443	153.207	206.306	15.4648
118	101.443	152.615	205.08 	15.7031
119	101.443	151.952	197.866	15.1896
120	101.443	152.295	198.743	15.0712
121	101.443	152.797	201.296	15.6494
122	101.443	152.722	195.749	15.0294
123	101.443	153.104	203.664	16.1467
124	101.443	153.152	202.843	15.5921
125	101.443	152.925	201.189	14.9665
126	101.443	152.961	204.184	15.9541
127	101.443	152.847	204.184	15.7706
128	101.443	152.326	204.356	15.415 
129	101.443	151.537	203.493	15.2255
130	101.443	152.932	202.695	15.4712
131	101.443	152.708	206.873	16.201 
132	101.443	152.49 	198.595	15.2792
133	101.443	152.685	199.292	15.6791
134	101.443	152.183	211.795	15.7893
135	101.443	151.832	199.949	15.3147
136	101.443	152.781	204.639	16.1469
137	101.443	152.241	197.893	15.6469
138	101.443	152.899	203.44 	16.5775
139	101.443	152.424	205.025	15.5895
140	101.443	152.726	201.396	15.499 
141	101.443	152.507	208.005	15.4611
142	101.443	152.875	216.105	15.3808
143	101.443	152.892	205.657	15.5016
144	101.443	152.012	205.439	15.2965
145	101.443	151.557	199.342	15.2241
146	101.443	153.111	201.108	15.2178
147	101.443	152.527	200.713	15.278 
148	101.443	151.791	201.486	14.8904
149	101.443	152.854	204.318	15.0819
150	101.443	152.495	202.739	15.1848
151	101.443	152.458	201.173	15.757 
152	101.443	152.353	199.943	15.3924
153	101.443	153.657	207.015	15.9126
154	101.443	153.725	201.506	15.6841
155	101.443	153.129	202.33 	15.3162
156	101.443	153.134	194.394	14.8452
157	101.443	153.525	206.518	16.2811
158	101.443	152.584	208.01 	15.5438
159	101.443	152.352	202.932	15.6166
160	101.443	153.182	199.42 	16.4469
161	101.443	153.475	200.752	16.0684
162	101.443	152.95 	200.752	15.2517
163	101.443	152.409	215.873	15.2803
164	101.443	152.37 	195.568	14.7638
165	101.443	153.529	211.281	16.164 
166	101.443	153.082	199.87 	15.0928
167	101.443	152.897	194.336	14.5838
168	101.443	152.762	213.184	15.5511
169	101.443	152.75 	203.43 	15.9857
170	101.443	152.571	201.133	15.2548
171	101.443	153.021	200.33 	15.5087
172	101.443	153.492	208.723	16.8962
173	101.443	153.256	203.902	15.6675
174	101.443	152.505	209.961	15.3257
175	101.443	152.494	201.98 	15.4438
176	101.443	152.123	206.046	15.1892
177	101.443	152.391	201.208	15.0266
178	101.443	152.367	214.257	16.1185
179	101.443	152.584	210.042	15.8955
180	100.415	153.374	204.976	15.8292
181	100.415	152.079	206.245	14.9722
182	100.415	152.85 	209.864	15.4882
183	100.415	152.649	213.412	15.8988
184	100.415	152.448	204.043	15.8166
185	100.415	151.526	202.482	15.407 
186	100.415	153.202	206.302	16.0588
187	100.415	152.616	200.067	15.669 
188	100.415	153.678	222.129	16.2343
189	100.415	153.714	204.996	15.4863
190	100.415	153.745	205.758	15.8638
191	100.415	153.27 	206.937	15.466 
192	100.415	153.579	204.848	15.4774
193	100.415	153.001	206.608	15.7421
194	100.415	152.36 	199.933	15.419 
195	100.415	153.15 	209.331	15.2867
196	100.415	152.869	205.571	15.8888
197	100.415	152.6  	209.493	15.3504
198	100.415	152.239	205.217	15.4221
199	100.415	152.096	205.217	15.5907
200	100.415	153.129	207.749	15.3192
201	100.415	153.487	202.822	15.6072
202	100.415	153.159	206.51 	15.9189
203	100.415	152.706	199.731	15.3148
204	100.415	152.239	198.912	15.4207
205	100.415	152.33 	209.721	16.3387
206	100.415	152.876	201.602	15.2908
207	100.415	152.493	201.907	15.9732
208	100.415	153.007	210.59 	16.0116
209	100.415	152.199	200.486	14.8504
210	100.415	152.18 	205.94 	15.6951
211	100.415	153.176	196.606	15.7449
212	100.415	153.792	203.273	15.6086
213	100.415	153.81 	212.173	16.2391
214	100.415	153.284	206.799	15.2264
215	100.415	152.43 	200.149	15.3207
216	100.415	152.078	201.027	15.7987
217	100.415	152.995	200.972	15.4645
218	100.415	153.125	200.016	15.5562
219	100.415	152.019	203.845	15.587 
220	100.415	152.907	206.386	16.0833
221	100.415	153.426	201.56 	15.7964
222	100.415	153.015	201.491	15.6693
223	100.415	152.665	208.038	15.8078
224	100.415	153.302	201.996	15.3246
225	100.415	153.183	208.938	16.315 
226	100.415	152.678	203.555	15.5574
227	100.415	152.949	198.754	15.4639
228	100.415	153.442	205.226	15.0228
229	100.415	152.383	206.634	15.8914
230	100.415	152.648	199.459	15.2431
231	100.415	153.289	203.198	15.8353
232	100.415	153.086	209.18 	15.1906
233	100.415	152.757	198.713	15.3235
234	100.415	153.499	203.147	14.5862
235	100.415	152.798	200.766	15.2298
236	100.415	153.109	203.447	15.1048
237	100.415	153.758	197.367	15.1728
238	100.415	153.645	208.136	15.4341
239	100.415	153.812	201.334	15.2198
240	100.415	153.233	196.7  	15.3674
241	100.415	152.305	199.895	15.0835
242	100.415	153.514	206.031	15.5535
243	100.415	152.884	205.12 	15.6171
244	100.415	153.074	214.137	15.0967
245	100.415	153.181	202.411	15.5389
246	100.415	153.813	201.885	15.9128
247	100.415	153.668	212.03 	16.1366
248	100.415	152.503	199.125	15.2698
249	100.415	152.874	202.481	15.1867
250	100.415	152.7  	214.077	15.4392
251	100.415	152.803	215.074	15.4959
252	100.415	153.17 	209.317	15.7191
253	100.415	153.758	212.734	15.987 
254	100.415	151.874	201.076	15.3318
255	100.415	152.172	206.572	15.8017
256	99.137 	152.572	206.572	16.1979
257	99.137 	154.014	209.222	16.5335
258	99.137 	153.374	203.857	15.8968
259	99.137 	152.875	199.069	15.6447
260	99.137 	153.634	204.312	15.7883
261	99.137 	152.601	208.534	15.333 
262	99.137 	152.833	198.365	15.3671
263	99.137 	152.621	206.179	15.2   
264	99.137 	153.642	202.815	15.6327
265	99.137 	153.611	201.001	15.7846
266	99.137 	153.616	204.259	16.1428
267	99.137 	152.7  	214.349	16.0135
268	99.137 	152.455	207.108	14.7433
269	99.137 	153.416	211.596	15.5578
270	99.137 	153.109	205.08 	15.7358
271	99.137 	153.745	207.796	15.57  
272	99.137 	153.697	199.627	15.7686
273	99.137 	153.941	210.852	16.2862
274	99.137 	152.65 	199.106	16.1342
275	99.137 	154.409	215.842	16.2182
276	99.137 	153.293	212.327	16.0704
277	99.137 	154.014	206.924	15.3359
278	99.137 	153.664	209.749	15.532 
279	99.137 	152.923	210.634	15.988 
280	99.137 	153.367	211.79 	16.3809
281	99.137 	152.758	204.332	15.8359
282	99.137 	153.162	208.357	15.6904
283	99.137 	153.639	216.471	15.4725
284	99.137 	153.666	200.979	15.8205
285	99.137 	154.001	221.249	15.3276
286	99.137 	153.779	204.484	15.668 
287	99.137 	153.497	200.624	15.6817
288	99.137 	154.237	199.067	15.3742
289	98.8219	154.078	208.417	16.0123
290	98.8219	154.714	204.865	15.535 
291	98.8219	153.762	205.714	15.588 
292	98.8219	153.325	213.061	15.5831
293	98.8219	154.261	200.796	15.2148
294	98.8219	153.595	207.594	16.0442
295	98.8219	153.371	203.155	15.1111
296	98.8219	154.595	212.184	16.1951
297	98.8219	152.814	207.577	15.5622
298	98.8219	153.157	201.887	16.1276
299	98.8219	153.401	201.887	15.4774
300	98.8219	153.669	204.437	15.2657
301	98.8219	154.354	205.832	15.8371
302	98.8219	153.863	204.588	15.5803
303	98.8219	154.222	209.594	15.8445
304	98.8219	154.289	207.616	16.313 
305	98.8219	153.677	206.134	15.7014
306	98.8219	153.777	208.647	15.5403
307	98.8219	153.218	203.19 	15.8054
308	98.8219	153.229	207.21 	15.2406
309	98.8219	153.516	207.652	15.1488
310	98.8219	153.598	211.574	16.2239
311	98.8219	153.219	206.199	15.6304
312	98.8219	153.686	207.596	16.4192
313	98.8219	153.192	215.86 	16.4349
314	98.8219	153.872	206.815	15.9392
315	98.8219	153.565	215.97 	16.1264
316	98.8219	153.195	201.973	15.6991
317	98.8219	154.429	199.53 	15.8768
318	98.8219	154.019	203.276	15.6353
319	98.8219	153.802	206.565	16.1386
320	98.8219	153.106	221.131	16.7378
321	98.8219	154.171	209.548	16.9484
322	98.8219	154.098	209.548	15.3271
323	98.8219	154.525	213.038	15.8668
324	98.8219	154.704	202.515	16.3737
325	98.8219	154.31 	211.647	16.0538
326	98.8219	154.237	213.598	16.469 
327	98.8219	152.61 	203.133	15.7963
328	98.8219	152.811	201.581	16.0038
329	98.8219	154.939	201.581	15.7712
330	98.8219	153.451	207.372	15.4374
331	98.8219	154.259	206.903	15.8205
332	98.8219	153.359	204.622	15.724 
333	98.8219	153.051	202.577	16.3818
334	98.8219	153.205	206.326	16.3239
335	98.8219	154.306	219.068	15.9781
336	98.8219	153.527	202.28 	15.4155
337	98.8219	154.669	213.379	15.7086
338	98.8219	153.3  	206.633	15.4018
339	98.8219	153.788	203.954	15.6842
340	98.8219	154.869	205.052	15.4736
341	98.8219	153.722	205.245	15.4286
342	98.8219	154.049	213.522	16.2933
343	98.8219	153.15 	205.34 	15.3839
344	98.8219	154.475	214.867	16.1137
345	98.8219	154.227	216.512	16.2295
346	98.8219	153.86 	205.691	15.6882
347	98.8219	154.602	203.566	15.6549
348	98.8219	154.651	204.567	15.6518
349	98.8219	154.574	208.711	15.6795
350	98.8219	154.052	200.245	16.1181
351	98.8219	152.665	202.932	15.6224
352	98.8219	154.295	207.617	15.8854
353	98.8219	154.73 	212.271	15.627 
354	98.8219	154.766	204.321	15.6534
355	98.8219	153.94 	204.123	15.7629
356	98.8219	152.642	207.774	15.7053
357	98.8219	153.365	219.916	16.693 
358	98.8219	153.329	210.675	15.8606
359	98.8219	153.915	204.888	15.184 
360	98.8219	153.408	206.864	15.179 
361	98.8219	153.949	202.341	15.4292
362	98.8219	153.739	212.314	15.3999
363	98.8219	154.146	204.676	15.818 
364	98.8219	154.794	202.532	16.4032
365	98.8219	153.891	202.33 	15.7664
366	98.8219	153.327	202.303	15.3686
367	98.8219	153.12 	195.763	14.737 
368	98.8219	153.631	211.687	15.6321
369	98.8219	153.232	200.411	16.0275
370	98.8219	153.836	204.63 	15.2584
371	98.8219	153.848	204.996	15.7701
372	98.8219	153.819	205.611	16.2618
373	98.8219	153.631	202.451	15.9157
374	98.8219	153.363	202.451	15.3289
375	98.8219	154.085	208.723	15.7866
376	98.8219	153.943	211.985	15.7871
377	98.8219	153.754	208.331	15.864 
378	98.8219	153.472	204.781	15.7803
379	98.8219	153.978	212.039	15.3674
380	98.8219	154.128	203.024	16.1574
381	98.8219	154.446	203.193	15.242 
382	98.8219	154.004	209.175	15.4735
383	98.8219	152.665	206.627	15.9773
384	98.8219	154.515	207.264	16.2312
385	98.8219	152.964	199.112	15.3954
386	98.8219	154.118	210.483	15.8177
387	98.8219	153.944	208.976	15.9791
388	98.8219	155.229	209.472	15.784 
389	98.8219	155.413	200.898	15.4295
390	98.8219	155.292	202.811	15.7779
391	98.8219	153.414	212.681	15.418 
392	98.8219	153.292	196.761	15.5032
393	98.8219	153.836	200.105	15.7519
394	98.8219	155.049	212.405	16.1404
395	98.8219	154.798	212.115	15.9017
396	98.8219	154.916	219.433	15.913 
397	98.8219	153.758	217.718	15.5281
398	98.8219	153.544	206.974	15.6799
399	98.8219	154.387	206.306	15.9428
400	98.8219	154.077	211.154	16.2738
401	98.8219	153.922	206.955	15.8643
402	98.8219	153.769	199.712	16.196 
403	98.8219	154.118	206.988	16.0745
404	98.8219	154.368	215.97 	16.5458
405	98.8219	154.394	199.536	15.5919
406	98.8219	154.925	204.136	16.2684
407	98.8219	153.822	217.341	15.8199
408	98.8219	153.558	204.104	15.6452
409	98.8219	153.388	198.572	14.6661
410	98.8219	153.594	209.496	16.4099
411	98.8219	154.204	211.025	16.1943
412	98.8219	154.119	206.621	15.7927
413	98.8219	155.269	210.879	15.7254
414	98.8219	154.491	217.463	16.8732
415	98.8219	155.284	209.942	16.0539
416	98.8219	153.939	202.367	15.9133
417	98.8219	154.1  	221.331	16.1159
418	98.8219	153.91 	206.632	15.3262
419	98.8219	154.603	205.098	15.7763
420	98.8219	154.713	200.496	15.6941
421	98.8219	154.426	203.692	15.9553
422	98.8219	154.637	204.75 	16.0275
423	98.8219	153.593	207.649	15.5526
424	98.8219	153.957	198.655	14.9492
425	98.8219	154.547	209.664	15.4962
426	98.8219	155.011	209.031	16.4013
427	98.8219	154.892	205.649	16.1048
428	98.8219	154.454	205.252	15.5436
429	98.8219	154.712	206.751	15.7009
430	98.8219	154.096	201.351	15.4171
431	98.8219	153.321	208.67 	16.0711
432	98.8219	154.76 	208.23 	15.1465
433	98.8219	155.258	212.078	16.2593
434	98.8219	154.935	212.697	15.9771
435	98.8219	153.686	204.439	15.5376
436	98.8219	154.421	205.816	16.0892
437	98.8219	154.978	207.231	15.7617
438	98.8219	154.983	202.005	15.4895
439	98.8219	154.311	204.093	15.5136
440	98.8219	154.621	211.044	16.3522
441	98.8219	154.38 	204.307	15.695 
442	98.8219	154.181	205.787	16.7477
443	98.8219	154.9  	208.945	16.4424
444	98.8219	155.85 	207.992	16.2291
445	98.8219	154.175	204.67 	15.9118
446	98.8219	155.118	215.532	15.9398
447	98.8219	156.519	209.705	16.5057
448	98.8219	154.99 	202.715	15.9166
449	98.8219	154.639	210.54 	15.7627
450	98.8219	154.102	200.593	16.2905
451	98.8219	153.825	210.69 	15.987 
452	98.8219	154.819	203.746	15.5526
453	98.8219	155.121	201.329	15.0885
454	98.8219	154.629	199.361	15.5122
455	98.8219	154.186	201.854	15.8341
456	98.8219	155.008	213.925	15.9416
457	98.8219	154.359	209.719	15.969 
458	98.8219	153.811	197.043	15.494 
459	98.8219	153.614	206.934	15.9519
460	98.8219	155.288	202.115	16.4233
461	98.8219	154.326	205.774	15.4172
462	98.8219	153.776	210.922	16.0849
463	98.8219	154.473	208.43 	15.8642
464	98.8219	154.092	209.401	16.2764
465	98.8219	154.645	207.126	15.7164
466	98.8219	154.058	200.757	15.0842
467	98.8219	155.064	214.623	15.6281
468	98.8219	154.62 	197.169	15.6369
469	98.8219	153.589	200.651	15.5147
470	98.8219	154.068	200.864	16.1013
471	98.8219	154.719	212.947	15.9253
472	98.8219	154.293	217.893	16.0766
473	98.8219	155.336	208.909	16.3492
474	98.8219	155.287	210.847	16.1568
475	98.8219	154.894	201.596	16.072 
476	98.8219	154.839	203.363	15.5915
477	98.8219	155.083	202.921	15.346 
478	98.8219	156.059	210.677	16.0732
479	98.8219	155.905	210.677	16.2532
480	98.8219	153.836	221.747	14.9949
481	98.8219	154.617	200.512	15.5377
482	98.8219	155.598	203.189	16.0738
483	98.8219	154.359	222.118	15.9216
484	98.8219	155.952	215.401	16.2273
485	98.8219	155.351	214.865	16.0119
486	98.8219	153.958	198.255	14.9464
487	98.8219	154.665	205.257	15.3463
488	98.8219	154.567	205.407	16.4653
489	98.8219	155.641	211.156	16.3035
490	98.8219	155.028	212.681	15.9494
491	98.8219	154.964	199.556	16.0775
492	98.8219	155.012	205.621	15.1126
493	98.8219	154.785	207.94 	16.0333
494	98.8219	155.196	202.963	16.1595
495	98.8219	155.637	209.788	16.7226
496	98.8219	154.024	209.431	15.9395
497	98.8219	155.497	208.577	15.7249
498	98.8219	154.249	203.422	15.3624
499	98.8219	155.207	207.425	15.8798
71.35000001
