/usr/lib/python2.7/site-packages/deap/tools/_hypervolume/pyhv.py:33: ImportWarning: Falling back to the python version of hypervolume module. Expect this to be very slow.
  "module. Expect this to be very slow.", ImportWarning)
gen	min     	avg    	max    	std    
0  	-4.13709	23.1104	172.484	23.0711
1  	-4.13709	22.9658	156.675	22.5477
2  	-4.59889	23.2676	133.464	22.0034
3  	-4.59889	23.2312	168.16 	21.8087
4  	-4.59889	23.0688	150.677	20.7777
5  	-4.59889	23.17  	214.248	21.2162
6  	-4.59889	23.7514	161.432	21.4407
7  	-4.59889	23.952 	174.133	22.6541
8  	-4.59889	23.9107	166.129	22.2889
9  	-5.27666	23.7506	164.872	22.1021
10 	-5.27666	23.8756	187.929	22.5312
11 	-5.27666	23.6383	174.107	22.0192
12 	-5.27666	23.6993	145.555	22.4774
13 	-5.27666	23.6205	152.967	23.0031
14 	-5.27666	23.4297	122.164	21.9222
15 	-5.47249	23.2998	152.564	22.5255
16 	-6.66596	23.4736	143.819	22.1219
17 	-6.66596	23.2982	156.458	22.1948
18 	-6.66596	22.8967	142.731	21.8675
19 	-6.66596	23.4947	212.729	23.0864
20 	-6.66596	22.8424	193.119	21.7012
21 	-6.66596	22.6276	148.473	20.9314
22 	-6.66596	22.727 	132.272	20.1385
23 	-6.66596	22.5669	158.97 	20.485 
24 	-6.66596	22.8661	141.686	21.5417
25 	-6.66596	22.7813	121.755	20.7878
26 	-6.66596	22.8406	150.897	21.9394
27 	-6.66596	22.6429	134.868	20.9515
28 	-6.66596	22.7196	118.907	20.431 
29 	-6.66596	23.0066	131.38 	21.0552
30 	-6.66596	22.661 	133.052	19.854 
31 	-6.66596	22.7686	135.64 	19.7375
32 	-6.66596	22.6913	147.792	20.4482
33 	-6.66596	23.1593	147.026	21.2126
34 	-6.66596	23.0466	147.382	21.081 
35 	-6.66596	23.3182	140.292	20.7328
36 	-6.66596	23.5737	154.754	21.511 
37 	-6.66596	23.5081	154.754	21.6769
38 	-6.66596	23.7197	170.292	21.6972
39 	-6.66596	23.5178	180.573	21.637 
40 	-6.66596	23.8756	177.357	22.8878
41 	-6.66596	23.6064	216.89 	22.7635
42 	-6.66596	23.6803	197.269	20.9932
43 	-6.66596	24.1002	197.269	21.7999
44 	-6.66596	24.1422	166.517	22.1211
45 	-6.66596	23.5664	147.443	21.238 
46 	-6.66596	23.8491	147.326	21.5153
47 	-6.66596	24.5209	155.449	22.8333
48 	-6.66596	24.085 	156.641	23.5313
49 	-6.66596	23.943 	145.004	22.2857
50 	-6.66596	23.9344	176.986	23.7156
51 	-6.66596	23.4882	157.566	21.6087
52 	-6.66596	23.7024	146.217	21.7126
53 	-6.66596	23.6322	137.858	21.1415
54 	-6.66596	24.0582	154.478	22.146 
55 	-6.66596	23.5715	154.478	20.9274
56 	-6.66596	23.3857	161.439	21.4146
57 	-6.66596	23.7797	140.716	22.1181
58 	-6.66596	23.5505	133.423	21.4958
59 	-6.66596	23.8225	120.963	21.1068
60 	-6.66596	23.6914	125.066	21.6786
61 	-7.20631	23.5479	157.833	21.5344
62 	-7.20631	23.9206	190.496	23.0425
63 	-7.20631	24.1502	190.496	23.4942
64 	-7.20631	24.3405	208.671	22.9691
65 	-7.20631	24.5471	137.823	22.4894
66 	-7.20631	24.599 	179.744	22.9858
67 	-7.20631	25.297 	160.944	23.0769
68 	-7.20631	25.1802	149.609	22.5157
69 	-7.20631	24.4112	195.36 	22.1847
70 	-7.20631	25.1972	194.569	23.2738
71 	-7.83474	25.6557	165.871	24.7791
72 	-7.83474	24.9354	142.699	23.5437
73 	-7.83474	25.316 	264.573	25.6184
74 	-7.83474	25.0363	231.603	24.4947
75 	-7.83474	25.1763	158.514	23.7259
76 	-7.83474	25.5436	137.526	23.4451
77 	-7.83474	25.5107	153.399	22.9537
78 	-7.83474	25.6774	155.414	23.145 
79 	-7.83474	25.4005	171.036	23.325 
80 	-7.83474	25.3488	142.207	23.0517
81 	-7.83474	25.6637	156.971	23.9189
82 	-7.83474	25.117 	126.699	23.2338
83 	-7.83474	24.4367	160.427	22.2731
84 	-7.83474	24.327 	154.077	22.7742
85 	-7.83474	24.2289	135.495	22.2136
86 	-7.83474	24.1161	128.276	22.1272
87 	-7.83474	24.8589	159.922	23.7723
88 	-7.83474	24.6855	163.814	23.4023
89 	-7.83474	24.8523	163.814	24.3097
90 	-7.83474	25.1155	159.008	23.3205
91 	-7.83474	24.482 	142.951	22.702 
92 	-7.83474	24.4819	180.69 	22.3644
93 	-7.83474	24.901 	201.691	22.614 
94 	-7.83474	24.8616	174.868	22.2877
95 	-7.83474	24.5799	132.261	21.785 
96 	-7.83474	24.6164	133.313	22.1487
97 	-7.83474	24.443 	171.294	22.188 
98 	-7.83474	24.4191	151.593	21.8004
99 	-7.83474	25.0107	190.812	23.8009
100	-7.83474	25.0854	194.685	24.5524
101	-7.83474	25.1346	224.147	24.1461
102	-7.83474	25.2145	169.13 	23.9834
103	-7.83474	25.5105	196.913	24.4797
104	-7.83474	25.742 	175.072	24.5624
105	-7.85096	26.183 	160.511	25.4393
106	-7.85096	25.9519	159.682	24.66  
107	-7.85096	25.24  	151.345	24.1057
108	-7.85096	26.1795	192.702	26.0539
109	-7.85096	26.3424	179.046	25.1957
110	-7.85096	25.9915	170.826	24.8826
111	-7.85096	26.1265	161.105	24.7329
112	-7.85096	26.1534	212.561	24.7326
113	-7.85096	25.6362	162.235	24.1585
114	-7.85096	25.5238	153.404	23.447 
115	-7.85096	25.725 	153.404	23.2439
116	-7.85096	25.6786	139.228	22.4145
117	-7.85096	25.9675	139.228	23.1865
118	-7.85096	25.5891	149.537	23.1549
119	-7.85096	25.7368	183.934	24.5245
120	-7.85096	25.5001	172.514	24.4491
121	-7.85096	26.1571	179.461	24.4682
122	-7.85096	26.1061	168.353	23.9837
123	-7.85096	26.0284	168.697	23.8192
124	-7.85096	26.1327	152.909	23.5202
125	-7.85096	26.3188	161.087	24.4511
126	-7.85096	26.364 	186.238	24.5282
127	-7.85096	26.4096	159.247	24.3596
128	-7.85096	26.3598	153.459	24.5569
129	-7.85096	26.5563	236.715	25.5853
130	-7.85096	26.5477	230.233	25.0974
131	-7.85096	26.4311	173.025	24.0448
132	-7.85096	26.8526	185.934	25.023 
133	-7.85096	26.94  	168.106	25.6038
134	-7.85096	27.2644	166.048	26.0343
135	-7.85096	27.8773	154.71 	26.2923
136	-7.85096	27.711 	181.34 	26.8227
137	-8.05527	27.6282	180.037	26.4587
138	-8.05527	28.057 	172.855	26.7109
139	-8.05527	27.6589	160.268	25.7323
140	-8.05527	27.586 	160.268	26.4308
141	-8.05527	27.2878	147.33 	25.9092
142	-8.05527	27.5866	169.768	26.5745
143	-8.41298	26.9872	167.561	25.8856
144	-8.41298	27.8301	153.914	26.6461
145	-8.41298	27.6888	153.914	26.5668
146	-8.41298	27.8677	154.771	26.955 
147	-8.41298	27.6545	244.512	28.3995
148	-8.41298	27.226 	170.18 	27.1565
149	-8.41298	27.3205	166.136	26.6592
150	-8.41298	27.7432	163.206	27.5372
151	-8.41298	27.8552	178.883	27.522 
152	-8.41298	28.2191	160.056	26.9797
153	-8.41298	28.2599	160.056	27.3259
154	-8.41298	28.3541	154.732	27.5561
155	-8.41298	27.9786	141.862	26.4076
156	-8.41298	28.4049	161.379	26.6305
157	-8.41298	29.4492	199.907	28.3592
158	-8.41298	29.7605	161.732	27.9813
159	-8.41298	29.869 	182.1  	28.8395
160	-8.41298	29.4433	167.987	28.4952
161	-8.41298	29.1348	192.32 	27.6493
162	-8.41298	28.6261	165.618	26.9453
163	-8.41298	29.1415	153.934	26.8175
164	-8.41298	29.2658	159.835	26.5582
165	-8.41298	29.2519	158.845	27.0572
166	-8.41298	28.8116	142.596	26.3141
167	-8.85877	29.4174	184.636	27.5576
168	-8.85877	29.3039	165.918	27.0573
169	-8.85877	29.1674	165.927	27.9181
170	-8.85877	29.382 	219.423	28.4918
171	-8.85877	29.3596	202.384	28.1446
172	-8.85877	29.5658	168.601	26.9553
173	-8.85877	30.0481	209.4  	28.5728
174	-8.85877	30.0658	184.214	28.3186
175	-8.85877	29.6679	165.746	27.599 
176	-8.85877	29.5964	177.131	27.721 
177	-8.85877	29.5072	174.254	27.6237
178	-8.85877	29.279 	143.903	26.4163
179	-8.85877	29.1232	149.265	25.9799
180	-8.85877	29.2214	153.753	26.6647
181	-8.85877	29.9318	141.012	27.133 
182	-8.85877	30.172 	137.197	26.579 
183	-8.85877	29.9023	174.295	26.4393
184	-8.85877	29.7771	170.358	26.2769
185	-8.85877	29.8784	210.616	26.681 
186	-8.85877	30.2949	210.616	27.8202
187	-8.85877	29.9259	210.616	29.2894
188	-8.85877	29.9846	191.76 	28.9711
189	-8.85877	29.1412	193.545	27.6103
190	-8.85877	29.2803	167.647	27.2507
191	-8.85877	29.2468	212.164	26.7878
192	-8.85877	29.3368	196.61 	26.4425
193	-8.85877	29.4532	134.038	25.9599
194	-8.85877	29.6926	155.595	26.5137
195	-8.85877	29.9589	179.64 	28.1003
196	-8.85877	29.934 	179.64 	28.6931
197	-8.85877	30.3015	155.996	27.8471
198	-8.85877	30.9683	166.587	28.731 
199	-8.85877	30.9323	176.877	28.4199
200	-8.85877	31.2317	162.764	28.9568
201	-8.85877	32.1516	184.319	29.9137
202	-8.85877	32.0187	195.85 	29.9393
203	-8.85877	32.5629	203.303	30.6815
204	-8.85877	32.7563	203.303	31.5269
205	-8.85877	32.8076	196.592	31.9328
206	-8.85877	32.3227	206.005	30.7919
207	-8.85877	32.9722	207.076	30.9135
208	-8.85877	32.8794	175.496	30.2483
209	-8.85877	33.3458	169.863	31.6747
210	-8.85877	33.3964	179.248	31.3666
211	-8.85877	32.8393	160.125	30.0582
212	-8.85877	32.5507	172.102	29.7366
213	-8.85877	32.4027	180.852	30.5938
214	-8.85877	32.5662	208.28 	30.5824
215	-8.85877	32.6727	226.556	31.4121
216	-8.85877	32.5297	201.123	30.3032
217	-8.85877	32.3016	184.264	29.6545
218	-8.85877	32.9378	195.111	30.2273
219	-8.85877	32.5506	188.036	30.0458
220	-8.85877	32.8406	188.036	30.1341
221	-8.85877	33.1622	203.347	31.2344
222	-8.85877	33.0225	172.121	31.5322
223	-8.85877	32.751 	181.772	30.6118
224	-8.85877	33.2058	172.423	30.6233
225	-8.85877	33.5495	185.45 	30.4211
226	-8.85877	33.4148	164.757	30.2083
227	-8.85877	33.577 	211.212	30.9923
228	-8.85877	33.4004	168.57 	30.9573
229	-8.85877	33.7536	185.847	32.5022
230	-8.85877	33.7949	187.357	32.8441
231	-8.85877	33.7728	196.71 	32.9773
232	-8.85877	33.3425	198.027	32.5692
233	-8.85877	33.9679	272.398	33.501 
234	-8.85877	33.6971	213.429	32.6703
235	-8.85877	33.8646	204.93 	31.1916
236	-8.85877	33.7317	196.16 	31.8348
237	-8.85877	33.9994	196.16 	31.6109
238	-8.85877	34.6621	187.149	31.8549
239	-8.85877	34.2952	216.695	32.256 
240	-8.85877	34.3111	217.314	31.6831
241	-8.85877	33.6219	176.199	29.8924
242	-8.85877	34.0696	180.853	30.8987
243	-9.22878	34.5781	167.891	30.8367
244	-9.22878	35.002 	178.546	31.8359
245	-9.22878	34.3095	202.531	31.7055
246	-9.22878	34.8202	173.085	31.2363
247	-9.22878	34.4035	178.456	31.2735
248	-9.22878	34.0034	178.456	30.48  
249	-9.22878	34.0842	180.71 	30.3134
250	-9.22878	34.5469	175.866	30.9831
251	-9.22878	34.6184	188.655	31.7388
252	-9.22878	35.1568	195.603	33.1133
253	-9.22878	34.6435	180.854	32.2472
254	-9.22878	35.4393	232.873	34.4395
255	-9.22878	35.8307	227.284	34.2863
256	-9.22878	35.6649	195.012	33.4467
257	-9.22878	35.1066	181.262	32.8208
258	-9.22878	35.6776	181.525	32.6309
259	-9.22878	35.9378	207.701	33.2563
260	-9.22878	36.4992	227.916	35.0764
261	-9.22878	36.3895	231.994	34.1764
262	-9.22878	36.3578	190.752	33.9112
263	-9.22878	35.8749	190.665	33.1865
264	-9.22878	36.0543	223.024	34.1599
265	-9.22878	36.56  	199.626	34.6503
266	-9.22878	36.1061	192.457	34.034 
267	-9.22878	35.7443	190.534	33.7115
268	-9.22878	36.4907	221.665	35.1093
269	-9.22878	36.47  	220.443	34.5385
270	-9.22878	36.1137	189.35 	33.8963
271	-9.22878	35.6675	229.868	33.5898
272	-9.22878	36.0453	212.487	32.9754
273	-9.22878	35.72  	212.487	32.7954
274	-9.22878	36.0183	196.606	32.2899
275	-9.22878	36.7692	174.086	32.8297
276	-9.22878	37.0784	185.087	32.9668
277	-9.22878	37.1145	192.117	33.4055
278	-9.22878	37.2193	176.567	33.8906
279	-9.22878	36.6886	193.355	32.9376
280	-9.22878	37.0076	164.913	32.4324
281	-9.22878	37.0662	177.682	33.0486
282	-9.22878	36.7017	203.226	32.2728
283	-9.22878	36.7634	190.497	32.5937
284	-9.22878	37.0232	186.551	32.5058
285	-9.22878	37.1891	165.043	32.5102
286	-9.22878	36.946 	168.639	33.4756
287	-9.22878	36.8575	189.062	33.5382
288	-9.22878	37.3683	212.614	34.277 
289	-9.22878	37.6433	189.581	34.6038
290	-9.22878	37.646 	241.673	35.2795
291	-9.22878	37.367 	194.468	33.881 
292	-9.22878	37.2206	184.193	34.2235
293	-9.22878	37.219 	209.169	33.7742
294	-9.22878	37.6779	235.775	35.4603
295	-9.22878	37.5944	211.419	33.6614
296	-9.22878	37.7103	188.005	33.1622
297	-9.22878	38.3946	182.147	33.2028
298	-9.22878	37.8691	179.954	32.205 
299	-9.22878	37.5113	181.039	32.5326
300	-9.22878	37.8352	190.601	33.301 
301	-9.22878	37.4862	194.635	32.7624
302	-9.22878	38.1191	200.78 	34.5667
303	-9.22878	38.1815	200.78 	34.3624
304	-9.22878	37.8266	193.129	34.2678
305	-9.22878	38.12  	172.163	33.7383
306	-9.22878	37.5371	204.797	33.4778
307	-9.22878	37.551 	179.099	33.5919
308	-9.22878	37.1671	176.985	32.9787
309	-9.22878	37.46  	170.142	33.1931
310	-9.22878	38.3032	174.395	34.5196
311	-9.22878	38.1232	201.081	34.7433
312	-9.22878	38.147 	186.6  	34.393 
313	-9.22878	37.9326	182.527	34.0477
314	-9.22878	38.1544	236.294	34.9063
315	-9.22878	37.7472	181.615	33.0796
316	-9.22878	37.8093	185.528	33.219 
317	-9.22878	37.5022	197.021	33.9132
318	-9.22878	38.1623	188.013	34.2916
319	-9.22878	37.9011	190.834	34.3308
320	-9.22878	38.3788	194.832	34.0023
321	-9.22878	38.1997	198.597	33.3649
322	-9.22878	38.7179	231.783	33.2639
323	-9.22878	38.6977	277.87 	34.4592
324	-9.22878	38.9005	224.732	34.5261
325	-9.22878	38.6852	190.416	34.4734
326	-9.22878	38.2486	198.954	33.8499
327	-9.22878	38.5536	214.612	33.8698
328	-9.22878	38.4358	210.728	32.839 
329	-9.22878	38.5343	221.006	34.2849
330	-9.22878	38.9284	212.293	34.4022
331	-9.22878	39.6924	197.516	34.7787
332	-9.22878	40.3126	245.42 	35.5792
333	-9.22878	39.8515	199.347	35.2333
334	-9.22878	39.4089	228.729	36.6979
335	-9.22878	39.043 	246.748	36.6796
336	-9.22878	38.8958	237.275	36.8505
337	-9.22878	39.2316	193.197	36.7453
338	-9.22878	38.8899	202.4  	35.7757
339	-9.22878	38.94  	197.346	36.2108
340	-9.22878	39.0046	200.051	36.2026
341	-9.22878	38.9657	200.051	36.0019
342	-9.22878	38.7631	190.499	34.6786
343	-9.22878	39.374 	195.567	35.1457
344	-9.22878	38.9805	177.372	34.5466
345	-9.22878	38.9614	181.636	34.4605
346	-9.22878	39.3616	194.833	34.4838
347	-9.22878	38.9625	161.163	33.2881
348	-9.22878	39.0491	154.126	32.6854
349	-9.22878	39.2288	169.771	33.1326
350	-9.22878	39.3134	153.392	33.5104
351	-9.22878	39.3081	162.303	33.394 
352	-9.22878	40.0017	162.558	33.8962
353	-9.22878	39.7196	176.182	35.0459
354	-9.22878	39.6947	176.182	35.2668
355	-9.22878	39.112 	173.413	34.8434
356	-9.22878	39.7204	205.293	34.7881
357	-9.22878	38.9835	186.242	34.6017
358	-9.22878	39.0763	208.179	35.4229
359	-9.22878	39.3541	193.55 	36.1294
360	-9.22878	38.9498	204.799	36.025 
361	-9.53945	39.3886	240.731	37.0266
362	-9.53945	40.0089	203.07 	36.7907
363	-9.53945	39.7595	182.901	36.5806
364	-9.53945	39.4733	201.153	36.2842
365	-9.53945	39.209 	192.275	35.8439
366	-9.53945	39.193 	176.493	35.6458
367	-9.53945	38.9624	183.731	34.4637
368	-9.53945	39.3862	175.13 	34.3577
369	-9.53945	39.5516	196.305	34.9764
370	-9.53945	39.3086	220.247	34.6806
371	-9.53945	39.4853	203.096	34.2592
372	-9.53945	39.6551	192.087	35.2138
373	-9.53945	40.1555	191.179	35.7166
374	-9.53945	39.9488	191.179	36.0256
375	-9.53945	40.0544	203.642	35.6936
376	-9.53945	39.7937	212.44 	35.8912
377	-9.53945	40.1576	203.301	35.9847
378	-9.53945	40.3894	201.783	36.1549
379	-9.53945	40.0283	200.844	36.0291
380	-9.53945	40.3751	210.086	36.5038
381	-9.53945	40.2638	201.61 	35.8247
382	-9.53945	40.6029	197.004	37.2452
383	-9.53945	40.4826	196.732	36.9969
384	-9.53945	41.5878	198.689	38.5951
385	-9.53945	40.9078	223.422	37.7535
386	-9.53945	40.5505	211.116	37.2116
387	-9.53945	41.0062	197.18 	37.7297
388	-9.53945	41.4611	201.643	37.7664
389	-9.53945	40.9319	199.461	37.6399
390	-9.53945	41.375 	201.417	37.2236
391	-9.53945	41.1332	194.32 	36.8116
392	-9.53945	40.777 	204.496	36.5528
393	-9.53945	40.4429	225.121	36.92  
394	-9.53945	40.1552	209.076	36.3882
395	-9.53945	40.4391	209.076	36.7961
396	-9.53945	41.1753	210.974	37.1671
397	-9.53945	40.2954	200.992	36.122 
398	-9.53945	41.1507	180.676	36.4559
399	-9.53945	41.353 	179.035	37.0898
400	-9.53945	41.3115	210.411	37.3922
401	-9.53945	41.369 	221.399	36.7934
402	-9.53945	41.5963	221.399	37.3678
403	-9.53945	41.2428	234.081	37.8894
404	-9.53945	41.4452	192.418	38.0767
405	-9.53945	41.7977	192.256	38.0796
406	-9.53945	41.2212	185.941	36.2702
407	-9.53945	41.0203	190.561	36.9962
408	-9.53945	41.8242	268.743	38.8242
409	-9.53945	41.9536	215.812	37.5434
410	-9.53945	42.4123	262.134	37.7658
411	-9.53945	42.1969	253.127	37.3734
412	-9.53945	42.1956	207.687	38.3569
413	-9.53945	41.7955	234.322	37.5097
414	-9.53945	41.7846	190.026	37.0778
415	-9.53945	42.5442	223.881	39.0403
416	-9.53945	42.781 	221.388	39.0431
417	-9.53945	42.6316	208.025	38.8881
418	-9.53945	43.1039	239.859	39.2191
419	-9.53945	43.5887	251.292	39.1468
420	-9.53945	42.9039	193.06 	37.6211
421	-9.53945	42.8146	193.06 	37.5803
422	-9.53945	43.1285	185.027	37.2544
423	-9.53945	43.2639	201.041	37.6428
424	-9.53945	42.9489	201.041	38.2407
425	-9.53945	42.784 	190.136	37.8631
426	-9.53945	43.1924	226.025	38.7646
427	-9.53945	43.0385	205.251	38.8231
428	-9.53945	42.4282	226.123	39.2412
429	-9.53945	42.1986	235.512	36.994 
430	-9.53945	41.977 	200.196	36.992 
431	-9.53945	42.2736	235.936	37.9369
432	-9.53945	42.864 	241.046	39.6202
433	-9.53945	42.8854	248.942	38.9935
434	-9.53945	43.3688	223.762	39.2047
435	-9.53945	43.494 	259.422	39.5535
436	-9.53945	43.7606	192.152	40.0043
437	-9.53945	43.8884	235.2  	40.0174
438	-9.53945	43.7938	256.886	39.0249
439	-9.53945	44.3906	256.886	40.0376
440	-9.53945	44.1275	256.886	39.6021
441	-9.53945	44.3657	253.316	40.4645
442	-9.53945	44.1058	242.02 	40.7671
443	-9.53945	44.4344	225.546	41.2125
444	-9.53945	44.0453	202.539	40.2687
445	-9.53945	43.4398	227.784	38.9374
446	-9.53945	43.5722	207.225	38.0832
447	-9.53945	43.2571	201.541	38.4418
448	-9.53945	43.7675	220.719	38.518 
449	-9.53945	43.4996	219.004	38.2496
450	-9.53945	43.9869	272.529	39.8132
451	-9.53945	43.7604	263.133	41.4145
452	-9.53945	43.6714	232.295	39.2219
453	-9.53945	43.3161	245.17 	39.7605
454	-9.53945	43.3449	239.158	39.563 
455	-9.53945	43.6231	237.814	39.7818
456	-9.53945	43.9782	235.844	40.7939
457	-9.53945	43.681 	222.056	40.0905
458	-9.53945	43.9788	230.416	40.2952
459	-9.53945	43.8626	229.839	39.7463
460	-9.53945	43.8186	195.294	39.6854
461	-9.53945	44.4476	225.536	41.0095
462	-9.53945	44.6017	214.934	39.7528
463	-9.53945	44.818 	243.495	40.2343
464	-9.53945	45.5585	209.699	40.4642
465	-9.53945	45.7148	242.469	40.7643
466	-9.53945	45.9793	223.15 	40.9701
467	-9.53945	46.0864	214.305	41.1913
468	-9.53945	46.116 	228.616	41.991 
469	-9.53945	45.9901	247.746	43.0962
470	-9.53945	46.1344	227.962	42.0432
471	-9.53945	45.8611	233.919	41.6218
472	-9.53945	46.1901	239.317	42.982 
473	-9.53945	46.4798	268.574	44.0297
474	-9.53945	45.6821	254.325	41.9653
475	-9.53945	45.6144	204.685	40.6464
476	-9.53945	45.6227	211.814	40.2776
477	-9.53945	45.9456	240.743	40.6514
478	-9.53945	45.5794	242.482	40.8653
479	-9.53945	46.0029	241.805	41.5736
480	-9.53945	45.9443	226.219	41.0034
481	-9.53945	45.3493	210.867	40.1636
482	-9.53945	45.1075	244.589	41.1554
483	-9.53945	45.113 	233.405	41.417 
484	-9.53945	45.3544	213.908	40.7883
485	-9.53945	45.7089	189.094	40.4912
486	-9.53945	45.9546	240.123	42.3922
487	-9.53945	45.7413	261.527	42.62  
488	-9.53945	46.1248	282.532	43.1249
489	-9.53945	46.1731	250.331	43.9487
490	-9.53945	46.2253	250.331	44.1161
491	-9.53945	46.1116	271.35 	43.7692
492	-9.53945	45.8799	259.057	43.6801
493	-9.53945	46.0141	290.357	43.7185
494	-9.53945	45.9505	242.266	43.0982
495	-9.53945	46.4961	241.008	42.8011
496	-9.53945	46.2976	227.088	42.7728
497	-9.53945	46.4354	209.684	42.4643
498	-9.53945	46.6769	205.021	42.2562
499	-9.53945	46.771 	223.148	42.21  
-16.93999999
