/usr/lib/python2.7/site-packages/deap/tools/_hypervolume/pyhv.py:33: ImportWarning: Falling back to the python version of hypervolume module. Expect this to be very slow.
  "module. Expect this to be very slow.", ImportWarning)
gen	min     	avg    	max    	std    
0  	-4.52512	22.4835	188.043	22.9205
1  	-4.52512	22.2345	147.799	21.0308
2  	-4.52512	22.1717	115.262	20.0498
3  	-4.52512	22.1761	137.495	19.4497
4  	-4.52512	22.7361	192.984	21.2717
5  	-6.50117	22.5133	147.155	20.8773
6  	-6.50117	22.4411	218.734	22.5291
7  	-6.50117	22.5559	174.756	20.6238
8  	-6.50117	23.1294	184.821	22.5144
9  	-6.50117	22.9879	139.727	22.2845
10 	-6.50117	22.3702	139.727	20.8063
11 	-6.50117	22.5234	140.401	21.2548
12 	-6.50117	22.1315	124.915	19.9866
13 	-6.50117	22.1248	128.126	20.1388
14 	-6.50117	21.4047	135.309	19.8282
15 	-6.50117	21.4516	138.18 	19.8763
16 	-6.50117	22.1662	169.635	20.6629
17 	-6.50117	22.2942	146.046	21.6925
18 	-6.50117	21.9874	165.265	21.2184
19 	-6.50117	21.6565	158.446	20.602 
20 	-6.50117	21.7783	151.376	21.2844
21 	-6.50117	21.524 	158.427	19.7241
22 	-6.50117	21.9136	149.997	20.5719
23 	-6.50117	22.0321	182.795	21.5848
24 	-6.50117	22.2348	192.234	22.2907
25 	-6.50117	21.8668	191.019	21.9679
26 	-6.50117	21.4728	141.604	19.3358
27 	-6.50117	21.3534	127.985	18.9682
28 	-6.50117	21.9001	127.985	19.3993
29 	-6.50117	22.1539	127.702	20.0948
30 	-6.50117	22.467 	157.123	21.1352
31 	-6.50117	22.4157	156.56 	21.4313
32 	-6.50117	22.4474	163.208	21.1791
33 	-6.50117	22.5919	166.262	21.5921
34 	-6.50117	23.6461	160.596	23.3222
35 	-6.50117	23.3813	153.667	23.3858
36 	-6.50117	23.2476	147.889	23.4054
37 	-6.50117	23.4063	140.741	22.8084
38 	-6.51811	23.1512	173.497	22.6799
39 	-6.51811	23.1676	146.443	21.3402
40 	-6.86752	23.5818	146.444	22.2072
41 	-6.86752	23.9956	199.604	23.6291
42 	-6.86752	23.7571	192.727	24.4694
43 	-6.86752	23.226 	169.706	22.3819
44 	-6.86752	23.1511	219.833	24.0809
45 	-6.86752	23.1696	186.087	23.2852
46 	-6.86752	23.1835	220.411	23.6745
47 	-6.86752	23.1371	158.77 	22.7419
48 	-6.86752	22.5679	155.919	21.5336
49 	-6.86752	23.129 	142.081	21.8365
50 	-6.86752	23.1617	140.676	21.6584
51 	-6.86752	23.2227	172.061	22.7991
52 	-6.86752	23.3357	172.575	23.4435
53 	-6.86752	23.5172	172.575	23.6098
54 	-6.86752	23.3533	208.011	23.7404
55 	-6.86752	23.633 	163.29 	23.3311
56 	-6.86752	24.0459	262.882	24.5887
57 	-6.86752	23.3692	137.228	22.444 
58 	-6.86752	23.8898	240.637	23.996 
59 	-6.86752	24.0388	153.267	23.178 
60 	-6.86752	23.8311	165.32 	22.7345
61 	-6.86752	23.2964	162.078	22.0408
62 	-6.86752	24.0335	158.939	23.1007
63 	-6.86752	23.8869	146.708	22.4541
64 	-6.86752	24.0795	134.852	22.2629
65 	-6.86752	24.2961	157.611	21.8328
66 	-6.86752	23.8608	133.246	21.2302
67 	-6.86752	24.3105	134.929	22.145 
68 	-6.86752	23.5079	156.572	21.5832
69 	-6.86752	23.7957	135.686	21.957 
70 	-6.86752	23.8662	135.686	21.9774
71 	-6.86752	24.1286	198.031	23.3659
72 	-6.86752	24.0649	163.138	23.8352
73 	-6.86752	24.0367	129.014	23.3121
74 	-6.86752	24.5133	167.227	24.6175
75 	-6.86752	23.9104	144.631	22.8053
76 	-6.86752	24.2974	163.878	23.0841
77 	-6.86752	24.6807	149.147	24.2695
78 	-6.86752	24.5005	143.517	22.9546
79 	-6.86752	24.0427	147.45 	21.6466
80 	-6.86752	23.8982	148.182	21.9539
81 	-6.86752	24.4951	153.24 	22.9738
82 	-6.86752	24.1841	146.609	22.478 
83 	-6.86752	24.4761	191.172	23.6616
84 	-6.96286	24.3667	256.038	23.8235
85 	-7.87187	25.1109	166.807	24.8151
86 	-7.87187	25.2451	153.978	24.5934
87 	-7.87187	24.7401	150.989	23.7933
88 	-7.87187	25.0593	137.293	23.6507
89 	-7.87187	24.7879	146.521	22.652 
90 	-7.87187	25.0814	158.694	23.1273
91 	-7.87187	24.928 	222.699	24.3479
92 	-7.87187	25.2418	158.42 	23.6246
93 	-7.87187	25.2247	156.891	24.2034
94 	-7.87187	25.4057	144.795	23.6315
95 	-7.87187	25.3078	150.979	23.3595
96 	-7.87187	24.6246	163.283	23.078 
97 	-7.87187	24.8774	173.841	23.4028
98 	-7.87187	24.6206	161.764	24.1146
99 	-7.87187	24.5149	149.194	23.4876
100	-7.87187	25.0915	181.24 	24.6003
101	-7.87187	24.6454	132.626	22.5069
102	-7.87187	23.9483	139.7  	22.0936
103	-7.87187	24.3421	190.052	22.9616
104	-7.87187	24.1673	253.53 	23.2963
105	-7.87187	24.3995	190.647	22.3457
106	-7.87187	24.3343	127.115	21.9785
107	-9.19016	24.613 	143.574	23.0248
108	-9.19016	24.5894	165.596	22.9101
109	-9.19016	25.426 	156.248	23.9908
110	-9.19016	24.968 	173.373	24.2885
111	-9.19016	25.2928	173.373	24.011 
112	-9.19016	25.0901	171.389	24.6413
113	-9.19016	24.823 	155.567	22.5722
114	-9.19016	25.1043	141.342	23.7816
115	-9.19016	25.4508	152.111	24.5695
116	-9.19016	25.2376	156.22 	24.5376
117	-9.19016	25.361 	138.282	23.9871
118	-9.19016	25.2879	163.101	24.4985
119	-9.19016	25.6126	166.784	25.1565
120	-9.19016	25.1547	143.171	24.5816
121	-9.19016	24.8261	154.024	24.0708
122	-9.19016	24.8921	152.974	23.9964
123	-9.19016	24.6038	166.688	24.2832
124	-9.19016	24.8099	188.67 	24.0386
125	-9.19016	25.3601	151.049	24.2745
126	-9.19016	25.4453	173.082	24.073 
127	-9.19016	25.6176	169.119	24.2044
128	-9.19016	25.6634	142.939	23.4641
129	-9.19016	24.9272	167.153	22.8087
130	-9.19016	25.3459	146.412	24.3223
131	-9.19016	25.325 	194.421	24.4952
132	-9.19016	26.0482	167.565	24.8428
133	-9.19016	26.2293	156.517	24.7581
134	-9.19016	25.5889	140.288	24.0571
135	-9.19016	26.0553	142.199	24.6179
136	-9.19016	26.82  	178.058	26.2389
137	-9.19016	26.6736	155.042	25.7133
138	-9.19016	26.9157	171.132	25.7774
139	-9.19016	27.0177	165.096	25.9794
140	-9.19016	27.6634	196.743	25.913 
141	-9.19016	27.5719	208.809	26.6007
142	-9.19016	28.0388	174.947	27.4903
143	-9.19016	27.4837	145.47 	25.9644
144	-9.19016	27.5782	210.574	26.4711
145	-9.19016	27.0906	154.829	24.789 
146	-9.19016	26.5073	132.349	23.3132
147	-9.19016	26.6089	137.843	24.0549
148	-9.19016	26.6822	177.79 	24.8815
149	-9.19016	26.3167	131.44 	24.187 
150	-9.19016	26.6816	146.607	25.7272
151	-9.19016	26.878 	128.895	24.8867
152	-9.19016	26.5591	133.337	23.7506
153	-9.19016	26.4624	153.735	23.9635
154	-9.19016	26.9427	144.77 	24.6744
155	-9.19016	27.626 	201.259	26.7119
156	-9.19016	27.4931	174.126	25.8546
157	-9.19016	27.4243	149.804	25.5837
158	-9.19016	27.6794	165.625	26.8412
159	-9.19016	28.0389	170.16 	27.5523
160	-9.19016	28.195 	192.816	27.4589
161	-9.19016	28.267 	190.404	27.0529
162	-9.19016	28.6521	194.211	27.5663
163	-9.19016	28.7684	192.872	28.1345
164	-9.19016	28.8629	236.726	29.0168
165	-9.19016	28.9268	191.831	28.7866
166	-9.19016	29.3346	260.994	30.4905
167	-9.19016	28.6972	213.982	29.1695
168	-9.19016	28.9327	189.404	29.2298
169	-9.19016	29.2054	182.954	29.4171
170	-9.19016	29.4298	280.904	31.0024
171	-9.19016	29.3468	264.487	30.3627
172	-9.19016	29.4304	229.59 	29.5676
173	-9.19016	29.2373	195.946	28.4323
174	-9.19016	29.3   	286.364	29.5427
175	-9.19016	28.9553	164.979	26.6698
176	-9.19016	29.1565	185.402	28.3158
177	-9.19016	29.0337	177.479	27.639 
178	-9.19016	29.4456	176.158	27.4898
179	-9.19016	30.0275	163.173	28.7102
180	-9.19016	30.2641	183.425	30.4008
181	-9.19016	29.9521	207.594	29.9918
182	-9.19016	29.646 	169.014	28.271 
183	-9.19016	29.5481	190.404	28.5948
184	-9.19016	30.1421	183.243	28.9917
185	-9.19016	29.6327	192.939	29.073 
186	-9.19016	29.9457	182.82 	28.4832
187	-9.19016	30.0684	183.625	29.1936
188	-9.19016	30.796 	186    	29.9216
189	-9.19016	30.945 	220.159	31.1771
190	-9.19016	30.8823	172.666	28.4518
191	-9.19016	31.2349	195.892	28.6809
192	-9.19016	32.0577	178.083	30.4593
193	-9.19016	32.128 	230.115	31.0312
194	-9.19016	31.7968	192.978	29.3121
195	-9.19016	31.8063	183.395	30.1482
196	-9.19016	31.4653	204.807	29.4498
197	-9.19016	31.0674	186.014	29.0947
198	-9.19016	31.7502	207.606	30.4621
199	-9.19016	32.0651	223.817	31.4455
200	-9.19016	33.0609	245.277	33.886 
201	-9.19016	33.4931	209.009	34.031 
202	-9.19016	33.1705	216.754	32.6791
203	-9.19016	32.7705	211.355	31.7844
204	-9.19016	33.0107	205.343	31.2223
205	-9.19016	33.2721	191.912	30.816 
206	-9.19016	32.8877	219.409	31.1898
207	-9.19016	32.3838	188.389	28.9755
208	-9.19016	32.3502	158.29 	28.6187
209	-9.19016	32.3733	188.194	29.0327
210	-9.19016	32.4136	159.519	29.4512
211	-9.19016	32.1779	165.535	30.1576
212	-9.19016	31.9464	157.492	29.2951
213	-9.19016	32.0186	168.704	28.9032
214	-9.19016	32.4529	153.56 	29.0886
215	-9.19016	32.1502	155.189	28.7545
216	-9.19016	32.4626	168.567	29.2647
217	-9.19016	32.9287	174.67 	29.4441
218	-9.19016	33.025 	184.317	30.0603
219	-9.19016	32.844 	181.786	29.7593
220	-9.19016	32.6529	180.526	30.4212
221	-9.19016	32.233 	179.014	29.5329
222	-9.19016	32.7883	148.44 	30.2076
223	-9.19016	33.314 	257.788	32.7988
224	-9.19016	33.0764	227.209	32.0504
225	-9.19016	33.4153	181.266	31.4333
226	-9.19016	33.3735	191.471	31.3056
227	-9.19016	33.2057	193.668	31.8384
228	-9.19016	33.4351	187.474	31.3146
229	-9.19016	32.996 	178.421	30.4949
230	-9.19016	33.254 	183.889	30.7902
231	-9.19016	33.995 	181.481	31.9866
232	-9.19016	34.3935	180.266	32.134 
233	-9.19016	34.3633	163.627	32.0837
234	-9.19016	34.1906	183.323	32.5473
235	-9.19016	34.6283	182.701	33.9662
236	-9.19016	34.905 	184.141	32.7456
237	-9.19016	34.5255	167.767	31.9796
238	-9.19016	35.0186	227.48 	33.3726
239	-9.19016	34.7564	237.754	33.1494
240	-9.19016	34.4176	211.377	32.5315
241	-9.19016	34.9356	201.559	33.3137
242	-9.19016	35.0275	201.559	32.7738
243	-9.19016	35.1747	187.233	32.3432
244	-9.19016	35.1988	177.161	32.4026
245	-9.19016	35.7215	177.161	33.5907
246	-9.19016	35.2525	169.852	33.0526
247	-9.19016	35.8716	195.86 	34.1574
248	-9.19016	36.2347	211.365	35.4576
249	-9.19016	36.2849	243.104	36.1425
250	-9.19016	36.2636	230.432	35.9423
251	-9.19016	36.0521	220.373	35.225 
252	-9.19016	35.758 	188.637	34.3954
253	-9.19016	35.4388	187.672	33.5753
254	-9.19016	35.9551	178.385	33.2619
255	-9.19016	36.1087	194.176	33.7314
256	-9.19016	36.3751	198.851	34.2328
257	-9.19016	36.1079	171.432	32.0704
258	-9.19016	35.8542	186.532	33.3382
259	-9.19016	36.0461	197.509	33.8713
260	-9.19016	36.1426	171.109	33.487 
261	-9.19016	35.7769	182.138	32.7669
262	-9.19016	36.0151	186.996	32.928 
263	-9.19016	35.5945	172.822	32.7372
264	-9.19016	36.5933	210.166	33.6515
265	-9.19016	36.5041	192.268	33.9443
266	-9.19016	35.9186	191.559	33.5711
267	-9.19016	35.8387	192.626	34.5757
268	-9.19016	36.1595	201.623	34.7488
269	-9.19016	36.0057	211.472	34.222 
270	-9.19016	35.9482	210.721	33.3285
271	-9.19016	36.1729	184.599	33.2304
272	-9.19016	36.2207	164.167	32.7496
273	-9.19016	35.8789	171.1  	32.811 
274	-9.19016	35.9974	172.376	32.4811
275	-9.19016	35.9655	202.047	32.8191
276	-9.19016	36.0523	160.117	31.5758
277	-9.19016	35.7602	175.255	32.174 
278	-9.19016	36.2492	177.234	33.5426
279	-9.19016	36.1864	176.423	33.4342
280	-9.19016	36.1286	188.1  	34.4491
281	-9.19016	36.2725	200.214	33.9637
282	-9.19016	35.7875	180.08 	32.6702
283	-9.19016	36     	195.599	33.2667
284	-9.19016	35.5707	208.274	33.0021
285	-9.19016	35.3361	195.933	32.5203
286	-9.19016	35.4826	173.304	32.55  
287	-9.19016	35.984 	183.945	32.7234
288	-9.19016	35.9814	173.726	32.9654
289	-9.19016	35.7161	178.289	33.7432
290	-9.19016	35.7739	236.868	34.6756
291	-9.19016	36.4629	235.035	36.1819
292	-9.19016	36.4414	206.463	35.3324
293	-9.19016	36.1551	202.907	33.5528
294	-9.19016	37.2612	253.514	36.0675
295	-9.19016	37.1212	207.02 	35.4814
296	-9.19016	37.0816	187.883	34.659 
297	-9.19016	36.7236	180.979	33.2498
298	-9.19016	36.7048	185.775	34.0174
299	-9.19016	36.8516	196.112	33.7393
300	-9.19016	37.5067	187.818	33.572 
301	-9.19016	37.1355	173.961	32.9604
302	-9.19016	37.3389	195.655	33.742 
303	-9.19016	37.0806	184.762	33.5711
304	-9.19016	37.6021	230.303	35.3185
305	-9.19016	37.4328	177.718	34.3937
306	-9.19016	37.6157	244.496	36.8351
307	-9.19016	37.182 	236.64 	34.6955
308	-9.19016	37.3526	215.085	34.8891
309	-9.19016	37.7169	199.904	35.8641
310	-9.19016	38.304 	275.878	37.0845
311	-9.19016	38.0402	248.422	36.8468
312	-9.19016	38.2264	211.096	35.8984
313	-9.19016	38.6098	196.002	35.9322
314	-9.19016	38.7182	182.731	35.177 
315	-9.19016	38.9156	187.989	35.3095
316	-9.19016	39.1503	208.539	36.0137
317	-9.19016	39.0715	233.104	36.1488
318	-9.19016	39.28  	189.032	36.0686
319	-9.19016	39.4816	231.917	36.8548
320	-9.19016	39.1423	222.399	36.8368
321	-9.19016	39.1284	217.31 	36.5806
322	-9.19016	38.7933	209.182	35.5909
323	-9.19016	39.3569	213.028	37.0636
324	-9.19016	38.881 	193.847	35.892 
325	-9.19016	39.4905	200.717	36.9758
326	-9.19016	39.183 	200.717	35.9517
327	-9.19016	39.2722	194.936	35.879 
328	-9.19016	38.8854	190.964	35.9263
329	-9.19016	38.9703	234.707	36.105 
330	-9.19016	38.7383	184.568	35.5209
331	-9.19016	38.9396	184.568	36.1997
332	-9.19016	38.9721	188.321	36.1707
333	-9.19016	39.6745	262.436	38.3768
334	-9.19016	39.3646	281.665	38.2591
335	-9.19016	38.6984	211.572	37.0112
336	-9.19016	39.4796	246.825	37.8243
337	-9.19016	39.5176	211.577	37.9469
338	-9.19016	39.6771	241.785	39.2644
339	-9.19016	40.2042	263.8  	39.8336
340	-9.19016	40.1292	247.089	39.6046
341	-9.19016	39.6661	217.738	38.2268
342	-9.19016	40.1287	246.049	39.562 
343	-9.19016	39.4474	254.514	38.3332
344	-9.19016	40.4073	207.092	38.6953
345	-9.19016	40.3918	212.264	38.4741
346	-9.19016	40.4145	258    	39.3307
347	-9.19016	41.1351	259.52 	40.477 
348	-9.19016	40.2503	253.405	39.9966
349	-9.19016	39.778 	232.242	38.914 
350	-9.19016	39.8779	228.638	38.6246
351	-9.19016	39.6538	231.89 	38.2389
352	-9.19016	39.4903	205.818	36.5559
353	-9.19016	39.771 	272.597	36.9826
354	-9.19016	40.0613	203.558	36.5755
355	-9.19016	40.5164	211.939	37.9251
356	-9.19016	40.3271	207.612	37.5772
357	-9.19016	40.4537	212.546	38.5266
358	-9.19016	40.1862	236.27 	38.5461
359	-9.19016	40.2005	236.27 	37.7029
360	-9.19016	40.2691	192.786	37.2485
361	-9.19016	39.8031	198.698	37.3708
362	-9.19016	39.7618	206.073	37.3578
363	-9.19016	39.9011	210.791	36.6792
364	-9.19016	39.7318	170.426	35.9438
365	-9.19016	39.8982	192.774	36.3039
366	-9.19016	39.9968	190.537	36.5803
367	-9.19016	40.1747	235.681	37.9855
368	-9.19016	41.1002	198.461	38.2128
369	-9.19016	40.4937	284.242	38.2212
370	-9.19016	40.0157	201.739	37.3862
371	-9.19016	39.931 	189.299	36.0202
372	-9.19016	39.7574	198.381	36.6941
373	-9.19016	40.0516	232.352	38.3987
374	-9.19016	39.9436	217.478	37.7992
375	-9.19016	40.0151	190.955	37.6064
376	-9.19016	39.5334	180.358	36.5285
377	-9.19016	40.3026	230.906	38.0005
378	-9.19016	40.0598	229.527	38.5814
379	-9.19016	40.0599	218.278	39.6348
380	-9.19016	40.1924	250.367	40.8443
381	-9.19016	39.4036	246.919	39.0703
382	-9.19016	39.4522	274.656	39.1433
383	-9.19016	39.5702	238.449	38.0853
384	-9.19016	39.6447	238.257	38.8708
385	-9.19016	39.3473	243.697	38.8398
386	-9.19016	39.1926	213.483	38.3837
387	-9.19016	39.9334	229.027	38.7111
388	-9.19016	39.7942	228.433	38.284 
389	-9.19016	39.6254	209.007	37.6622
390	-9.19016	39.5871	201.246	36.9099
391	-9.19016	39.3536	202.583	36.8848
392	-9.19016	39.7781	202.722	37.0697
393	-9.19016	39.6234	229.646	37.41  
394	-9.19016	39.7596	218.162	37.9065
395	-9.19016	40.2148	213.677	38.5435
396	-9.19016	40.4945	213.317	39.2167
397	-9.19016	40.5816	215.825	40.1282
398	-9.19016	40.432 	206.063	39.2987
399	-9.19016	40.4568	206.326	38.995 
400	-9.19016	40.9018	203.045	39.4813
401	-9.19016	40.8317	230.348	40.4807
402	-9.19016	41.1894	236.745	39.9349
403	-9.19016	40.9336	222.131	39.7537
404	-9.19016	41.237 	212.947	40.5841
405	-9.19016	41.1194	201.961	38.9331
406	-9.19016	41.3104	200.381	38.0117
407	-9.19016	41.8223	241.482	39.1084
408	-9.19016	41.3425	254.289	39.4841
409	-9.19016	41.4074	239.118	38.3605
410	-9.19016	41.4968	214.397	38.876 
411	-9.19016	41.5549	222.454	39.3352
412	-9.19016	40.9593	199.961	38.6982
413	-9.19016	41.5235	201.892	38.8637
414	-9.19016	41.4604	207.137	39.7669
415	-9.19016	41.5291	226.441	39.3959
416	-9.19016	42.3237	223.317	39.6048
417	-9.19016	42.2239	218.008	39.6029
418	-9.19016	42.1076	224.182	40.651 
419	-9.19016	41.8661	217.513	39.752 
420	-9.19016	41.8954	217.513	39.4961
421	-9.19016	41.9964	215.733	38.892 
422	-9.19016	42.1643	236.712	39.8745
423	-9.35629	41.7409	221.634	39.1437
424	-9.35629	42.1112	236.206	38.9917
425	-9.35629	42.0003	229.104	39.5458
426	-9.35629	41.3988	271.869	40.1745
427	-9.35629	41.8265	237.146	40.5428
428	-9.35629	41.6827	219.668	39.7774
429	-9.35629	42.2419	257.45 	40.6556
430	-9.35629	42.5365	201.001	39.1826
431	-9.35629	42.4525	189.082	39.0045
432	-9.35629	42.2801	228.623	39.1442
433	-9.35629	42.5063	218.13 	39.0825
434	-9.35629	43.1612	245.169	40.6304
435	-9.35629	42.9135	231.767	40.2952
436	-9.35629	42.7368	222.924	40.1533
437	-9.35629	43.4646	259.547	41.472 
438	-9.35629	43.4168	235.425	41.5613
439	-9.35629	43.3838	221.785	40.7845
440	-9.35629	43.5096	220.116	40.7425
441	-9.35629	43.6319	217.818	40.5811
442	-9.35629	44.1309	204.689	40.7874
443	-9.35629	44.1279	243.366	41.2178
444	-9.35629	43.3624	204.719	40.1554
445	-9.35629	43.5992	239.446	41.0309
446	-9.35629	43.645 	233.132	41.7219
447	-9.35629	43.5992	240.357	41.9092
448	-9.35629	43.3903	234.004	41.176 
449	-9.35629	42.8493	237.883	40.7153
450	-9.35629	42.5867	211.94 	39.7177
451	-9.35629	42.1036	216.086	39.8266
452	-9.35629	41.9052	231.047	39.2442
453	-9.35629	41.7464	223.05 	38.5775
454	-9.35629	42.0181	209.073	38.279 
455	-9.35629	42.3511	209.073	38.444 
456	-9.35629	42.6118	205.812	38.9378
457	-9.35629	42.5276	201.879	37.9112
458	-9.35629	42.219 	204.042	38.4075
459	-9.35629	42.0452	204.66 	38.4321
460	-9.35629	42.4023	203.827	39.2391
461	-9.35629	42.6308	229.307	40.7466
462	-9.35629	42.7095	231.996	40.1453
463	-9.35629	43.0383	238.386	40.1862
464	-9.35629	42.7445	226.558	39.3594
465	-9.35629	43.2929	223.002	41.0142
466	-9.35629	43.1013	224.825	40.7196
467	-9.35629	43.3817	236.638	40.3529
468	-9.35629	43.6553	243.403	40.1201
469	-9.35629	43.9169	211.782	40.3823
470	-9.35629	43.6934	197.883	40.1054
471	-9.35629	43.5996	263.669	40.6224
472	-9.35629	44.104 	238.595	40.581 
473	-9.35629	44.0532	238.823	41.0816
474	-9.35629	44.3406	266.14 	41.5861
475	-9.35629	44.0034	216.08 	40.9233
476	-9.35629	44.3887	214.681	40.7088
477	-9.35629	44.4857	208.708	39.5832
478	-9.35629	44.5921	206.414	40.5174
479	-9.35629	44.6996	189.096	39.694 
480	-9.35629	44.777 	216.421	39.7254
481	-9.35629	44.8208	248.569	41.1086
482	-9.35629	44.8651	214.239	41.2439
483	-9.35629	45.7472	254.327	44.5501
484	-9.35629	45.7142	255.708	44.5981
485	-9.35629	45.2601	262.274	44.632 
486	-9.35629	45.1311	257.29 	43.9412
487	-9.35629	44.9908	263.117	43.3967
488	-9.35629	44.8242	248.135	43.1356
489	-9.35629	44.1945	235.694	43.1128
490	-9.35629	44.4542	223.725	43.3   
491	-9.35629	44.7758	243.275	42.4209
492	-9.35629	45.1114	212.679	42.6403
493	-9.35629	45.4548	239.333	43.4561
494	-9.35629	45.5005	211.848	41.4739
495	-9.35629	45.2605	256.89 	42.3296
496	-9.35629	45.4025	209.529	41.7749
497	-9.35629	45.2857	220.594	41.7321
498	-9.35629	44.9002	222.262	41.3691
499	-9.35629	44.9767	219.816	41.7522
-16.93999999
