/usr/lib/python2.7/site-packages/deap/tools/_hypervolume/pyhv.py:33: ImportWarning: Falling back to the python version of hypervolume module. Expect this to be very slow.
  "module. Expect this to be very slow.", ImportWarning)
gen	min    	avg    	max    	std    
0  	33.7902	137.996	656.491	85.1201
1  	25.8866	137.613	637.849	84.2122
2  	25.8866	136.363	602.189	81.5924
3  	25.8866	137.884	700.415	86.372 
4  	25.8866	136.534	628.665	81.6734
5  	25.8866	134.923	630.958	79.7241
6  	25.8866	133.955	542.726	79.606 
7  	25.8866	135.003	547.091	81.0663
8  	25.8866	134.622	531.125	80.0272
9  	25.8866	134.275	706.674	78.8757
10 	25.8866	136.097	740.816	83.3397
11 	25.8866	136.402	646.297	84.212 
12 	25.8866	136.626	779.757	88.9844
13 	25.8866	138.101	743.897	86.6327
14 	25.8866	138.062	802.027	83.7987
15 	25.8866	135.431	605.598	79.1911
16 	25.8866	135.451	687.032	76.5437
17 	25.8866	136.527	529.176	80.1489
18 	25.8866	135.679	520.633	78.0142
19 	25.8866	136.323	540.715	79.5069
20 	25.8866	134.29 	575.727	79.8188
21 	25.8866	135.3  	751.981	82.8196
22 	25.8866	133.556	589.185	75.359 
23 	25.8866	135.105	555.573	74.8811
24 	25.8866	136.422	571.215	77.8077
25 	25.8866	137.946	606.935	80.6268
26 	25.8866	135.676	548.077	79.1202
27 	25.8866	135.643	712.522	83.9889
28 	25.8866	140.858	860.432	91.5219
29 	25.8866	136.455	719.862	84.2073
30 	25.8866	132.629	662.709	81.1222
31 	25.8866	135.545	630.607	86.1156
32 	25.8866	136.641	713.86 	89.3156
33 	25.8866	138.561	665.737	88.2452
34 	25.8866	137.823	663.036	86.7574
35 	25.8866	139.334	871.774	94.7303
36 	25.8866	140.951	928.494	91.2122
37 	25.8866	140.631	665.554	88.9872
38 	25.8866	140.483	644.34 	86.8325
39 	25.8866	136.39 	590.569	81.81  
40 	25.8866	137.364	634.105	86.7515
41 	25.8866	138.433	627.085	86.0886
42 	23.182 	136.931	624.838	84.923 
43 	23.182 	137.095	709.202	82.9998
44 	23.182 	139.152	696.665	88.1401
45 	23.182 	138.113	586.415	87.8092
46 	23.182 	138.011	679.502	87.321 
47 	23.182 	134.822	606.199	80.3768
48 	23.182 	135.867	659.639	82.0076
49 	23.182 	137.168	659.639	82.0168
50 	23.182 	138.707	598.388	84.003 
51 	23.182 	139.497	549.437	81.5972
52 	23.182 	138.068	586.348	82.329 
53 	23.182 	138.169	695.775	84.3495
54 	23.182 	138.252	854.681	88.653 
55 	23.182 	136.733	725.818	82.3566
56 	23.182 	136.255	638.124	79.0327
57 	23.182 	137.298	536    	78.2704
58 	23.182 	138.828	616.084	84.5622
59 	23.182 	139.734	651.192	85.2995
60 	23.182 	138.033	640.912	84.6028
61 	23.182 	136.704	620.119	84.4829
62 	23.182 	135.126	599.774	78.3865
63 	23.182 	135.598	743.449	85.1955
64 	23.182 	136.778	601.142	81.3886
65 	23.182 	137.729	705.907	87.2691
66 	23.182 	138.499	668.554	84.0803
67 	23.182 	136.838	524.311	80.3392
68 	23.182 	137.522	657.81 	80.7102
69 	23.182 	139.498	673.52 	84.9285
70 	23.182 	137.558	673.52 	82.4399
71 	16.9319	137.665	587.556	78.8683
72 	16.9319	136.887	628.17 	81.0582
73 	16.9319	137.842	562.293	80.1131
74 	16.9319	136.755	542.382	76.4397
75 	16.9319	136.587	568.098	75.0643
76 	16.9319	139.482	680.541	84.9886
77 	16.9319	140.769	680.541	88.992 
78 	16.9319	142.494	708.196	87.7976
79 	16.9319	138.755	735.079	85.7869
80 	16.9319	138.134	719.329	84.7235
81 	16.9319	137.32 	673.442	85.7594
82 	16.9319	139.372	816.86 	91.9792
83 	16.9319	138.909	745.66 	87.6875
84 	16.9319	135.703	690.256	82.3695
85 	16.9319	137.514	723.627	86.397 
86 	16.9319	138.377	723.627	88.6826
87 	16.9319	136.338	669.85 	83.7546
88 	16.9319	136.392	639.627	82.8061
89 	16.9319	138.121	920.233	80.1717
90 	16.9319	140.29 	588.978	83.1698
91 	16.9319	140.884	594.186	86.1377
92 	16.9319	142.29 	716.674	87.972 
93 	16.9319	141.896	580.225	87.131 
94 	16.9319	141.808	640.952	89.0251
95 	16.9319	140.086	570.22 	82.989 
96 	13.7017	138.061	792.163	84.386 
97 	13.7017	136.974	554.582	80.3723
98 	13.7017	137.136	547.429	78.215 
99 	13.7017	136.173	635.055	79.2081
100	13.7017	138.556	743.81 	87.889 
101	13.7017	135.551	568.808	79.2041
102	13.7017	136.888	538.394	79.6068
103	13.7017	136.058	733.303	84.6157
104	13.7017	136.779	663.049	82.3585
105	13.7017	134.301	572.573	79.0531
106	13.7017	136.169	602.855	74.4557
107	13.7017	136.333	555.33 	75.7245
108	13.7017	135.746	573.501	75.304 
109	13.7017	137.473	612.327	79.4191
110	13.7017	137.135	745.006	86.1519
111	13.7017	137.522	732.136	84.9484
112	13.7017	136.476	646.393	81.4813
113	13.7017	135.62 	716.014	85.0023
114	13.7017	135.49 	812.373	86.1525
115	13.7017	135.045	581.126	80.1526
116	13.7017	133.342	542.399	78.0676
117	13.7017	135.105	537.866	76.8574
118	13.7017	133.819	515.131	76.177 
119	13.7017	134.3  	530.896	75.7817
120	13.7017	133.867	679.965	77.3122
121	13.7017	136.411	860.999	82.5008
122	13.7017	134.637	714.507	79.6269
123	13.7017	136.747	666.684	81.2338
124	13.7017	135.804	554.813	78.7613
125	13.7017	137.62 	657.235	80.4771
126	13.7017	138.92 	624.563	84.1317
127	13.7017	139.344	787.799	84.2171
128	13.7017	140.884	638.064	85.2033
129	13.7017	138.788	557.343	84.1769
130	13.7017	138.818	746.849	84.1626
131	13.7017	135.819	679.662	76.6067
132	13.7017	136.336	679.662	78.0915
133	13.7017	134.982	536.124	74.1219
134	13.7017	136.293	537.421	76.5884
135	13.7017	138.069	545.647	78.1244
136	13.7017	139.107	706.604	84.814 
137	13.7017	138.005	717.162	83.8281
138	13.7017	137.937	583.216	79.1828
139	13.7017	138.256	614.981	82.9784
140	13.7017	137.59 	645.326	76.7579
141	13.7017	137.418	505.167	76.2006
142	13.7017	141.794	734.606	88.3272
143	13.7017	139.626	686.235	83.0671
144	13.7017	139.47 	573.219	78.6376
145	13.7017	139.415	652.241	79.2433
146	13.7017	138.432	579.714	75.7215
147	13.7017	135.531	513.651	71.7437
148	13.7017	136.937	650.249	77.3828
149	13.7017	139.092	635.814	82.2275
150	13.7017	139.248	619.233	83.3045
151	13.7017	139.283	709.179	84.7231
152	13.7017	139.348	548.487	81.6478
153	13.7017	138.718	585.725	80.9275
154	13.7017	138.416	498.994	80.5167
155	13.7017	139.31 	587.425	79.7094
156	13.7017	141.566	645.237	86.574 
157	13.7017	140.54 	693.974	87.9327
158	13.7017	140.726	579.373	83.5988
159	13.7017	140.886	634.864	82.7689
160	13.7017	143.978	853.437	91.9127
161	13.7017	142.704	739.93 	88.584 
162	13.7017	142.569	760.554	91.1005
163	13.7017	141.094	662.671	84.1066
164	13.7017	140.984	918.876	88.3452
165	13.7017	140.932	672.443	84.7918
166	13.7017	138.646	651.622	83.6572
167	13.7017	138.598	568.744	82.1997
168	13.7017	136.677	543.549	81.1962
169	13.7017	138.003	628.223	82.9446
170	13.7017	138.961	601.339	84.151 
171	13.7017	138.924	685.595	84.6936
172	13.7017	135.43 	508.938	75.2661
173	13.7017	135.565	540.042	76.771 
174	13.7017	137.411	508.938	78.6063
175	13.3064	136.762	504.455	75.7033
176	13.3064	139.25 	628.623	80.3129
177	12.5588	137.276	628.623	79.4276
178	12.5588	138.304	757.933	85.1814
179	12.5588	138.357	614.159	83.415 
180	12.5588	139.174	1001.36	91.5989
181	12.5588	136.719	828.261	84.536 
182	12.5588	133.914	494.72 	75.0817
183	12.5588	131.338	494.72 	72.2476
184	12.5588	131.236	530.084	74.5658
185	12.5588	132.089	499.729	72.1248
186	12.5588	135.337	503.738	77.6335
187	12.5588	134.084	502.85 	75.1479
188	12.5588	134.975	535.892	78.1438
189	12.5588	136.445	580.932	77.0387
190	12.5588	137.613	580.689	80.5704
191	12.5588	139.787	569.185	81.9441
192	12.5588	139.957	655.393	84.1978
193	12.5588	138.005	575.346	82.0269
194	12.5588	136.516	576.025	80.5983
195	12.5588	135.858	538.001	78.7187
196	12.5588	136.465	639.198	78.3217
197	12.5588	139.59 	666.331	86.9065
198	12.5588	140.621	714.411	89.2331
199	12.5588	140.203	863.399	91.3188
200	12.5588	137.927	625.21 	83.9769
201	12.5588	136.313	562.334	78.7733
202	12.5588	138.707	570.158	82.0642
203	12.5588	136.978	493.923	75.324 
204	12.5588	137.627	613.681	79.6309
205	12.5588	138.868	526.679	80.9401
206	12.5588	135.742	526.679	77.788 
207	12.5588	136.211	599.332	80.0323
208	12.5588	136.926	588.843	80.4276
209	12.5588	134.633	587.109	77.5877
210	12.5588	134.698	684.226	76.2825
211	12.5588	138.071	1101.65	85.6824
212	12.5588	136.358	679.968	79.5883
213	12.5588	136.755	573.155	80.2743
214	12.5588	137.286	573.155	79.2211
215	12.5588	136.307	773.28 	80.0066
216	12.5588	136.622	603.456	79.7334
217	12.5588	138.287	678.332	84.1562
218	12.5588	138.566	574.286	81.6413
219	12.5588	139.699	715.316	84.7737
220	12.5588	140.577	600.887	85.5414
221	12.5588	138.64 	657.328	83.6682
222	12.5588	141.694	577.123	86.8574
223	12.5588	141.93 	552.393	88.0075
224	12.5588	142.324	850.988	89.8303
225	12.5588	141.444	802.545	86.0055
226	12.5588	141.901	701.647	88.0499
227	12.5588	144.302	570.132	86.0546
228	12.5588	141.36 	683.802	83.5987
229	12.5588	141.886	762.561	85.7868
230	12.5588	143.059	820.457	88.9425
231	12.5588	141.821	707.861	80.6963
232	12.5588	140.163	626.353	82.0037
233	12.5588	139.096	613.494	81.4416
234	12.5588	139.609	570.236	81.1094
235	12.5588	141.252	571.398	84.7582
236	12.5588	140.644	511.675	81.9383
237	12.5588	141.015	561.344	83.8982
238	12.5588	139.812	528.046	81.2903
239	12.5588	142.511	523.52 	82.1469
240	12.5588	141.483	500.691	81.0895
241	12.5588	140.495	548.483	78.8172
242	12.5588	138.888	471.34 	76.4687
243	12.5588	139.719	562.779	78.1496
244	12.5588	138.921	550.457	77.4529
245	12.5588	138.225	626.283	78.5395
246	12.5588	137.108	547.952	78.7775
247	12.5588	138.168	706.546	81.8751
248	12.5588	140.688	778.088	87.0229
249	12.5588	139.224	522.739	79.1381
250	12.5588	139.233	490.316	79.0622
251	12.5588	139.008	565.529	79.646 
252	12.5588	138.43 	604.001	82.789 
253	12.5588	135.576	574.537	80.5146
254	12.5588	137.533	694.353	86.1046
255	12.5588	138.208	762.548	89.7474
256	12.5588	139.99 	718.286	89.9822
257	12.5588	141.027	707.073	89.3844
258	12.5588	142.18 	572.96 	90.6038
259	12.5588	141.807	712.741	90.2785
260	12.5588	144.748	693.377	88.5942
261	12.5588	142.696	537.856	84.5371
262	12.5588	141.833	520.808	80.8414
263	8.80388	141.591	622.911	86.5511
264	8.80388	142.099	630.464	83.808 
265	8.80388	141.56 	564.04 	81.199 
266	8.80388	142.264	504.784	80.4738
267	8.80388	143.468	633.863	81.9337
268	8.80388	141.97 	498.099	79.1659
269	8.80388	139.985	514.279	77.5821
270	8.80388	138.731	660.327	76.963 
271	8.80388	139.098	603.772	76.8092
272	8.80388	138.81 	751.938	81.8015
273	8.80388	137.851	519.448	76.6374
274	8.80388	138.307	519.448	75.1244
275	8.80388	139.059	498.456	75.8082
276	8.80388	139.64 	426.684	73.3447
277	8.80388	139.935	491.531	77.6588
278	8.80388	141.922	607.174	81.73  
279	8.80388	140.051	537.431	81.6499
280	8.80388	140.598	500.107	78.7846
281	8.80388	141.645	533.082	81.3893
282	8.80388	144.397	607.125	84.0806
283	8.80388	142.811	601.921	82.2159
284	8.80388	143.161	537.833	81.3759
285	8.80388	143.444	638.738	84.5887
286	8.80388	143.588	535.124	80.5052
287	8.80388	143.508	615.496	82.6872
288	8.80388	142.87 	652.209	84.2187
289	8.80388	142.427	768.559	84.6214
290	8.80388	140.836	614.095	80.64  
291	8.80388	140.854	567.78 	82.0901
292	8.80388	142.657	544.988	82.9425
293	8.80388	143.497	518.608	84.033 
294	8.80388	144.734	545.079	86.283 
295	8.80388	145.273	1003.08	88.4478
296	8.80388	143.004	643.596	82.7532
297	8.80388	144.216	747.471	85.6845
298	8.80388	145.087	668.401	86.1353
299	8.80388	145.614	719.717	90.1192
300	8.80388	146.448	708.221	93.8258
301	8.80388	145.722	715.123	94.6685
302	8.80388	146.504	671.751	91.4671
303	8.80388	145.807	659.257	88.4789
304	8.80388	145.161	578.465	83.1013
305	8.80388	146.018	553.032	83.3424
306	8.80388	146.498	557.74 	85.6002
307	8.80388	145.737	774.951	86.4329
308	8.80388	146.155	683.103	86.4432
309	8.80388	147.052	665.578	87.4933
310	8.80388	145.135	573.697	86.1814
311	8.80388	145.248	600.356	88.7847
312	8.80388	145.4  	578.934	87.438 
313	8.80388	146.311	580.246	88.6923
314	8.80388	145.555	755.244	88.3225
315	8.80388	144.62 	602.745	85.9862
316	8.80388	145.435	577.294	85.252 
317	8.80388	145.613	577.406	85.8838
318	8.80388	146.279	577.406	85.6029
319	8.80388	146.079	575.584	85.3627
320	8.80388	147.89 	589.905	87.8467
321	8.80388	147.009	579.389	88.4508
322	8.80388	147.446	675.531	92.2756
323	8.80388	148.788	666.757	97.2337
324	8.80388	148.718	652.647	97.3717
325	8.80388	147.956	706.075	96.1192
326	8.80388	145.395	628.222	92.1049
327	8.80388	146.706	682.181	92.948 
328	8.80388	146.146	550.501	89.8629
329	8.80388	148.082	571.931	91.4252
330	8.80388	147.356	656.096	92.6656
331	8.80388	145.978	599.503	91.7067
332	8.80388	147.156	638.091	94.9167
333	8.80388	147.766	616.015	91.9439
334	8.80388	149.229	580.215	92.2059
335	8.80388	149.437	707.79 	95.6799
336	8.80388	145.177	554.842	87.627 
337	8.80388	144.929	529.008	84.5729
338	8.80388	145.565	536.764	86.4543
339	8.80388	145.584	692.775	90.6004
340	8.80388	145.847	538.064	86.9551
341	8.80388	144.015	524.001	83.4585
342	8.80388	146.425	711.69 	88.0091
343	8.80388	145.2  	668.643	89.9244
344	8.80388	145.351	663.88 	90.3509
345	8.80388	145.539	546.143	88.8471
346	8.80388	144.556	537.532	83.3135
347	8.80388	146.488	528.42 	84.66  
348	8.80388	145.246	499.705	85.5563
349	8.80388	145.948	707.713	88.2095
350	8.80388	144.469	608.902	85.6221
351	8.80388	145.883	573.513	84.6225
352	8.80388	144.705	568.879	87.8367
353	8.80388	146.218	602.053	90.8627
354	8.80388	146.349	644.981	89.2442
355	8.80388	145.077	633.395	89.5106
356	8.80388	146.316	660.684	90.8881
357	8.80388	145.208	741.12 	88.5279
358	8.80388	144.707	635.725	86.2977
359	8.80388	143.076	553.091	80.4262
360	8.80388	143.798	539.523	80.311 
361	8.80388	144.952	548.757	84.42  
362	8.80388	143.954	533.911	84.5865
363	8.80388	144.114	797.272	87.7208
364	8.80388	144.588	790.537	91.2569
365	8.80388	146.11 	814.79 	88.9213
366	8.80388	146.333	625.092	85.504 
367	8.80388	145.776	598.905	88.9471
368	8.80388	147.826	617.123	92.4262
369	8.80388	145.351	514.04 	84.7902
370	8.80388	147.092	532.142	84.899 
371	8.80388	146.968	541.096	87.1557
372	8.80388	147.758	765.681	90.2386
373	8.80388	149.198	802.868	92.4358
374	8.80388	150.322	742.943	94.6199
375	8.80388	147.837	770.621	95.2738
376	8.80388	145.594	608.062	89.2263
377	8.80388	145.682	588.377	85.5396
378	8.80388	146.967	567.678	85.4716
379	8.80388	146.13 	663.354	85.4155
380	8.80388	147.161	536.221	86.4047
381	8.80388	146.109	731.603	92.8066
382	8.80388	148.974	686.92 	91.0237
383	8.80388	147.36 	556.267	88.2087
384	8.80388	150.339	646.374	92.1831
385	8.80388	151.02 	671.383	91.1823
386	8.80388	149.803	594.306	89.0545
387	8.80388	148.531	591.695	90.0486
388	8.80388	146.847	558.734	88.8351
389	8.80388	146.894	558.734	87.7008
390	8.80388	146.687	561.487	88.1061
391	8.80388	147.574	646.224	91.3403
392	8.80388	146.269	653.663	89.0833
393	8.80388	147.544	565.139	89.8925
394	8.80388	147.739	681.701	88.805 
395	8.80388	148.845	636.343	89.5845
396	8.80388	148.963	620.858	89.0399
397	8.80388	146.687	570.452	88.0226
398	8.80388	146.229	563.557	86.7804
399	8.80388	149.776	700.901	91.9472
400	8.80388	148.796	700.543	87.1446
401	8.80388	149.095	736.546	86.9458
402	8.80388	146.856	726.769	84.49  
403	8.80388	145.149	626.633	83.7009
404	8.80388	146.38 	671.252	85.5141
405	8.80388	146.735	580.632	82.4095
406	8.80388	146.174	690.318	86.6529
407	8.80388	143.479	538.493	83.1912
408	8.80388	145.872	593.749	88.0341
409	8.80388	145.948	519.119	83.9831
410	8.80388	148.886	600.48 	90.3605
411	8.80388	146.58 	608.389	86.0832
412	8.80388	147.407	585.19 	85.3529
413	8.80388	146.893	549.236	87.431 
414	8.80388	149.799	637.637	90.9007
415	8.80388	151.427	721.996	95.4029
416	8.80388	148.933	674.066	91.1817
417	8.80388	151.319	698.379	91.7675
418	8.80388	150.195	700.418	96.8956
419	8.80388	150.323	700.418	94.4586
420	8.80388	150.796	708.021	92.5234
421	8.80388	150.541	953.884	96.7855
422	8.80388	150.317	785.826	94.9203
423	8.80388	152.68 	602.271	90.7473
424	8.80388	150.814	602.271	89.1673
425	8.80388	150.817	581.606	94.2342
426	8.80388	148.406	548.816	90.3085
427	8.80388	147.759	575.643	89.1388
428	8.80388	146.056	607.368	87.5112
429	8.80388	147.391	509.468	85.5241
430	8.80388	147.34 	700.238	89.1712
431	8.80388	148.661	722.617	89.2119
432	8.80388	148.663	588.7  	88.0195
433	8.80388	147.606	556.623	85.1332
434	8.80388	147.232	506.449	82.6786
435	8.80388	147.132	785.58 	84.9883
436	8.80388	149.578	661.706	89.9607
437	8.80388	149.78 	661.706	91.3331
438	8.80388	147.011	649.538	87.007 
439	8.80388	149.934	631.437	88.5155
440	8.80388	149.784	554.504	89.3991
441	8.80388	151.031	671.484	88.6271
442	8.80388	152.165	623.951	90.6448
443	8.80388	150.799	567.498	87.8441
444	8.80388	150.894	684.804	88.5976
445	8.80388	150.69 	707.078	89.9867
446	8.80388	150.942	687.681	91.0908
447	8.80388	147.897	678.953	89.3643
448	8.80388	147.355	633.013	90.0242
449	8.80388	147.415	627.263	89.4204
450	8.80388	147.891	605.892	87.334 
451	8.80388	148.394	573.089	87.8311
452	8.80388	149.946	629.614	92.3793
453	8.80388	150.923	772.243	94.5794
454	8.80388	150.711	648.092	92.0141
455	8.80388	150.64 	636.899	91.9313
456	8.80388	151.95 	607.939	93.4468
457	8.80388	149.799	577.357	91.7664
458	8.80388	148.725	592.445	89.5667
459	8.80388	150.641	535.081	89.5774
460	8.80388	150.529	553.656	88.7425
461	8.80388	149.423	667.384	91.1402
462	8.80388	149.301	582.84 	89.7135
463	8.80388	149.973	596.521	91.0016
464	8.80388	149.58 	643.385	93.9066
465	8.80388	148.846	618.351	89.5091
466	8.80388	151.761	689.624	93.3148
467	8.80388	148.941	535.396	85.1459
468	8.80388	149.372	660.869	89.2777
469	8.80388	148.698	627.115	88.5712
470	8.80388	151.244	649.802	94.2916
471	8.80388	150.264	552.931	91.1246
472	8.80388	150.809	533.266	90.2631
473	8.80388	150.269	651.018	91.9919
474	8.80388	149.016	602.743	90.7976
475	6.34045	147.974	544.277	84.3038
476	6.34045	149.68 	501.002	86.1384
477	6.34045	150.698	544.446	90.7528
478	6.34045	148.556	634.188	91.8152
479	6.34045	151.306	726.79 	97.8704
480	6.34045	151.35 	528.622	92.2511
481	6.34045	151.546	506.687	92.7382
482	6.34045	150.713	586.52 	92.7867
483	6.34045	151.157	818.422	93.8768
484	6.34045	152.965	693.178	94.8738
485	6.34045	152.958	590.988	89.6473
486	6.34045	151.391	639.809	90.0655
487	6.34045	150.487	585.165	87.9108
488	6.34045	148.569	625.183	87.6308
489	6.34045	149.929	605.422	88.8803
490	6.34045	150.295	627.159	90.9317
491	6.34045	147.911	566.714	88.8636
492	6.34045	148.716	570.512	89.8103
493	6.34045	149.234	808.544	96.2599
494	6.34045	147.13 	587.831	91.2072
495	6.34045	146.015	487.916	87.4073
496	6.34045	148.039	567.879	88.689 
497	6.34045	148.533	532.353	88.0972
498	6.34045	148.48 	580.738	91.2602
499	6.34045	147.711	520.55 	88.7372
-16.93999999
