/usr/lib/python2.7/site-packages/deap/tools/_hypervolume/pyhv.py:33: ImportWarning: Falling back to the python version of hypervolume module. Expect this to be very slow.
  "module. Expect this to be very slow.", ImportWarning)
gen	min    	avg    	max    	std    
0  	30.2475	139.629	673.855	85.4331
1  	30.2475	141.544	653.388	92.4283
2  	29.6186	140.396	654.169	90.3147
3  	29.6186	142.41 	780.343	96.3716
4  	29.6186	141.321	663.412	97.2365
5  	29.6186	141.168	773.032	94.5584
6  	29.6186	140.641	788.208	93.2021
7  	29.6186	141.207	762.667	91.4086
8  	29.6186	136.147	735.214	85.6857
9  	29.6186	137.454	571.517	86.728 
10 	24.4673	138.115	902.771	90.8752
11 	24.4673	139.068	920.712	94.351 
12 	24.4673	139.511	894.707	91.9374
13 	24.4673	140.19 	670.033	86.2634
14 	24.4673	140.221	833.617	86.1473
15 	24.4673	140.036	608.573	84.2115
16 	24.4673	137.107	593.442	80.9464
17 	24.4673	135.149	781.862	80.6154
18 	23.9568	135.515	690.656	82.293 
19 	23.9568	135.562	688.835	82.2405
20 	22.9501	135.17 	653.307	80.7852
21 	22.9501	136.251	613.25 	83.5017
22 	16.8533	135.06 	818.269	88.391 
23 	16.8533	132.994	663.842	81.0815
24 	16.8533	131.927	700.381	81.1118
25 	16.8533	130.676	608.158	74.5572
26 	16.8533	131.927	468.554	73.4846
27 	16.8533	132.097	650.744	76.8514
28 	16.8533	130.443	560.633	73.7472
29 	16.8533	132.033	704.042	80.2427
30 	16.8533	130.904	545.573	74.5672
31 	16.8533	131.153	542.925	76.3129
32 	16.8533	132.886	631.881	79.3633
33 	16.8533	134.635	610.999	79.641 
34 	16.676 	134.27 	664.522	79.2669
35 	16.676 	131.597	642.106	79.9003
36 	15.4899	135.452	849.757	90.7397
37 	15.4899	137.135	996.829	99.042 
38 	15.4899	137.353	857.105	96.4146
39 	15.4899	135.137	857.105	93.2925
40 	15.4899	135.023	767.396	93.2232
41 	15.4899	133.91 	736.443	89.9658
42 	15.4899	133.52 	617.398	82.1714
43 	15.4899	135.669	618.366	83.9826
44 	15.4899	134.567	611.571	81.5445
45 	15.4899	135.129	582.354	80.8317
46 	15.4899	135.137	758.058	83.2554
47 	15.4899	137.416	734.882	90.6713
48 	15.4899	136.989	908.379	95.7242
49 	15.4899	135.137	763.488	91.2488
50 	15.4899	135.742	739.693	97.4518
51 	15.4899	134.21 	597.373	88.346 
52 	15.4899	136.032	692.065	91.9166
53 	13.6412	136.53 	733.308	88.2692
54 	13.6412	135.229	830.403	86.3108
55 	13.6412	134.658	780.307	87.9995
56 	13.6412	133.534	707.383	87.9388
57 	13.6412	136.37 	744.35 	91.9394
58 	11.7642	134.805	763.661	87.2268
59 	11.7642	133.328	657.965	82.5815
60 	11.7642	132.536	784.217	82.9775
61 	11.7642	132.864	832.057	84.2217
62 	11.7642	132.475	801.622	84.4432
63 	11.7642	130.688	813.195	82.9273
64 	11.7642	131.32 	636.222	79.3576
65 	11.7642	132.084	578.73 	81.3986
66 	11.7642	131.447	722.977	82.5851
67 	11.7642	130.451	545.532	78.3964
68 	11.7642	129.706	514.728	79.6931
69 	11.7642	131.729	540.008	79.864 
70 	11.7642	132.789	569.171	82.7849
71 	10.9066	129.383	650.604	76.5932
72 	10.9066	130.171	566.951	76.4238
73 	10.9066	129.487	601.809	75.3638
74 	10.9066	130.697	530.882	75.5595
75 	10.9066	133.48 	614.916	81.3359
76 	10.9066	133.276	682.543	84.2432
77 	10.9066	136.627	635.326	89.5159
78 	10.9066	131.829	552.243	81.3013
79 	10.9066	132.961	558.238	82.9061
80 	10.9066	132.088	642.263	85.7808
81 	10.9066	130.556	666.621	80.8434
82 	10.4684	130.321	608.093	76.8294
83 	10.4684	128.882	619.558	77.1762
84 	10.4684	130.354	615.461	81.6935
85 	10.4684	130.67 	749.419	84.378 
86 	10.4684	130.692	716.86 	83.9325
87 	10.4684	129.553	789.756	87.3431
88 	10.4684	131.377	968.851	88.1525
89 	10.4684	132.617	640.482	88.3979
90 	10.4684	131.353	605.253	85.9522
91 	10.4684	132.075	730.321	91.7768
92 	10.4684	130.413	688.712	85.2821
93 	10.4684	129.862	851.68 	85.2322
94 	10.4684	128.543	739.85 	79.0783
95 	10.4684	129.906	604.582	79.071 
96 	10.4684	127.664	604.582	75.1051
97 	10.4684	128.035	472.627	74.7826
98 	10.4684	128.141	644.516	75.1569
99 	10.4684	131.394	571.027	79.1331
100	10.4684	131.581	657.995	82.1679
101	10.4684	130.817	482.534	76.7542
102	10.4684	130.99 	509.011	76.0785
103	10.4684	130.262	489.358	75.5309
104	10.4684	131.652	585.667	81.0171
105	10.4684	132.403	572.843	82.1909
106	10.4684	132.329	588.098	80.8659
107	10.4684	128.288	588.098	75.004 
108	10.4684	129.859	585.977	77.7222
109	10.4684	129.409	598.855	80.1314
110	10.4684	128.769	601.202	79.8439
111	10.4684	126.775	578.682	74.9902
112	10.4684	126.507	582.168	73.0249
113	10.4684	130.412	651.488	79.9444
114	10.4684	128.261	564.851	76.5745
115	10.4684	127.086	564.851	72.5536
116	10.4684	128.777	504.871	77.9998
117	10.4684	128.223	451.035	73.7123
118	10.4684	129.577	565.8  	77.6702
119	10.4684	129.178	595.711	77.2481
120	10.4684	127.674	485.187	74.0553
121	10.4684	127.086	676.81 	77.7749
122	10.4684	124.702	495.085	71.8347
123	10.4684	126.484	495.085	70.7898
124	10.4684	126.925	528.68 	74.373 
125	10.4684	126.568	759.249	78.3479
126	10.4684	126.701	583.939	75.5707
127	10.4684	126.156	490.305	72.0901
128	10.4684	124.76 	472.581	69.1874
129	10.4684	127.691	529.888	74.7695
130	10.4684	126.336	566.199	72.6631
131	10.4684	125.643	549.801	70.1832
132	10.4684	123.738	508.626	66.067 
133	10.4684	124.362	683.083	71.6246
134	10.4684	126.418	542.419	73.5628
135	10.4684	128.166	610.007	75.2711
136	10.4684	128.994	606.762	78.0603
137	10.4684	129.902	570.278	78.4558
138	10.4684	129.001	596.997	78.9647
139	10.4684	129.159	502.018	78.0141
140	10.4684	128.335	516.275	75.6722
141	10.4684	130.801	665.107	84.1402
142	10.4684	130.75 	596.814	80.9131
143	10.4684	132.121	763.569	89.0374
144	10.4684	132.381	818.956	93.301 
145	10.4684	132.604	698.626	89.7902
146	10.4684	133.915	805.167	89.2561
147	10.4684	133.735	545.18 	81.5602
148	10.4684	132.071	545.18 	78.6216
149	10.4684	129.468	747.862	80.8446
150	10.4684	127.874	603.925	74.8677
151	10.4684	128.179	599.139	77.3327
152	10.4684	129.157	551.469	78.8825
153	10.4684	130.696	834.097	83.7501
154	10.4684	129.654	659.879	83.2548
155	10.4684	129.704	639.269	79.4835
156	10.4684	131.181	645.155	83.8519
157	10.4684	130.697	593.523	82.4845
158	10.4684	134.17 	758.433	89.0045
159	10.4684	131.58 	575.114	83.7975
160	10.4684	131.474	768.307	86.2799
161	10.4684	131.303	580.843	83.4828
162	10.4684	130.479	600.797	81.0622
163	10.4684	131.392	574.732	81.5052
164	10.4684	131.416	680.524	81.7244
165	10.4684	130.774	680.524	81.2625
166	10.4684	130.677	680.524	82.5234
167	10.4684	131.03 	824.371	84.1123
168	10.4684	130.313	617.201	79.2524
169	10.4684	130.515	566.164	78.891 
170	10.4684	129.14 	536.052	75.9045
171	10.4684	128.003	524.803	72.7323
172	7.08954	127.568	483.8  	73.3199
173	7.08954	129.3  	537.766	75.7846
174	7.08954	129.949	688.104	78.2062
175	7.08954	130.148	645.54 	80.7832
176	7.08954	130.501	641.034	85.7438
177	7.08954	127.854	510.152	78.6835
178	7.08954	129.409	512.79 	76.4241
179	7.08954	131.359	630.564	79.7096
180	7.08954	131.454	630.564	81.0344
181	7.08954	131.425	533.228	77.4791
182	7.08954	132.718	603.251	80.5895
183	7.08954	130.772	527.423	80.0958
184	7.08954	131.621	536.758	80.8893
185	7.08954	129.732	555.439	77.4172
186	7.08954	127.494	544.009	75.5548
187	7.08954	128.384	469.851	74.7262
188	7.08954	128.018	467.406	72.2536
189	7.08954	128.624	507.584	76.3686
190	7.08954	130.757	497.721	79.71  
191	7.08954	130.27 	464.727	80.1172
192	7.08954	130.036	490.454	79.5158
193	7.08954	128.885	663.166	80.5296
194	7.08954	128.373	587.15 	73.8047
195	7.08954	128.938	776.464	78.7932
196	7.08954	127.149	499.585	74.8347
197	7.08954	126.742	462.144	72.3929
198	7.08954	128.072	636.274	78.5963
199	7.08954	127.822	626.786	78.9006
200	7.08954	127.159	626.786	75.67  
201	7.08954	127.83 	632.792	78.7675
202	7.08954	127.539	643.64 	77.3021
203	7.08954	128.001	587.631	76.3132
204	7.08954	128.17 	598.948	78.848 
205	7.08954	127.484	612.192	76.5169
206	7.08954	127.254	533.323	76.5061
207	7.08954	129.012	706.125	79.3033
208	7.08954	127.923	566.224	77.3141
209	7.08954	126.629	566.224	79.0817
210	7.08954	127.085	518.63 	76.4615
211	7.08954	125.618	494.017	71.9837
212	7.08954	128.154	599.292	78.0962
213	7.08954	125.251	551.288	72.5932
214	7.08954	124.496	551.544	72.0271
215	7.08954	127.159	579.358	73.4915
216	7.08954	124.95 	496.755	68.9164
217	7.08954	125.051	485.497	69.3709
218	7.08954	126.786	697.214	76.9559
219	7.08954	128.663	705.28 	79.6637
220	7.08954	127.692	546.269	77.0027
221	7.08954	128.96 	613.733	78.7778
222	7.08954	128.1  	485.184	75.109 
223	7.08954	128.233	495.459	77.0017
224	7.08954	129.13 	701.685	80.4272
225	7.08954	128.177	551.899	75.9807
226	7.08954	128.957	583.031	77.1396
227	7.08954	127.587	531.296	75.1103
228	7.08954	126.532	511.939	71.1473
229	7.08954	128.985	589.056	76.1044
230	7.08954	127.987	589.056	73.946 
231	7.08954	127.442	591.468	76.7941
232	7.08954	127.705	514.47 	76.6683
233	7.08954	127.314	691.556	78.5095
234	7.08954	126.368	475.488	71.5558
235	7.08954	128.426	475.488	74.6961
236	7.08954	129.78 	626.882	78.2457
237	7.08954	130.114	549.377	79.0477
238	7.08954	128.969	531.008	75.5287
239	7.08954	131.311	672.447	81.7617
240	7.08954	132.057	637.796	82.5139
241	7.08954	132.892	637.796	82.4399
242	7.08954	133.73 	936.422	84.0184
243	7.08954	132.111	568.615	77.4898
244	7.08954	132.663	518.5  	78.8598
245	7.08954	130.762	548.672	78.7432
246	7.08954	131.141	746.189	83.8604
247	7.08954	133.159	634.98 	88.4857
248	7.08954	131.7  	584.051	82.4639
249	7.08954	131.279	669.853	82.7813
250	7.08954	132.623	627.133	87.5493
251	7.08954	132.561	674.889	83.6869
252	7.08954	132.92 	570.228	82.9867
253	7.08954	132.84 	564.318	84.2899
254	7.08954	130.247	560.101	81.8488
255	7.08954	131.948	565.74 	84.7544
256	7.08954	133.919	703.329	87.7293
257	7.08954	134.247	656.712	87.9312
258	7.08954	134.75 	656.712	89.9441
259	7.08954	135.622	594.672	92.7956
260	7.08954	132.567	581.863	83.41  
261	7.08954	127.482	497.902	74.4962
262	7.08954	128.951	564.696	77.6128
263	7.08954	130.605	690.937	79.776 
264	7.08954	129.794	599.18 	82.039 
265	7.08954	130.867	748.731	84.3204
266	7.08954	128.48 	589.712	79.3137
267	7.08954	126.889	667.246	75.9313
268	7.08954	127.342	466.831	74.0747
269	7.08954	129.463	525.633	76.0646
270	7.08954	130.144	485.061	75.4817
271	7.08954	130.413	463.175	75.5559
272	7.08954	129.824	526.846	76.5571
273	7.08954	130.783	589.495	80.8151
274	7.08954	129.503	698.608	78.9634
275	7.08954	129.436	640.733	81.1537
276	7.08954	128.699	640.733	79.0309
277	7.08954	129.151	511.393	76.0108
278	7.08954	129.837	572.228	79.6474
279	7.08954	129.911	556.859	77.6237
280	7.08954	130.525	529.238	78.035 
281	7.08954	132.844	599.258	80.8695
282	7.08954	131.535	581.763	79.7387
283	7.08954	132.152	607.761	81.8237
284	7.08954	130.576	549.258	76.6633
285	7.08954	129.444	639.092	78.7794
286	7.08954	130.09 	553.35 	79.4211
287	7.08954	129.64 	590.107	78.3564
288	7.08954	131.653	546.899	80.8695
289	7.08954	130.289	546.975	80.0812
290	7.08954	132.517	566.098	84.1874
291	7.08954	129.825	538.587	80.6935
292	7.08954	128.51 	478.315	73.7435
293	7.08954	130.133	486.562	75.1813
294	7.08954	130.318	452.193	75.3095
295	7.08954	131.566	571.797	77.7249
296	7.08954	129.387	449.397	72.0206
297	7.08954	131.554	551.625	76.8052
298	7.08954	130.276	518.733	76.341 
299	7.08954	131.051	600.441	81.0869
300	7.08954	130.236	538.121	76.3296
301	7.08954	128.731	431.161	71.2049
302	7.08954	130.326	515.48 	76.9091
303	7.08954	131.356	535.016	77.6518
304	7.08954	132.944	443.708	77.9151
305	7.08954	131.971	518.657	78.5643
306	7.08954	131.868	539.698	77.3804
307	7.08954	131.361	435.405	74.696 
308	7.08954	131.143	414.274	74.0859
309	7.08954	132.647	534.76 	76.5549
310	7.08954	132.259	520.972	79.1802
311	7.08954	131.057	482.626	76.2687
312	7.08954	130.322	577.406	78.1857
313	7.08954	130.247	553.862	77.4339
314	7.08954	131.116	554.719	79.1937
315	7.08954	127.938	519.739	73.5115
316	7.08954	130.564	555.11 	78.6208
317	7.08954	131.11 	553.813	79.0206
318	7.08954	129.877	498.996	76.6118
319	7.08954	131.63 	533.85 	81.526 
320	7.08954	131.375	544.985	80.6108
321	7.08954	131.144	612.576	80.6537
322	7.08954	129.812	562.758	76.6719
323	7.08954	130.671	491.493	76.0257
324	7.08954	130.509	460.961	74.01  
325	7.08954	130.503	564.118	75.772 
326	7.08954	131.005	469.257	75.2017
327	7.08954	129.096	442.474	70.8089
328	7.08954	129.705	483.078	74.0485
329	7.08954	130.05 	473.45 	74.3568
330	7.08954	131.105	578.925	77.2917
331	7.08954	131.336	627.474	76.7016
332	7.08954	133.076	603.276	78.3954
333	7.08954	131.367	596.883	76.9899
334	7.08954	133.741	490.691	76.9547
335	5.30579	135.527	482.617	80.8493
336	5.30579	134.217	541.543	79.4738
337	5.30579	134.855	580.706	80.7418
338	5.30579	133.894	512.077	79.7085
339	5.30579	133.963	791.175	83.1484
340	5.30579	131.659	539.355	76.4734
341	5.30579	133.355	580.893	80.7021
342	5.30579	133.028	556.382	79.102 
343	5.30579	132.509	523.021	78.5666
344	5.30579	133.602	659.031	80.7138
345	5.30579	133.944	552.317	76.3526
346	5.30579	134.045	562.335	79.9032
347	5.30579	132.797	515.049	78.8315
348	5.30579	132.215	463.321	77.9642
349	5.30579	130.701	488.756	74.0624
350	5.30579	131.351	488.756	75.3712
351	5.30579	133.634	565.65 	78.0806
352	5.30579	133.326	522.941	74.8523
353	5.30579	134.791	456.407	76.7336
354	5.30579	134.703	470.495	75.8074
355	5.30579	135.022	477.685	75.1468
356	5.30579	133.69 	531.135	73.9642
357	5.30579	135.079	503.09 	74.8183
358	5.30579	133.993	450.928	74.9205
359	5.30579	134.436	549.077	76.3432
360	5.30579	134.73 	485.249	78.4425
361	5.30579	134.32 	455.694	75.2249
362	5.30579	135.997	628.536	80.283 
363	5.30579	134.408	509.954	77.9459
364	5.30579	134.637	588.819	79.4558
365	5.30579	134.565	512.853	80.581 
366	5.30579	135.014	534.997	80.8364
367	5.30579	136.908	524.89 	83.9773
368	5.30579	137.503	570.948	85.4008
369	5.30579	139.279	519.565	84.3013
370	5.30579	136.875	755.856	82.954 
371	5.30579	139.025	523.168	85.6836
372	5.30579	137.606	535.945	84.6706
373	5.30579	138.281	539.999	86.0712
374	5.30579	138.147	649.407	88.5509
375	5.30579	137.91 	552.547	84.4313
376	5.30579	135.698	544.857	84.0107
377	5.30579	136.192	535.629	84.2874
378	5.30579	135.983	504.711	81.5833
379	5.30579	134.65 	555.574	82.5843
380	5.30579	139.348	535.304	84.6296
381	5.30579	138.291	606.966	81.4217
382	5.30579	137    	560.701	78.0107
383	5.30579	137.217	510.612	79.6875
384	5.30579	137.016	517.705	80.7336
385	5.30579	137.363	548.175	80.803 
386	5.30579	136.677	501.264	80.9722
387	5.30579	138.323	537.844	80.7682
388	5.30579	139.614	560.946	84.2843
389	5.30579	139.073	505.469	84.066 
390	5.30579	139.454	558.11 	84.325 
391	5.30579	140.346	539.57 	84.1232
392	5.30579	139.605	530.853	83.3724
393	5.30579	139.637	574.505	85.9263
394	5.30579	139.078	525.585	84.2143
395	5.30579	139.267	734.256	84.266 
396	5.30579	138.481	554.737	82.4185
397	5.30579	139.151	636.836	82.0553
398	5.30579	139.99 	880.001	87.7553
399	5.30579	141.068	740.752	85.7042
400	5.30579	140.807	755.538	90.4752
401	5.30579	140.184	688.537	86.3624
402	5.30579	140.154	752.942	87.377 
403	5.30579	140.846	484.661	84.6274
404	5.30579	141.591	499.858	86.4036
405	5.30579	141.014	497.297	84.6682
406	5.30579	142.323	509.762	85.4294
407	5.30579	144.426	612.389	89.8488
408	5.30579	143.056	513.84 	86.0867
409	5.30579	142.194	552.394	85.4946
410	5.30579	142.361	498.568	84.6962
411	5.30579	142.209	553.175	82.8035
412	5.30579	143.168	507.194	86.9536
413	5.30579	142.815	613.887	85.749 
414	5.30579	140.892	488.333	83.3176
415	5.30579	142.337	602.49 	86.327 
416	5.30579	142.908	533.184	87.7484
417	5.30579	144.047	559.096	90.0695
418	5.30579	144.529	602.984	89.961 
419	5.30579	144.367	593.749	90.6994
420	5.30579	144.091	614.347	91.9948
421	5.30579	144.043	578.28 	92.2098
422	5.30579	143.683	592.51 	89.6358
423	5.30579	142.116	593.979	89.3958
424	5.30579	142.457	593.979	88.8688
425	5.30579	143.176	640.562	91.2841
426	5.30579	144.633	723.47 	91.3732
427	5.30579	144.113	656.275	90.9999
428	5.30579	142.671	628.422	86.0367
429	5.30579	142.806	593.155	86.2737
430	5.30579	143.665	571.476	90.2644
431	5.30579	143.996	752.97 	92.6294
432	5.30579	142.125	577.844	87.9029
433	5.30579	142.807	539.874	87.2459
434	5.30579	141.964	509.338	84.0289
435	5.30579	142.64 	658.093	86.9876
436	5.30579	142.472	547.51 	88.5364
437	5.30579	143.157	517.976	89.0702
438	5.30579	143.692	704.595	95.4596
439	5.30579	144.767	659.606	93.1107
440	5.30579	143.663	522.29 	89.1444
441	5.30579	146.935	661.855	95.4477
442	5.30579	146.389	713.958	95.4144
443	5.30579	145.753	585.873	91.8716
444	5.30579	147.661	730.705	96.8825
445	5.30579	147.267	734.905	98.2878
446	5.30579	145.757	782.939	93.0179
447	5.30579	145.155	625.291	92.8075
448	5.30579	144.617	576.125	90.0337
449	5.30579	141.828	556.494	87.3701
450	5.30579	141.629	542.146	86.2846
451	5.30579	141.483	607.368	85.6371
452	5.30579	141.893	547.642	83.8376
453	5.30579	142.425	534.358	85.1778
454	5.30579	144.236	626.835	88.6481
455	5.30579	143.808	569.771	86.4929
456	5.30579	143.435	584.608	85.9667
457	5.30579	142.792	579.104	85.7664
458	5.30579	143.237	606.188	87.5389
459	5.30579	144.827	548.215	87.3161
460	5.30579	147.129	606.367	91.6812
461	5.30579	146.953	564.066	90.782 
462	5.30579	146.465	633.465	87.8529
463	5.30579	147.218	558.858	89.2716
464	5.30579	145.886	530.259	87.2106
465	5.30579	147.698	571.12 	86.7634
466	5.30579	145.055	573.537	86.6417
467	5.30579	143.222	515.411	83.6658
468	5.30579	145.011	600.244	84.4047
469	5.30579	145.742	544.694	83.9619
470	5.30579	145.733	504.474	87.1878
471	5.30579	144.777	534.085	86.7048
472	5.30579	143.511	530.919	85.6423
473	5.30579	144.033	530.919	84.3565
474	5.30579	143.772	431.093	82.9125
475	5.30579	145.172	595.744	86.6359
476	5.30579	144.783	546.273	84.1824
477	5.30579	144.383	566.756	86.219 
478	5.30579	144.638	625.304	85.6871
479	5.30579	144.842	554.495	84.9825
480	5.30579	145.609	548.767	88.2173
481	5.30579	145.603	594.739	91.11  
482	5.30579	145.936	627.058	91.0636
483	5.30579	145.731	552.395	88.3551
484	5.30579	146.651	617.949	89.4159
485	5.30579	146.211	605.756	87.4691
486	5.30579	145.442	612.988	85.5695
487	5.30579	145.224	486.518	84.3103
488	5.30579	146.121	559.675	88.0512
489	5.30579	145.568	528.35 	89.2487
490	5.30579	146.106	627.404	91.2858
491	5.30579	145.53 	600.853	89.728 
492	5.30579	145.63 	578.693	90.9476
493	5.30579	143.815	565.007	88.803 
494	5.30579	144.626	580.204	86.3824
495	5.30579	145.404	498.902	85.8247
496	5.30579	147.133	528.007	86.7226
497	5.30579	148.172	478.973	87.7918
498	5.30579	148.085	584.878	90.3333
499	5.30579	146.416	528.91 	89.4255
-16.93999999
