/usr/lib/python2.7/site-packages/deap/tools/_hypervolume/pyhv.py:33: ImportWarning: Falling back to the python version of hypervolume module. Expect this to be very slow.
  "module. Expect this to be very slow.", ImportWarning)
gen	min    	avg    	max    	std    
0  	32.0418	142.614	605.963	89.6291
1  	27.9158	140.378	606.956	85.6   
2  	27.9158	141.739	608.203	88.7455
3  	27.9158	140.388	655.289	81.2688
4  	27.9158	142.4  	621.506	84.9153
5  	27.9158	143.473	564.141	84.2422
6  	27.9158	144.124	690.517	88.0008
7  	27.9158	143.783	667.323	87.8286
8  	27.9158	143.912	858.41 	90.2078
9  	26.9854	145.785	720.487	95.267 
10 	26.9854	142.802	923.109	96.2104
11 	26.9854	141.085	852.901	92.0438
12 	26.9854	142.736	629.405	91.7589
13 	26.9854	143.098	835.596	101.372
14 	26.9854	139.635	953.26 	97.122 
15 	26.9854	140.052	842.348	94.2817
16 	26.9854	140.566	702.41 	87.4651
17 	18.6908	140.33 	653.724	87.5083
18 	18.6908	138.85 	547.203	80.7975
19 	18.6908	138.423	612    	80.8024
20 	18.6908	138.045	781.421	82.0507
21 	18.6908	136.737	657.031	81.1156
22 	18.6908	135.837	589.545	78.3257
23 	17.2853	136.778	620.466	78.367 
24 	17.2853	138.049	697.226	84.0881
25 	17.2853	137.532	638.295	83.5501
26 	17.2853	139.38 	647.857	83.3935
27 	17.2853	136.395	566.42 	78.8267
28 	17.2853	136.291	630.426	80.599 
29 	17.2642	136.858	575.906	80.3195
30 	17.2642	136.69 	560.632	80.8335
31 	17.2642	135.173	549.064	78.7598
32 	17.2642	138.168	616.7  	84.0198
33 	17.2642	134.817	594.538	81.2078
34 	17.2642	135.342	573.798	82.0531
35 	17.2642	133.995	673.888	81.8338
36 	17.2642	134.456	696.912	83.2403
37 	17.2642	134.431	641.153	81.0907
38 	17.2642	138.635	646.388	84.2389
39 	16.9448	138.335	577.879	85.7016
40 	16.9448	139.432	704.576	93.5619
41 	16.9448	137.667	622.572	86.5987
42 	16.9448	136.154	737.339	86.2676
43 	16.9448	134.964	648.696	78.1983
44 	16.9448	132.923	585.373	75.8854
45 	16.9448	133.403	537.385	78.3542
46 	16.9448	134.566	514.658	80.7066
47 	16.9448	133.754	590.038	81.5272
48 	16.9448	131.167	677.02 	79.4277
49 	16.9448	131.538	555.057	79.4569
50 	16.9448	133.761	721.105	84.2915
51 	16.9448	133.471	671.012	84.0951
52 	16.9448	135.77 	797.631	88.7309
53 	16.9448	133.441	784.467	83.4848
54 	16.9448	134.788	609.877	82.4511
55 	16.9448	132.048	522.046	76.3998
56 	16.9448	133.52 	658.448	78.8876
57 	16.9448	130.241	570.777	73.3449
58 	16.9448	131.708	576.257	77.4765
59 	16.9448	133.817	531.914	79.5487
60 	16.9448	132.381	562.669	76.9795
61 	16.9448	130.546	564.63 	74.8966
62 	16.9448	131.617	505.038	76.1298
63 	16.9448	131.158	505.719	75.1795
64 	16.9448	132.66 	585.483	80.7483
65 	16.9448	131.476	764.339	78.5062
66 	16.9448	131.773	525.86 	77.2274
67 	16.9448	133.432	562.922	82.9127
68 	16.9448	134.312	556.323	80.2969
69 	16.9448	133.307	610.112	79.8663
70 	16.9448	134.649	718.941	84.8166
71 	16.9448	134.092	603.095	83.4967
72 	16.9448	133.572	765.984	80.3413
73 	16.9448	133.434	765.984	85.037 
74 	16.9448	132.449	590.309	78.6239
75 	16.9448	135.586	625.083	81.9179
76 	16.9448	137.541	800.714	91.3564
77 	16.9448	136.755	857.967	90.7817
78 	16.9448	135.273	746.403	84.1136
79 	16.9448	136.213	691.655	88.7342
80 	16.9448	134.726	543.961	79.1455
81 	16.9448	137.262	742.721	89.0311
82 	16.9448	137.171	603.595	85.3353
83 	16.9448	136.061	644.87 	84.046 
84 	16.9448	137.266	688.043	85.7251
85 	16.9448	136.123	681.483	81.9911
86 	16.9448	134.976	579.548	80.186 
87 	16.9448	135.829	883.019	85.0241
88 	16.9448	136.036	641.68 	85.0707
89 	16.9448	137.002	701.9  	86.1172
90 	16.9448	137.39 	705.935	90.4833
91 	16.9448	138.039	698.214	88.0649
92 	16.9448	137.652	787.051	88.2199
93 	16.9448	137.296	618.792	82.7682
94 	16.9448	137.035	555.53 	84.5176
95 	16.9448	135.582	534.429	80.8038
96 	16.9448	136.791	819.978	89.1996
97 	16.9448	133.561	754.653	84.6028
98 	16.9448	131.846	613.231	79.3633
99 	16.9448	130.976	613.231	74.0391
100	16.9448	132.042	650.258	77.6554
101	16.9448	129.364	497.794	75.0306
102	16.9448	126.913	461.836	68.6699
103	16.9448	129.518	479.661	71.0028
104	16.9448	129.626	479.661	71.5384
105	16.9448	131.879	475.251	75.3981
106	16.9448	131.254	526.743	74.2065
107	16.9448	130.931	596.502	71.9194
108	16.9448	130.539	621.585	76.5107
109	16.9448	130.504	484.528	75.4371
110	16.9448	131.125	515.912	75.4224
111	16.9448	130.856	515.911	75.6012
112	16.9448	132.551	595.156	80.4366
113	16.9448	133.439	596.134	80.6056
114	16.9448	133.044	740.211	79.2742
115	16.9448	131.078	547.906	75.9762
116	16.9448	130.718	587.065	76.9366
117	16.9448	128.834	688.935	72.0615
118	16.9448	128.554	474.705	70.1256
119	16.9448	129.532	473.226	73.1211
120	16.9448	131.886	556.137	77.7729
121	16.9448	131.538	506.982	75.764 
122	16.9448	129.368	494.767	71.7889
123	16.9448	130.223	504.86 	72.6932
124	16.9448	130.598	612.883	77.3201
125	16.9448	130.343	565.91 	76.8797
126	16.9448	130.431	519.106	75.3612
127	16.9448	131.294	470.958	74.6104
128	16.9448	132.631	682.964	82.354 
129	16.9448	133.404	696.285	83.8726
130	16.9448	132.174	599.385	79.2454
131	16.9448	129.056	578.601	72.2483
132	16.9448	130.844	561.557	74.4689
133	16.9448	129.75 	562.543	72.73  
134	16.9448	129.345	544.926	73.3906
135	16.9448	128.308	489.453	69.0565
136	16.8331	128.75 	615.808	70.3692
137	16.8331	127.14 	531.699	67.6248
138	16.8331	128.067	424.137	67.8889
139	16.8331	128.122	716.121	71.2445
140	16.8331	129.745	575.996	71.0473
141	16.8331	130.51 	475.626	69.3257
142	16.8331	128.761	511.059	69.1049
143	16.8331	130.584	458.528	72.1899
144	16.8331	133.348	544.356	75.571 
145	16.8331	132.787	463.119	73.0557
146	16.8331	132.925	678.259	80.8905
147	16.8331	133.778	655.616	81.7026
148	16.8331	133.325	777.405	78.3814
149	16.8331	133.282	480.935	80.5472
150	16.8331	132.7  	434.285	76.6612
151	16.8331	134.388	609.102	81.1344
152	16.8331	133.083	589.272	80.0914
153	16.8331	133.212	726.14 	82.2821
154	16.8331	132.031	777.824	79.6681
155	16.8331	130.964	473.373	74.335 
156	16.8331	130.348	545.346	73.0617
157	16.8331	130.716	448.988	71.2522
158	16.8331	131.181	516.77 	74.1361
159	16.8331	130.874	543.401	79.6851
160	16.8331	132.238	519.598	79.3925
161	16.8331	131.931	446.172	74.1441
162	16.8331	132.163	479.384	75.5894
163	16.8331	133.363	610.142	78.2571
164	16.8331	132.829	442.059	73.9911
165	16.8331	134.001	530.63 	76.0043
166	16.8331	135.216	578.417	81.4321
167	16.8331	134.863	568.827	81.4753
168	16.8331	137.263	561.406	84.7755
169	16.8331	135.526	668.399	82.4276
170	16.8331	135.441	566.855	81.3238
171	16.8331	135.136	595.838	81.7325
172	16.8331	133.482	553.441	79.3764
173	16.8331	132.607	718.669	82.2181
174	16.8331	132.897	557.731	77.0841
175	16.8331	134.313	556.526	81.5824
176	16.8331	135.847	686.196	84.8731
177	16.8331	136.851	718.226	89.6495
178	16.8331	134.939	670.803	84.4157
179	16.8331	138.423	887.298	90.699 
180	16.8331	137.261	631.159	88.3019
181	16.8331	138.337	611.586	88.552 
182	16.8331	138.037	691.711	90.7554
183	16.8331	139.218	684.678	91.1084
184	16.8331	135.464	586.159	81.361 
185	16.8331	136.871	673.392	83.9859
186	16.8331	138.333	547.932	86.715 
187	16.8331	137.692	601.688	86.4803
188	16.8331	136.54 	592.116	81.2555
189	16.8331	135.041	601.585	82.7593
190	16.8331	133.628	593.167	79.5973
191	16.8331	132.601	512.931	76.2979
192	16.8331	132.965	550.767	76.4497
193	16.8331	130.56 	606.232	73.8026
194	16.8331	134.197	902.269	83.3875
195	16.8331	135.964	721.602	85.909 
196	16.8331	136.237	665.674	88.9587
197	16.8331	135.475	623.843	83.167 
198	16.8331	134.967	637.143	80.0681
199	16.8331	134.925	641.645	84.2371
200	16.8331	135.39 	641.645	80.4978
201	16.8331	131.463	724.734	75.0721
202	16.8331	132.383	772.641	77.9222
203	16.8331	132.822	515.088	75.1062
204	16.8331	131.955	483.629	70.9246
205	16.8331	132.604	570.181	72.8421
206	16.8331	131.884	591.722	77.5535
207	16.8331	131.414	499.076	74.7327
208	16.8331	132.131	538.703	75.5939
209	16.8331	133.32 	597.219	79.195 
210	16.8331	132.94 	520.985	76.7861
211	16.8331	134.592	557.795	78.2398
212	16.8331	134.25 	627.217	78.9193
213	16.8331	134.512	574.818	81.2583
214	16.8331	133.663	538.968	78.6899
215	16.8331	132.865	467.052	75.9767
216	16.8331	134.767	468.094	80.26  
217	16.8331	134.813	487.364	78.162 
218	16.8331	132.832	451.02 	76.0985
219	16.8331	134.212	514.656	76.5205
220	16.8331	134.097	562.404	75.4772
221	16.8331	133.907	538.527	73.0962
222	16.8331	135.088	549.072	76.4478
223	16.8331	134.61 	628.251	79.1954
224	16.8331	135.13 	516.264	77.9104
225	16.8331	134.252	502.696	75.5774
226	16.8331	135.441	634.448	81.7703
227	16.8331	135.795	523.538	78.3043
228	16.8331	135.029	583.345	77.1179
229	16.8331	135.018	639.294	77.7816
230	16.8331	134.966	682.768	80.5194
231	16.8331	136.153	596.922	83.2921
232	16.8331	136.619	596.715	87.9388
233	16.8331	135.429	599.863	82.6575
234	16.8331	136.241	628.177	83.4444
235	16.8331	136.881	603.944	83.2953
236	16.8331	137.829	623.901	80.9973
237	16.8331	139.859	569.768	82.9637
238	16.8331	138.868	650.275	83.5936
239	16.8331	138.118	562.694	81.5089
240	16.8331	139.832	593.674	85.7785
241	16.8331	136.808	634.569	84.1352
242	16.8331	137.045	805.896	85.1619
243	16.8331	136.914	709.49 	87.3909
244	16.8331	136.246	676.713	85.3322
245	16.8331	135.616	691.831	84.71  
246	16.8331	137.126	920.126	88.6935
247	16.8331	136.551	619.941	85.7466
248	16.8331	135.964	609.489	82.0235
249	16.8331	137.574	609.489	85.3734
250	16.8331	136.22 	609.489	81.6153
251	16.8331	136.286	763.875	84.3497
252	16.8331	134.657	563.208	79.9098
253	16.8331	134.696	582.996	78.3219
254	16.8331	136.684	648.152	82.218 
255	16.8331	135.573	685.749	80.8576
256	16.8331	135.166	619.323	79.1305
257	16.8331	134.507	537.625	77.6201
258	16.8331	134.99 	575.466	80.5237
259	16.8331	135.387	589.349	80.382 
260	16.8331	134.192	574.66 	76.6928
261	16.8331	136.4  	672.757	80.9254
262	16.8331	139.087	585.392	83.9868
263	16.8331	137.757	591.696	80.2359
264	16.8331	136.794	501.354	77.3499
265	16.8331	137.073	820.359	82.1185
266	16.8331	135.542	610.435	78.0859
267	16.8331	135.122	519.724	77.4279
268	16.8331	135.974	674.058	80.1534
269	16.8331	136.812	577.111	79.1587
270	16.8331	138.827	573.832	79.6203
271	16.8331	138.323	646.483	81.5168
272	16.8331	139.946	638.233	84.3096
273	16.8331	136.757	536.481	80.3624
274	16.8331	137.669	553.584	81.797 
275	16.8331	140.466	589.795	85.3022
276	16.8331	140.008	539.838	87.2095
277	16.8331	138.24 	543.418	84.9374
278	16.8331	136.873	515.295	78.051 
279	16.8331	136.625	490.144	77.0424
280	16.8331	136.401	501.267	77.5872
281	16.8331	135.397	760.442	81.6306
282	16.8331	134.014	532.286	77.4317
283	16.8331	134.931	566.76 	78.1194
284	16.8331	133.558	545.068	77.5678
285	16.8331	134.07 	526.395	75.7172
286	16.8331	132.78 	498.386	75.335 
287	16.8331	133.062	551.294	74.6476
288	16.8331	133.952	525.855	71.892 
289	16.8331	136.333	543.603	76.805 
290	16.8331	136.083	575.174	79.4203
291	16.8331	135.494	560.38 	78.0268
292	16.8331	136.799	827.989	81.6444
293	16.8331	138.897	679.686	83.0726
294	16.8331	140.181	585.604	83.8556
295	16.8331	139.786	572.297	81.6163
296	16.8331	140.764	552.416	85.566 
297	16.8331	139.162	556.497	84.5767
298	16.8331	139.212	671.346	84.6268
299	16.8331	138.939	591.188	85.3582
300	16.8331	138.755	711.7  	86.7455
301	16.8331	138.421	639.581	82.7452
302	16.8331	138.95 	820.725	85.8403
303	16.8331	136.39 	604.556	77.42  
304	16.8331	136.464	513.726	80.0574
305	16.8331	137.826	565.947	81.8995
306	16.8331	140.854	573.342	87.4215
307	16.8331	140.837	598.698	86.2959
308	16.8331	142.038	662.818	85.2015
309	16.8331	142.229	675.967	85.9852
310	16.8331	141.437	643.995	83.664 
311	16.8331	139.501	507.782	78.9225
312	16.8331	137.802	492.598	74.7585
313	16.8331	139.241	473.372	79.371 
314	16.8331	138.705	674.517	82.9006
315	16.8331	139.49 	604.528	83.493 
316	16.8331	141.78 	590.11 	86.9491
317	16.8331	142.578	743.428	86.6026
318	16.8331	141.371	688.01 	82.8292
319	16.8331	139.735	620.958	80.5296
320	16.8331	140.925	620.958	83.1148
321	16.8331	140.581	589.353	83.6314
322	16.8331	139.009	620.533	82.3671
323	16.8331	137.839	522.415	79.2168
324	16.8331	139.096	526.639	80.7318
325	16.8331	139.034	624.771	80.54  
326	16.8331	140.614	596.62 	81.4715
327	16.8331	141.521	581.058	80.8929
328	16.8331	141.995	495.405	84.879 
329	16.8331	141.663	627.903	86.6473
330	16.8331	142.431	540.546	83.9462
331	16.8331	142.538	675.55 	85.5245
332	16.8331	142.361	535.082	83.2814
333	16.8331	140.342	479.866	77.8349
334	16.8331	140.618	649.797	82.1539
335	16.8331	142.034	560.568	84.177 
336	16.8331	139.219	621.276	81.7334
337	16.8331	138.84 	496.027	77.8153
338	16.8331	139.161	471.529	78.6559
339	16.8331	139.223	575.484	79.3753
340	16.8331	137.79 	517.097	76.8542
341	16.8331	138.386	518.915	77.6083
342	16.8331	140.57 	540.548	81.4266
343	16.8331	140.024	578.042	80.4494
344	16.8331	139.064	551.397	79.4296
345	16.8331	138.973	496.774	77.9182
346	16.8331	138.986	526.17 	79.2023
347	16.8331	139.757	605.147	80.0684
348	16.8331	140.615	497.994	80.1325
349	16.8331	139.913	470.154	76.937 
350	16.8331	139.112	570.685	78.5934
351	16.8331	141.025	493.063	80.4806
352	16.8331	141.819	637.167	85.4597
353	16.8331	143.309	669.112	86.4163
354	16.8331	143.176	747.847	88.5992
355	16.8331	141.404	597.05 	83.6752
356	16.8331	140.477	510.684	78.994 
357	16.8331	140.936	562.83 	80.423 
358	16.8331	141.354	565.463	80.7273
359	16.8331	141.687	673.208	82.1042
360	16.8331	141.306	650.54 	79.3806
361	16.8331	139.407	439.661	75.1344
362	16.8331	140.579	478.943	75.1434
363	16.8331	141.448	531.323	78.2088
364	16.8331	141.617	514.89 	78.5163
365	16.8331	143.709	562.401	78.8489
366	16.8331	143.831	629.154	83.3228
367	16.8331	142.926	548.343	82.5337
368	16.8331	143.166	676.099	80.2919
369	16.8331	144.431	777.807	86.1541
370	16.8331	143.404	601.952	81.0131
371	16.8331	143.074	583.683	79.2955
372	16.8331	143.847	627.163	82.8314
373	16.8331	144.57 	520.54 	85.9738
374	16.8331	144.205	636.545	85.457 
375	16.5854	141.714	541.013	81.8233
376	16.5854	143.422	571.277	83.3566
377	16.5854	144.59 	571.277	81.8622
378	16.5854	144.737	571.277	81.5608
379	16.5854	143.894	617.429	81.8571
380	16.5854	146.793	630.2  	86.2991
381	16.5854	145.188	617.216	87.6738
382	16.5854	145.935	574.967	87.7208
383	16.5854	143.036	530.646	81.9181
384	16.5854	145.493	516.588	86.1518
385	16.5854	145.419	463.349	84.8414
386	16.5854	145.833	641.229	84.1401
387	16.5854	148.069	747.025	89.9142
388	16.5854	145.918	589.36 	86.0369
389	16.5854	145.563	546.351	84.7382
390	16.5854	148.066	701.949	93.5004
391	16.5854	148.297	781.982	94.6964
392	16.5854	146.069	699.466	88.8926
393	16.5854	147.546	741.018	91.1219
394	16.5854	145.884	635.604	85.3551
395	16.5854	145.505	583.674	83.3687
396	16.5854	144.699	525.241	83.0771
397	16.5854	142.839	519.799	80.5184
398	16.5854	143.907	577.748	82.2997
399	16.5854	144.666	636.45 	83.8153
400	16.5854	142.693	612.022	83.7201
401	16.5854	142.653	562.151	81.274 
402	16.5854	145.389	550.921	85.5551
403	16.5854	144.394	603.285	84.679 
404	16.5854	144.321	465.536	80.5571
405	16.5854	145.897	484.206	82.8363
406	16.5854	144.65 	502.717	81.0245
407	16.5854	146.098	650.074	84.432 
408	16.5854	144.917	575.298	84.7847
409	16.5854	144.468	614.615	86.5723
410	16.5854	145.545	720.906	89.4073
411	16.5854	146.901	617.315	89.1476
412	16.5854	145.272	684.013	84.8017
413	16.5854	144.606	653.664	86.1762
414	16.5854	145.663	623.921	86.0322
415	16.5854	144.761	598.084	85.7558
416	16.5854	146.31 	623.451	90.6046
417	16.5854	144.136	570.673	84.7576
418	16.5854	145.738	549.759	87.4183
419	15.4881	145.177	637.984	84.0055
420	15.4881	148.293	477.703	83.9593
421	15.4881	148.94 	726.35 	88.9532
422	15.4881	147.736	714.543	84.1475
423	15.4881	145.365	533.543	80.9193
424	15.4881	144.467	569.803	84.2779
425	15.4881	146.116	714.763	86.9746
426	15.4881	146.025	565.682	85.1326
427	15.4881	149.266	1008.25	100.689
428	15.4881	146.156	593.716	85.2927
429	15.4881	145.968	593.674	84.8677
430	15.4881	146.227	498.453	85.0091
431	15.4881	146.936	578.129	87.6977
432	15.4881	147.333	723.004	90.6793
433	15.4881	147.595	667.158	89.4619
434	15.4881	146.785	623.935	86.7214
435	15.4881	147.778	559.051	87.2555
436	15.4881	147.292	507.89 	83.0866
437	15.4881	146.858	522.879	84.3271
438	15.4881	146.822	581.016	83.7946
439	15.4881	145.966	737.602	88.0011
440	15.4881	147.501	591.446	84.945 
441	15.4881	146.392	547.537	84.8255
442	15.4881	146.415	520.875	83.0924
443	15.4881	146.461	582.008	83.511 
444	15.4881	146.504	541.068	82.3926
445	15.4881	146.974	629.475	83.2589
446	15.4881	147.175	589.736	84.7541
447	15.4881	148.313	536.528	85.6907
448	15.4881	148.792	620.597	86.3815
449	15.4881	149.206	651.726	87.1709
450	15.4881	149.062	636.542	88.1525
451	15.4881	148.023	631.98 	84.9625
452	15.4881	148.648	611.199	87.9075
453	15.4881	149.147	555.215	88.8344
454	15.4881	148.915	530.52 	87.8566
455	15.4881	147.313	984.275	91.1478
456	15.4881	144.675	462.437	81.7436
457	15.4881	146.27 	492.147	83.6662
458	15.4881	144.553	546.977	81.3677
459	15.4881	148.143	627.455	87.7294
460	10.2821	147.714	725.985	87.1818
461	10.2821	145.822	486.479	82.6748
462	10.2821	145.353	584.353	83.716 
463	10.2821	144.471	534.591	82.8323
464	10.2821	145.317	516.868	84.8668
465	10.2821	145.543	654.373	88.2933
466	10.2821	144.633	596.473	86.0277
467	10.2821	145.765	627.274	88.0769
468	10.2821	145.32 	568.459	86.1   
469	10.2821	147.52 	523.663	83.7247
470	10.2821	148.006	670.402	85.9189
471	10.2821	147.707	670.402	90.2293
472	10.2821	148.594	574.457	89.3415
473	10.2821	146.893	659.919	88.3004
474	10.2821	146.981	611.66 	84.0854
475	10.2821	147.824	492.856	83.6469
476	10.2821	149.235	545.024	86.5424
477	10.2821	150.637	711.309	90.3217
478	10.2821	150.07 	666.136	88.8336
479	10.2821	147.835	535.45 	83.5622
480	10.2821	147.459	538.23 	82.9548
481	10.2821	147.668	589.166	84.0258
482	10.2821	147.277	493.946	83.1232
483	10.2821	149.131	551.543	86.0333
484	10.2821	150.177	581.207	87.4041
485	10.2821	150.063	549.007	88.5898
486	10.2821	151.198	538.525	90.6044
487	10.2821	150.458	528.195	87.0595
488	10.2821	149.959	621.477	87.5073
489	10.2821	147.857	523.446	83.0719
490	10.2821	149.189	737.315	87.6016
491	10.2821	149.243	597.38 	86.1421
492	10.2821	151.302	758.632	90.8482
493	10.2821	151.435	632.201	90.5409
494	10.2821	151.464	604.844	91.129 
495	10.2821	148.417	558.171	86.9972
496	10.2821	147.656	498.765	84.7787
497	10.2821	147.873	481.654	84.4376
498	10.2821	148.49 	539.351	84.1804
499	10.2821	148.8  	514.933	86.2239
-16.93999999
