/usr/lib/python2.7/site-packages/deap/tools/_hypervolume/pyhv.py:33: ImportWarning: Falling back to the python version of hypervolume module. Expect this to be very slow.
  "module. Expect this to be very slow.", ImportWarning)
gen	min     	avg     	max     	std    
0  	-87.9912	-69.9603	-13.3928	9.07781
1  	-88.8711	-69.7719	-28.6913	8.82401
2  	-88.8711	-69.8991	-34.3515	8.35819
3  	-88.8711	-69.8174	-34.5598	8.57084
4  	-89.7086	-69.6698	-29.8905	8.7222 
5  	-89.7086	-69.6885	-31.5113	8.7847 
6  	-89.7086	-69.8293	-37.1528	8.56891
7  	-89.7086	-69.7025	-33.7572	8.72534
8  	-89.7086	-69.5888	-34.6844	8.94127
9  	-89.7086	-69.6436	-34.9322	8.56046
10 	-89.7086	-69.4349	-36.9427	8.51662
11 	-89.7086	-69.6377	-34.9929	8.58571
12 	-89.7086	-69.5719	-37.6878	8.58634
13 	-89.7086	-69.5777	-37.9873	8.41561
14 	-89.7086	-69.4462	-30.5501	8.97249
15 	-89.7086	-69.3894	-31.9824	8.87578
16 	-89.7086	-69.2146	-28.8076	9.44553
17 	-89.7086	-69.1778	-24.0052	9.38549
18 	-89.7086	-69.0832	-33.9195	9.26344
19 	-89.7086	-69.2098	-32.0811	8.7819 
20 	-90.82  	-69.1055	-25.4375	8.98042
21 	-90.82  	-69.1573	-30.7014	9.30675
22 	-90.82  	-69.1218	-31.1674	9.02189
23 	-90.82  	-69.1257	-29.1971	9.5401 
24 	-90.82  	-68.8109	-29.9779	9.80198
25 	-90.82  	-68.8677	-20.0695	9.68087
26 	-90.82  	-68.8187	-23.0332	9.48889
27 	-91.6692	-68.7393	-28.3191	9.51291
28 	-91.6692	-68.7917	-29.0955	9.55257
29 	-91.6692	-68.6639	-25.9203	9.64784
30 	-91.6692	-68.4907	-22.8399	9.85664
31 	-91.6692	-68.4815	-22.0475	9.83306
32 	-91.6692	-68.6784	-17.2614	9.48909
33 	-91.6692	-68.5452	-23.0623	9.53771
34 	-91.6692	-68.5875	-16.9662	9.64142
35 	-91.6692	-68.2935	-35.576 	9.74791
36 	-91.6692	-68.0552	-23.451 	10.1225
37 	-91.6692	-67.601 	-13.3308	10.782 
38 	-91.6692	-67.8309	-26.2063	10.2452
39 	-91.6692	-67.931 	-16.4232	10.4492
40 	-91.6692	-68.0872	-21.6852	10.3833
41 	-91.6692	-68.0496	-23.2033	10.067 
42 	-91.6692	-67.681 	-9.35962	10.342 
43 	-91.6692	-67.7877	-20.6138	10.0842
44 	-91.6692	-67.8931	-20.6138	10.1501
45 	-91.6692	-67.8145	-21.391 	10.2677
46 	-91.6692	-67.8429	-18.1688	10.7713
47 	-91.6692	-67.4012	-19.1361	10.8782
48 	-91.6692	-67.4816	-27.8392	10.2261
49 	-91.6692	-67.4521	-13.8458	10.5677
50 	-91.6692	-67.4556	-8.95994	10.4613
51 	-91.6692	-67.0472	-11.6927	10.7136
52 	-91.6692	-67.1678	-16.9127	10.7717
53 	-91.6692	-66.9592	-22.547 	10.809 
54 	-91.6692	-66.6791	-21.6029	10.8835
55 	-91.6692	-66.824 	-14.6183	11.0199
56 	-91.6692	-66.8396	-12.971 	10.9397
57 	-91.6692	-67.022 	-18.2174	10.743 
58 	-91.6692	-66.7575	-11.6998	11.0681
59 	-91.6692	-66.8997	-19.9353	10.8938
60 	-91.6692	-66.9783	-5.89527	10.2873
61 	-91.6692	-66.7979	-26.6004	10.5041
62 	-91.6692	-66.6611	-31.1727	10.7341
63 	-91.6692	-66.6933	-28.7409	10.7304
64 	-91.6692	-66.3977	-6.48336	10.895 
65 	-91.6692	-66.4581	-4.35301	11.3132
66 	-91.6692	-66.8694	-10.2783	10.7867
67 	-91.6692	-66.8241	-22.0104	10.6091
68 	-91.6692	-66.6182	-9.45292	11.4085
69 	-91.6692	-66.5922	-12.2917	11.356 
70 	-91.6692	-66.4107	-15.3878	11.3062
71 	-91.6692	-66.3608	-5.01691	11.4219
72 	-91.6692	-66.4487	-10.4248	11.1351
73 	-91.6692	-66.3901	-15.2533	11.1565
74 	-91.6692	-66.189 	-13.2267	11.1078
75 	-91.6692	-66.1579	-15.0584	11.2723
76 	-91.6692	-66.1983	-19.037 	10.9129
77 	-92.4157	-66.2876	-19.774 	10.862 
78 	-92.4157	-66.3336	-25.5347	10.457 
79 	-92.4157	-66.1242	-15.6927	11.2204
80 	-92.4157	-66.0759	-16.4501	11.3248
81 	-92.4157	-65.9878	-16.4501	11.2461
82 	-92.4157	-66.1913	-14.0044	10.994 
83 	-92.4157	-65.7701	-11.7224	11.3363
84 	-92.4157	-65.5643	-6.91854	12.0693
85 	-92.4157	-65.6858	-11.2017	11.8654
86 	-92.4157	-65.8722	-17.1936	11.7876
87 	-92.4157	-65.9137	-13.7743	12.0798
88 	-92.4157	-65.8031	-6.12204	12.6073
89 	-92.4157	-65.6011	-10.4105	12.3717
90 	-92.4157	-65.5127	-5.27218	12.0011
91 	-92.4157	-65.4514	-10.8848	11.9364
92 	-92.4157	-65.5395	-23.8118	11.4317
93 	-92.4157	-65.6211	-5.19915	11.1872
94 	-92.4157	-65.1807	-3.08735	11.6757
95 	-92.4157	-64.9163	3.08078 	12.0818
96 	-92.4157	-64.8008	0.644185	12.3797
97 	-92.4157	-65.0038	-12.5754	11.9968
98 	-92.4157	-64.6135	-12.5754	12.1966
99 	-92.4157	-64.8561	-3.99929	12.2976
100	-92.4157	-65.1555	-23.3319	11.3949
101	-92.4157	-65.1191	-28.6654	11.2736
102	-92.4157	-64.9744	-23.7798	11.4495
103	-92.4157	-64.9501	-15.1359	11.661 
104	-92.4157	-64.836 	-13.0391	12.0042
105	-92.4157	-64.8939	-22.1762	11.7782
106	-92.4157	-64.9086	-24.0423	11.5551
107	-92.4157	-64.956 	-17.5253	11.7281
108	-92.4157	-64.7302	-0.0498539	12.383 
109	-92.4157	-64.5043	-6.50148  	12.297 
110	-92.4157	-64.119 	-5.34471  	13.1549
111	-92.4157	-64.307 	-11.4855  	12.5982
112	-92.4157	-64.0182	-3.14582  	12.8624
113	-92.4157	-63.7898	1.12453   	13.1969
114	-92.4157	-63.9959	-4.34234  	13.2923
115	-92.4157	-63.7937	1.91095   	13.3676
116	-92.4157	-64.2154	-17.9527  	12.3992
117	-92.4157	-64.0149	-14.7157  	12.7883
118	-92.4157	-63.7395	0.500709  	13.4174
119	-92.8841	-63.7748	-0.404584 	13.4542
120	-92.8841	-63.976 	-7.03678  	13.0779
121	-92.8841	-63.8851	-12.6055  	12.459 
122	-92.8841	-63.8461	-5.2501   	12.6911
123	-92.8841	-63.9118	-5.83889  	12.8625
124	-92.8841	-63.8832	-3.7797   	12.2001
125	-92.8841	-63.4786	6.15104   	12.8041
126	-92.8841	-63.0451	1.85175   	12.9144
127	-92.8841	-63.4667	-4.77949  	12.5975
128	-92.8841	-63.1564	-0.548013 	12.94  
129	-92.8841	-63.7278	-14.9419  	12.6761
130	-92.8841	-63.8153	-4.44993  	13.4095
131	-92.8841	-63.692 	-7.17136  	13.2847
132	-92.8841	-63.8348	-9.04147  	12.7195
133	-92.8841	-63.7073	-15.4231  	12.7313
134	-92.8841	-63.2881	-2.6693   	13.0416
135	-92.8841	-63.3608	-3.55786  	12.7215
136	-92.8841	-63.4114	-4.36059  	12.6767
137	-92.8841	-63.3745	-1.69002  	12.6885
138	-92.8841	-63.4332	-3.52902  	12.9798
139	-92.8841	-63.5299	2.62605   	12.7688
140	-92.8841	-63.3678	21.6958   	13.2068
141	-92.8841	-63.3151	-11.9778  	13.0412
142	-92.8841	-63.574 	-9.1671   	12.9445
143	-92.8841	-63.5813	-14.2271  	12.3866
144	-92.8841	-63.6218	-15.2995  	12.5287
145	-92.8841	-63.5952	-16.9912  	12.6137
146	-92.8841	-63.2748	-2.31996  	12.6859
147	-92.8841	-63.1105	-13.5186  	12.8767
148	-92.8841	-63.4627	-13.7967  	12.81  
149	-92.8841	-63.4193	-5.03154  	12.6449
150	-92.8841	-63.3224	-16.0592  	12.9901
151	-92.8841	-63.0043	-17.9565  	13.2952
152	-92.8841	-62.9967	0.616579  	13.2978
153	-92.8841	-62.9304	-4.63275  	13.5781
154	-92.8841	-62.5773	6.58531   	13.9768
155	-92.8841	-62.7808	-3.38402  	13.8329
156	-92.8841	-62.9943	-3.04903  	13.4977
157	-92.8841	-62.6636	-10.2588  	13.671 
158	-92.8841	-62.8626	-8.5261   	13.4096
159	-92.8841	-62.9348	0.0164824 	13.0748
160	-92.8841	-62.8448	-1.33973  	13.2818
161	-92.8841	-63.0311	-11.679   	12.5014
162	-92.8841	-62.6114	-11.679   	12.9666
163	-92.8841	-62.5058	0.271322  	13.43  
164	-92.8841	-62.5736	8.25709   	13.5653
165	-92.8841	-62.406 	-8.23783  	13.5998
166	-92.8841	-62.1513	-8.23783  	13.5817
167	-92.8841	-61.9388	2.84759   	13.85  
168	-92.8841	-62.2118	7.38469   	13.9513
169	-92.8841	-62.0372	2.94813   	14.0052
170	-92.8841	-62.4532	2.27762   	13.9057
171	-92.8841	-61.9859	-2.2318   	14.3247
172	-92.8841	-61.8903	11.3445   	14.6375
173	-92.8841	-62.1095	5.5788    	13.8578
174	-92.8841	-62.2278	-6.14987  	13.6791
175	-92.8841	-62.2303	10.3665   	14.1341
176	-92.8841	-61.9641	14.2144   	13.6778
177	-92.8841	-62.3558	3.0651    	13.989 
178	-92.8841	-62.562 	4.40056   	13.5913
179	-92.8841	-62.2811	-0.460867 	13.9557
180	-92.8841	-61.9042	-0.375929 	14.5117
181	-92.8841	-61.9362	6.60263   	14.9549
182	-92.8841	-62.354 	5.58524   	14.3015
183	-92.8841	-62.0309	3.12609   	14.568 
184	-92.8841	-62.4797	-1.5447   	13.6502
185	-92.8841	-62.3565	-3.97269  	13.5268
186	-92.8841	-62.0841	-3.62382  	13.3768
187	-92.8841	-61.8949	11.4739   	13.9531
188	-92.8841	-62.2336	6.86724   	13.6521
189	-92.8841	-62.075 	-0.734463 	13.6083
190	-92.8841	-61.6438	20.0587   	14.197 
191	-92.8841	-61.8841	-4.34065  	13.7301
192	-92.8841	-61.6698	-2.88169  	14.0401
193	-92.8841	-61.6925	-2.88169  	14.1835
194	-92.8841	-61.6275	7.74306   	14.3701
195	-92.8841	-61.536 	35.5931   	14.7765
196	-92.8841	-61.6955	17.1675   	14.6439
197	-92.8841	-61.3698	21.454    	15.1472
198	-92.8841	-61.8008	15.0937   	15.0645
199	-92.8841	-61.4762	24.2011   	15.2836
200	-92.8841	-61.569 	-1.72045  	14.5995
201	-92.8841	-61.7717	26.4843   	14.4179
202	-92.8841	-61.3255	6.901     	15.0426
203	-92.8841	-61.7764	-9.65996  	14.4263
204	-92.8841	-61.9772	-7.46367  	14.2632
205	-92.8841	-61.9126	2.81718   	14.6738
206	-92.8841	-61.5736	11.0038   	15.0795
207	-92.8841	-61.677 	3.91269   	15.2876
208	-92.8841	-61.8771	0.760804  	14.4957
209	-92.8841	-61.9199	20.5937   	14.832 
210	-92.8841	-61.4245	-2.40625  	14.678 
211	-92.8841	-61.6253	-5.61993  	14.5868
212	-92.8841	-61.4663	8.35154   	15.0167
213	-92.8841	-61.6546	8.43795   	14.5602
214	-92.8841	-61.4148	3.69147   	15.1749
215	-92.8841	-61.3001	4.13733   	15.2692
216	-92.8841	-61.2601	-4.36795  	14.6601
217	-92.8841	-61.3441	-6.58152  	14.8   
218	-92.8841	-61.5045	2.08877   	14.653 
219	-92.8841	-61.6709	5.08726   	14.9088
220	-92.8841	-61.1692	22.6282   	15.7879
221	-92.8841	-61.1396	4.30852   	15.112 
222	-92.8841	-61.0722	15.7211   	15.1411
223	-92.8841	-61.2484	-4.00381  	14.0068
224	-92.8841	-60.9809	-2.65406  	14.5568
225	-92.8841	-60.9934	2.48946   	15.0136
226	-92.8841	-61.0821	1.48002   	14.745 
227	-92.8841	-61.4489	-3.08477  	14.4099
228	-92.8841	-61.2196	4.61694   	14.8487
229	-92.8841	-61.4235	-5.61871  	14.4302
230	-93.0927	-61.1758	12.9964   	14.6817
231	-93.0927	-60.7985	1.85275   	14.799 
232	-93.0927	-61.1852	-1.94662  	14.6763
233	-93.0927	-60.5789	4.35038   	14.7666
234	-93.0927	-61.0336	-1.60579  	14.6551
235	-93.0927	-60.6243	2.34039   	15.633 
236	-93.0927	-60.6477	-0.466102 	15.1808
237	-93.0927	-60.4953	0.900394  	15.4272
238	-93.0927	-60.3542	10.7009   	15.2931
239	-93.0927	-60.9214	12.5092   	15.085 
240	-93.0927	-60.9103	9.11239   	15.2944
241	-93.0927	-60.9536	9.11239   	15.27  
242	-93.0927	-60.8572	0.383141  	15.4312
243	-93.0927	-61.0295	12.5649   	15.495 
244	-93.0927	-61.2571	4.27309   	15.0667
245	-93.0927	-61.1167	-3.21026  	15.027 
246	-93.0927	-60.7401	10.6402   	15.4204
247	-93.0927	-60.9832	9.27613   	15.346 
248	-93.0927	-60.9581	16.5496   	15.4586
249	-93.0927	-61.0987	12.2284   	15.0217
250	-93.0927	-61.2155	-1.87663  	14.5312
251	-93.0927	-60.971 	-1.00214  	14.9754
252	-93.0927	-61.1619	8.10316   	15.0385
253	-93.0927	-61.3353	0.809126  	14.6808
254	-93.0927	-61.2478	2.92225   	14.8047
255	-93.0927	-61.0888	-2.46356  	14.4361
256	-93.0927	-61.198 	-0.740246 	14.6076
257	-93.0927	-60.7991	5.13052   	14.9827
258	-93.0927	-60.9583	14.5323   	15.344 
259	-93.0927	-61.348 	11.4642   	14.9253
260	-93.0927	-60.9377	16.8264   	15.2522
261	-93.0927	-60.6768	11.7347   	15.169 
262	-93.0927	-60.5272	16.7933   	15.8184
263	-93.0927	-60.6783	7.45597   	15.2789
264	-93.0927	-60.7402	11.4037   	15.3387
265	-93.0927	-61.1445	-3.69015  	14.6356
266	-93.0927	-61.0253	9.69979   	14.5316
267	-93.0927	-61.1329	9.69979   	13.8784
268	-93.0927	-61.027 	-8.15769  	14.0939
269	-93.0927	-61.122 	2.6664    	14.0552
270	-93.0927	-61.4581	15.5792   	14.0955
271	-93.0927	-60.9199	0.161802  	14.8723
272	-93.0927	-61.0177	15.6342   	14.8362
273	-93.0927	-60.8829	12.4241   	14.8397
274	-93.0927	-60.6868	16.4091   	15.3819
275	-93.0927	-60.3827	10.2806   	15.2681
276	-93.0927	-60.4996	-0.412689 	14.7994
277	-93.0927	-60.3737	-0.412689 	14.5676
278	-93.0927	-60.3224	3.05777   	15.1828
279	-93.0927	-60.3574	11.3532   	15.2703
280	-93.0927	-60.1995	14.0953   	15.6892
281	-93.0927	-60.2497	11.9521   	16.242 
282	-93.0927	-60.2954	0.477107  	15.5179
283	-93.0927	-60.2524	13.6872   	15.0391
284	-93.0927	-59.8063	13.6872   	15.8537
285	-93.0927	-60.1799	6.87883   	14.9297
286	-93.0927	-60.3844	11.0181   	15.3502
287	-93.0927	-60.3321	15.3287   	15.2736
288	-93.0927	-60.1038	10.1766   	15.0745
289	-93.0927	-60.1446	7.85499   	14.9884
290	-93.0927	-60.273 	8.08626   	15.1912
291	-93.0927	-60.1933	9.30231   	15.3535
292	-93.0927	-60.1765	13.5552   	15.5957
293	-93.0927	-60.304 	22.2904   	15.5423
294	-93.0927	-60.5696	6.2878    	15.4825
295	-93.0927	-60.6743	2.18103   	15.0874
296	-93.0927	-60.7629	-7.47623  	14.8173
297	-93.0927	-60.5873	6.26821   	15.3253
298	-93.0927	-60.5019	-0.435465 	15.7889
299	-93.0927	-60.4736	13.8036   	15.8356
300	-93.0927	-60.3675	13.8036   	15.6971
301	-93.0927	-60.3959	28.9811   	15.3592
302	-93.0927	-60.0619	3.62195   	15.3345
303	-93.0927	-60.0508	-4.6671   	15.1187
304	-93.0927	-59.8761	2.57487   	15.5126
305	-93.0927	-59.8354	-0.895438 	15.5557
306	-93.0927	-59.9941	12.2412   	15.7112
307	-93.0927	-60.0691	10.2937   	15.8785
308	-93.0927	-60.1475	16.248    	15.5669
309	-93.0927	-60.1007	15.77     	15.4421
310	-93.0927	-59.8954	32.5726   	15.9935
311	-93.0927	-59.8405	21.0248   	16.3072
312	-93.0927	-60.0507	8.71782   	15.8045
313	-93.0927	-59.8007	2.04536   	15.5022
314	-93.0927	-59.8872	19.8613   	15.7376
315	-93.0927	-59.9678	27.7567   	15.8021
316	-93.0927	-60.0839	17.5858   	15.5438
317	-93.0927	-59.7964	2.80543   	15.714 
318	-93.0927	-60.1726	7.7307    	15.8519
319	-93.0927	-60.3385	4.22517   	15.079 
320	-93.0927	-60.445 	4.60253   	14.8128
321	-93.0927	-60.3467	6.76906   	15.5391
322	-93.0927	-60.4116	12.5038   	15.334 
323	-93.0927	-60.2408	13.0409   	15.5333
324	-93.0927	-60.3429	10.2055   	15.4812
325	-93.0927	-59.8181	13.6881   	16.0056
326	-93.0927	-59.96  	19.7522   	15.8211
327	-93.0927	-59.8445	17.5351   	15.6924
328	-93.0927	-60.2958	8.90268   	15.4824
329	-93.0927	-60.0962	20.0502   	15.5742
330	-93.0927	-60.2169	2.42553   	15.2559
331	-93.0927	-59.9903	5.26433   	15.8681
332	-93.0927	-59.9846	23.633    	15.9544
333	-93.0927	-59.9504	2.81312   	15.8971
334	-93.0927	-59.9613	9.55282   	16.0176
335	-93.0927	-60.0731	8.68854   	15.5704
336	-93.0927	-60.4336	14.6712   	15.32  
337	-93.0927	-60.2723	-3.99372  	15.4299
338	-93.0927	-60.1527	23.4891   	15.8749
339	-93.0927	-60.072 	10.7699   	15.746 
340	-93.0927	-60.2241	5.63233   	15.2578
341	-93.0927	-59.7032	6.54255   	16.0995
342	-93.0927	-60.1719	5.1391    	15.7914
343	-93.0927	-60.1648	12.6179   	15.3741
344	-93.0927	-60.2021	16.7182   	15.6062
345	-93.0927	-60.0727	11.6716   	15.5606
346	-93.0927	-59.8513	22.2301   	15.9628
347	-93.0927	-59.7219	3.06724   	16.1546
348	-93.0927	-59.9971	1.38659   	15.6125
349	-93.0927	-59.7895	0.896217  	15.7385
350	-93.0927	-59.8343	2.20554   	16.1466
351	-93.0927	-59.7849	15.4646   	16.2673
352	-93.0927	-60.294 	10.8211   	15.8081
353	-93.0927	-59.7587	17.2675   	16.4412
354	-93.0927	-59.546 	18.0949   	16.7568
355	-93.0927	-59.6315	23.3823   	16.091 
356	-93.0927	-59.124 	22.4952   	16.3876
357	-93.0927	-59.1823	22.074    	16.348 
358	-93.0927	-59.554 	11.3279   	15.9532
359	-93.0927	-59.3267	9.21824   	16.2195
360	-93.0927	-59.4136	1.42112   	15.4512
361	-93.0927	-59.5927	-4.83809  	14.7248
362	-93.0927	-59.3726	9.53564   	15.5706
363	-93.0927	-59.6073	3.81392   	15.2783
364	-93.0927	-59.4509	13.3713   	15.7656
365	-93.0927	-59.5439	14.0372   	15.8539
366	-93.0927	-59.6877	12.0858   	15.6925
367	-93.0927	-59.7649	10.1935   	15.046 
368	-93.0927	-59.5575	7.82552   	15.2533
369	-93.0927	-59.8772	16.8828   	15.0788
370	-93.0927	-59.5688	1.21082   	15.8598
371	-93.0927	-59.6222	17.2456   	15.6408
372	-93.0927	-59.7816	10.3152   	15.3517
373	-93.0927	-59.3949	2.30423   	15.7012
374	-93.0927	-59.5553	16.2053   	15.7936
375	-93.0927	-59.5331	6.65832   	15.5985
376	-93.0927	-59.4097	15.647    	16.4159
377	-93.0927	-59.3082	8.35785   	16.2295
378	-93.0927	-58.9706	16.8108   	16.9147
379	-93.0927	-58.8489	12.7267   	17.1295
380	-93.0927	-58.6802	11.9131   	17.1742
381	-93.0927	-58.2518	13.4927   	17.6067
382	-93.0927	-58.395 	13.4927   	17.7897
383	-93.0927	-58.4449	63.8266   	18.671 
384	-93.0927	-58.2788	52.3862   	19.306 
385	-93.0927	-58.3287	42.8829   	18.7977
386	-93.0927	-58.4626	29.656    	17.8717
387	-93.0927	-58.546 	10.9834   	17.0301
388	-93.0927	-58.8615	8.28337   	16.6524
389	-93.0927	-58.9986	8.28337   	16.1935
390	-93.0927	-58.8818	28.7294   	16.565 
391	-93.0927	-59.224 	26.224    	16.6723
392	-93.0927	-59.2042	14.1109   	16.5784
393	-93.0927	-58.9572	40.372    	17.4782
394	-93.0927	-58.8528	40.372    	17.9007
395	-93.0927	-58.6371	35.9646   	18.0959
396	-93.0927	-59.1363	11.4444   	16.8053
397	-93.0927	-59.1069	12.0042   	16.7586
398	-93.0927	-58.7354	23.1434   	17.2474
399	-93.0927	-59.0849	20.62     	17.1612
400	-93.0927	-59.1707	28.7878   	17.2465
401	-93.0927	-59.4213	29.884    	16.8911
402	-93.0927	-59.1938	15.6406   	17.2172
403	-93.0927	-58.9838	13.9777   	16.786 
404	-93.0927	-59.1899	12.202    	16.5354
405	-93.0927	-59.1915	3.32427   	16.2526
406	-93.0927	-59.5908	3.28728   	16.0141
407	-93.0927	-59.7614	14.371    	16.1562
408	-93.0927	-59.3713	9.20841   	16.3904
409	-93.0927	-59.2381	18.9342   	16.8792
410	-93.0927	-59.2184	34.3445   	16.6935
411	-93.0927	-59.6276	7.469     	16.4412
412	-93.0927	-59.5019	4.98578   	16.8317
413	-93.0927	-58.9229	3.60468   	16.9494
414	-93.0927	-58.7993	2.96211   	17.1669
415	-93.0927	-58.7898	27.5755   	17.2321
416	-93.0927	-58.8438	24.3557   	17.0673
417	-93.0927	-58.8055	14.8515   	16.9102
418	-93.0927	-59.1781	18.9867   	16.6198
419	-93.0927	-59.1704	7.12044   	16.5939
420	-93.0927	-58.9155	28.6575   	17.1916
421	-93.0927	-58.7752	31.4889   	18.1241
422	-93.0927	-58.8233	32.113    	17.8682
423	-93.0927	-58.5383	26.0785   	18.1774
424	-93.0927	-59.1009	25.2749   	17.0027
425	-93.0927	-58.9595	32.8868   	16.9441
426	-93.0927	-59.1844	11.894    	16.8237
427	-93.0927	-59.3652	4.61804   	16.6295
428	-93.0927	-58.9536	26.7868   	17.0554
429	-93.0927	-59.0847	8.4508    	16.4533
430	-93.0927	-59.1415	28.7289   	17.1744
431	-93.0927	-59.0827	17.1734   	17.5138
432	-93.0927	-59.1659	18.2869   	17.3101
433	-93.0927	-58.9851	39.808    	17.7769
434	-93.0927	-59.1285	22.3196   	17.2925
435	-93.0927	-59.152 	18.315    	17.3421
436	-93.0927	-58.936 	18.315    	17.3772
437	-93.0927	-59.0283	10.4478   	17.1738
438	-93.0927	-58.9872	21.2775   	17.2034
439	-93.0927	-59.2004	8.97371   	17.3655
440	-93.0927	-59.3571	12.6481   	17.2167
441	-93.0927	-59.1087	25.1738   	17.0283
442	-93.0927	-59.5188	19.8077   	16.8454
443	-93.0927	-59.3565	21.9597   	16.9722
444	-93.0927	-59.04  	16.3188   	17.2682
445	-93.0927	-58.8873	11.4932   	16.7182
446	-93.0927	-59.1343	14.5239   	17.1651
447	-93.0927	-59.4018	5.14451   	16.8824
448	-93.0927	-59.1123	5.14451   	16.9918
449	-93.0927	-59.3723	15.9955   	16.9239
450	-93.0927	-59.4975	18.2924   	16.9491
451	-93.0927	-59.2892	30.1761   	17.4769
452	-93.0927	-59.2128	22.2855   	17.0694
453	-93.0927	-59.1204	31.7349   	16.9403
454	-93.0927	-59.2495	22.3847   	16.8091
455	-93.0927	-59.209 	51.5281   	17.6588
456	-93.0927	-59.0458	23.6009   	17.3768
457	-93.0927	-58.8911	16.6624   	17.4639
458	-93.0927	-59.1099	34.2486   	17.5372
459	-93.0927	-59.2944	10.3406   	16.9889
460	-93.0927	-59.0061	2.40166   	16.9102
461	-93.0927	-58.8492	12.6078   	17.4031
462	-93.0927	-58.7014	12.1094   	17.4598
463	-93.0927	-59.0049	7.29844   	17.3293
464	-93.0927	-58.9752	13.5793   	17.0946
465	-93.0927	-59.1345	16.4507   	16.872 
466	-93.0927	-59.3776	18.6956   	16.8971
467	-93.0927	-59.7539	15.1998   	16.3998
468	-93.0927	-60.0158	14.8732   	16.6726
469	-93.0927	-59.7459	18.8652   	16.9617
470	-93.0927	-59.6631	16.0002   	16.5865
471	-93.0927	-59.6715	16.7747   	16.5501
472	-93.0927	-59.6233	21.1469   	16.7729
473	-93.0927	-59.6644	4.04548   	16.3943
474	-93.0927	-59.9007	-0.664849 	16.1032
475	-93.0927	-59.3811	14.6578   	16.8728
476	-93.0927	-59.3354	26.2481   	16.6612
477	-93.0927	-59.2022	34.0231   	17.0182
478	-93.0927	-59.3829	33.2531   	16.7878
479	-93.0927	-59.2944	27.7405   	16.3049
480	-93.0927	-59.2449	49.657    	17.1912
481	-93.0927	-59.2808	29.9659   	16.9871
482	-93.0927	-59.0164	23.4467   	17.2156
483	-93.0927	-59.1607	10.97     	16.8696
484	-93.0927	-59.0557	6.72624   	16.7265
485	-93.0927	-59.1044	11.2744   	16.9771
486	-93.0927	-59.5551	17.2564   	16.5146
487	-93.0927	-59.4442	6.62977   	16.7303
488	-93.0927	-59.4757	5.63611   	16.0751
489	-93.0927	-58.9915	12.0527   	16.9053
490	-93.0927	-59.1065	9.39798   	16.632 
491	-93.0927	-58.9035	14.7746   	17.1488
492	-93.0927	-58.7612	8.94314   	17.277 
493	-93.0927	-58.9865	6.74634   	17.4165
494	-93.0927	-58.9482	6.41701   	17.2173
495	-93.0927	-58.9262	19.6011   	17.7476
496	-93.0927	-59.1525	38.8742   	17.8552
497	-93.0927	-59.5553	23.9953   	17.2426
498	-93.0927	-59.4878	13.8751   	17.563 
499	-93.0927	-59.3862	9.23704   	17.4727
-102.54999999
