/usr/lib/python2.7/site-packages/deap/tools/_hypervolume/pyhv.py:33: ImportWarning: Falling back to the python version of hypervolume module. Expect this to be very slow.
  "module. Expect this to be very slow.", ImportWarning)
gen	min     	avg    	max   	std    
0  	-87.6478	-69.693	-27.33	8.80316
1  	-87.8084	-69.6235	-30.5261	8.61436
2  	-87.8084	-69.8093	-30.5261	8.41808
3  	-87.8084	-69.9923	-35.7117	8.21531
4  	-88.1223	-70.0245	-35.0511	8.32133
5  	-88.1223	-70.0067	-36.1371	8.49319
6  	-88.1223	-69.7651	-40.3425	8.53332
7  	-88.1223	-69.5903	-34.0247	8.56426
8  	-88.1223	-69.5254	-23.8153	8.94482
9  	-88.1223	-69.7384	-33.0015	8.92855
10 	-89.1558	-69.684 	-33.8391	8.61426
11 	-89.1558	-69.9106	-35.3098	8.29561
12 	-89.1558	-69.7182	-36.0232	8.46883
13 	-89.1558	-69.3397	-33.5408	8.94952
14 	-89.1558	-69.203 	-17.7199	9.18626
15 	-89.1558	-69.3422	-25.6671	8.82531
16 	-89.1558	-69.3294	-16.9503	9.09756
17 	-89.1558	-69.178 	-31.4522	8.97499
18 	-89.1558	-68.9858	-17.9363	9.29403
19 	-89.1558	-69.0084	-15.2605	9.28906
20 	-89.1959	-68.8639	-24.7122	9.11297
21 	-89.1959	-68.7962	-33.0959	9.07414
22 	-89.1959	-68.6063	-30.7152	9.10248
23 	-89.1959	-68.7797	-9.16632	9.45043
24 	-89.1959	-68.7548	-19.7507	9.61091
25 	-89.362 	-68.7459	-21.0785	9.08087
26 	-89.362 	-68.812 	-24.6128	8.99178
27 	-89.362 	-68.7048	-25.3658	9.30641
28 	-89.362 	-68.4427	-29.4137	9.33641
29 	-89.362 	-68.2526	-17.9796	9.26933
30 	-89.362 	-67.9126	-26.1375	9.76126
31 	-89.362 	-67.8609	-25.9466	9.99751
32 	-90.9753	-68.2384	-29.5453	9.86992
33 	-90.9753	-68.3262	-31.2919	9.47793
34 	-90.9753	-67.9458	-31.2919	9.86748
35 	-90.9753	-67.9868	-21.7838	9.95871
36 	-90.9753	-68.2752	-26.2896	9.51691
37 	-90.9753	-67.8681	-24.6176	9.81573
38 	-90.9753	-68.0162	-16.0798	9.96678
39 	-90.9753	-68.0051	-15.212 	10.1195
40 	-91.1805	-68.1013	-27.522 	9.88575
41 	-91.1805	-67.9289	-27.5419	9.96838
42 	-91.1805	-68.049 	-28.2635	10.052 
43 	-91.1805	-68.1947	-27.7716	9.66338
44 	-91.1805	-68.2356	-30.2547	9.45796
45 	-91.1805	-68.1459	-31.8155	9.53532
46 	-91.1805	-68.2888	-35.2757	9.26758
47 	-91.1805	-68.0424	-26.0799	9.66429
48 	-91.1805	-67.9389	-25.0042	9.6411 
49 	-91.1805	-67.5019	-15.4336	10.2353
50 	-91.1805	-67.525 	-24.8827	9.96477
51 	-91.1805	-67.5015	-25.1696	10.0039
52 	-91.1805	-67.3717	-18.8533	10.1953
53 	-91.1805	-67.2213	-10.3376	10.3502
54 	-91.1805	-67.3255	-12.0268	10.7216
55 	-91.1805	-67.5322	-19.0628	10.1198
56 	-91.1805	-67.4151	-3.25718	10.7227
57 	-91.1805	-67.3531	-21.459 	10.6228
58 	-91.1805	-67.4419	-21.459 	10.4362
59 	-91.1805	-67.3897	-25.6085	10.2377
60 	-91.1805	-67.2893	-29.2833	10.5866
61 	-91.1805	-67.3122	-24.4936	10.6764
62 	-91.1805	-67.035 	-20.4855	10.745 
63 	-91.1805	-67.2157	-24.7987	10.3404
64 	-91.1805	-67.2216	-21.9103	10.7666
65 	-91.1805	-67.1139	-24.7572	11.1849
66 	-91.1805	-67.2789	-23.079 	10.8089
67 	-91.1805	-67.2135	-24.8347	10.524 
68 	-91.1805	-66.9346	-20.9049	10.729 
69 	-91.1805	-66.9497	-10.241 	10.2924
70 	-91.1805	-66.8141	-14.3954	10.7821
71 	-91.1805	-67.1506	-16.1908	10.1862
72 	-91.1805	-67.0288	-5.67401	10.4549
73 	-91.1805	-66.9035	-22.01  	10.4433
74 	-91.1805	-67.014 	-18.0072	10.1503
75 	-91.1805	-66.9337	-15.7586	10.5849
76 	-91.1805	-67.0491	-11.9502	10.6354
77 	-91.1805	-67.0073	-24.7488	10.5092
78 	-91.1805	-66.9284	-19.7883	10.3266
79 	-91.1805	-66.8998	-20.3672	10.1449
80 	-91.1805	-66.6516	-17.2419	10.5989
81 	-91.1805	-66.88  	-12.6286	10.4963
82 	-91.1805	-67.3079	-16.2888	10.5454
83 	-91.1805	-67.1719	-25.4536	10.4986
84 	-91.1805	-67.3834	-18.9562	10.6393
85 	-91.1805	-67.1989	-18.9562	10.7825
86 	-91.1805	-66.8649	-4.33697	11.4991
87 	-91.1805	-66.8051	-13.315 	11.4121
88 	-91.1805	-66.9705	-13.315 	11.102 
89 	-91.1805	-66.5438	-16.7787	11.3727
90 	-91.1805	-66.5387	-20.8147	11.1881
91 	-91.1805	-66.5061	-20.1187	11.1138
92 	-91.1805	-66.513 	-15.3795	11.4262
93 	-91.1805	-66.6227	-0.709695	11.1329
94 	-91.1805	-66.2952	-4.21032 	11.2307
95 	-91.1805	-66.4167	-16.9545 	10.9541
96 	-91.1805	-66.4599	-8.75832 	11.2458
97 	-91.1805	-66.4689	-17.5859 	11.3329
98 	-91.1805	-66.5319	-4.15884 	11.6607
99 	-91.1805	-66.5372	-23.7356 	11.2649
100	-91.1805	-66.5958	-22.5875 	11.0022
101	-91.1805	-66.4975	-9.77013 	11.5319
102	-91.1805	-66.567 	-12.6638 	11.4976
103	-91.1805	-66.5495	-9.98463 	11.4646
104	-91.1805	-66.2301	-14.6846 	11.5679
105	-91.1805	-66.4901	10.5769  	11.3507
106	-91.1805	-66.3993	-9.02283 	11.3057
107	-91.1805	-66.2663	1.09626  	11.2717
108	-91.1805	-66.0105	-20.5276 	11.5555
109	-91.1805	-65.7457	-15.601  	11.7916
110	-91.1805	-66.4608	-19.425  	11.4015
111	-91.1805	-66.5169	-18.383  	11.0181
112	-91.1805	-66.4331	-10.2045 	11.4958
113	-91.1805	-66.2165	-10.2045 	11.5027
114	-91.1805	-66.1131	-25.1085 	11.3429
115	-91.5059	-66.2134	-23.9927 	11.4048
116	-91.5059	-66.0628	-21.2027 	11.3319
117	-91.5059	-65.8187	-15.3481 	11.4451
118	-91.5059	-65.8875	-14.0887 	11.5422
119	-91.5059	-65.9747	-16.4084 	11.6597
120	-91.5059	-66.0534	-18.1953 	11.5017
121	-91.5059	-66.0771	2.66922  	11.8731
122	-91.5315	-65.9261	-6.19605 	11.7427
123	-91.5315	-66.027 	-9.44343 	11.5757
124	-91.5315	-65.8548	-8.53922 	11.5295
125	-91.5315	-66.0334	-19.8633 	11.2941
126	-91.5315	-66.1842	-22.4234 	11.3697
127	-91.5315	-65.8494	-6.8388  	11.6817
128	-91.5315	-65.6415	-17.7852 	11.4485
129	-91.5315	-65.9691	-15.0216 	11.2597
130	-91.5315	-66.1076	-17.9605 	10.9149
131	-91.5315	-65.8864	-17.9605 	11.645 
132	-91.5315	-66.0233	-8.10052 	11.3183
133	-91.5315	-65.9554	-8.90881 	11.3367
134	-91.5315	-65.9076	-7.07512 	12.0882
135	-91.5315	-65.5308	-9.02979 	11.8332
136	-91.5315	-65.4848	-7.08994 	11.784 
137	-91.5315	-65.4009	-2.37533 	12.2397
138	-91.5315	-65.1378	-2.37533 	12.2379
139	-91.5315	-65.039 	-2.59071 	12.1817
140	-91.5315	-65.2454	-7.43922 	12.0251
141	-91.5315	-65.0628	-1.76331 	12.0403
142	-91.5315	-64.964 	-11.146  	12.4435
143	-91.5315	-65.1833	-7.71803 	12.2756
144	-91.5315	-64.8888	-0.196191	12.6467
145	-91.5315	-65.0296	-3.94108 	12.4003
146	-91.5315	-65.0969	-21.5729 	11.9341
147	-91.5315	-65.1959	-8.16663 	12.0025
148	-91.576 	-64.7107	-13.7534 	12.1262
149	-91.576 	-64.8534	-13.2698 	11.8956
150	-91.576 	-64.9116	-12.3561 	11.7689
151	-91.576 	-64.9038	-16.3632 	12.0238
152	-91.576 	-64.3859	-14.5973 	12.6443
153	-91.576 	-64.6384	-8.01242 	12.4403
154	-91.576 	-64.6093	4.0314   	13.116 
155	-91.576 	-64.6473	-5.63026 	13.0492
156	-91.576 	-64.2084	-5.63026 	13.6758
157	-91.576 	-63.9136	5.44232  	14.1119
158	-91.576 	-63.913 	0.843953 	13.9915
159	-91.576 	-64.07  	5.23968  	13.8214
160	-91.576 	-64.2183	1.89222  	13.1994
161	-91.576 	-64.0021	6.51984  	13.3749
162	-91.576 	-64.312 	-10.7471 	12.678 
163	-91.576 	-64.5074	-9.35739 	12.5431
164	-91.576 	-64.4828	-12.4213 	12.3848
165	-91.576 	-64.2047	-3.41487 	12.689 
166	-91.576 	-64.3322	-12.0845 	12.4249
167	-91.576 	-64.6192	-9.54332 	12.2108
168	-91.576 	-64.1894	-7.40902 	12.6138
169	-91.576 	-64.219 	-9.85464 	12.3833
170	-91.576 	-64.3717	-3.7065  	12.271 
171	-91.576 	-64.2656	-12.0927 	11.9511
172	-91.576 	-64.2977	-13.3445 	12.023 
173	-91.576 	-64.471 	-22.6621 	11.8447
174	-91.576 	-64.5379	-17.4009 	11.8654
175	-91.576 	-64.6237	-20.7025 	11.933 
176	-92.1084	-64.6537	-7.88962 	12.2285
177	-92.1084	-64.423 	-10.3707 	12.5036
178	-92.1084	-64.2375	-8.32021 	12.822 
179	-92.2031	-64.2235	12.5972  	13.03  
180	-92.2031	-64.0973	18.7265  	13.2616
181	-92.2031	-64.0681	13.709   	13.0521
182	-92.2031	-64.1462	-8.6343  	12.6788
183	-92.2031	-64.1011	-7.01632 	12.4146
184	-92.2031	-64.3221	5.35374  	12.0457
185	-92.2031	-64.0537	-19.4256 	12.0206
186	-92.2031	-64.3133	-18.7575 	11.583 
187	-92.2031	-63.9922	-5.63098 	12.1851
188	-92.2031	-63.4755	2.25472  	12.466 
189	-92.2031	-63.6452	-9.96176 	12.7956
190	-92.2031	-63.7593	7.0215   	13.029 
191	-92.2031	-63.9405	5.70123  	12.9596
192	-92.2031	-64.256 	-11.1424 	12.6915
193	-92.2031	-64.1512	-5.17639 	12.8089
194	-92.2031	-63.7622	-7.79982 	13.1641
195	-92.2031	-63.6874	-3.78773 	13.4205
196	-92.2031	-63.5765	3.81067  	13.4423
197	-92.2031	-63.5768	11.9589  	13.3547
198	-92.2031	-63.3652	-15.5373 	13.1183
199	-92.2031	-63.6328	13.5105  	12.9167
200	-92.2031	-63.7479	3.74204  	12.7756
201	-92.2031	-63.6723	10.4552  	13.2431
202	-92.2031	-63.6475	-14.4408 	13.1479
203	-92.2031	-63.5969	0.936216 	13.8384
204	-92.2031	-63.4093	1.20428  	13.5378
205	-92.2031	-63.443 	2.81217  	13.3682
206	-92.2031	-63.2824	-3.43405 	13.5107
207	-92.2031	-62.9796	-3.43405 	13.7778
208	-92.2031	-62.955 	-3.43405 	13.8227
209	-92.2031	-62.9782	3.90023  	14.1591
210	-92.2031	-63.047 	-0.00729523	13.9558
211	-92.2031	-63.2226	-3.71739   	13.97  
212	-92.2031	-63.0223	-8.56718   	13.3841
213	-92.2031	-63.1268	3.02902    	13.5184
214	-92.2031	-63.3751	-9.1414    	12.9846
215	-92.2031	-63.4994	-11.3375   	13.189 
216	-92.2031	-63.4538	-4.04322   	13.5121
217	-92.2031	-63.3171	-0.0890115 	14.0707
218	-92.2031	-62.6955	12.0267    	14.5476
219	-92.2031	-62.8764	9.64243    	14.1242
220	-92.2031	-62.6854	-2.07981   	14.0267
221	-92.2031	-62.8442	-4.07334   	13.8473
222	-92.2031	-62.9757	-8.05904   	13.8995
223	-92.2031	-63.0581	-6.37842   	14.0078
224	-92.2031	-63.2242	-0.0354799 	13.6271
225	-92.2031	-62.7941	27.5373    	14.309 
226	-92.2031	-62.7686	6.34154    	14.1435
227	-92.2031	-62.8528	-1.15472   	13.373 
228	-92.2031	-62.4861	-1.15472   	13.7179
229	-92.2031	-62.5397	-12.0067   	13.1883
230	-92.2031	-62.5561	-6.67239   	13.5742
231	-92.2031	-62.3815	-6.13203   	13.8707
232	-92.2031	-62.6594	-4.06946   	13.9171
233	-92.2031	-62.3728	-9.96456   	13.886 
234	-92.2031	-62.7015	-3.89791   	13.3391
235	-92.2031	-62.5685	-1.37023   	13.9343
236	-92.2031	-62.508 	-6.00235   	13.9186
237	-92.2031	-62.8915	-12.6586   	13.2403
238	-92.2031	-62.9951	-9.87071   	13.4065
239	-92.2031	-62.8065	-8.91656   	13.318 
240	-92.2031	-62.5401	1.99797    	13.6433
241	-92.2031	-62.9147	-9.11817   	13.4197
242	-92.2031	-63.0216	-10.9566   	13.6316
243	-92.2031	-62.697 	-8.87544   	14.2965
244	-92.2031	-62.8244	-0.322471  	14.1852
245	-92.2031	-62.826 	-5.94047   	14.3688
246	-92.2031	-62.55  	-6.90494   	14.7203
247	-92.2031	-62.499 	-1.16776   	14.8344
248	-92.2031	-62.4827	29.6601    	15.1753
249	-92.2031	-62.4402	20.7192    	15.211 
250	-92.2031	-62.0108	25.1696    	15.6706
251	-92.2031	-61.7105	20.339     	15.7536
252	-92.2031	-61.6903	13.678     	15.5378
253	-92.4112	-61.7743	21.3517    	15.4749
254	-92.4112	-62.0076	4.96787    	15.3374
255	-92.4112	-62.0697	-2.8371    	14.8954
256	-92.4112	-62.1381	-2.7921    	14.9554
257	-92.4112	-62.3224	-2.7921    	14.6467
258	-92.4112	-62.1819	2.91161    	15.2602
259	-92.4112	-62.1708	17.3098    	15.0578
260	-92.4112	-62.2358	0.267984   	14.8222
261	-92.4112	-62.1156	11.397     	14.8938
262	-92.4112	-62.5199	4.38013    	14.2415
263	-92.4112	-62.0629	9.5867     	14.6588
264	-92.4112	-61.6749	12.9153    	15.0228
265	-92.4112	-61.8667	0.833677   	14.3238
266	-92.4112	-62.2764	17.5569    	14.683 
267	-92.4112	-62.0775	4.02873    	14.3938
268	-92.4112	-61.9797	3.58826    	14.7429
269	-92.4112	-61.9115	10.8486    	15.2284
270	-92.4112	-62.0176	15.4596    	15.1853
271	-92.4112	-61.7991	2.78827    	14.9459
272	-92.4112	-61.6755	3.76699    	14.9907
273	-92.4112	-61.7844	12.1841    	15.2159
274	-92.4112	-61.6899	-5.08079   	15.1419
275	-92.4112	-61.7   	5.90559    	15.2215
276	-92.4112	-61.8548	8.81216    	15.1698
277	-92.4112	-62.025 	13.4287    	15.0747
278	-92.4112	-61.9755	3.63424    	14.8651
279	-92.4112	-61.9657	11.6068    	14.7732
280	-92.4112	-61.6177	11.6576    	15.2031
281	-92.4112	-62.003 	1.64762    	14.6809
282	-92.4112	-62.1239	9.40045    	14.5327
283	-92.4112	-62.135 	0.786748   	14.7753
284	-92.4112	-62.3157	-7.26837   	14.7548
285	-92.4112	-62.4885	-3.03173   	14.6803
286	-92.4112	-62.4077	8.90773    	14.6849
287	-92.4112	-62.2999	9.87899    	14.5029
288	-92.4112	-62.457 	5.42557    	14.3272
289	-92.4112	-62.0962	9.23885    	14.9647
290	-92.4112	-61.9426	7.74433    	15.0512
291	-92.4112	-61.8857	3.84546    	14.7239
292	-92.4112	-61.8291	16.9116    	15.2002
293	-92.4112	-61.7024	16.0196    	15.8658
294	-92.4112	-61.6747	11.3514    	15.7629
295	-92.4112	-61.5761	27.5787    	15.6117
296	-92.4112	-61.3302	16.4186    	15.9395
297	-92.4112	-61.3103	11.5716    	15.846 
298	-92.4112	-61.1173	22.2791    	16.0053
299	-92.4112	-61.7957	26.2758    	15.5513
300	-92.4112	-61.5044	6.2499     	15.8877
301	-92.4112	-61.7856	28.4075    	15.6347
302	-92.4112	-61.6915	12.6631    	15.949 
303	-92.4112	-61.7985	5.18654    	15.6002
304	-92.4112	-61.6429	6.29491    	15.8024
305	-92.4112	-61.4991	3.62542    	15.6192
306	-92.4112	-61.8904	3.20729    	14.6344
307	-92.4112	-62.0573	-6.6084    	14.8336
308	-92.4112	-61.978 	-6.6084    	14.2469
309	-92.4112	-62.1726	-5.62481   	14.1658
310	-92.4112	-61.9539	5.58102    	14.6598
311	-92.4112	-62.1483	-0.925266  	14.486 
312	-92.4112	-61.9927	19.4145    	15.1718
313	-92.4112	-61.8976	21.3915    	15.4519
314	-92.4112	-62.013 	16.5356    	15.2412
315	-92.4112	-61.836 	5.47401    	15.2326
316	-92.4112	-61.7064	11.6685    	15.3138
317	-92.4112	-61.8454	3.15172    	14.9663
318	-92.4112	-62.1054	-2.47172   	14.4346
319	-92.4112	-62.095 	0.553594   	14.7074
320	-92.4112	-62.0612	12.9004    	15.0304
321	-92.4112	-61.8703	16.5679    	15.9705
322	-92.4112	-61.7617	20.9599    	15.7126
323	-92.4112	-61.7312	13.0521    	15.9353
324	-92.4112	-61.9501	7.81377    	15.5492
325	-92.4112	-62.07  	10.9393    	15.1933
326	-92.4112	-62.0704	2.97236    	14.9099
327	-92.4112	-62.2644	5.38564    	14.7923
328	-92.4112	-62.3401	17.8659    	14.3288
329	-92.4112	-62.2248	11.7431    	14.6555
330	-92.4112	-62.2781	-0.496305  	15.0956
331	-92.4112	-62.1788	7.68792    	15.1615
332	-92.4112	-62.444 	7.68792    	15.1678
333	-92.4112	-62.1972	9.77866    	15.3746
334	-92.4112	-62.3366	2.79947    	14.6969
335	-92.4112	-62.0592	8.40166    	14.9836
336	-92.4112	-61.9192	7.65629    	15.0489
337	-92.4112	-61.8554	6.15095    	14.9697
338	-93.6411	-61.7073	3.1822     	15.2819
339	-93.6411	-61.4905	14.5146    	15.6389
340	-93.6411	-61.6735	10.3441    	15.4157
341	-93.6411	-61.3973	0.229882   	15.7481
342	-93.6411	-61.4772	18.7111    	15.8633
343	-93.6411	-61.5146	18.7111    	15.4047
344	-93.6411	-61.2654	13.602     	15.6935
345	-93.6411	-61.6199	-0.518383  	15.1508
346	-93.6411	-61.4156	15.1694    	15.118 
347	-93.6411	-61.7286	-0.213546  	14.5435
348	-93.6411	-61.5467	4.56915    	15.1133
349	-93.6411	-61.5491	15.5413    	15.8667
350	-93.6411	-61.4087	15.1089    	15.8422
351	-93.6411	-61.5963	8.12452    	15.9739
352	-93.6411	-61.5379	13.2992    	15.7658
353	-93.6411	-61.7709	2.63635    	15.3799
354	-93.6411	-61.5799	8.37582    	15.3754
355	-93.6411	-61.633 	10.4335    	15.52  
356	-93.6411	-61.3585	12.5102    	15.6766
357	-93.6411	-61.3317	21.1141    	15.5921
358	-93.6411	-61.5095	10.52      	15.476 
359	-93.6411	-61.1029	6.69857    	15.7199
360	-93.6411	-61.1103	21.6466    	15.7848
361	-93.6411	-61.3665	6.52202    	14.9745
362	-93.6411	-61.3325	11.5886    	15.1765
363	-93.6411	-61.8498	5.76523    	14.5779
364	-93.6411	-61.6934	1.72089    	15.3373
365	-93.6411	-61.7847	2.0931     	14.9946
366	-93.6411	-61.7016	7.11219    	15.4038
367	-93.6411	-61.4714	45.737     	15.5427
368	-93.6411	-61.4888	4.73419    	15.2575
369	-93.6411	-61.6547	-3.75856   	14.9331
370	-93.6411	-61.7962	2.05873    	15.1368
371	-93.6411	-61.9651	-5.40466   	15.1082
372	-93.6411	-61.9161	1.74439    	15.3362
373	-93.6411	-61.9434	0.664083   	15.0042
374	-93.6411	-61.6718	13.9673    	15.4659
375	-93.6411	-61.4244	26.0688    	15.6972
376	-93.6411	-61.4428	25.9254    	15.6686
377	-93.6411	-61.7821	16.1398    	15.6183
378	-93.6411	-61.6796	4.95708    	14.793 
379	-93.6411	-61.4502	17.5875    	15.249 
380	-93.6411	-61.2751	11.8747    	15.7578
381	-93.6411	-61.408 	14.0946    	15.5592
382	-93.6411	-61.6511	17.075     	15.2531
383	-93.6411	-61.2663	10.8779    	15.1911
384	-93.6411	-60.987 	13.2928    	15.2819
385	-93.6411	-60.8201	-1.15691   	15.6252
386	-93.6411	-60.5805	0.501768   	16.195 
387	-93.6411	-60.6996	24.2998    	16.1308
388	-93.6411	-60.7562	25.2558    	16.189 
389	-93.6411	-60.8501	23.6398    	15.8779
390	-93.6411	-60.9193	1.84883    	15.6306
391	-93.6411	-60.9798	11.8243    	15.541 
392	-93.6411	-61.1956	21.3994    	15.8006
393	-93.6411	-61.4048	6.98066    	15.6555
394	-93.6411	-61.5039	4.7016     	15.5849
395	-93.6411	-61.2994	21.8314    	15.772 
396	-93.6411	-61.1001	28.1545    	15.59  
397	-93.6411	-60.9563	20.0202    	15.6982
398	-93.6411	-61.5081	15.7087    	15.3204
399	-93.6411	-61.639 	4.78616    	14.8958
400	-93.6411	-61.9024	17.9734    	14.6253
401	-93.6411	-61.845 	-3.61894   	14.658 
402	-93.6411	-61.6758	2.38176    	14.5137
403	-93.6411	-61.2499	13.7554    	15.0463
404	-93.6411	-61.5979	-0.577233  	15.1889
405	-93.6411	-61.3992	-4.84035   	15.2634
406	-93.6411	-61.6235	-5.23131   	14.9834
407	-93.6411	-60.9383	11.6022    	16.2529
408	-93.6411	-60.8555	9.34435    	16.4522
409	-93.6411	-60.756 	20.6629    	16.6156
410	-93.6411	-61.2131	9.64776    	16.0283
411	-93.6411	-61.0619	3.40952    	15.7596
412	-93.6411	-61.4773	6.34422    	15.7959
413	-93.6411	-61.1804	13.3346    	15.9429
414	-93.6411	-61.0697	1.51072    	15.997 
415	-93.6411	-61.0481	8.93286    	16.0286
416	-93.6411	-61.3709	-0.866772  	15.6373
417	-93.6411	-61.1908	-1.56503   	15.7675
418	-93.6411	-61.1665	11.8156    	15.5873
419	-93.6411	-61.1625	4.04933    	15.9126
420	-93.6411	-60.9722	16.7424    	15.9389
421	-93.6411	-61.2047	16.7424    	15.8479
422	-93.6411	-61.335 	-7.88892   	15.6504
423	-93.6411	-61.1675	20.3969    	15.3931
424	-93.6411	-61.3519	3.92074    	14.8805
425	-93.6411	-61.1808	4.88289    	15.5337
426	-93.6411	-61.2739	10.0701    	15.6943
427	-93.6411	-61.4234	10.0701    	15.4847
428	-93.6411	-61.7205	3.96977    	14.9343
429	-93.6411	-61.6157	7.43191    	15.278 
430	-93.6411	-61.2281	24.9563    	16.0037
431	-93.6411	-61.2023	25.6664    	16.268 
432	-93.6411	-61.1619	10.8977    	16.2805
433	-93.6411	-60.7032	17.9502    	16.1337
434	-93.6411	-60.8289	14.1948    	16.1133
435	-93.6411	-60.7598	2.62322    	15.9549
436	-93.6411	-61.1067	14.7097    	15.4889
437	-93.6411	-61.3497	7.94937    	15.4452
438	-93.6411	-61.3576	1.03696    	15.506 
439	-93.6411	-61.4191	0.258829   	15.2161
440	-93.6411	-60.9569	2.41715    	15.7221
441	-93.6411	-60.9134	-4.36146   	15.4593
442	-93.6411	-60.7452	5.37545    	15.8258
443	-93.6411	-60.9808	9.45464    	15.44  
444	-93.6411	-60.8438	6.97979    	15.6536
445	-93.6411	-60.7042	4.75963    	16.6261
446	-93.6411	-60.4774	5.66807    	16.6918
447	-93.6411	-60.5888	32.7732    	17.0089
448	-93.6411	-60.8846	32.7732    	16.1728
449	-93.6411	-61.0802	8.90733    	15.5587
450	-93.6411	-60.8371	14.4349    	15.7428
451	-93.6411	-60.7585	18.0964    	16.2992
452	-93.6411	-61.0917	23.2377    	15.8243
453	-93.6411	-60.9331	17.919     	15.426 
454	-93.6411	-60.895 	3.37493    	15.6026
455	-93.6411	-60.8281	9.90954    	15.9874
456	-93.6411	-60.3793	11.2616    	16.089 
457	-93.6411	-60.9172	5.90418    	15.2183
458	-93.6411	-61.0321	1.93519    	14.8362
459	-93.6411	-60.5357	3.51057    	15.2996
460	-93.6411	-60.6778	3.20844    	15.9206
461	-93.6411	-60.6552	9.2358     	16.3399
462	-93.6411	-60.9021	9.2358     	15.3201
463	-93.6411	-61.1251	-1.36704   	15.4445
464	-93.6411	-60.8532	-5.38706   	15.2616
465	-93.6411	-60.8622	7.62911    	14.932 
466	-93.6411	-61.2419	-6.21667   	14.4738
467	-93.6411	-61.009 	-3.79492   	14.8447
468	-93.6411	-60.867 	2.21297    	15.7852
469	-93.6411	-60.9205	3.34435    	15.6339
470	-93.6411	-60.8152	20.2597    	15.8478
471	-93.6411	-60.8041	28.5684    	15.9513
472	-93.6411	-60.8023	20.8536    	15.5102
473	-93.6411	-60.8086	16.0264    	15.6504
474	-93.6411	-61.0914	-4.50539   	15.535 
475	-93.6411	-61.1739	4.24612    	15.5422
476	-93.6411	-61.1285	-4.27332   	15.5013
477	-93.6411	-61.0221	18.13      	16.0983
478	-93.6411	-61.0815	15.2403    	16.4401
479	-93.6411	-60.9694	21.4846    	16.3859
480	-93.6411	-60.9991	5.53173    	15.57  
481	-93.6411	-60.9115	13.119     	15.582 
482	-93.6411	-60.9788	9.65277    	15.6567
483	-93.6411	-60.764 	6.52646    	15.8083
484	-93.6411	-60.6239	6.52646    	16.3314
485	-93.6411	-60.6579	0.679865   	15.7447
486	-93.6411	-60.7596	-2.45011   	15.7176
487	-93.6411	-60.5776	13.6844    	15.8015
488	-93.6411	-60.55  	-1.88064   	15.6137
489	-93.6411	-60.7211	-2.51509   	15.1586
490	-93.6411	-60.8302	-9.77438   	14.9486
491	-93.6411	-60.5727	2.49843    	15.1067
492	-93.6411	-60.6423	8.3873     	15.1589
493	-93.6411	-60.2478	10.8393    	15.6699
494	-93.6411	-60.3688	34.4656    	15.9541
495	-93.6411	-60.5423	17.1439    	15.4396
496	-93.6411	-60.4425	4.49259    	15.191 
497	-93.6411	-60.4049	0.512635   	15.5146
498	-93.6411	-60.0791	15.3949    	16.0591
499	-93.6411	-60.3174	10.8209    	15.6685
-102.54999999
