gen	min    	avg    	max    	std    
0  	278.985	463.199	674.341	67.4046
1  	278.985	463.078	664.332	67.6818
2  	256.26 	463.161	663.232	68.4052
3  	256.26 	463.258	658.071	68.8016
4  	256.26 	463.176	644.012	66.0821
5  	256.26 	463.187	651.433	66.4113
6  	256.26 	462.899	667.565	67.0441
7  	256.26 	462.74 	645.598	66.899 
8  	256.26 	462.563	649.965	67.5269
9  	256.26 	462.242	643.52 	68.2512
10 	256.26 	462.261	643.316	68.1284
11 	256.26 	461.882	642.702	69.8257
12 	237.675	461.629	633.134	68.8688
13 	237.675	461.398	640.141	69.9974
14 	237.675	461.116	671.322	69.719 
15 	237.675	461.407	650.839	68.3068
16 	237.675	461.05 	643.679	66.9445
17 	237.675	460.925	640.353	67.0231
18 	237.675	460.771	630.787	65.9979
19 	236.248	460.628	639.499	67.2797
20 	236.248	460.673	652.738	69.2157
21 	235.791	460.78 	663.575	67.6681
22 	235.791	460.556	663.575	68.2822
23 	227.249	460.06 	669.878	69.2314
24 	227.249	460.113	669.878	69.856 
25 	214.98 	459.755	673.177	70.9295
26 	214.98 	459.367	665.279	71.1798
27 	214.98 	459.205	658.23 	72.249 
28 	211.74 	459.193	652.378	72.7768
29 	211.74 	459.054	654.624	72.6342
30 	201.649	458.576	658.069	73.3661
31 	201.649	458.299	636.755	72.3579
32 	201.649	458.031	644.404	72.2947
33 	201.649	457.613	644.081	72.6992
34 	201.649	457.664	654.788	73.1627
35 	201.649	457.519	642.513	72.5867
36 	201.649	457.281	673.739	73.0756
37 	201.649	457.088	675.855	74.0009
38 	184.817	456.686	670.116	74.3788
39 	184.817	456.389	680.754	73.4549
40 	182.798	456.285	666.008	72.6376
41 	182.798	456.055	664.245	70.5999
42 	182.798	455.759	649.223	71.3552
43 	175.524	455.641	661.394	73.3423
44 	175.524	455.409	658.282	73.2664
45 	175.524	455.132	654.305	73.8803
46 	175.524	455.026	677.163	74.3716
47 	162.169	454.66 	669.37 	74.8046
48 	162.169	454.336	669.012	73.2216
49 	162.169	454.022	653.387	71.9238
50 	162.169	453.754	635.938	71.0283
51 	162.169	453.546	630.117	70.8477
52 	162.169	453.05 	667.94 	71.151 
53 	162.169	452.842	648.593	71.9787
54 	162.169	452.585	676.358	74.2355
55 	162.169	452.224	647.917	73.7814
56 	162.169	452.052	641.242	73.4593
57 	162.169	451.639	639.411	74.2118
58 	162.169	451.401	655.542	73.7726
59 	162.169	451.27 	677.721	74.6965
60 	162.169	451.098	664.62 	74.3131
61 	162.169	450.799	702.068	74.8503
62 	162.169	450.578	651.115	75.3671
63 	162.169	450.339	678.769	74.9491
64 	162.169	450.195	652.306	74.7309
65 	162.169	449.905	656.976	73.7524
66 	157.603	449.463	660.916	74.4219
67 	157.603	448.893	647.856	74.1546
68 	157.603	448.433	647.044	73.288 
69 	157.603	448.106	661.729	73.4603
70 	157.603	447.734	680.35 	74.1612
71 	157.603	447.656	666.069	74.1635
72 	157.603	447.506	676.712	74.7372
73 	157.603	447.527	651.117	73.9104
74 	157.603	447.119	674.706	76.5822
75 	155.995	446.688	670.501	76.5388
76 	155.995	446.393	659.207	76.2724
77 	155.995	446.054	644.176	76.0489
78 	155.995	445.811	658.47 	75.7108
79 	155.995	445.617	657.361	76.1947
80 	155.995	445.499	676.338	76.0678
81 	155.995	445.404	658.65 	74.1459
82 	155.995	445.202	656.425	74.4687
83 	155.995	445.031	633.633	74.5313
84 	155.995	444.632	638.314	73.5729
85 	155.995	444.464	669.326	75.01  
86 	155.995	444.192	665.506	73.743 
87 	155.995	443.995	671.548	74.1519
88 	155.995	443.63 	727.781	75.1134
89 	155.995	443.362	682.496	76.4384
90 	155.995	443.102	646.155	75.3127
91 	148.788	442.723	651.031	74.733 
92 	148.788	442.244	684.251	74.9629
93 	148.788	441.794	642.219	75.4949
94 	148.788	441.66 	662.484	75.9986
95 	148.788	441.277	685.264	76.6489
96 	148.788	440.795	672.246	75.0694
97 	148.788	440.33 	693.858	76.7902
98 	148.788	439.874	668.75 	77.2228
99 	148.788	439.786	649.158	76.8193
100	148.788	439.733	636.163	77.4617
101	148.788	439.635	634.137	76.2325
102	148.788	439.236	636.563	75.7193
103	148.788	439.003	656.189	76.1825
104	148.788	438.761	651.488	76.172 
105	148.788	438.349	661.138	75.6441
106	148.788	438.338	675.16 	75.9991
107	148.788	437.9  	661.991	76.8958
108	148.788	437.632	633.075	77.6747
109	148.788	437.185	644.799	76.6659
110	148.788	437.241	647.488	77.21  
111	148.788	437.137	660.427	77.8929
112	148.788	436.716	646.018	79.63  
113	148.788	436.288	654.568	78.299 
114	148.788	436    	648.74 	78.166 
115	148.788	435.735	650.422	77.4295
116	148.788	435.455	674.985	76.372 
117	148.788	434.97 	683.952	77.8997
118	148.788	434.829	677.999	77.6165
119	138.848	434.654	664.26 	77.3797
120	138.848	434.017	653.975	77.9311
121	138.848	433.672	648.531	78.1968
122	138.848	433.395	670.825	78.1454
123	138.848	433.213	698.212	78.6779
124	138.848	432.998	692.513	76.7184
125	138.848	432.486	655.85 	75.6434
126	138.848	432.457	642.537	75.3132
127	138.848	432.078	647.202	74.7323
128	138.848	431.923	636.19 	73.9967
129	138.848	431.654	668.933	75.0278
130	138.848	431.309	648.808	75.5597
131	138.848	430.948	624.353	73.6341
132	138.848	430.746	650.672	74.258 
133	138.848	430.523	680.212	75.0182
134	138.848	430.154	632.747	73.6055
135	138.848	429.986	615.35 	72.8971
136	138.848	429.752	625.772	72.099 
137	138.848	429.486	626.081	71.3955
138	138.848	429.15 	624.525	73.2945
139	138.848	429.044	636.821	74.751 
140	138.848	428.854	644.359	73.9683
141	138.848	428.719	640.752	74.523 
142	138.848	428.333	642.725	74.5466
143	138.848	427.924	661.926	76.8882
144	138.848	427.728	650.148	76.436 
145	138.848	427.442	671.835	76.2961
146	138.848	427.032	660.105	75.5204
147	138.848	426.75 	653.97 	74.3807
148	138.848	426.661	647.21 	74.7323
149	138.848	426.297	658.71 	75.1525
150	138.848	426.073	649.703	75.167 
151	138.848	425.755	649.047	74.1484
152	138.848	425.497	654.731	75.1471
153	138.848	425.186	622.639	74.9388
154	131.51 	424.86 	624.565	75.2126
155	131.51 	424.506	632.392	75.4134
156	131.51 	424.246	637.391	77.6278
157	131.51 	423.745	642.938	75.4842
158	131.51 	423.514	621.471	74.8998
159	131.289	422.93 	637.602	74.3079
160	131.289	422.699	632.526	74.9846
161	131.289	422.606	628.989	74.4983
162	131.289	422.781	612.171	74.9659
163	131.289	422.493	621.382	74.104 
164	131.289	422.581	627.943	75.5785
165	131.049	422.552	661.926	75.3448
166	131.049	422.243	676.146	75.2797
167	131.049	421.895	643.047	73.5434
168	131.049	422.103	625.013	73.9142
169	131.049	421.454	643.52 	74.4284
170	131.049	420.929	635.271	75.1313
171	128.915	420.648	643.109	75.5505
172	128.915	420.696	644.801	76.3695
173	128.915	420.296	653.357	76.1217
174	128.915	419.781	652.447	76.5131
175	128.915	419.632	629.905	75.0922
176	127.753	419.428	613.944	75.3159
177	127.753	419.126	628.928	75.3461
178	127.753	418.966	644.74 	74.9032
179	127.753	418.759	635.381	76.2328
180	127.753	418.485	640.627	76.6083
181	127.753	418.26 	637.422	76.1108
182	127.753	418.249	650.131	75.3943
183	127.753	418.097	644.955	77.3923
184	127.753	417.655	656.752	76.4112
185	127.753	417.456	618.585	75.0483
186	127.753	417.316	644.387	77.9683
187	127.753	417.226	658.578	77.9508
188	127.753	417.22 	659.643	79.1271
189	127.753	416.914	650.361	77.1977
190	127.753	416.833	618.59 	76.1445
191	127.753	416.779	625.196	76.0668
192	127.753	416.345	613.355	77.6251
193	127.753	416.065	620.199	76.6338
194	127.753	415.573	653.956	76.2453
195	127.753	415.267	652.74 	75.1773
196	127.753	414.968	665.499	76.0703
197	127.753	414.647	626.727	75.9868
198	127.753	414.35 	649.142	76.6742
199	127.753	414.012	639.525	74.6668
200	127.753	413.776	642.256	75.8045
201	127.753	413.532	619.303	74.4852
202	127.753	413.273	628.551	74.9614
203	127.753	412.943	634.571	75.8937
204	123.268	412.809	670.2  	77.2606
205	123.268	412.627	632.289	78.8114
206	123.268	412.459	648.635	77.8497
207	123.268	412.167	634.579	77.648 
208	123.268	411.883	622.599	79.2716
209	123.268	411.521	689.37 	78.122 
210	123.268	411.151	637.588	77.9751
211	123.268	410.592	681.091	79.4501
212	123.268	410.331	639.375	77.7663
213	123.268	410.046	623.934	77.2407
214	123.268	409.74 	627.211	77.4616
215	123.268	409.397	616.954	76.7483
216	123.268	409.27 	621.377	77.9423
217	123.268	408.701	629.587	77.1801
218	123.268	408.417	625.609	76.8957
219	123.268	408.106	602.192	76.4508
220	123.268	407.831	613.877	78.5069
221	123.268	407.805	622.073	76.9843
222	123.268	407.85 	652.076	76.9538
223	123.268	407.765	638.893	76.6371
224	123.268	407.451	648.769	77.319 
225	123.268	407.309	643.425	78.6441
226	123.268	407.286	651.293	78.8532
227	123.268	406.932	654.956	77.8022
228	123.268	406.691	622.412	76.8779
229	123.268	406.494	615.622	76.2205
230	123.268	406.172	620.006	76.3087
231	123.268	405.854	634.375	75.3672
232	123.268	405.724	608.222	75.2   
233	123.268	405.497	638.797	75.9206
234	123.268	405.365	632.049	77.3474
235	123.268	405.061	620.263	76.1512
236	123.268	404.984	643.997	75.5635
237	123.268	404.6  	616.006	75.0518
238	123.268	404.147	610.379	74.9659
239	123.268	403.747	625.156	75.3778
240	123.268	403.51 	636.854	77.2833
241	123.268	403.283	605.921	75.1763
242	123.268	403.094	615.869	75.6392
243	123.268	402.654	637.717	74.8223
244	123.268	402.323	617.182	74.2734
245	123.268	401.973	652.455	74.3864
246	123.268	401.632	636.391	73.7267
247	123.268	401.348	615.161	73.3423
248	123.268	401.041	596.508	73.978 
249	123.268	400.67 	610.591	73.5651
250	123.268	400.344	614.179	74.8271
251	123.268	400.269	623.812	74.9413
252	123.268	399.953	601.533	74.7056
253	123.268	399.801	598.106	74.2556
254	121.638	399.519	626.734	76.5107
255	121.638	399.357	643.697	78.5807
256	121.638	398.984	622.518	78.5475
257	121.638	398.797	635.465	79.2816
258	121.638	398.512	635.465	79.5403
259	121.638	398.026	648.606	79.3475
260	121.638	397.723	640.247	78.0123
261	121.638	397.404	616.818	75.7956
262	121.638	397.317	629.514	76.3336
263	121.638	397.114	626.525	76.0473
264	120.016	396.854	592.758	74.3669
265	120.016	396.783	615.5  	75.1611
266	120.016	396.42 	609.361	74.9463
267	120.016	396.209	619.148	75.6147
268	120.016	396.065	605.876	74.5518
269	120.016	395.86 	601.957	75.1757
270	120.016	395.704	588.41 	75.1686
271	120.016	395.491	598.302	74.4918
272	120.016	395.271	605.147	75.3797
273	120.016	394.947	609.938	75.0689
274	120.016	394.663	589.922	76.1439
275	119.282	394.436	615.531	75.2788
276	119.282	394.132	614.209	77.6113
277	119.282	393.956	628.043	78.9888
278	119.282	393.724	627.223	78.2418
279	119.282	393.619	625.049	78.6322
280	119.282	393.414	665.606	78.0872
281	119.282	392.987	618.291	77.9924
282	119.282	392.899	635.143	78.9566
283	119.282	393.027	610.895	78.0278
284	119.282	392.688	625.623	77.7139
285	119.282	392.199	647.699	77.8456
286	119.282	391.959	633.981	77.4867
287	119.282	391.59 	625.746	76.6851
288	119.282	391.179	597.157	75.0338
289	119.282	390.918	623.318	75.2356
290	119.282	390.808	634.506	75.1673
291	119.282	390.572	604.483	74.084 
292	119.282	390.58 	615.274	74.3104
293	113.274	390.657	605.749	73.3151
294	113.274	390.167	617.389	73.7612
295	113.274	389.808	608.067	72.0391
296	113.274	389.784	602.201	73.0291
297	113.274	389.437	612.421	72.9314
298	113.274	389.235	619.986	73.068 
299	113.274	388.953	599.355	73.2011
300	113.274	388.774	611.678	74.8492
301	113.274	388.663	613.976	74.4575
302	113.274	388.188	619.22 	73.042 
303	113.274	387.96 	600.108	74.6754
304	113.274	387.7  	614.794	75.0069
305	113.274	387.381	618.065	73.4472
306	113.274	386.896	608.898	74.0935
307	113.274	386.536	627.248	74.427 
308	113.274	386.322	604.262	73.6694
309	113.274	386.25 	583.659	73.4666
310	113.274	385.969	606.861	72.3291
311	113.274	385.89 	606.102	73.17  
312	113.274	385.564	635.233	73.761 
313	113.274	385.346	613.099	71.6118
314	113.274	384.877	608.215	72.275 
315	113.274	384.514	614.932	72.2516
316	113.274	384.34 	606.22 	72.26  
317	113.274	384.1  	614.2  	73.0669
318	113.274	383.695	605.791	73.6053
319	113.274	383.678	590.855	72.5518
320	113.274	383.508	603.247	73.9832
321	113.274	383.355	601.431	74.8218
322	113.274	382.795	611.477	75.2173
323	113.274	382.444	637.546	75.9075
324	113.274	381.887	588.109	74.0269
325	113.274	381.615	609.814	73.9831
326	113.274	381.36 	628.858	73.7605
327	113.274	381.191	609.99 	72.9065
328	113.274	380.848	611.81 	74.3332
329	113.274	380.478	607.689	75.0444
330	113.274	380.349	608.781	75.2347
331	113.274	379.951	600.366	76.4262
332	113.274	379.731	600.913	75.8865
333	113.274	379.495	595.349	73.8706
334	113.274	379.281	595.441	73.6558
335	113.274	378.865	580.559	73.1476
336	113.274	378.621	573.374	72.1972
337	113.274	378.242	579.346	71.2305
338	113.274	378.004	575.961	71.4331
339	113.274	377.867	577.378	69.4114
340	113.274	377.638	599.905	69.6521
341	113.274	377.455	591.692	71.8501
342	113.274	377.038	623.294	71.4284
343	113.274	376.678	593.379	70.6503
344	113.274	376.421	590.061	71.2267
345	113.274	376.125	586.464	71.2702
346	113.274	376.077	588.278	72.3552
347	113.274	375.851	588.278	73.1282
348	113.274	375.329	623.168	74.6814
349	113.274	375.115	621.453	73.8005
350	113.274	375.019	628.124	73.2501
351	113.274	374.608	634.515	72.4834
352	113.274	374.361	579.293	71.7126
353	113.274	374.296	601.276	71.9698
354	113.274	373.796	577.77 	70.5523
355	113.274	373.572	628.189	73.0131
356	113.274	373.353	601.074	74.2549
357	113.274	373.12 	602.714	73.8879
358	113.274	372.909	597.22 	73.6301
359	113.274	372.692	580.784	71.9199
360	113.274	372.438	558.89 	71.6276
361	113.274	372.219	586.474	72.9518
362	113.274	371.896	582.269	71.7796
363	113.274	371.566	581.242	70.4076
364	110.318	371.261	602.257	70.1139
365	110.23 	371.189	554.596	70.6876
366	110.23 	370.691	593.017	70.6577
367	110.23 	370.668	605.06 	71.7667
368	106.532	370.58 	591.504	71.553 
369	106.532	370.335	579.309	70.3623
370	106.532	370.094	570.464	70.4092
371	106.532	369.829	587.143	70.1579
372	106.532	369.498	570.88 	69.1119
373	106.532	369.321	565.908	69.148 
374	106.532	369.201	603.05 	69.6916
375	106.532	369.146	595.289	70.4437
376	106.532	369.057	606.193	71.5617
377	106.532	368.716	583.761	72.052 
378	106.532	368.416	579.781	72.0082
379	105.387	368.171	598.095	73.259 
380	105.387	367.877	608.096	74.7212
381	105.387	367.566	594.212	75.0109
382	105.387	367.269	593.996	73.8648
383	105.387	367.183	569.266	72.4013
384	105.387	366.753	575.352	72.3495
385	105.387	366.333	601.645	73.0473
386	105.387	366.16 	603.483	73.5688
387	105.387	365.684	575.556	72.8095
388	105.387	365.536	586.802	72.7077
389	105.387	365.379	571.747	72.0199
390	105.387	365.177	571.882	72.0167
391	105.387	364.925	578.769	70.5839
392	105.387	364.81 	580.694	68.6299
393	105.387	364.542	606.988	69.3519
394	105.387	364.133	574.335	70.7268
395	105.387	363.904	572.557	69.9001
396	105.387	363.894	563.381	69.1556
397	105.387	363.507	564.958	69.8298
398	105.387	363.153	595.636	68.9379
399	105.269	362.717	598.972	70.7893
400	105.269	362.356	586.879	71.2815
401	105.269	362.149	589.697	72.0334
402	105.269	361.89 	601.723	73.2478
403	105.269	361.394	578.38 	73.1896
404	105.269	361.377	572.059	70.9978
405	105.269	361.123	565.895	69.8448
406	105.269	360.653	567.601	70.0759
407	105.269	360.644	579.952	70.3026
408	105.269	360.564	581.179	71.0619
409	105.269	360.113	577.272	70.4841
410	104.167	359.808	577.373	71.2439
411	104.167	359.621	613.292	73.1694
412	104.167	359.472	599.76 	73.6247
413	104.167	359.26 	599.831	73.0316
414	104.167	359.044	580.941	72.093 
415	104.167	359.056	567.186	71.4451
416	104.167	358.902	567.186	71.654 
417	104.167	358.827	581.194	70.4094
418	104.167	358.727	573.994	69.3706
419	104.167	358.598	573.994	69.1522
420	104.167	358.428	577.73 	68.8007
421	104.167	357.916	582.204	70.5525
422	104.167	357.784	583.803	70.7989
423	104.167	357.644	567.575	70.6799
424	104.167	357.618	542.362	70.8034
425	104.167	357.487	555.909	70.6921
426	104.167	357.313	561.093	70.8045
427	104.167	357.248	551.982	70.3145
428	104.167	357.02 	561.167	69.4103
429	104.167	356.765	570.619	69.257 
430	104.167	356.646	567.615	68.8806
431	104.167	356.534	553.675	69.7041
432	104.167	356.632	549.47 	70.0382
433	104.167	356.544	556.295	70.631 
434	104.167	356.26 	549.654	70.1539
435	104.167	356.14 	542.203	70.9566
436	104.167	355.936	554.302	70.4882
437	101.386	355.699	560.705	69.8931
438	101.386	355.686	552.118	69.662 
439	101.386	355.325	573.249	68.9813
440	101.386	355.081	573.249	69.6626
441	101.386	354.849	561.412	69.7871
442	101.386	354.592	559.117	70.3682
443	101.386	354.154	556.537	69.0509
444	101.386	353.856	560.565	69.2785
445	101.386	353.582	545.261	69.569 
446	101.386	353.407	541.487	68.8634
447	101.386	353.481	583.755	69.8747
448	101.386	353.342	566.559	69.6486
449	101.386	353.237	558.099	68.634 
450	101.386	352.955	551.386	68.7358
451	101.386	352.766	556.032	69.0487
452	101.386	352.603	576.022	69.0231
453	101.386	352.283	565.555	67.9467
454	101.386	352.118	556.667	68.5476
455	101.386	351.797	546.149	66.4166
456	101.386	351.632	556.944	68.4695
457	101.386	351.233	566.585	68.5126
458	101.386	350.879	550.951	69.0506
459	101.386	350.653	550.671	70.3356
460	101.386	350.635	562.874	69.2513
461	101.386	350.306	548.278	68.3635
462	101.386	349.895	558.367	68.3259
463	101.386	349.48 	560.149	67.8923
464	101.386	349.329	565.517	67.8125
465	101.386	349.026	578.097	68.8653
466	101.386	348.783	574.501	68.3735
467	101.386	348.587	569.356	67.4906
468	101.386	348.419	580.692	67.1553
469	101.386	348.16 	568.754	67.6005
470	101.386	348.109	536.921	67.5459
471	101.386	347.892	546.043	67.8102
472	101.386	347.384	527.122	66.3249
473	101.386	347.058	557.229	66.9911
474	101.386	347.078	542.479	67.1808
475	101.386	347.015	551.252	66.7112
476	101.386	346.775	580.515	66.5054
477	101.386	346.649	560.967	67.6879
478	101.386	346.401	560.967	68.7607
479	101.386	346.273	550.44 	69.0223
480	101.386	346.223	529.627	68.4625
481	101.386	346.085	525.379	68.495 
482	101.386	345.727	534.925	68.2684
483	101.386	345.569	533.51 	67.7324
484	101.386	345.256	545.024	68.5143
485	101.386	345.096	542.65 	67.6839
486	101.386	344.786	531.87 	68.672 
487	101.386	344.457	534.997	67.3927
488	101.386	344.426	534.46 	67.8217
489	101.386	344.029	518.639	65.9313
490	101.386	343.785	560.782	67.6093
491	101.386	343.691	547.951	69.1197
492	101.386	343.573	560.015	68.8698
493	101.386	343.343	544.974	69.3754
494	101.386	343.297	550.556	69.7304
495	101.386	342.931	587.396	70.6045
496	101.386	342.639	541.794	68.4359
497	101.386	342.486	558.795	69.9319
498	101.386	342.109	568.647	69.5725
499	101.386	342.047	561.392	67.9079
79.48000001
