gen	min    	avg    	max    	std   
0  	297.276	467.105	698.087	66.966
1  	297.276	467.093	653.912	67.1484
2  	292.476	467.057	652.219	66.53  
3  	290.746	466.984	660.974	66.5624
4  	281.348	466.644	694.207	66.2999
5  	281.348	466.71 	645.406	67.0668
6  	279.821	466.655	647.59 	66.6076
7  	270.019	466.39 	648.275	66.6427
8  	270.019	466.398	638.986	67.2488
9  	262.069	466.364	647.391	67.6253
10 	249.261	466.446	647.391	67.1651
11 	249.261	466.256	645.051	68.232 
12 	249.261	466.432	660.161	69.3744
13 	249.261	466.312	648.048	68.1296
14 	248.188	466.094	649.797	67.858 
15 	243.229	465.942	641.234	70.5779
16 	243.229	465.702	662.286	68.168 
17 	243.229	465.663	643.306	68.0523
18 	243.229	465.362	643.306	68.9374
19 	243.229	465.416	634.867	68.8537
20 	243.229	465.406	648.253	68.4491
21 	243.229	465.094	663.321	68.7372
22 	243.229	465.135	657.63 	67.6721
23 	232.302	465.173	658.843	68.5224
24 	223.22 	464.997	664.185	67.6036
25 	220.579	465.032	667.72 	67.1065
26 	220.579	465.116	657.347	68.6003
27 	216.016	464.843	644.165	69.2563
28 	206.604	464.748	643.428	68.5562
29 	206.604	464.567	637.683	67.5606
30 	206.604	464.37 	639.893	68.672 
31 	201.407	464    	640.485	69.1913
32 	197.461	463.933	650.921	70.6434
33 	197.461	463.676	643.204	70.682 
34 	192.043	463.502	669.781	72.0776
35 	192.043	463.265	656.621	71.3183
36 	192.043	463.092	664.833	72.1938
37 	181.475	462.817	656.261	71.259 
38 	181.475	462.825	656.261	69.5514
39 	181.475	462.47 	627.105	69.5182
40 	181.475	462.396	650.253	71.0367
41 	181.475	462.305	671.512	71.353 
42 	181.475	461.912	648.468	70.1929
43 	180.189	461.957	659.731	71.8077
44 	180.189	461.58 	679.174	73.0599
45 	179.413	461.561	653.715	73.4368
46 	179.413	461.263	650.878	73.3436
47 	172.463	461.264	680.664	76.0066
48 	172.463	461.134	678.865	75.645 
49 	172.463	460.832	708.238	76.4791
50 	172.463	460.664	666.66 	74.9788
51 	172.463	460.351	661.204	74.7226
52 	172.463	460.203	656.62 	74.5499
53 	172.463	459.962	652.093	73.9353
54 	172.463	459.746	658.505	74.1642
55 	172.463	459.716	644.033	74.795 
56 	172.463	459.395	678.443	75.8024
57 	172.463	459.217	644.561	74.8621
58 	172.463	459.28 	689.213	74.7222
59 	172.463	459.004	660.866	73.4295
60 	172.463	458.762	660.866	73.7111
61 	172.463	458.324	659.972	74.0855
62 	172.463	458.1  	651.99 	73.745 
63 	172.463	457.696	684.409	73.9862
64 	172.463	457.482	645.116	72.6734
65 	172.463	457.069	639.844	71.9658
66 	172.463	456.964	655.169	71.9943
67 	172.463	456.708	663.025	70.7759
68 	172.463	456.34 	673.475	69.4137
69 	169.71 	456.201	669.074	69.7567
70 	169.71 	455.868	651.544	70.2188
71 	169.71 	455.657	659.813	71.1802
72 	169.71 	455.441	645.929	71.377 
73 	169.71 	455.361	658.824	71.0368
74 	169.71 	455.138	659.713	71.145 
75 	169.71 	454.966	697.544	71.4035
76 	169.71 	454.708	650.401	69.3457
77 	169.71 	454.522	659.873	69.8204
78 	169.71 	454.502	670.571	71.9173
79 	169.71 	454.237	661.793	72.6005
80 	169.71 	453.753	659.104	72.8864
81 	169.71 	453.575	648.713	73.5524
82 	169.71 	453.071	672.292	72.8555
83 	169.71 	452.859	673.605	72.6431
84 	169.71 	452.458	644.332	73.1479
85 	169.71 	452.216	638.468	72.9753
86 	169.71 	452.22 	629.702	72.7455
87 	169.71 	451.841	692.562	73.0623
88 	166.107	451.417	670.481	74.8819
89 	157.874	451.168	678.423	74.9123
90 	157.874	450.88 	680.526	73.5881
91 	157.874	450.626	680.486	73.7544
92 	157.874	450.382	692.139	72.4575
93 	157.874	449.956	659.378	73.6647
94 	157.874	449.66 	654.682	73.8535
95 	157.874	449.498	662.019	74.2322
96 	157.874	449.204	657.956	74.7522
97 	157.874	448.923	640.716	74.9192
98 	157.874	448.718	637.342	75.3349
99 	157.874	448.164	641.559	75.8823
100	156.886	447.617	643.412	74.3679
101	156.886	447.405	625.391	73.7643
102	156.886	447.009	641.129	74.4428
103	156.886	446.63 	633.85 	74.6913
104	156.886	446.348	630.121	74.5673
105	156.886	446.09 	644.112	75.0739
106	156.886	445.737	659.976	75.4111
107	156.886	445.534	655.422	74.0461
108	156.886	445.381	645.141	74.2243
109	156.886	445.193	642.577	75.7468
110	156.886	445.054	651.949	75.0499
111	156.886	444.879	655.439	74.2208
112	156.886	444.726	691.607	74.2689
113	156.886	444.537	647.376	75.6899
114	156.886	444.002	663.269	75.4208
115	156.886	443.548	666.461	76.7857
116	156.886	443.278	669.996	77.0112
117	154.915	443.021	669.996	77.2679
118	154.915	442.594	668.08 	76.4446
119	154.915	442.283	658.043	77.1466
120	152.654	442.126	666.075	76.4021
121	152.654	441.707	676.978	76.3337
122	152.654	441.661	647.742	77.3358
123	152.654	441.486	664.885	79.1359
124	152.654	441.251	648.977	78.8834
125	152.654	441.068	668.078	78.8672
126	148.503	440.395	664.309	78.431 
127	148.503	439.944	669.771	77.1821
128	148.503	439.617	643.645	77.2903
129	148.503	439.253	651.033	77.818 
130	148.503	439.071	638.093	77.0599
131	148.503	438.741	643.116	76.1348
132	148.503	438.489	648.446	76.9038
133	148.503	438.257	640.19 	76.9445
134	148.503	438.171	644.357	77.0762
135	148.503	437.839	646.51 	76.3088
136	148.503	437.73 	634.023	76.7895
137	148.503	437.566	663.082	77.9689
138	148.503	437.272	644.689	76.5179
139	148.503	437.002	634.925	75.699 
140	148.503	436.516	653.848	76.1415
141	148.503	436.247	647.086	75.9635
142	148.262	435.89 	662.236	74.4115
143	148.262	435.695	653.753	75.1684
144	148.262	435.323	657.306	74.8509
145	148.262	435.031	667.203	75.055 
146	148.262	434.697	649.614	76.7113
147	148.262	434.443	658.835	76.2328
148	148.262	434.247	650.166	75.4172
149	148.262	434.148	634.263	75.8757
150	148.262	434.002	627.746	75.6162
151	148.262	433.796	629.288	75.2617
152	148.262	433.411	661.006	75.7845
153	148.262	433.082	670.698	74.9245
154	148.262	433.07 	646.614	74.9721
155	148.262	432.959	648.526	75.371 
156	138.274	432.565	641.41 	74.1512
157	138.274	432.239	656.183	74.9528
158	138.274	432.082	622.605	76.0556
159	138.274	431.979	624.806	76.7223
160	138.274	431.315	643.486	74.9545
161	138.274	430.946	641.73 	74.9849
162	138.274	430.554	641.73 	75.6526
163	138.274	430.313	646.279	75.9062
164	138.274	429.759	667.477	75.9943
165	138.274	429.576	675.345	77.1586
166	138.274	429.161	671.8  	76.3153
167	138.274	428.867	660.135	76.5115
168	138.274	428.882	680.262	76.0045
169	138.274	428.545	645.538	76.361 
170	138.274	428.166	649.961	77.1309
171	138.274	427.804	650.712	77.4364
172	138.274	427.683	645.825	76.2783
173	138.274	427.398	656.798	75.0327
174	135.413	427.26 	676.08 	77.5606
175	135.413	426.87 	680.373	77.5691
176	135.413	426.41 	673.25 	76.8771
177	135.413	426.273	634.227	76.4994
178	135.413	425.918	625.749	77.0276
179	134.529	425.856	651.684	77.5963
180	134.529	425.551	641.593	77.9469
181	134.529	425.012	641.014	78.1453
182	134.529	424.803	656.07 	77.8946
183	134.529	424.672	653.71 	78.6131
184	134.529	424.448	675.651	78.7049
185	134.529	424.081	667.131	79.9332
186	134.529	423.969	655.58 	79.8304
187	134.529	423.855	666.902	77.5858
188	134.529	423.591	684.623	77.0422
189	131.4  	423.088	668.394	76.3283
190	131.4  	422.513	650.024	76.3976
191	131.4  	422.386	643.514	75.5485
192	131.4  	422.043	658.827	74.318 
193	131.4  	421.886	632.811	75.1878
194	131.4  	421.624	644.215	77.6327
195	131.4  	421.536	635.222	77.6111
196	131.359	421.353	627.619	77.2661
197	131.359	421.074	627.619	77.4772
198	131.359	420.79 	633.767	77.1692
199	131.359	420.54 	628.618	76.2493
200	131.359	420.295	654.142	76.9849
201	131.359	420.223	636.775	77.4026
202	131.359	419.785	643.272	75.9391
203	131.359	419.137	641.304	76.4743
204	131.359	418.926	637.581	77.6129
205	131.359	418.548	652.145	77.7864
206	131.359	418.058	675.815	77.1256
207	131.359	417.606	665.341	75.9721
208	131.359	417.004	676.171	76.0145
209	131.359	416.629	637.452	77.4063
210	131.359	416.258	642.745	75.7923
211	131.359	415.965	642.656	77.0724
212	131.359	415.79 	625.334	76.342 
213	131.359	415.473	615.501	75.2455
214	131.359	415.241	647.624	75.9481
215	131.359	414.89 	637.207	74.7826
216	131.359	414.647	638.036	74.5184
217	131.359	414.752	646.259	74.0099
218	131.359	414.578	644.739	73.5702
219	131.359	414.479	628.001	74.2421
220	131.359	414.31 	644.703	75.265 
221	131.359	414.075	635.654	72.5727
222	131.359	413.802	647.113	73.3089
223	131.359	413.669	629.865	75.765 
224	131.359	413.388	620.003	74.826 
225	131.359	413.15 	640.53 	75.6512
226	131.359	412.87 	645.313	75.8692
227	131.359	412.656	664.347	77.3527
228	131.359	412.438	661.619	76.5959
229	131.359	412.287	648.88 	77.2779
230	131.359	412.027	619.581	76.3759
231	131.359	411.645	634.487	77.0813
232	131.359	411.193	618.01 	76.3942
233	131.359	410.949	649.169	75.7575
234	131.359	410.844	631.114	75.612 
235	130.399	410.585	625.095	76.9189
236	130.399	410.322	620.008	76.6419
237	130.399	410.04 	617.562	76.797 
238	130.399	409.706	649.988	75.3716
239	130.399	409.932	646.466	76.0577
240	130.399	409.657	646.473	75.1823
241	130.399	409.29 	637.563	75.5017
242	130.399	409.035	682.477	76.2087
243	130.399	408.848	629.097	75.2181
244	130.399	408.63 	625.576	73.4244
245	130.399	408.211	646.483	74.7413
246	130.399	408.015	637.675	75.7847
247	130.399	407.556	613.121	75.8264
248	130.399	407.335	644.948	77.1827
249	130.399	406.983	641.426	79.0479
250	130.399	406.78 	613.071	78.14  
251	130.399	406.439	668.279	77.4126
252	129.71 	406.239	625.321	76.2333
253	129.71 	406.18 	619.672	76.3497
254	129.159	405.901	649.168	77.613 
255	129.159	405.439	645.976	77.465 
256	129.159	405.125	649.69 	79.9066
257	129.159	404.684	642.005	79.222 
258	129.159	404.526	648.562	78.4744
259	129.159	404.252	631.053	77.7296
260	129.159	403.908	645.996	79.0081
261	129.159	403.52 	634.848	78.6676
262	129.159	403.141	630.007	75.8888
263	129.159	403.235	608.378	76.5498
264	129.159	403.027	614.369	76.0265
265	126.263	402.565	605.602	76.0352
266	125.565	402.385	651.454	75.2054
267	125.565	402.027	624.087	73.8985
268	125.565	401.83 	599.844	73.8598
269	125.565	401.813	627.239	74.335 
270	125.565	401.564	637.314	77.5805
271	125.565	401.208	612.653	75.7203
272	125.565	400.843	630.057	74.9075
273	125.565	400.735	621.156	76.3219
274	125.565	400.43 	613.375	76.2246
275	125.565	400.126	586.899	75.2769
276	125.565	399.901	610.811	74.0949
277	125.565	399.931	593.85 	75.0565
278	125.565	399.862	603.879	74.9365
279	125.565	399.625	614.452	75.4527
280	125.565	399.62 	600.482	76.0159
281	125.565	399.456	596.738	76.5278
282	125.565	399.219	584.874	75.4559
283	125.565	398.828	619.264	76.0292
284	125.565	398.555	588.105	75.5114
285	125.565	398.289	593.211	74.0616
286	125.565	398.089	584.59 	72.9255
287	125.565	397.812	599.11 	72.3656
288	125.565	397.595	590.097	72.7176
289	125.565	397.277	613.174	73.9811
290	125.565	396.878	600.8  	72.4656
291	125.565	396.754	591.728	72.8062
292	125.565	396.495	580.391	72.7231
293	125.565	396.232	635.052	74.8363
294	125.565	395.977	629.789	74.5554
295	125.565	395.74 	629.789	74.1394
296	125.565	395.64 	608.063	72.694 
297	125.565	395.314	671.938	72.1301
298	125.565	394.792	649.615	71.4873
299	122.433	394.625	621.232	71.6367
300	122.433	394.4  	623.654	71.4403
301	122.433	394.249	593.235	72.6279
302	122.433	394.056	616.719	71.86  
303	122.433	393.733	667.743	71.0729
304	122.433	393.34 	636.562	69.9642
305	122.433	393.271	609.915	72.0797
306	122.433	393.007	609.915	73.2493
307	122.433	392.801	589.981	71.2729
308	122.433	392.406	612.603	71.8731
309	122.433	392.047	600.681	71.8581
310	122.433	391.717	586.739	72.5727
311	122.433	391.58 	584.729	73.4876
312	122.433	391.358	570.552	71.7787
313	122.433	391.262	603.897	72.5174
314	122.433	390.877	602.274	74.3692
315	122.433	390.678	597.229	73.8396
316	122.433	390.417	597.404	73.9285
317	122.433	390.116	597.404	73.156 
318	122.433	390.075	619.303	72.9024
319	122.433	389.664	624.295	73.2662
320	122.433	389.603	608.984	72.4707
321	122.433	389.451	611.806	71.3578
322	122.433	389.108	603.133	73.1827
323	122.433	388.882	653.547	72.9414
324	122.433	388.507	595.244	73.7205
325	122.433	388.226	595.244	73.6354
326	122.433	387.801	599.087	74.2017
327	122.433	387.462	621.739	72.5853
328	122.433	387.353	609.174	73.2615
329	122.433	386.846	631.965	74.0597
330	122.433	386.778	624.128	73.2651
331	122.433	386.642	605.291	73.1305
332	122.433	386.613	593.816	72.0594
333	122.433	386.556	583.864	72.9412
334	122.433	386.494	613.712	72.1931
335	122.433	386.25 	606.112	72.552 
336	122.433	386.141	598.449	70.8977
337	122.433	385.979	607.928	72.4265
338	122.433	385.714	610.064	73.5348
339	121.571	385.294	599.486	71.629 
340	121.571	384.949	582.256	71.0098
341	121.559	384.586	583.314	72.1145
342	116.236	384.37 	611.207	71.7026
343	116.236	384.15 	595.629	71.2499
344	116.236	384.019	593.345	73.2655
345	116.014	383.79 	641.664	73.7523
346	116.014	383.437	620.591	74.2542
347	116.014	383.092	596.427	74.6635
348	116.014	382.899	582.052	73.719 
349	116.014	382.815	582.371	74.4771
350	116.014	382.486	580.264	73.2475
351	116.014	382.211	612.221	72.1948
352	116.014	382.133	608.477	72.8597
353	116.014	381.78 	609.538	74.1419
354	116.014	381.535	610.501	75.9969
355	116.014	381.206	619.11 	76.4173
356	116.014	380.865	591.095	76.1396
357	112.927	380.484	606.672	74.1171
358	112.927	380.086	588.324	74.4235
359	112.927	379.68 	598.793	74.1271
360	112.927	379.37 	614.042	74.3496
361	112.927	379.023	611.074	74     
362	112.927	378.784	569.829	72.9609
363	112.927	378.349	582.395	72.2068
364	112.927	378.264	587.866	71.4599
365	112.927	377.785	593.861	70.7316
366	112.927	377.74 	591.788	72.15  
367	112.927	377.555	575.319	72.1342
368	112.927	377.434	575.319	71.5699
369	112.927	377.232	598.801	70.8081
370	112.927	376.915	584.816	71.3715
371	112.927	376.757	590.064	68.958 
372	112.927	376.514	570.031	69.4383
373	112.927	376.46 	577.891	69.9707
374	112.927	376.132	609.507	70.6437
375	112.927	376.036	575.66 	70.9878
376	112.927	375.726	592.893	70.2405
377	112.927	375.359	566.735	69.7361
378	112.927	375.111	610.408	70.2816
379	112.927	374.77 	610.408	71.9519
380	112.927	374.726	607.578	72.5554
381	112.927	374.586	607.374	72.0345
382	112.927	374.434	613.482	72.5827
383	112.927	374.216	587.863	74.3455
384	112.927	373.802	615.915	72.8552
385	112.927	373.625	578.373	72.8696
386	112.275	373.546	571.555	71.6073
387	112.275	373.383	556.28 	70.9879
388	112.275	373.038	570.567	72.5895
389	112.275	373.005	570.616	73.2851
390	112.275	372.791	567.98 	72.8675
391	112.275	372.468	610.157	72.0125
392	112.275	372.475	597.635	71.6896
393	112.275	372.534	601.816	72.9902
394	112.275	372.382	607.79 	73.556 
395	112.275	372.123	601.139	74.0473
396	112.275	371.846	616.587	73.4639
397	112.275	371.239	595.686	74.7871
398	112.275	370.954	595.54 	74.0745
399	112.275	370.497	651.665	74.2907
400	112.275	370.316	588.686	73.8738
401	112.275	370.093	579.338	73.8006
402	112.275	369.814	585.325	71.3379
403	112.275	369.473	613.05 	72.521 
404	112.275	369.053	617.166	72.221 
405	112.275	368.926	606.374	71.6289
406	112.275	368.624	593.642	71.452 
407	112.275	368.501	583.293	71.0194
408	110.987	368.126	608.339	73.1738
409	110.987	367.844	575.963	72.7539
410	110.987	367.496	572.578	70.9208
411	110.987	367.383	588.855	70.1838
412	110.987	367.065	583.422	69.558 
413	110.987	366.973	563.273	68.7759
414	110.987	367.036	566.293	68.6163
415	110.987	366.932	577.533	69.0714
416	110.987	366.834	560.831	69.4264
417	110.987	366.575	566.157	69.6611
418	110.987	366.302	562.34 	69.4035
419	110.987	366.117	553.811	69.1333
420	110.987	365.683	577.717	69.5216
421	110.987	365.349	575.705	69.1186
422	110.987	364.951	577.92 	69.5014
423	110.987	364.9  	589.136	70.733 
424	110.127	364.704	601.53 	70.687 
425	110.127	364.379	607.977	71.2754
426	110.127	364.166	590.197	70.4117
427	110.127	364.445	559.471	70.616 
428	110.127	364.102	609.667	71.6551
429	110.127	364.015	603.792	70.7561
430	110.127	363.549	572.584	71.4973
431	110.127	363.288	611.545	71.301 
432	110.127	363.149	573.943	70.0757
433	110.127	362.862	593.602	72.0068
434	110.127	362.684	567.848	73.547 
435	110.127	362.49 	586.417	73.7418
436	110.127	362.282	574.287	72.0911
437	110.127	361.852	557.119	71.9822
438	109.182	361.633	554.275	72.4431
439	109.182	361.271	568.087	71.6279
440	109.182	360.847	571.321	71.4111
441	109.182	360.746	573.295	71.1218
442	109.182	360.456	587.398	71.3191
443	109.182	360.1  	587.398	70.9665
444	109.182	359.81 	567.115	72.0759
445	109.182	359.483	563.96 	72.7091
446	108.346	359.34 	569.484	72.5619
447	108.346	359.227	553.599	72.7047
448	108.346	358.984	557.826	72.0577
449	108.346	358.792	597.232	73.651 
450	106.642	358.843	550.006	72.8866
451	106.642	358.494	578.124	72.8417
452	106.642	358.149	580.071	71.5188
453	106.642	357.828	575.814	72.2835
454	106.642	357.654	569.15 	72.6204
455	106.642	357.487	565.068	72.8921
456	106.642	357.395	578.161	73.0933
457	106.642	357.175	578.161	73.7369
458	106.642	356.925	578.161	72.3791
459	106.579	356.624	568.803	72.7648
460	106.579	356.459	569.906	72.3848
461	106.579	356.14 	623.968	73.1354
462	106.579	356.057	617.196	72.4644
463	106.579	355.753	588.752	71.9324
464	106.579	355.264	609.663	72.9948
465	106.579	355.04 	576.877	74.3732
466	106.579	354.65 	582.635	73.3411
467	106.579	354.29 	582.635	72.8763
468	104.322	354.238	589.349	71.9989
469	104.322	353.834	559.479	71.2877
470	104.322	353.649	563.191	69.9672
471	103.926	353.444	571.543	70.0028
472	103.926	353.128	565.255	70.4916
473	103.926	353.17 	554.135	71.0266
474	103.926	352.772	586.304	72.0611
475	103.926	352.6  	564.685	70.7424
476	103.926	352.204	580.488	70.8473
477	103.926	352.106	608.95 	71.6383
478	103.926	351.832	575.007	69.7605
479	103.926	351.508	552.621	70.563 
480	103.926	351.308	536.379	69.973 
481	103.926	350.985	527.544	70.0321
482	103.926	350.817	534.591	70.7667
483	103.926	350.501	549.143	70.0468
484	103.926	350.236	573.186	72.3937
485	103.926	350    	556.792	71.7895
486	103.926	349.695	556.227	71.3126
487	103.926	349.681	552.606	70.9069
488	103.926	349.571	561.713	70.9687
489	103.926	349.383	562.26 	69.1317
490	103.926	349.133	563.691	70.495 
491	103.926	349.073	586.491	70.721 
492	103.926	348.753	558.071	70.8409
493	103.926	348.511	571.29 	70.5283
494	103.926	348.306	565.298	71.2231
495	103.926	348.004	559.634	70.3128
496	103.926	347.99 	553.236	69.4866
497	103.926	347.98 	540.811	70.0234
498	103.926	347.845	552.864	70.074 
499	103.926	347.815	553.051	70.0353
79.48000001
