/usr/lib/python2.7/site-packages/deap/tools/_hypervolume/pyhv.py:33: ImportWarning: Falling back to the python version of hypervolume module. Expect this to be very slow.
  "module. Expect this to be very slow.", ImportWarning)
gen	min    	avg   	max   	std    
0  	65043.2	262536	629897	97660.1
1  	65043.2	261971	624279	95195.1
2  	59329  	261367	614292	95045.3
3  	49448.8	261700	593782	94356.5
4  	38968.7	260821	577708	92181.6
5  	38968.7	260827	551537	91754.8
6  	38968.7	261106	571045	92383.5
7  	38968.7	260441	542069	90296.5
8  	32808.1	260126	558098	91704.4
9  	30028.1	259339	587872	90916.6
10 	30028.1	259490	548395	91196.2
11 	28131.1	259138	614648	91330.6
12 	28131.1	258966	555811	93734.1
13 	23587.7	258263	555054	92537.7
14 	23587.7	258208	611173	95107.3
15 	22218.1	257962	559451	95500.5
16 	21763  	257813	589882	94779.3
17 	21763  	257312	565419	94489.4
18 	19614.9	256878	565028	93742.6
19 	19614.9	257457	564717	93755.4
20 	19614.9	257235	565657	94503  
21 	19420.6	256766	558547	96370.9
22 	19420.6	256244	575303	98377.5
23 	19420.6	255916	557669	97981.8
24 	18109.8	256515	559856	96922.1
25 	18109.8	256013	597740	98282.6
26 	18109.8	256015	605375	99878.2
27 	10690.2	255705	626606	98463.5
28 	9757.38	254779	610032	98325.4
29 	9757.38	254280	557730	97189.5
30 	9757.38	253860	566182	97334.2
31 	9757.38	253975	552972	97177.7
32 	8114.35	253987	582661	97674.7
33 	8114.35	253172	621204	97843.3
34 	8114.35	253089	585360	96640.9
35 	8114.35	253761	557859	96838  
36 	8114.35	252924	563962	96295.1
37 	8114.35	252259	547986	96146.4
38 	8114.35	251931	566565	95066.7
39 	5559.41	251704	565637	96446.1
40 	5559.41	252413	582317	97775.2
41 	5559.41	252802	570361	98078.5
42 	5559.41	251867	582987	98003.4
43 	5559.41	251792	587796	98908.7
44 	5559.41	251053	570415	99232.2
45 	5559.41	251458	596384	100887 
46 	5559.41	250966	593322	102266 
47 	5559.41	251413	603889	100725 
48 	5559.41	251252	588171	99491.8
49 	5559.41	250345	571715	96899.8
50 	5559.41	250531	552657	96190.9
51 	5559.41	250801	558856	95726.3
52 	5559.41	249818	541390	94270.7
53 	5559.41	249722	572916	96698.4
54 	5559.41	249159	575183	97266  
55 	5559.41	249557	576697	97739.8
56 	5559.41	249044	587309	99451.3
57 	5559.41	249565	590205	98869.5
58 	5559.41	248594	641392	97574.7
59 	5559.41	248802	564346	93377.8
60 	5559.41	248332	571768	94538.9
61 	5559.41	248445	522323	92503.2
62 	4550.84	248309	510422	94495.6
63 	4550.84	248283	511914	93515  
64 	4485.97	247880	548491	94216.3
65 	4485.97	248413	530812	96878.6
66 	4485.97	247680	567053	98159.9
67 	4485.97	247382	616087	100588 
68 	4485.97	247309	583960	99255.3
69 	4485.97	247116	554226	101425 
70 	4485.97	246503	571086	100783 
71 	4485.97	245662	564755	98608.9
72 	4485.97	244628	551901	97147.8
73 	4485.97	244551	526523	98359.3
74 	4485.97	244238	535832	97119.9
75 	4394.18	244237	574028	98279  
76 	4394.18	244755	579530	99787.9
77 	4394.18	243183	604554	98893.6
78 	4394.18	242924	633341	97899.9
79 	4394.18	242413	592192	97254.9
80 	4394.18	242687	585841	97101.4
81 	4394.18	241830	531158	94078.2
82 	4394.18	241338	548544	94402.8
83 	4394.18	241194	529537	94917  
84 	4394.18	240477	575328	95017.2
85 	3937.45	240252	552299	92986.7
86 	3937.45	239454	514297	93093.7
87 	3937.45	239208	618534	94112.2
88 	3937.45	238484	585146	92330.6
89 	3824.06	237912	578355	92962.6
90 	3457.92	236415	552934	91004.4
91 	3457.92	236089	555973	92282.4
92 	3457.92	236672	555805	95420.9
93 	3457.92	236816	563339	96077.7
94 	3457.92	237026	583283	95875  
95 	2203.26	236753	540940	95032.3
96 	2203.26	236916	536295	95414.7
97 	2203.26	236628	560827	94983.8
98 	2203.26	236506	537417	93373.8
99 	2203.26	235948	555700	92300.7
100	2203.26	235979	558714	93637.5
101	2203.26	236439	539069	93988.1
102	2203.26	236055	522291	91961.7
103	2203.26	236084	557753	92289.9
104	2203.26	234968	549733	90134.6
105	2203.26	234754	548660	90937.2
106	2203.26	234226	544302	89502.2
107	2203.26	234387	553340	91254.2
108	2203.26	234312	532306	89403.9
109	2203.26	233631	524697	88248.7
110	2203.26	232044	493355	85638.6
111	2203.26	231948	533639	87311.3
112	2203.26	231577	529050	87364.8
113	2203.26	232037	585459	89969.9
114	2203.26	232641	558588	90014  
115	2203.26	232198	541400	91285.7
116	2203.26	232501	586133	92133.6
117	2203.26	232284	537202	93159.7
118	2203.26	232381	539881	92210.3
119	2203.26	231633	563590	92859.2
120	2203.26	231887	552929	94140.4
121	2203.26	233173	564179	96007.8
122	2203.26	232265	603606	95223.8
123	2203.26	231322	601281	95896.2
124	2203.26	230968	561743	97863.1
125	2203.26	230497	553612	94963.8
126	2203.26	230608	560603	95069  
127	2203.26	229539	636042	92807.3
128	2203.26	229513	543831	92060.1
129	2203.26	229810	549186	91519.9
130	2114.68	229629	531616	91833.9
131	2114.68	229792	532667	92042  
132	2114.68	228912	532667	89888.6
133	2114.68	227700	563493	89885.8
134	2114.68	227474	573793	91902  
135	2114.68	227935	569154	94275  
136	2114.68	227848	527574	93563.7
137	2114.68	228619	527480	94399.9
138	2114.68	228136	527480	94457.2
139	2114.68	227626	547895	95235.8
140	2114.68	226505	571295	95544.4
141	2114.68	225674	555672	94072.4
142	2114.68	225734	547298	92733.1
143	2114.68	225407	568088	92361.3
144	2114.68	225963	569834	94549  
145	2114.68	225080	568378	93640.3
146	2114.68	224685	537063	92923.9
147	2114.68	223943	576888	92738.4
148	2114.61	222730	540940	91608.9
149	2114.61	222177	530160	91125.8
150	2114.61	221836	572546	91936.3
151	2114.61	221137	594175	92944.1
152	2114.61	220945	558237	91505.8
153	2114.61	221070	595451	90481.1
154	2114.61	221051	560710	90109.1
155	2114.61	220677	506146	88142.1
156	1038.53	220950	539853	88061.4
157	1038.53	220821	523076	88026  
158	1038.53	220804	559250	90581.9
159	901.147	220530	622390	91215.7
160	901.147	220455	558571	91005.7
161	901.147	220887	515387	89659.9
162	901.147	220892	565857	93412.8
163	901.147	220184	518611	90684.3
164	901.147	220000	516485	91584.6
165	665.557	220047	508298	91340.4
166	665.557	218997	527114	89162  
167	665.557	218280	495954	88171.2
168	665.557	218224	492483	87143.9
169	665.557	219144	553121	89498.5
170	665.557	219065	514027	90251.6
171	665.557	218272	516072	90087.1
172	665.557	217983	517393	88467.5
173	607.59 	217519	510874	87215.5
174	607.59 	216368	537213	87501.3
175	607.59 	216277	510232	86357.3
176	607.59 	216676	533547	86504.5
177	607.59 	217692	515587	89011.3
178	607.59 	217377	503798	88312.4
179	607.59 	216533	529204	88798.9
180	607.59 	215698	523450	87831.6
181	607.59 	214804	532190	87785.7
182	607.59 	214926	540203	85946.3
183	607.59 	216474	533325	89108.7
184	607.59 	215916	588845	89552.6
185	607.59 	214474	525165	87287.2
186	607.59 	214485	549891	87604.4
187	607.451	215425	503389	86769.3
188	607.451	214947	502569	84789.5
189	607.451	214336	501594	84247.6
190	607.451	213834	489040	84759  
191	607.451	213352	503891	86322.4
192	607.451	213408	535776	86146.3
193	607.451	213101	527510	88000.9
194	346.812	213194	551751	89071.1
195	346.812	212976	554900	88382.3
196	346.812	213537	554900	91600.5
197	346.812	212730	532544	91146.6
198	346.812	213150	547829	90241  
199	346.812	212234	547829	91028.2
200	346.812	211994	523513	90839.9
201	346.812	212160	526029	92086.2
202	346.812	212411	559344	93193.4
203	346.812	211932	520870	92308.6
204	346.812	211676	525048	91893.1
205	346.812	211512	513406	90161.1
206	346.812	210631	512286	89203.7
207	346.812	209630	553535	91397.8
208	346.812	208996	542110	91287.1
209	346.812	209454	532956	90757.1
210	346.812	208973	496943	88878.2
211	346.812	207856	504984	90699.7
212	346.812	206833	527613	88165.3
213	346.812	206891	508733	86744.2
214	346.812	206965	508733	86116.2
215	346.812	207462	506937	87489.1
216	346.812	208437	501760	87724.1
217	255.912	208057	508197	88106.4
218	255.912	207172	507664	86621.2
219	255.912	206826	537787	88104.2
220	255.912	206257	529656	86758.5
221	255.912	205688	536524	85266.4
222	255.912	206312	601345	86496.7
223	255.912	205936	512862	85702.9
224	255.912	205139	495768	84470.2
225	255.912	204685	466292	83764.6
226	255.912	204840	496056	84854  
227	255.912	204485	485080	84992.2
228	255.912	204168	500438	86430.7
229	255.912	204829	532257	87703.6
230	255.912	204287	481488	87812  
231	178.955	204302	508468	87422.7
232	178.955	204253	526188	88154.9
233	178.955	204005	489097	87600.2
234	178.955	204216	506690	86039.9
235	178.955	204138	550510	85469.8
236	178.955	204197	474706	85483.4
237	178.955	203924	476374	85044.1
238	178.955	203390	483534	85361.5
239	178.955	203323	479111	84271.4
240	178.955	202176	553799	83775.2
241	178.955	201224	562452	83796  
242	178.955	201197	482359	82494.9
243	178.955	200147	462713	80517.9
244	178.955	200438	457260	80523.4
245	178.955	200716	447428	81159.6
246	178.955	200267	487951	80886.7
247	178.955	200465	487951	81186.6
248	178.955	199988	493073	81072.4
249	178.955	199996	475118	82629.2
250	178.955	200000	481091	81335.9
251	178.955	200714	463026	84354.2
252	178.955	200599	487047	83254.8
253	178.955	200158	455523	84230.8
254	178.955	200055	473754	82918.6
255	178.955	199452	479611	84046.8
256	178.955	200050	493392	84512.7
257	178.955	200476	479677	84539.4
258	178.955	201180	496788	85156.8
259	178.955	201243	500228	85124  
260	178.955	201590	469434	83482.6
261	178.955	201980	521282	84700.6
262	178.955	201307	588248	83810.9
263	178.955	201230	523027	83209  
264	178.955	199850	501845	83283.5
265	178.955	198754	497834	83186.7
266	178.955	199049	508851	83630.3
267	178.955	198477	502387	83360.6
268	178.955	198586	556123	83388.4
269	178.955	198398	515261	81855.8
270	178.955	198227	507818	82415.9
271	178.955	198169	483932	82593.4
272	178.955	198470	502549	85962.4
273	178.955	198063	497495	86655.5
274	173.707	197912	507401	84841  
275	173.707	196850	463244	83889.3
276	173.707	196066	456369	82505  
277	173.707	195894	486497	83307.6
278	173.707	196061	503194	81998.5
279	173.707	196362	498303	82626.6
280	173.707	196524	485591	79946.5
281	173.707	195549	514865	79712.9
282	173.624	196065	485591	80921.4
283	173.493	195976	488408	82305.3
284	173.493	195570	510717	81408.6
285	173.493	196337	470389	83295.3
286	173.493	195783	508274	82621.6
287	173.493	195981	512910	79959.3
288	173.493	195534	464504	80246.5
289	173.493	195837	450913	80088.8
290	173.493	195780	432981	80236.7
291	173.493	195361	483134	80139  
292	173.493	195356	482063	80389.5
293	173.493	195426	502501	81507  
294	173.493	195312	481539	82744.6
295	173.493	195663	499525	83248.9
296	173.493	195867	555210	82551.6
297	173.493	195009	521494	82356.5
298	173.493	194578	521494	82343.2
299	173.493	194129	468424	81171.1
300	173.493	193081	448748	78620.4
301	173.493	193371	484078	78488.1
302	173.493	192512	437481	77724  
303	173.493	192131	457101	76925.7
304	139.327	192463	425562	78979.4
305	139.327	191873	463789	79485.6
306	139.327	192362	492873	81088.7
307	139.327	192086	495509	81183.3
308	139.327	192116	491315	79914.2
309	139.327	192033	496218	79204.3
310	139.327	192109	467203	80080.8
311	139.327	191864	452315	79216.5
312	139.327	191443	515571	82237.6
313	139.327	191158	498962	82711.8
314	-52.0133	190774	510338	82993  
315	-52.0133	190818	519764	81917.9
316	-52.0133	190246	481618	82857.3
317	-52.0133	190065	487838	84250.5
318	-55.2232	190406	493589	82254  
319	-55.2232	190294	475953	82576.9
320	-55.2232	190354	450973	80649.1
321	-55.2232	190877	484517	82787.4
322	-55.2232	190636	568953	82639.7
323	-55.2232	190425	599837	82846.6
324	-55.2232	190459	497151	83247.4
325	-55.2232	189652	525469	83871.2
326	-55.2232	189670	507227	81049.2
327	-67.0576	188872	478314	78758.8
328	-67.0576	188210	472768	77895.6
329	-67.0576	188386	450842	77976.8
330	-67.0576	189266	454608	79033.7
331	-67.0576	188951	457851	80423.5
332	-67.0576	188877	466683	80613.9
333	-67.0576	188891	486154	79890.9
334	-67.0576	188954	500258	79991.5
335	-67.0576	187860	497635	78543.6
336	-67.0576	187489	426467	78546.4
337	-67.0576	187491	453852	80697.9
338	-67.0576	187123	437088	80207.5
339	-67.0576	186755	449832	79361.3
340	-67.0576	185816	449832	78794.9
341	-67.0576	185922	472166	81172  
342	-67.0576	187660	475514	81065  
343	-67.0576	187011	466182	81773.4
344	-149.453	186816	495559	78903.1
345	-149.453	187288	478356	82067.1
346	-149.453	186945	450639	81211.4
347	-149.453	187266	501780	81734.6
348	-149.453	187312	483513	81773.6
349	-149.453	187486	466537	79516.5
350	-149.453	186677	454937	80401  
351	-173.198	186645	461219	80877.5
352	-359.28 	185826	456749	78794.2
353	-359.28 	186317	455548	78801  
354	-359.28 	186632	475692	80809  
355	-359.28 	186884	477191	81922.6
356	-359.28 	186283	430349	80561.9
357	-359.28 	186148	469393	82720.5
358	-359.28 	185715	474394	80613.8
359	-359.28 	186243	493649	80789.5
360	-359.28 	186289	472588	80275.3
361	-359.28 	186869	506637	80972.7
362	-359.28 	186867	511928	80196.4
363	-364.463	186889	467661	78942  
364	-364.463	186213	466474	79807.8
365	-364.463	186597	473274	80359.1
366	-364.463	186314	455558	79055.9
367	-364.463	186559	508427	79821.5
368	-364.463	186124	446748	78155.6
369	-364.463	185460	447893	77944.2
370	-364.463	185128	445504	77239.2
371	-369.156	184060	448806	76990  
372	-369.156	184300	490970	76272  
373	-369.156	184251	493263	76009.4
374	-369.156	184839	445869	74615.8
375	-369.156	184198	433854	76363.9
376	-369.156	184156	465462	75633.4
377	-369.156	183748	465531	76157.6
378	-369.156	183501	480650	76132.3
379	-369.156	183558	462727	78892.6
380	-369.156	183179	467052	81334.6
381	-369.156	183031	460696	79892.7
382	-369.156	182835	499605	79135.5
383	-369.156	182252	437533	77828.9
384	-369.156	181948	435344	77643.6
385	-369.156	182133	445885	77404.2
386	-373.144	181906	446561	78330.6
387	-373.144	181749	457941	78689  
388	-373.144	180940	440678	76515.3
389	-373.144	180609	444559	77579.5
390	-373.144	181018	458199	77861.9
391	-373.144	180308	437820	77260.3
392	-373.144	180137	512055	77465  
393	-373.144	179851	448055	77200.4
394	-373.144	180059	437692	75912.1
395	-373.144	179625	465104	76189.7
396	-373.144	178662	442811	75256.1
397	-373.144	178320	467801	75649.9
398	-373.249	177277	453683	74189.3
399	-373.249	176972	457399	76695.2
400	-373.249	177337	452315	74875.4
401	-373.249	177671	455331	76463.8
402	-373.249	177622	437874	75568.9
403	-373.249	177132	414573	73982.2
404	-373.249	176833	456623	75775.9
405	-373.249	176355	480239	74783.1
406	-373.249	176292	436450	74236.2
407	-373.249	176384	414788	72373.2
408	-373.249	176029	417638	71250  
409	-373.249	176603	418218	71441.6
410	-373.249	177236	422097	72560.2
411	-373.249	176699	409279	71796.4
412	-373.249	176536	501859	71786  
413	-402.535	176745	501859	72719.6
414	-402.535	176853	491637	71983.1
415	-402.535	176319	448311	72578.3
416	-402.535	176381	412154	71938.5
417	-402.535	176068	431334	72003  
418	-402.535	176133	435439	74679.9
419	-402.535	176078	412795	72272.6
420	-402.535	176761	417477	74950.1
421	-402.535	176286	439226	74279.6
422	-402.535	176092	425855	74552.3
423	-402.535	176508	447681	75403.6
424	-402.535	176047	429483	72697.7
425	-402.535	175619	443310	73980.4
426	-402.535	175047	436371	73623.1
427	-402.535	175037	410647	73968.1
428	-402.535	174905	417011	73270.8
429	-402.535	175319	436658	71891.2
430	-402.535	175615	415438	73112.1
431	-402.538	175514	418611	73177  
432	-402.538	175522	432678	73647.3
433	-402.538	175553	427568	71972.4
434	-402.538	175892	472912	73073.1
435	-402.538	175479	429949	73352.3
436	-402.538	175279	410273	74315.8
437	-402.538	175575	441207	72797.8
438	-402.538	175077	500747	74295.1
439	-402.538	174970	500794	75034.7
440	-402.538	174170	471290	74704.6
441	-402.538	174100	433118	75861.9
442	-402.538	173707	412757	73257.1
443	-402.538	173491	413023	72645.7
444	-402.538	174094	413023	72006.7
445	-402.538	174044	418059	72463.9
446	-402.538	173371	487355	72602.1
447	-402.538	173048	470089	72423.6
448	-402.538	173492	420264	72539.7
449	-402.538	174263	425038	73429.5
450	-402.538	173961	436825	74977.7
451	-402.538	173561	417727	74604.3
452	-402.538	172875	422981	73694.7
453	-402.538	172976	435046	74013.9
454	-402.538	173232	475035	74450.3
455	-402.538	173356	451143	74816.9
456	-402.538	172855	419753	73160.8
457	-402.538	172793	424106	72519.6
458	-402.538	171906	394807	71629.8
459	-402.538	171376	464352	71330.7
460	-402.538	171630	468862	73084.2
461	-402.538	171852	471374	75697  
462	-402.538	172397	406788	74787.2
463	-402.538	172831	392972	75947.4
464	-402.538	173163	415706	75165.8
465	-402.538	172456	430476	74527.1
466	-402.538	171838	430476	72592.4
467	-402.538	171414	439717	73306.3
468	-402.538	171388	441695	73830.8
469	-402.538	171399	438200	73140.3
470	-402.538	171814	439801	73616.1
471	-402.538	171498	419485	74016.2
472	-402.538	170968	413298	73701.1
473	-402.538	170922	439871	73431.2
474	-402.538	169999	429408	71038.5
475	-402.538	169805	406454	71032.6
476	-402.538	169440	433330	70752.9
477	-402.538	169235	438973	69829.4
478	-402.538	169074	442216	71604.6
479	-402.538	169064	429637	70314.6
480	-402.538	168684	425757	70312.2
481	-402.538	169105	392798	70102.7
482	-402.644	169401	397591	71776.1
483	-402.644	169440	408751	72993.6
484	-402.644	169964	406259	72829.6
485	-402.644	170110	404139	72545.3
486	-402.644	169734	403505	72006.4
487	-402.644	169591	426437	71381.3
488	-402.644	169050	443123	72320.4
489	-402.644	169133	435914	71835.1
490	-402.644	168938	413748	71698.2
491	-402.644	168926	457321	73702.1
492	-402.644	169008	450167	74424.7
493	-402.644	169046	438785	73604.9
494	-402.644	169461	446005	73925.1
495	-402.644	169078	441737	73849.8
496	-402.644	168427	401598	73163.1
497	-402.644	168771	400626	72830.8
498	-402.644	168845	418031	71213.1
499	-402.644	169173	419579	71536.9
-546.49999999
