/usr/lib/python2.7/site-packages/deap/tools/_hypervolume/pyhv.py:33: ImportWarning: Falling back to the python version of hypervolume module. Expect this to be very slow.
  "module. Expect this to be very slow.", ImportWarning)
gen	min    	avg    	max   	std    
0  	120.822	126.011	127.78	0.92554
1  	120.779	126.005	128.821	0.973902
2  	119.718	126.023	127.493	0.986015
3  	118.715	126.039	127.48 	1.02379 
4  	118.152	126.039	127.872	1.05182 
5  	113.491	126.02 	127.872	1.16317 
6  	113.491	125.961	128.118	1.27234 
7  	113.491	125.995	127.641	1.20268 
8  	113.491	125.965	127.579	1.19566 
9  	113.491	125.958	127.519	1.26475 
10 	113.491	125.964	127.754	1.23561 
11 	113.491	125.996	129.435	1.10459 
12 	113.491	126.001	128.119	1.14121 
13 	113.491	125.968	127.889	1.24941 
14 	113.491	125.958	128.375	1.29228 
15 	113.491	126.028	128.519	1.13253 
16 	113.491	126.04 	128.565	1.13901 
17 	113.491	126.045	128.112	1.16016 
18 	112.84 	126.023	128.171	1.25001 
19 	112.84 	126.038	128.256	1.30055 
20 	112.84 	126.055	128.221	1.18901 
21 	112.84 	126.076	128.532	1.19173 
22 	112.84 	126.063	128.273	1.1802  
23 	112.84 	126.032	128.389	1.25318 
24 	112.595	126.057	130.406	1.29048 
25 	112.245	126.041	129.845	1.35176 
26 	112.068	126.021	129.426	1.41282 
27 	112.068	126.009	128.36 	1.39188 
28 	112.068	126.028	128.425	1.31429 
29 	112.068	126.033	128.252	1.27247 
30 	112.068	126.067	128.914	1.2295  
31 	112.068	126.058	128.324	1.25057 
32 	112.068	126.072	128.615	1.27409 
33 	112.068	126.093	128.404	1.19184 
34 	112.068	126.079	128.233	1.28885 
35 	112.068	126.117	128.278	1.25002 
36 	112.068	126.134	128.59 	1.29263 
37 	112.068	126.121	129.417	1.35345 
38 	112.068	126.147	129.775	1.32669 
39 	112.068	126.142	129.152	1.35552 
40 	112.068	126.182	129.224	1.20463 
41 	112.068	126.181	129.224	1.24748 
42 	112.068	126.175	129.164	1.25723 
43 	112.068	126.165	128.956	1.18622 
44 	112.068	126.147	130    	1.24466 
45 	112.068	126.167	129.01 	1.2201  
46 	112.068	126.168	128.859	1.25413 
47 	112.068	126.17 	128.842	1.2562  
48 	112.068	126.145	128.78 	1.33994 
49 	112.068	126.122	130.209	1.41987 
50 	111.864	126.165	129.127	1.40261 
51 	111.864	126.199	130.139	1.34363 
52 	111.864	126.178	130.194	1.33115 
53 	111.864	126.15 	130.389	1.43418 
54 	111.864	126.165	129.844	1.32656 
55 	111.864	126.191	129.844	1.39497 
56 	110.248	126.178	129.614	1.44016 
57 	110.248	126.2  	129.453	1.3508  
58 	110.248	126.214	129.56 	1.32279 
59 	110.248	126.156	129.396	1.55841 
60 	110.248	126.156	129.596	1.5079  
61 	110.248	126.151	129.134	1.47142 
62 	110.248	126.183	129.415	1.41214 
63 	110.248	126.202	129.623	1.36456 
64 	110.248	126.21 	129.69 	1.45186 
65 	110.248	126.22 	129.347	1.43016 
66 	110.248	126.199	129.409	1.38278 
67 	110.248	126.248	129.65 	1.34226 
68 	110.248	126.257	129.387	1.3386  
69 	110.248	126.272	129.39 	1.30538 
70 	110.248	126.273	131.8  	1.40388 
71 	109.258	126.271	129.95 	1.4672  
72 	109.258	126.29 	129.93 	1.38895 
73 	109.258	126.286	130.307	1.45746 
74 	109.258	126.295	129.446	1.50746 
75 	100.894	126.282	129.375	1.70092 
76 	100.894	126.288	129.286	1.61831 
77 	100.894	126.258	131.147	1.74952 
78 	100.894	126.215	130.457	1.90537 
79 	100.894	126.241	130.264	1.74547 
80 	100.894	126.265	130.257	1.75545 
81 	100.894	126.274	131.817	1.77144 
82 	100.894	126.295	130.635	1.81104 
83 	99.1166	126.281	130.365	1.88673 
84 	99.1166	126.293	130.069	1.77461 
85 	99.1166	126.261	129.943	1.78217 
86 	99.1166	126.238	129.83 	1.81962 
87 	99.1166	126.248	130.48 	1.9105  
88 	99.1166	126.284	130.462	1.92956 
89 	98.1551	126.26 	130.295	1.98301 
90 	98.1551	126.244	132.568	1.933   
91 	98.1551	126.315	130.435	1.66966 
92 	97.1591	126.317	130.231	1.93576 
93 	97.1591	126.286	129.886	2.04685 
94 	97.1591	126.288	131.344	2.00934 
95 	97.1591	126.314	130.069	1.9873  
96 	97.1591	126.318	130.069	1.80828 
97 	97.1591	126.352	130.359	1.86004 
98 	97.1591	126.348	130.509	1.80987 
99 	97.1591	126.296	130.341	2.00099 
100	97.1591	126.356	131.849	1.79894 
101	97.1591	126.349	131.604	1.8699  
102	97.1591	126.328	131.604	1.89966 
103	96.5469	126.353	131.604	2.04868 
104	96.5469	126.338	130.672	2.04202 
105	96.5469	126.366	130.675	1.85204 
106	96.5469	126.368	130.629	2.05202 
107	96.5469	126.392	131.93 	2.04595 
108	96.5469	126.407	131.933	2.29171 
109	96.5469	126.408	134.829	2.28282 
110	96.5469	126.405	132.382	2.10112 
111	96.5469	126.424	132.394	2.06989 
112	96.5469	126.411	132.342	2.11694 
113	96.5469	126.435	132.376	2.18683 
114	96.5469	126.455	135.653	2.26361 
115	96.5469	126.459	132.357	2.02518 
116	96.5469	126.42 	132.344	2.18074 
117	96.5469	126.475	132.185	2.12811 
118	96.5469	126.497	132.257	1.98602 
119	96.5469	126.479	131.792	2.18403 
120	96.5469	126.537	131.557	1.95126 
121	96.5469	126.532	131.339	2.13676 
122	96.5469	126.547	131.626	2.05653 
123	96.5469	126.57 	131.495	2.00317 
124	96.5469	126.542	131.446	2.06331 
125	96.5469	126.56 	131.307	2.00006 
126	96.5469	126.543	131.744	2.02657 
127	96.5469	126.535	132.52 	2.10043 
128	96.5469	126.545	132.481	1.95844 
129	96.5469	126.516	132.473	2.11024 
130	96.5469	126.564	132.631	2.16311 
131	96.5469	126.555	132.095	2.31629 
132	96.5469	126.542	131.814	2.20602 
133	96.5469	126.537	131.604	2.18429 
134	96.5469	126.532	131.694	2.2721  
135	94.8212	126.557	131.835	2.24529 
136	90.5552	126.555	131.954	2.32603 
137	90.5552	126.601	131.854	2.2717  
138	90.5552	126.558	131.826	2.47248 
139	90.5552	126.555	132.452	2.394   
140	90.5552	126.607	132.471	2.30393 
141	90.5552	126.644	132.216	2.20234 
142	90.5552	126.635	132.723	2.24871 
143	90.5552	126.597	133.424	2.365   
144	90.5552	126.583	133.237	2.4186  
145	90.5552	126.59 	132.652	2.39751 
146	90.5552	126.591	132.73 	2.51195 
147	90.5552	126.649	132.647	2.2131  
148	90.5552	126.656	134.425	2.18197 
149	90.5552	126.665	133.822	2.40195 
150	90.5552	126.665	133.822	2.38823 
151	90.5552	126.649	132.737	2.28554 
152	90.5552	126.622	132.663	2.32413 
153	90.5552	126.595	132.812	2.33577 
154	90.5552	126.615	132.253	2.26933 
155	90.5552	126.602	132.428	2.32738 
156	90.5552	126.585	133.463	2.38994 
157	90.5552	126.613	136.178	2.46106 
158	90.5552	126.65 	133.534	2.3926  
159	90.5552	126.736	133.514	2.28713 
160	90.5552	126.758	132.804	2.16201 
161	90.5552	126.713	132.97 	2.50514 
162	90.5552	126.741	133    	2.27472 
163	90.5552	126.759	133.234	2.24479 
164	90.5552	126.72 	133.715	2.2788  
165	90.5552	126.723	136.07 	2.57691 
166	90.5552	126.765	134.495	2.24198 
167	90.5552	126.755	133.013	2.40356 
168	90.5552	126.739	132.948	2.42723 
169	90.5552	126.74 	132.747	2.4634  
170	90.5552	126.754	132.658	2.49811 
171	90.5552	126.683	132.642	2.5914  
172	89.4076	126.731	133.546	2.72383 
173	89.4076	126.732	133.889	3.00605 
174	88.5646	126.803	134.945	2.89498 
175	88.5646	126.789	134.631	2.60942 
176	88.5646	126.832	133.61 	2.38947 
177	88.5646	126.817	135.453	2.35722 
178	88.5646	126.823	135.453	2.53389 
179	88.5646	126.877	135.538	2.33421 
180	88.5646	126.84 	133.228	2.43755 
181	88.5646	126.857	134.907	2.49009 
182	88.5646	126.865	137.477	2.55122 
183	88.5646	126.853	135.318	2.56864 
184	88.5646	126.859	134.645	2.51768 
185	88.5646	126.879	135.009	2.47932 
186	88.5646	126.903	133.563	2.34477 
187	88.5646	126.86 	133.818	2.39157 
188	88.5646	126.884	133.301	2.51033 
189	88.5646	126.879	133.432	2.47082 
190	88.5646	126.877	133.264	2.50022 
191	88.5646	126.832	133.267	2.78845 
192	88.5646	126.819	133.862	2.81666 
193	88.5646	126.855	133.804	2.89658 
194	88.5646	126.838	134.218	2.53761 
195	88.5646	126.879	133.913	2.40917 
196	88.5646	126.812	133.546	2.57146 
197	88.5646	126.866	134.003	2.48314 
198	88.5646	126.888	134.653	2.44607 
199	88.5646	126.872	134.016	2.53225 
200	88.5646	126.841	134.213	2.88907 
201	88.5646	126.88 	134.114	2.59391 
202	88.5646	126.878	134.172	2.65319 
203	88.5646	126.927	134.242	2.57329 
204	88.5646	126.935	133.456	2.56334 
205	88.5646	126.94 	133.487	2.55406 
206	88.5646	126.918	132.926	2.69882 
207	82.6295	126.901	133.588	2.96163 
208	82.6295	126.886	133.476	3.16775 
209	82.6295	126.906	133.358	3.03494 
210	82.6295	127.021	133.87 	2.80363 
211	82.6295	127.058	133.864	2.74571 
212	78.7287	126.978	133.501	3.22398 
213	78.1584	126.987	133.478	3.2994  
214	78.1584	127.032	135.645	2.89031 
215	78.1584	127.077	135.19 	2.72837 
216	78.1584	127.063	134.929	2.93683 
217	78.1584	127.086	134.453	2.73312 
218	78.1584	127.064	134.196	2.74431 
219	78.1584	127.086	134.167	2.74035 
220	78.1584	127.086	134.373	2.7633  
221	78.1584	127.074	134.956	2.76667 
222	78.1584	127.088	133.769	2.75492 
223	78.1584	127.049	135.691	2.87889 
224	78.1584	127.094	133.788	2.81123 
225	78.1584	127.116	134.184	2.7902  
226	78.1584	127.079	137.015	2.88835 
227	78.1584	127.059	136.716	3.24298 
228	78.1584	127.075	136.781	3.2203  
229	78.1584	127.141	137.965	2.89958 
230	78.1584	127.203	137.077	2.95327 
231	78.1584	127.215	138.23 	2.89738 
232	78.1584	127.185	136.428	3.32793 
233	78.1584	127.213	136.29 	3.36049 
234	78.1584	127.206	136.46 	3.49933 
235	78.1584	127.194	138.254	3.60643 
236	78.1584	127.231	137.562	3.44787 
237	78.1584	127.217	136.699	3.50199 
238	78.1584	127.277	137.281	3.04093 
239	78.1584	127.288	136.393	3.15351 
240	78.1584	127.344	139.719	2.97666 
241	78.1584	127.331	138.175	3.0706  
242	78.1584	127.371	136.306	2.99034 
243	78.1584	127.304	137.472	3.35937 
244	78.1584	127.239	135.83 	3.74107 
245	78.1584	127.267	136.502	3.49884 
246	78.1584	127.25 	136.016	3.59886 
247	78.1584	127.241	136.017	3.53222 
248	78.1584	127.338	136.973	3.3455  
249	78.1584	127.351	136.834	3.1979  
250	78.1584	127.352	138.61 	3.18477 
251	78.1584	127.319	137.279	3.52001 
252	78.1584	127.316	136.725	3.38577 
253	78.1584	127.361	137.452	3.17895 
254	78.1584	127.356	137.025	3.15533 
255	78.1584	127.307	136.595	3.57931 
256	78.1584	127.272	135.774	3.64771 
257	78.1584	127.374	138.191	3.26887 
258	78.1584	127.385	137.382	3.27827 
259	78.1584	127.389	136.747	3.22313 
260	78.1584	127.38 	136.808	3.5431  
261	78.1584	127.412	136.962	3.55916 
262	78.1584	127.452	136.968	3.31058 
263	78.1584	127.363	137.073	3.65945 
264	78.1584	127.399	141.55 	3.52107 
265	78.1584	127.42 	139.901	3.50181 
266	78.1584	127.482	138.002	3.09861 
267	78.1584	127.441	136.886	3.34119 
268	78.1584	127.48 	136.546	3.21815 
269	78.1584	127.49 	136.569	3.28876 
270	78.1584	127.483	136.391	3.1604  
271	78.1584	127.452	136.164	3.29453 
272	78.1584	127.399	136.164	3.4857  
273	78.1584	127.444	135.744	3.32556 
274	78.1584	127.428	137.361	3.42935 
275	78.1584	127.526	136.846	2.98287 
276	78.1584	127.529	137.156	3.33485 
277	78.1584	127.515	136.721	3.19601 
278	78.1584	127.556	137.291	3.1524  
279	78.1584	127.547	137.278	3.34906 
280	78.1584	127.511	138.594	3.74296 
281	77.828 	127.443	137.202	3.75614 
282	76.9732	127.468	136.709	3.81394 
283	76.9732	127.545	137.067	3.16124 
284	76.9732	127.521	138.501	3.35789 
285	76.9732	127.525	139.716	3.61216 
286	76.9732	127.533	138.526	3.68502 
287	76.9732	127.602	136.591	3.1089  
288	76.9732	127.573	136.393	3.11808 
289	76.9732	127.559	136.274	3.2577  
290	76.9732	127.554	137.701	3.54643 
291	76.9732	127.536	139.584	3.80569 
292	76.9732	127.571	136.204	3.30283 
293	76.9732	127.601	137.498	3.28168 
294	76.9732	127.569	136.838	3.70956 
295	76.9732	127.597	136.328	3.37282 
296	76.9732	127.576	136.739	3.50631 
297	76.9732	127.557	138.346	3.80421 
298	76.9732	127.504	137.563	3.87411 
299	76.9732	127.463	138.782	3.81119 
300	76.9732	127.483	138.951	3.76645 
301	76.9732	127.558	138.108	3.79175 
302	76.9732	127.573	138.33 	3.66922 
303	76.9732	127.598	138.234	3.59896 
304	76.9732	127.626	140.464	3.72958 
305	76.9732	127.634	138.964	3.6505  
306	76.9732	127.603	138.628	3.54962 
307	76.9732	127.588	137.883	3.61888 
308	76.9732	127.61 	136.975	3.82163 
309	76.9732	127.632	137.057	3.90589 
310	76.9732	127.668	136.855	3.88467 
311	76.9732	127.686	136.863	3.76181 
312	76.9732	127.631	136.855	3.87406 
313	76.9732	127.69 	138.612	3.49764 
314	76.9732	127.674	138.681	3.45471 
315	76.9732	127.701	137.825	3.40944 
316	76.8999	127.678	138.751	3.79714 
317	76.8999	127.688	139.564	4.0571  
318	76.8999	127.764	144.239	3.74918 
319	76.8999	127.831	140.914	3.69309 
320	76.8999	127.788	140.048	3.90977 
321	76.8999	127.738	140.027	4.42259 
322	76.8999	127.709	138.88 	4.57253 
323	76.8999	127.811	138.026	3.96382 
324	76.8999	127.818	138.084	3.65125 
325	76.8999	127.841	137.763	3.66934 
326	76.8999	127.851	137.904	3.53307 
327	76.8999	127.859	137.904	3.59914 
328	76.8999	127.831	139.794	3.74268 
329	76.8999	127.849	139.766	3.83649 
330	75.7877	127.879	139.618	4.05995 
331	75.7877	127.804	139.222	4.17957 
332	75.7877	127.871	139.344	3.75926 
333	75.7877	127.891	140.253	3.71779 
334	75.7877	127.889	138.566	3.88017 
335	75.7877	127.961	138.269	3.42775 
336	75.7877	127.945	141.043	3.55306 
337	75.7877	128.04 	138.242	3.46337 
338	75.7877	128.021	137.88 	3.52088 
339	75.7877	128.08 	137.774	3.45015 
340	75.7877	128.111	141.626	3.55513 
341	75.7877	128.094	141.623	3.62486 
342	75.7877	128.123	140.458	3.61577 
343	75.7877	128.098	138.962	3.90023 
344	75.7877	128.104	138.77 	4.09564 
345	75.7877	128.121	138.76 	4.07245 
346	75.7877	128.194	141.674	3.72132 
347	75.7877	128.192	139.392	3.69389 
348	75.7877	128.168	140.003	3.8427  
349	75.7877	128.12 	139.461	4.27553 
350	75.7877	128.177	141.044	4.00207 
351	75.7877	128.161	140.639	4.25937 
352	75.7877	128.102	139.435	4.38251 
353	75.7877	128.075	139.782	4.40124 
354	75.7877	128.133	139.575	4.25151 
355	75.7877	128.116	140.023	4.39173 
356	75.7877	128.148	141.224	4.0493  
357	75.7877	128.147	142.138	4.20804 
358	75.7877	128.138	141.048	4.28739 
359	75.7877	128.136	140.885	4.27388 
360	75.7877	128.11 	140.885	4.25964 
361	75.7877	128.124	140.885	4.2484  
362	75.7877	128.111	140.402	4.31557 
363	75.7877	128.123	141.811	4.32665 
364	75.7877	128.174	142.893	4.0438  
365	75.7877	128.103	140.374	4.23717 
366	75.7877	128.173	141.162	3.95415 
367	75.7877	128.227	143.773	3.98626 
368	75.7877	128.257	140.366	3.82692 
369	75.7877	128.243	140.363	4.00945 
370	75.7877	128.224	140.436	4.24683 
371	75.7877	128.229	139.8  	4.20484 
372	75.3103	128.187	139.534	4.47627 
373	75.3103	128.234	139.408	4.29156 
374	75.3103	128.246	142.078	4.17031 
375	75.3103	128.265	139.519	3.81869 
376	75.3103	128.263	139.614	3.81532 
377	75.3103	128.25 	143.516	4.09831 
378	75.3103	128.215	143.599	4.19421 
379	75.3103	128.24 	143.7  	3.95987 
380	75.3103	128.256	140.306	3.83988 
381	75.3103	128.301	141.151	3.91523 
382	75.3103	128.256	141.156	4.0809  
383	75.3103	128.214	140.211	4.048   
384	75.3103	128.244	141.237	3.82048 
385	75.3103	128.308	139.976	3.74412 
386	75.3103	128.322	141.657	3.88532 
387	75.3103	128.339	141.3  	3.96088 
388	75.3103	128.307	141.377	4.34904 
389	75.3103	128.35 	139.764	4.21362 
390	75.3103	128.391	138.338	4.17279 
391	72.283 	128.343	139.026	4.45053 
392	71.4803	128.318	142.64 	4.67642 
393	71.4803	128.421	143.24 	4.06917 
394	71.4803	128.408	143.698	4.50277 
395	71.4803	128.414	143.433	4.28317 
396	71.4803	128.491	143.433	4.0432  
397	71.4803	128.472	142.943	4.03848 
398	71.4803	128.447	141.738	4.05939 
399	71.4803	128.381	142.69 	4.59427 
400	71.4803	128.344	141.919	4.83337 
401	71.4803	128.31 	140.412	4.98132 
402	71.4803	128.299	140.596	4.81454 
403	71.4803	128.294	140.451	4.551   
404	71.4803	128.354	140.153	4.2045  
405	71.4803	128.305	140.775	4.37625 
406	71.4803	128.351	143.948	4.25408 
407	71.4803	128.387	142.427	4.19291 
408	71.4803	128.386	142.243	4.27182 
409	71.4803	128.331	142.265	4.62476 
410	71.4803	128.363	141.16 	4.53059 
411	71.4803	128.38 	140.864	4.15459 
412	71.4803	128.403	140.45 	4.03868 
413	71.4803	128.443	140.5  	4.00715 
414	71.4803	128.478	141.707	3.9262  
415	71.4803	128.48 	140.633	3.96512 
416	71.4803	128.416	141.451	4.17558 
417	70.6565	128.339	141.231	4.44516 
418	70.6565	128.368	140.485	4.20235 
419	70.6565	128.461	143.831	4.06038 
420	70.6565	128.412	144.26 	4.55188 
421	70.6565	128.429	143.359	4.22354 
422	70.6565	128.36 	143.163	4.48221 
423	70.6565	128.444	141.444	4.32679 
424	70.6565	128.479	139.5  	4.16871 
425	70.6565	128.452	139.627	4.26795 
426	70.6565	128.507	140.925	4.26469 
427	70.6565	128.475	141.428	4.29615 
428	70.6565	128.437	143.229	4.57225 
429	70.6565	128.463	142.573	4.57213 
430	70.6565	128.48 	141.062	4.48258 
431	70.6565	128.493	140.884	4.10537 
432	70.6565	128.526	140.544	4.03111 
433	70.6565	128.529	140.467	4.14549 
434	70.6565	128.441	141.127	4.54833 
435	70.6565	128.462	140.452	4.27426 
436	70.6565	128.472	140.325	4.59658 
437	70.6565	128.401	140.181	4.79975 
438	70.6565	128.502	141.429	4.51745 
439	70.6565	128.503	143.732	4.80456 
440	70.6565	128.521	142.73 	4.82854 
441	70.6565	128.544	142.482	4.61887 
442	70.6565	128.509	141.791	4.59177 
443	70.6565	128.528	143.685	4.51453 
444	70.6565	128.512	142.416	4.99445 
445	70.6565	128.576	142.371	4.57008 
446	70.6565	128.477	143.048	5.07108 
447	70.6565	128.537	142.379	4.65682 
448	70.6565	128.574	142.59 	4.48634 
449	70.6565	128.572	142.451	4.70067 
450	70.6565	128.501	141.777	4.82363 
451	70.6565	128.594	140.455	4.19144 
452	70.6565	128.533	140.185	4.37128 
453	70.6565	128.579	139.557	4.40426 
454	70.6565	128.595	142.575	4.39114 
455	69.1768	128.569	140.67 	4.68953 
456	69.1768	128.502	141.551	5.04352 
457	69.1768	128.532	141.416	4.81056 
458	69.1768	128.507	143.359	5.04346 
459	69.1768	128.559	143.373	4.79225 
460	69.1768	128.589	144.051	4.42977 
461	69.1768	128.599	148.338	4.86003 
462	69.1768	128.595	146.567	4.89706 
463	69.1768	128.596	145.425	4.99138 
464	69.1768	128.522	145.146	5.15231 
465	69.1768	128.602	143.852	5.04628 
466	69.1768	128.66 	142.639	4.52009 
467	69.1768	128.649	142.639	4.59809 
468	69.1768	128.706	142.448	4.32793 
469	69.1768	128.626	140.734	4.63448 
470	69.1768	128.63 	143.313	4.38939 
471	69.1768	128.673	143.554	4.59734 
472	69.1768	128.733	142.19 	4.76152 
473	69.1768	128.736	145.629	4.75513 
474	69.1768	128.674	145.927	5.1121  
475	69.1768	128.654	145.931	5.22654 
476	69.1768	128.752	143.191	4.70542 
477	69.1768	128.715	141.969	4.59709 
478	69.1768	128.679	141.545	4.86507 
479	69.1768	128.734	141.386	4.81346 
480	69.1768	128.765	141.386	4.77306 
481	69.1768	128.726	143.192	4.9012  
482	69.1768	128.713	141.495	4.80134 
483	69.1768	128.744	141.353	4.52862 
484	69.1768	128.799	140.703	4.21368 
485	69.1768	128.789	142.387	4.37091 
486	69.1768	128.756	142.202	4.50194 
487	69.1768	128.822	142.202	4.59252 
488	69.1587	128.847	143.917	5.02031 
489	69.1587	128.89 	145.43 	4.84817 
490	69.1587	128.821	145.776	5.18338 
491	69.1587	128.729	145.905	5.38447 
492	69.1587	128.701	143.964	5.36006 
493	69.1587	128.717	146.549	5.25916 
494	65.2538	128.762	144.437	5.12543 
495	65.2538	128.779	144.023	4.97817 
496	65.2538	128.727	144.165	5.19312 
497	65.2538	128.704	146.387	5.52595 
498	65.2538	128.808	145.982	4.7944  
499	65.2538	128.821	144.121	4.87331 
40.78000001
