/usr/lib/python2.7/site-packages/deap/tools/_hypervolume/pyhv.py:33: ImportWarning: Falling back to the python version of hypervolume module. Expect this to be very slow.
  "module. Expect this to be very slow.", ImportWarning)
gen	min    	avg    	max    	std    
0  	117.882	125.955	127.208	1.06456
1  	117.882	125.938	127.454	1.1141 
2  	117.882	125.952	127.192	1.0688 
3  	117.882	125.952	127.196	1.02995
4  	117.882	125.945	127.185	1.07731
5  	117.882	125.97 	127.317	0.99321
6  	117.882	125.959	127.543	1.02483
7  	117.882	125.949	127.548	1.04221
8  	117.882	125.956	128.081	1.06148
9  	117.882	125.959	127.851	1.03927
10 	117.882	125.962	127.636	1.04652
11 	117.882	125.993	127.701	1.03382
12 	117.565	125.963	128.101	1.08583
13 	117.565	125.999	128.299	1.04752
14 	115.645	125.948	127.881	1.1447 
15 	115.645	125.929	127.726	1.19849
16 	115.645	125.934	127.998	1.2456 
17 	115.645	126.008	127.749	1.09506
18 	115.645	126.017	128.142	1.08345
19 	112.749	126.021	128.612	1.14918
20 	112.746	126.02 	128.083	1.2055 
21 	112.746	126.002	128.075	1.39976
22 	112.746	126.015	128.053	1.37493
23 	112.746	126.017	128.191	1.29563
24 	112.746	126.037	127.854	1.21623
25 	112.632	126.068	127.756	1.20732
26 	112.632	126.112	127.734	1.0726 
27 	112.632	126.059	127.968	1.1954 
28 	112.632	126.019	127.775	1.31116
29 	112.632	126.05 	128.451	1.25404
30 	112.632	126.078	128.451	1.29175
31 	112.632	126.072	128.471	1.29536
32 	112.632	126.072	128.371	1.20117
33 	112.29 	126.044	129.372	1.38105
34 	112.29 	126.068	128.681	1.33795
35 	110.397	126.048	129.434	1.41404
36 	110.397	126.034	129.434	1.44235
37 	110.397	126.05 	129.458	1.27698
38 	110.397	126.026	129.056	1.34406
39 	110.397	126.057	129.325	1.30682
40 	110.397	126.052	129.309	1.33081
41 	110.397	126.086	129.655	1.25806
42 	110.397	126.085	130.256	1.29801
43 	110.397	126.111	129.577	1.34622
44 	110.325	126.055	129.378	1.51068
45 	110.325	126.08 	129.213	1.41474
46 	110.325	126.086	129.364	1.40118
47 	110.325	126.057	129.004	1.4706 
48 	110.325	126.077	128.944	1.33881
49 	110.325	126.096	131.01 	1.45838
50 	110.325	126.096	131.01 	1.4706 
51 	110.325	126.091	128.856	1.38569
52 	110.325	126.131	129.144	1.39966
53 	105.679	126.167	128.899	1.50366
54 	103.889	126.181	130.076	1.5577 
55 	103.889	126.185	128.962	1.52025
56 	103.889	126.189	129.58 	1.53956
57 	103.889	126.147	129.494	1.75439
58 	103.889	126.164	129.159	1.59052
59 	103.889	126.153	128.972	1.66345
60 	103.889	126.13 	130.634	1.75241
61 	103.889	126.146	129.064	1.67071
62 	103.889	126.142	129.045	1.72458
63 	103.889	126.155	129.057	1.61746
64 	103.889	126.161	129.241	1.51714
65 	103.889	126.195	129.735	1.52708
66 	103.889	126.217	134.929	1.59643
67 	103.889	126.178	131.504	1.66759
68 	103.889	126.215	130.089	1.63463
69 	103.889	126.203	129.787	1.72039
70 	103.889	126.204	129.481	1.77941
71 	103.889	126.195	129.481	1.7811 
72 	103.889	126.203	129.243	1.63259
73 	103.889	126.176	129.668	1.79896
74 	103.889	126.206	129.412	1.81228
75 	103.364	126.228	130.144	1.72541
76 	102.138	126.232	129.534	1.76802
77 	102.138	126.3  	131.475	1.58287
78 	102.138	126.347	130.253	1.47445
79 	102.138	126.32 	130.253	1.55656
80 	102.138	126.31 	130.509	1.55486
81 	102.138	126.3  	132.559	1.66789
82 	102.138	126.292	130.481	1.69931
83 	102.138	126.336	130.36 	1.61064
84 	95.9342	126.327	132.755	1.90352
85 	95.9342	126.337	130.724	1.65564
86 	95.9342	126.32 	130.078	1.97005
87 	95.9342	126.334	130.277	1.8257 
88 	95.9342	126.335	130.305	1.80924
89 	95.9342	126.408	132.267	1.69508
90 	95.9342	126.393	130.668	1.86009
91 	95.9342	126.369	130.184	1.79795
92 	95.9342	126.412	129.972	1.78441
93 	95.9342	126.431	132.237	1.84952
94 	95.9342	126.444	132.496	1.7487 
95 	95.9342	126.455	131.865	1.69495
96 	95.9342	126.452	131.361	1.78882
97 	95.9342	126.415	131.334	2.0825 
98 	95.858 	126.378	131.466	2.14261
99 	95.858 	126.42 	131.2  	2.10951
100	95.858 	126.378	131.168	2.38175
101	95.858 	126.391	131.438	2.10894
102	95.858 	126.432	131.524	2.04207
103	95.858 	126.413	131.706	2.0248 
104	92.1231	126.407	132.769	2.22568
105	92.1231	126.413	131.234	2.26889
106	92.1231	126.436	134.772	2.22952
107	92.1231	126.45 	131.353	2.10831
108	92.1231	126.43 	131.394	2.1166 
109	92.1231	126.418	131.281	2.13546
110	92.1231	126.493	131.281	1.86614
111	92.1231	126.508	131.572	1.84777
112	92.1231	126.511	130.819	1.8344 
113	92.1231	126.497	130.858	1.8726 
114	92.1231	126.527	130.894	1.8144 
115	92.1231	126.522	131.122	2.00068
116	92.1231	126.542	134.252	2.12764
117	92.1231	126.533	131.631	2.25986
118	92.1231	126.543	131.132	2.04481
119	92.1231	126.503	132.518	2.01078
120	92.1231	126.529	131.111	2.10201
121	92.1231	126.562	131.076	1.94385
122	92.1231	126.57 	131.565	1.87746
123	92.1231	126.549	130.851	1.90984
124	92.1231	126.532	131.023	2.20732
125	92.1231	126.553	131.608	1.98729
126	92.1231	126.55 	131.984	2.25121
127	90.3823	126.552	131.725	2.37238
128	90.3823	126.509	132.616	2.36615
129	90.3823	126.56 	132.171	2.20929
130	90.3823	126.527	131.807	2.17282
131	90.3823	126.483	132.77 	2.43445
132	89.701 	126.513	133.025	2.52007
133	89.701 	126.523	131.747	2.59327
134	89.701 	126.512	131.084	2.6906 
135	88.4969	126.492	131.084	2.80743
136	88.4969	126.495	130.94 	2.7268 
137	88.4969	126.53 	131.771	2.60516
138	88.4969	126.562	131.219	2.51133
139	85.435 	126.577	131.239	2.76612
140	85.435 	126.618	132.268	2.46319
141	85.435 	126.606	131.444	2.40418
142	85.435 	126.597	132.071	2.52306
143	85.435 	126.615	132.22 	2.53981
144	85.435 	126.618	132.629	2.65218
145	85.435 	126.635	132.268	2.54561
146	85.435 	126.637	132.111	2.48033
147	85.435 	126.671	131.975	2.36703
148	85.435 	126.668	131.955	2.64309
149	85.435 	126.725	132.59 	2.41589
150	84.6877	126.655	132.664	2.69963
151	84.6877	126.719	133.171	2.29589
152	84.6877	126.698	132.559	2.36014
153	84.6877	126.695	133.176	2.55619
154	84.6877	126.699	135.909	2.67366
155	84.52  	126.728	135.814	2.97313
156	84.52  	126.778	135.978	2.59376
157	84.52  	126.802	135.432	2.54381
158	84.52  	126.758	134.592	2.57947
159	84.52  	126.797	133.276	2.5501 
160	83.9062	126.772	133.5  	2.77408
161	83.9062	126.771	133.516	2.5125 
162	83.9062	126.724	133.484	2.71967
163	83.9062	126.747	133.338	2.55493
164	81.7522	126.718	133.176	2.93959
165	81.0059	126.725	132.03 	2.84547
166	81.0059	126.772	132.03 	2.47356
167	78.7532	126.746	132.039	2.89481
168	71.5532	126.71 	132.58 	3.15706
169	71.5532	126.714	132.826	3.15507
170	71.5532	126.727	132.096	3.32632
171	71.5532	126.766	131.784	3.0131 
172	71.5532	126.798	131.723	3.0374 
173	71.5532	126.761	131.76 	3.52762
174	71.5532	126.795	131.963	3.03742
175	71.5532	126.833	133.549	2.9474 
176	71.5532	126.817	133.529	2.83976
177	71.5532	126.831	133.377	2.80609
178	71.5532	126.833	133.481	3.23127
179	71.5532	126.868	133.344	3.07107
180	71.5532	126.849	135.512	3.08115
181	71.5532	126.826	134.683	3.33088
182	71.5532	126.766	133.278	3.44486
183	71.5532	126.833	132.859	2.84721
184	71.5461	126.834	134.423	3.38695
185	71.5461	126.881	133.355	2.9387 
186	71.5461	126.831	134.307	3.00215
187	71.5461	126.88 	135.669	2.8911 
188	71.5461	126.903	135.882	3.12811
189	71.5461	126.975	136.034	2.82636
190	71.5461	127.012	135.669	2.74463
191	71.5461	126.983	134.85 	2.90773
192	71.5461	127.007	134.664	2.84   
193	71.5461	126.981	134.681	2.96402
194	71.5461	127.015	134.707	3.21847
195	71.5461	127.029	138.382	3.32387
196	71.5461	127.028	136.074	3.21615
197	71.5461	126.989	134.567	3.70154
198	71.5461	127.011	136.661	3.79369
199	71.5461	127.039	135.404	3.7586 
200	71.5461	127.069	134.936	3.43995
201	71.5461	127.114	134.793	3.16477
202	71.5461	127.143	134.793	3.05152
203	71.5461	127.139	134.752	3.1608 
204	71.5461	127.112	137.389	3.24235
205	71.5461	127.074	134.576	3.47217
206	71.5461	127.105	134.636	3.10408
207	71.5461	127.049	134.625	3.58109
208	71.5461	127.11 	137.314	3.09626
209	71.5461	127.124	135.561	2.97215
210	71.5461	127.126	135.391	3.21499
211	71.5461	127.128	136.859	3.12433
212	71.5461	127.055	136.539	3.69192
213	71.5461	127.05 	135.935	3.58552
214	71.5461	127.087	136.907	3.73434
215	64.2962	127.065	136.775	4.21102
216	64.2962	127.135	136.756	3.45084
217	64.2962	127.219	136.543	3.07879
218	64.2962	127.187	136.56 	3.8173 
219	64.2962	127.172	135.82 	3.85228
220	64.2962	127.174	139.005	3.61137
221	64.2962	127.14 	138.943	4.14991
222	64.2962	127.276	138.687	3.40818
223	64.2962	127.271	138.506	3.49877
224	64.2962	127.238	137.452	3.45602
225	64.2962	127.203	137.136	3.32678
226	64.2962	127.157	139.182	3.83901
227	64.2962	127.122	138.254	3.99   
228	64.2962	127.175	137.69 	3.46267
229	64.2962	127.207	136.397	3.50899
230	64.2962	127.223	136.397	3.36354
231	64.2962	127.148	135.39 	3.86804
232	64.2962	127.125	140.51 	4.25286
233	64.2962	127.183	137.644	3.88245
234	64.2962	127.241	137.941	3.63954
235	64.2962	127.238	137.457	3.2889 
236	64.2962	127.215	137.07 	3.23589
237	64.2962	127.26 	137.031	3.20893
238	64.2962	127.16 	135.241	3.60823
239	64.2962	127.229	136.155	3.57448
240	64.2962	127.187	136.04 	3.759  
241	64.2962	127.212	136.209	3.71777
242	64.2962	127.194	136.203	4.04194
243	64.2962	127.202	136.286	3.99674
244	64.2962	127.195	136.184	3.71512
245	64.2962	127.265	135.452	3.39267
246	64.2962	127.293	135.304	3.4422 
247	64.2962	127.309	135.304	3.40569
248	64.2962	127.249	135    	3.73879
249	64.2962	127.32 	135.289	3.39852
250	64.2962	127.276	135.289	3.92518
251	63.404 	127.266	135.452	4.14665
252	63.404 	127.231	135.321	4.18398
253	63.404 	127.277	138.48 	4.15648
254	63.404 	127.309	136.94 	3.70743
255	63.404 	127.328	139.08 	3.58506
256	63.404 	127.286	139.928	3.64663
257	63.404 	127.273	140.027	3.79641
258	63.404 	127.316	138.454	3.62319
259	63.404 	127.349	137.526	3.64171
260	63.404 	127.406	139.804	3.59306
261	63.404 	127.449	139.178	3.44256
262	63.404 	127.469	139.353	3.41095
263	63.404 	127.416	137.913	3.78154
264	63.404 	127.444	137.3  	3.36717
265	63.404 	127.406	137.212	3.62005
266	63.404 	127.421	137.608	3.71722
267	63.404 	127.434	136.588	3.66824
268	63.404 	127.446	135.904	3.77913
269	63.404 	127.479	136.127	3.65824
270	63.404 	127.472	136.552	3.79246
271	63.404 	127.4  	139.808	4.35953
272	63.404 	127.48 	140.172	3.76028
273	63.404 	127.488	138.77 	3.77734
274	63.404 	127.547	137.753	3.47394
275	63.404 	127.523	137.247	3.73355
276	63.404 	127.467	136.468	4.25136
277	63.404 	127.517	137.768	3.62823
278	63.404 	127.485	136.319	3.98187
279	63.404 	127.452	137.808	3.85851
280	63.404 	127.455	136.36 	4.1972 
281	63.404 	127.53 	136.539	3.89354
282	63.404 	127.558	136.856	3.84362
283	63.404 	127.497	138.774	4.22375
284	63.404 	127.462	138.816	4.29047
285	63.404 	127.548	138.811	3.58364
286	63.404 	127.495	137.371	4.31472
287	63.404 	127.542	137.036	4.07974
288	63.404 	127.573	136.747	3.71365
289	63.404 	127.64 	137.096	3.55733
290	63.404 	127.658	137.323	3.52977
291	63.404 	127.686	139.058	3.4423 
292	63.404 	127.651	139.695	3.50822
293	63.404 	127.632	138.001	3.48537
294	63.404 	127.634	137.588	3.59028
295	63.404 	127.624	137.267	3.62573
296	63.404 	127.606	138.129	3.91572
297	63.404 	127.605	138.825	4.11308
298	63.404 	127.535	138.103	4.38803
299	63.404 	127.569	137.661	3.83217
300	63.404 	127.581	137.553	3.80549
301	63.404 	127.579	137.722	4.19967
302	62.6139	127.607	137.877	4.32385
303	62.6139	127.628	138.537	3.75847
304	62.6139	127.685	144.476	3.73234
305	62.6139	127.671	140.072	3.80299
306	62.6139	127.695	140.515	3.67052
307	62.6139	127.714	139.784	4.01317
308	62.6139	127.727	139.228	3.66867
309	62.6139	127.663	139.192	4.08361
310	62.6139	127.666	141.148	4.28153
311	62.6139	127.638	139.369	4.61828
312	62.6139	127.74 	138.54 	3.69073
313	62.6139	127.754	138.453	3.65362
314	62.6139	127.679	137.729	3.93981
315	62.6139	127.725	138.337	3.73232
316	62.6139	127.74 	140.194	3.77814
317	62.6139	127.696	138.652	3.87241
318	60.8613	127.705	138.877	4.22456
319	60.8613	127.688	139.401	4.12365
320	60.8613	127.676	137.674	4.27665
321	60.8613	127.643	137.302	4.2574 
322	60.8613	127.664	137.363	3.94846
323	60.8613	127.661	137.335	4.36149
324	60.8613	127.645	138.26 	4.74379
325	60.8613	127.719	138.755	4.07796
326	60.8613	127.743	138.633	4.03704
327	60.8613	127.725	137.609	4.26992
328	60.8613	127.798	137.609	3.81511
329	57.5094	127.754	137.656	4.40627
330	57.5094	127.79 	137.58 	4.0758 
331	57.5094	127.668	137.755	4.72567
332	57.5094	127.66 	136.84 	4.4248 
333	57.5094	127.732	137.289	4.03189
334	57.5094	127.707	138.19 	4.46868
335	57.5094	127.72 	138.107	4.27504
336	57.5094	127.75 	142.076	4.17246
337	57.5094	127.724	138.221	4.68547
338	57.5094	127.725	137.777	4.6504 
339	57.5094	127.74 	137.532	4.20143
340	57.5094	127.789	139.2  	3.87133
341	56.6052	127.735	137.44 	4.58234
342	56.6052	127.695	137.395	4.82742
343	56.6052	127.676	137.316	4.844  
344	56.6052	127.704	138.219	5.0417 
345	56.6052	127.72 	136.923	4.81812
346	56.6052	127.77 	137.753	4.29313
347	56.6052	127.75 	137.836	4.56166
348	56.6052	127.766	139.503	4.81293
349	56.6052	127.878	139.366	4.45864
350	56.6052	127.851	138.491	4.88605
351	56.6052	127.859	138.819	4.73584
352	56.6052	127.928	141.304	4.72459
353	56.6052	127.913	141.364	4.36085
354	56.6052	127.867	140.415	4.70876
355	56.6052	127.903	139.748	4.47195
356	56.6052	127.924	141.289	4.35936
357	56.6052	127.896	142.219	4.75148
358	56.6052	127.862	139.707	5.18581
359	56.6052	127.886	139.639	4.89002
360	56.6052	127.951	141.619	4.42576
361	56.6052	127.839	141.619	4.98129
362	56.6052	127.866	142.2  	4.77403
363	56.6052	127.909	142.129	4.66764
364	56.6052	127.947	141.357	4.17041
365	56.6052	127.996	141.374	4.13007
366	56.6052	127.926	141.422	4.74879
367	56.6052	127.979	139.817	4.58343
368	56.6052	128.01 	141.267	4.59604
369	56.6052	127.995	140.337	4.46826
370	56.6052	128.015	140.184	4.69218
371	56.6052	128.075	139.909	4.29073
372	56.6052	128.091	140.119	4.10431
373	56.6052	128.102	140.147	4.09273
374	56.6052	128.014	141.062	4.76166
375	56.6052	128.009	140.373	4.69698
376	56.6052	128.076	140.147	4.24171
377	56.6052	128.07 	139.237	4.7743 
378	56.6052	128.097	138.659	4.42057
379	56.6052	128.079	138.934	4.71494
380	56.6052	128.121	145.399	4.46851
381	56.6052	128.091	140.329	4.83308
382	56.6052	128.036	139.04 	5.16186
383	56.6052	128.163	139.04 	4.09073
384	56.6052	128.101	138.711	4.55297
385	56.6052	128.18 	140.834	3.98753
386	56.6052	128.127	139.08 	4.46663
387	56.6052	128.182	139.349	4.05812
388	56.6052	128.152	139.349	4.62952
389	56.6052	128.188	139.528	4.044  
390	56.6052	128.2  	138.522	4.169  
391	56.6052	128.103	139.808	4.904  
392	56.6052	127.991	140.058	5.30828
393	56.6052	128.054	140.058	4.66436
394	56.6052	128.138	139.1  	4.11581
395	56.6052	128.105	140.899	4.40208
396	56.6052	128.204	140.337	4.23767
397	56.6052	128.147	140.689	4.39036
398	56.6052	128.086	141    	4.83943
399	55.5765	128.117	142.986	4.8413 
400	55.5765	128.193	139.638	4.28631
401	55.5765	128.173	138.856	4.24344
402	55.5765	128.176	138.622	4.64663
403	55.5021	128.159	138.894	4.89191
404	55.5021	128.191	139.612	4.59002
405	55.5021	128.101	140.075	5.16623
406	55.5021	128.132	140.075	4.9072 
407	55.5021	128.112	139.231	4.84248
408	55.5021	128.132	142.068	4.69708
409	55.5021	128.104	142.644	4.9838 
410	55.5021	127.97 	142.666	5.51065
411	55.5021	128.063	140.736	4.66895
412	55.5021	128.118	140.053	4.46744
413	55.5021	128.109	140.37 	4.62243
414	55.5021	128.188	144.339	4.3643 
415	55.5021	128.177	143.176	4.50545
416	54.9689	128.128	138.79 	5.09895
417	54.9689	128.238	138.903	4.42454
418	54.9689	128.225	140.65 	4.7673 
419	54.9689	128.193	140.65 	4.99246
420	54.9689	128.305	139.819	4.24579
421	54.9689	128.233	139.819	4.34895
422	54.9689	128.16 	139.938	5.11189
423	54.3177	128.202	143.538	5.02771
424	54.3177	128.24 	142.048	4.85534
425	54.3177	128.316	142.834	4.49124
426	54.3177	128.268	141.385	5.04232
427	54.3177	128.198	140.999	5.44131
428	54.3177	128.168	143.238	5.95686
429	54.3177	128.202	141.906	5.52351
430	54.3177	128.163	141.272	5.79391
431	54.3177	128.287	140.471	4.90416
432	54.3177	128.286	142.815	4.86541
433	54.3177	128.328	141.785	4.3957 
434	53.9248	128.31 	141.777	5.01047
435	53.9248	128.343	141.708	4.89612
436	53.9248	128.408	140.483	4.43561
437	53.9248	128.29 	141.643	5.42309
438	53.9248	128.257	141.74 	5.26491
439	53.9248	128.265	143.926	5.15474
440	53.9248	128.349	142.857	4.59271
441	53.9248	128.309	141.897	5.28196
442	53.9248	128.311	141.64 	5.58829
443	53.9248	128.409	141.404	5.40517
444	53.9248	128.387	142.612	5.33308
445	53.9248	128.355	142.677	5.39358
446	53.9248	128.462	145.395	4.62053
447	53.9248	128.517	144.589	4.7962 
448	53.9248	128.512	144.281	4.85534
449	53.9248	128.543	144.097	4.84398
450	53.9248	128.519	143.078	4.53747
451	53.9248	128.547	146.857	4.54951
452	53.9248	128.511	144.421	4.6486 
453	53.9248	128.427	144.421	5.24048
454	53.9248	128.469	141.004	5.00894
455	53.9248	128.486	141.719	5.06164
456	53.9248	128.502	140.217	4.74524
457	53.9248	128.523	143.05 	4.55624
458	53.9248	128.475	143.05 	5.02304
459	53.9248	128.507	143.011	4.65361
460	53.3371	128.444	142.185	5.20548
461	53.3371	128.468	142.959	4.66687
462	53.3371	128.433	141.311	5.22331
463	52.7455	128.436	142.579	5.36106
464	52.7455	128.501	142.117	5.07771
465	52.7455	128.522	143.224	5.19609
466	52.7455	128.496	143.239	5.76373
467	52.7455	128.438	142.476	5.89402
468	52.7455	128.502	141.717	5.49025
469	52.7455	128.541	141.688	5.28395
470	52.7455	128.522	141.598	5.48589
471	51.7268	128.603	141.444	5.31965
472	51.7268	128.557	141.485	5.8585 
473	51.7268	128.519	141.759	6.21856
474	51.7268	128.582	141.352	5.59188
475	51.7268	128.639	147.43 	5.17829
476	51.7268	128.592	143.708	5.46699
477	51.7268	128.554	145.894	5.88945
478	51.7268	128.606	142.974	5.42359
479	51.7268	128.583	142.722	5.85906
480	51.7268	128.655	143.068	5.67095
481	51.7268	128.656	141.833	6.01648
482	51.7268	128.596	141.833	6.20805
483	51.7268	128.689	143.779	5.4903 
484	51.7268	128.72 	143.652	5.64707
485	51.7268	128.803	143.632	5.09083
486	51.7268	128.788	148.333	5.22669
487	51.1776	128.753	147.498	5.65704
488	51.1776	128.72 	144.184	5.64775
489	51.1776	128.737	146.557	5.58094
490	51.1776	128.68 	143.364	5.99742
491	51.1776	128.646	144.25 	6.07125
492	51.1776	128.718	143.915	5.49708
493	51.1776	128.787	143.44 	5.07939
494	51.1776	128.685	142.62 	5.41518
495	51.1776	128.673	141.79 	5.12695
496	51.1776	128.73 	141.912	4.94458
497	51.1776	128.731	142.211	4.93102
498	51.1776	128.731	142.352	5.34125
499	51.1776	128.734	145.199	5.40846
40.78000001
