/usr/lib/python2.7/site-packages/deap/tools/_hypervolume/pyhv.py:33: ImportWarning: Falling back to the python version of hypervolume module. Expect this to be very slow.
  "module. Expect this to be very slow.", ImportWarning)
gen	min    	avg    	max    	std     
0  	119.166	125.971	127.587	0.997836
1  	118.84 	125.946	127.781	1.0668  
2  	116.138	125.941	127.637	1.10483 
3  	116.138	125.936	127.553	1.09542 
4  	116.138	125.943	127.603	1.0584  
5  	116.138	125.948	127.526	1.03881 
6  	116.138	125.94 	127.577	1.06805 
7  	115.49 	125.908	127.616	1.19107 
8  	115.49 	125.914	127.619	1.13268 
9  	115.49 	125.923	127.528	1.15939 
10 	115.49 	125.91 	127.592	1.2395  
11 	115.49 	125.962	127.698	1.15363 
12 	115.49 	125.98 	127.996	1.15659 
13 	115.49 	126.013	127.555	1.06415 
14 	115.49 	125.985	127.949	1.11857 
15 	115.49 	126.015	129.091	1.07271 
16 	114.094	125.999	127.782	1.13829 
17 	114.094	125.966	127.76 	1.17327 
18 	114.094	125.949	127.797	1.19155 
19 	114.094	125.969	127.692	1.12645 
20 	114.094	126.006	127.665	1.11015 
21 	114.094	126.018	127.73 	1.10853 
22 	114.094	126.023	127.781	1.17345 
23 	114.094	126.041	127.782	1.08916 
24 	114.094	126.059	128.065	1.10363 
25 	114.094	126.069	128.065	1.11483 
26 	112.828	126.074	127.933	1.15355 
27 	112.828	126.08 	127.956	1.15642 
28 	112.828	126.108	129.17 	1.07541 
29 	112.828	126.07 	129.224	1.21615 
30 	112.828	126.047	129.332	1.21488 
31 	109.586	125.999	129.213	1.36511 
32 	109.586	125.968	128.742	1.41312 
33 	109.586	125.974	130.46 	1.54622 
34 	109.586	125.998	128.406	1.38368 
35 	109.175	125.977	129.845	1.4872  
36 	109.175	125.981	129.421	1.53898 
37 	109.175	126.021	129.131	1.35737 
38 	109.175	126.074	128.765	1.29081 
39 	109.175	126.094	128.472	1.23707 
40 	109.175	126.093	128.522	1.23682 
41 	108.176	126.049	128.863	1.42497 
42 	108.176	126.089	128.863	1.2553  
43 	108.176	126.092	129.03 	1.36761 
44 	108.176	126.102	128.878	1.39085 
45 	108.176	126.088	128.345	1.44038 
46 	108.176	126.099	130.532	1.43905 
47 	108.176	126.103	129.128	1.46201 
48 	107.6  	126.087	130.114	1.58946 
49 	107.6  	126.118	129.241	1.49852 
50 	107.6  	126.134	129.629	1.53664 
51 	107.6  	126.107	129.246	1.56572 
52 	107.6  	126.108	129.475	1.57591 
53 	107.201	126.116	129.462	1.5571  
54 	107.201	126.145	129.606	1.50055 
55 	105.62 	126.15 	129.137	1.50893 
56 	105.62 	126.157	129.169	1.61898 
57 	105.62 	126.159	128.922	1.59812 
58 	105.62 	126.151	129.171	1.59519 
59 	105.388	126.143	129.893	1.6734  
60 	105.388	126.136	130.074	1.60887 
61 	105.388	126.125	129.724	1.62859 
62 	105.152	126.158	129.764	1.71788 
63 	104.831	126.177	129.231	1.68504 
64 	104.831	126.149	129.217	1.61811 
65 	104.831	126.16 	129.44 	1.62539 
66 	104.831	126.172	128.871	1.51208 
67 	104.831	126.187	129.361	1.63183 
68 	104.831	126.147	131.245	1.81013 
69 	104.831	126.163	130.124	1.66505 
70 	103.23 	126.197	130.225	1.70336 
71 	103.23 	126.205	130.177	1.63298 
72 	102.78 	126.202	129.627	1.6686  
73 	102.78 	126.24 	129.871	1.53806 
74 	102.55 	126.217	129.812	1.77552 
75 	102.55 	126.225	129.634	1.61743 
76 	102.55 	126.215	129.587	1.61573 
77 	102.55 	126.217	129.272	1.70936 
78 	102.55 	126.242	131.816	1.74161 
79 	102.55 	126.222	130.44 	1.72901 
80 	102.55 	126.223	130.284	1.69969 
81 	102.55 	126.223	130.059	1.72339 
82 	96.0214	126.248	129.853	1.85634 
83 	96.0214	126.227	129.483	1.95506 
84 	94.6178	126.24 	131.895	2.01127 
85 	91.1633	126.216	130.168	2.41709 
86 	91.1633	126.205	130.036	2.41706 
87 	91.1633	126.226	130.139	2.33943 
88 	91.1633	126.216	130.02 	2.39605 
89 	91.1633	126.202	130.02 	2.51897 
90 	89.6572	126.179	130.138	2.62712 
91 	89.6572	126.215	130.767	2.26671 
92 	89.6572	126.281	130.785	2.08891 
93 	89.6572	126.291	130.195	2.18516 
94 	89.6572	126.304	133.045	2.30018 
95 	89.6572	126.284	130.807	2.14272 
96 	89.6572	126.28 	129.702	2.06188 
97 	89.6572	126.298	136.276	2.33795 
98 	89.6572	126.274	135.504	2.18461 
99 	89.6572	126.29 	133.392	2.24063 
100	89.6572	126.329	131.808	2.14196 
101	89.6572	126.319	131.743	2.13018 
102	87.2473	126.276	131.941	2.44367 
103	86.6282	126.296	131.899	2.69548 
104	86.6282	126.303	131.623	2.47525 
105	86.6282	126.376	131.568	2.21286 
106	86.6282	126.391	131.559	2.07063 
107	86.6282	126.399	133.075	2.0713  
108	86.6282	126.44 	131.8  	2.07852 
109	86.6282	126.467	131.845	2.01797 
110	86.6282	126.449	131.532	1.98467 
111	86.6282	126.379	131.429	2.49501 
112	86.6282	126.427	131.429	2.18643 
113	86.6282	126.424	131.272	2.35003 
114	86.6282	126.419	131.367	2.29935 
115	86.6282	126.44 	131.359	2.19588 
116	86.6282	126.471	131.359	2.15531 
117	86.6282	126.454	131.184	2.16076 
118	86.6282	126.479	131.029	2.1461  
119	86.6282	126.485	130.81 	2.14031 
120	86.6282	126.483	130.931	2.38242 
121	86.6282	126.512	131.966	2.1649  
122	86.6282	126.555	131.872	2.1109  
123	86.6253	126.534	132.1  	2.48298 
124	86.6253	126.53 	131.98 	2.22028 
125	86.6253	126.505	131.475	2.42787 
126	86.6253	126.507	131.266	2.25915 
127	86.6253	126.484	131.596	2.48469 
128	86.6253	126.492	135.009	2.54866 
129	86.6253	126.49 	131.91 	2.35228 
130	86.6253	126.533	133.5  	2.2982  
131	86.6253	126.543	132.654	2.374   
132	86.6253	126.52 	132.36 	2.31646 
133	86.6253	126.5  	131.403	2.37475 
134	86.6253	126.51 	131.397	2.37812 
135	86.6253	126.535	132.525	2.19782 
136	86.6253	126.534	131.273	2.17796 
137	86.6253	126.585	132.32 	2.09893 
138	86.6253	126.588	132.801	2.17086 
139	86.6253	126.571	132.635	2.24293 
140	86.6253	126.569	133.496	2.48792 
141	86.6253	126.568	133.246	2.58652 
142	86.6253	126.64 	133.205	2.15372 
143	86.6253	126.628	132.69 	2.12746 
144	86.6253	126.637	132.371	2.33343 
145	86.6253	126.649	134.967	2.389   
146	86.6253	126.687	132.495	2.23556 
147	86.6253	126.668	132.748	2.19374 
148	86.6253	126.723	133.648	2.1751  
149	86.6253	126.666	135.456	2.53743 
150	86.6253	126.663	132.841	2.52683 
151	86.6253	126.704	134.112	2.37741 
152	86.6253	126.765	132.861	2.16885 
153	86.6253	126.723	134.669	2.56511 
154	86.6253	126.693	133.154	2.48848 
155	86.6253	126.716	133.154	2.31275 
156	86.6253	126.717	132.883	2.51549 
157	86.6253	126.762	133.086	2.21995 
158	86.6253	126.767	132.86 	2.27967 
159	86.6253	126.744	132.86 	2.40365 
160	86.6253	126.782	133.265	2.21916 
161	86.6253	126.789	133.339	2.225   
162	84.655 	126.764	132.679	2.67767 
163	84.655 	126.693	132.547	3.06789 
164	83.8224	126.7  	132.286	3.09255 
165	83.8224	126.73 	133.186	2.90762 
166	83.8224	126.792	132.765	2.44926 
167	83.8224	126.789	133.103	2.63096 
168	83.8224	126.826	133.093	2.36072 
169	83.8224	126.829	134.352	2.38107 
170	83.8224	126.793	133.051	2.48615 
171	83.8224	126.82 	132.623	2.34269 
172	83.8224	126.845	132.319	2.27779 
173	82.8151	126.815	132.285	2.76855 
174	82.8151	126.818	136.071	2.74998 
175	82.8151	126.776	132.682	2.56503 
176	82.8151	126.8  	132.286	2.45397 
177	82.8151	126.804	132.541	2.4135  
178	82.8151	126.778	132.296	2.78767 
179	82.8151	126.783	132.902	2.55403 
180	82.8151	126.73 	132.841	2.96514 
181	79.012 	126.719	135.288	3.16523 
182	79.012 	126.804	134.089	2.8693  
183	79.012 	126.794	134.319	3.0354  
184	79.012 	126.809	133.933	3.13277 
185	79.012 	126.801	133.594	3.40243 
186	79.012 	126.832	133.541	2.84325 
187	79.012 	126.906	133.509	2.57168 
188	79.012 	126.898	135.351	2.75621 
189	79.012 	126.864	133.509	3.17496 
190	70.4327	126.81 	133.431	3.78294 
191	70.4327	126.926	133.364	2.90347 
192	70.4327	126.935	133.028	2.75089 
193	70.4327	126.989	134.728	2.76259 
194	70.4327	126.983	133.989	2.82603 
195	70.4327	126.947	134.253	2.91622 
196	70.4327	126.915	133.84 	3.43961 
197	70.4327	126.922	133.762	3.18365 
198	70.4327	126.943	133.819	2.96575 
199	70.4327	126.927	136.047	3.15017 
200	70.4327	126.963	134.344	3.05861 
201	70.4327	126.922	134.447	3.54568 
202	70.4327	126.995	134.979	2.99527 
203	70.4327	127.032	134.426	2.9159  
204	70.4327	127.019	134.097	3.39588 
205	70.4327	127.013	135.199	3.63963 
206	70.4327	127.018	135.226	3.52752 
207	70.4327	127.049	135.395	3.09037 
208	70.4327	127.062	135.513	3.2983  
209	70.4327	127.062	135.027	3.27273 
210	70.4327	127.094	135.318	2.9913  
211	70.4327	127.122	135.318	2.86888 
212	70.4327	127.073	134.547	3.42369 
213	69.1354	127.046	134.165	3.59345 
214	69.1354	127.084	134.062	3.26551 
215	69.1354	127.021	134.059	3.77575 
216	69.1354	127.085	134.2  	3.30602 
217	69.1354	127.104	134.28 	3.20325 
218	69.1354	127.147	133.978	2.97299 
219	69.1354	127.096	136.223	3.64771 
220	69.1354	127.115	136.198	3.53311 
221	69.1354	127.053	136.198	4.18442 
222	69.1354	127.098	135.789	3.54894 
223	69.1354	127.104	134.189	3.27445 
224	69.1354	127.112	133.86 	3.42407 
225	69.1354	127.093	134.692	3.39167 
226	69.1354	127.097	134.091	3.47129 
227	69.1354	127.17 	134.148	3.20495 
228	69.1354	127.123	134.511	3.33902 
229	69.1354	127.125	134.515	3.2659  
230	69.1354	127.116	134.476	3.15608 
231	69.1354	127.179	135.531	2.99448 
232	69.1354	127.29 	136.296	2.93087 
233	69.1354	127.248	134.683	3.11706 
234	69.1354	127.245	134.787	3.46368 
235	69.1354	127.277	135.261	3.60444 
236	69.1354	127.247	135.187	3.52717 
237	69.1354	127.257	137.075	3.61937 
238	69.1354	127.283	137.103	3.61961 
239	69.1354	127.303	137.103	3.21828 
240	69.1354	127.298	136.797	3.24433 
241	69.1354	127.326	135.343	3.40601 
242	69.1354	127.417	135.218	3.16634 
243	69.1354	127.395	136.747	3.30271 
244	65.6671	127.33 	135.352	3.84364 
245	64.3625	127.304	136.465	3.92416 
246	64.3625	127.346	136.347	3.28961 
247	64.3625	127.38 	135.397	3.21043 
248	64.3625	127.344	134.9  	3.8189  
249	64.3625	127.323	134.08 	3.97039 
250	64.3625	127.36 	134.915	3.88821 
251	64.3625	127.362	137.157	4.11186 
252	64.3625	127.423	136.963	3.44219 
253	64.3625	127.457	135.952	3.33362 
254	64.3625	127.392	135.871	3.83409 
255	64.3625	127.383	135.194	3.55866 
256	64.3625	127.391	135.471	3.53401 
257	64.3625	127.424	136.327	3.55641 
258	64.3625	127.385	136.267	3.63142 
259	64.3625	127.429	136.512	3.3952  
260	64.3625	127.367	135.612	4.01649 
261	64.3625	127.348	140.637	4.01717 
262	64.3625	127.358	136.351	4.30114 
263	64.3625	127.348	136.423	4.3635  
264	64.3625	127.445	136.166	3.81785 
265	64.3625	127.412	136.374	3.99928 
266	64.3625	127.446	136.358	3.56879 
267	64.3625	127.404	136.923	4.12244 
268	64.3625	127.367	136.923	4.32863 
269	64.3625	127.385	136.343	4.29081 
270	64.3625	127.377	136.348	4.36765 
271	64.3625	127.36 	136.439	4.4678  
272	64.3625	127.429	136.348	3.92373 
273	64.3625	127.498	136.344	3.8765  
274	64.3625	127.498	138.053	4.02937 
275	64.3625	127.498	139.061	4.05108 
276	64.3625	127.525	138.142	3.52807 
277	64.3625	127.49 	136.304	3.82183 
278	64.3625	127.485	143.03 	3.93512 
279	64.3625	127.427	139.518	4.3455  
280	64.3625	127.541	139.518	3.60807 
281	64.3625	127.547	138.052	4.12192 
282	64.3625	127.502	137.804	4.26807 
283	64.3625	127.57 	137.56 	4.12973 
284	64.3625	127.614	137.681	4.07041 
285	64.3625	127.636	137.434	4.007   
286	64.3625	127.718	137.366	3.55977 
287	64.3625	127.753	137.944	3.44509 
288	64.3625	127.818	138.061	3.34835 
289	64.3625	127.794	138.069	3.78241 
290	64.3625	127.73 	138.324	4.44138 
291	64.3625	127.721	138.57 	3.99205 
292	64.3625	127.705	138.362	3.84568 
293	64.3625	127.702	138.362	4.25211 
294	64.3625	127.644	138.361	4.48416 
295	64.3625	127.657	137.803	4.50297 
296	64.3625	127.759	140.617	3.73518 
297	64.3625	127.728	139.586	4.00442 
298	64.3625	127.782	138.422	3.57364 
299	64.3625	127.781	140.304	3.93892 
300	64.3625	127.809	138.892	3.75014 
301	64.3625	127.786	138.741	4.35202 
302	64.3625	127.807	138.731	4.06165 
303	64.3625	127.837	138.709	3.64238 
304	64.3625	127.837	138.904	4.23127 
305	64.3625	127.919	138.127	3.59973 
306	64.3625	127.911	139.474	3.70988 
307	64.3625	127.904	139.155	4.28554 
308	64.3625	127.863	138.202	4.65854 
309	64.3625	127.82 	138.782	4.98041 
310	64.3625	127.937	138.142	4.0355  
311	64.3625	127.884	137.868	4.29264 
312	64.3625	127.817	138.464	4.84091 
313	64.3625	127.942	140.546	4.28489 
314	64.3625	127.983	138.795	3.97384 
315	64.3625	127.97 	138.491	4.05778 
316	64.3625	127.988	138.563	4.23786 
317	63.4787	127.997	139.404	4.30832 
318	63.4787	128.014	138.943	4.33551 
319	63.4787	128.097	138.769	3.79516 
320	63.0883	128.062	139.036	4.33296 
321	63.0883	128.063	138.997	4.0094  
322	63.0883	128.04 	140.745	3.98303 
323	63.0883	127.979	139.356	4.45424 
324	63.0883	127.943	138.897	4.35895 
325	63.0883	127.907	143.353	4.67491 
326	63.0883	127.897	145.452	4.72642 
327	63.0883	127.983	138.966	4.24084 
328	63.0883	127.962	139.128	4.49719 
329	63.0883	128.011	142.02 	4.51257 
330	63.0883	128.105	140.97 	3.8691  
331	63.0883	128.064	139.637	3.96015 
332	63.0883	128.065	138.86 	3.97801 
333	63.0883	128.024	140.6  	4.56317 
334	62.0603	128.053	140.834	4.62456 
335	62.0603	127.985	143.272	4.89428 
336	62.0603	128.061	140.343	4.41321 
337	62.0603	128.073	140.837	4.59899 
338	62.0603	128.033	140.05 	4.73756 
339	62.0603	128.054	139.505	4.49012 
340	62.0603	128.004	139.409	4.99771 
341	62.0603	128.088	139.974	4.37796 
342	62.0603	128.138	139.546	4.17051 
343	62.0603	128.109	139.538	4.3544  
344	62.0603	128.149	139.555	4.23708 
345	62.0603	128.137	141.36 	4.62988 
346	62.0603	128.136	141.354	4.40369 
347	62.0603	128.188	141.378	4.2602  
348	62.0603	128.19 	141.394	4.50599 
349	62.0603	128.184	141.381	4.17666 
350	62.0603	128.229	140.903	3.97833 
351	57.8462	128.154	140.689	4.70567 
352	57.8462	128.177	140.248	4.55381 
353	57.8462	128.17 	140.878	4.63894 
354	57.8462	128.116	139.276	4.84173 
355	57.8462	128.101	141.676	4.7049  
356	57.8462	128.206	139.384	4.12904 
357	57.8462	128.158	139.384	4.75547 
358	57.8462	128.245	139.074	4.63588 
359	57.8462	128.324	138.78 	3.90085 
360	57.8462	128.266	138.593	4.09283 
361	57.8462	128.292	138.734	4.04835 
362	57.8462	128.297	138.058	4.61485 
363	57.8462	128.368	143.771	4.28227 
364	57.8462	128.307	138.467	4.61905 
365	57.8462	128.28 	139.389	5.03069 
366	57.8462	128.218	139.835	5.34232 
367	57.8462	128.316	140.244	4.35096 
368	57.8462	128.272	139.607	4.59624 
369	57.8462	128.326	138.812	4.35854 
370	57.8462	128.278	144.044	4.84226 
371	57.8462	128.299	139.011	4.85793 
372	57.8462	128.297	139.755	5.03799 
373	57.8462	128.334	139.755	4.8378  
374	57.8462	128.318	141.84 	4.9638  
375	57.8462	128.422	142.36 	4.49766 
376	57.8462	128.418	140.87 	4.28232 
377	57.8462	128.419	139.928	4.75661 
378	57.8462	128.492	141.418	4.52098 
379	57.8462	128.435	141.681	5.11746 
380	56.7416	128.441	141.355	5.134   
381	54.6566	128.537	141.58 	5.12674 
382	54.6566	128.465	141.452	5.78135 
383	54.6566	128.471	141.696	5.87811 
384	54.6566	128.553	146.162	5.72164 
385	54.6566	128.505	144.487	5.68764 
386	54.6566	128.602	142.881	5.01641 
387	54.6566	128.549	142.007	5.32932 
388	54.6566	128.619	141.852	4.68221 
389	54.6566	128.585	141.383	5.27013 
390	54.6566	128.576	141.065	4.99615 
391	52.6469	128.569	143.711	5.32589 
392	52.6469	128.596	143.744	4.86778 
393	52.6469	128.528	143.61 	5.14206 
394	52.6469	128.547	143.393	5.40027 
395	52.6469	128.557	143.13 	5.12277 
396	52.6469	128.55 	143.072	5.17387 
397	52.6469	128.534	143.099	5.08894 
398	52.6469	128.574	144.544	5.12583 
399	52.6469	128.619	142.575	4.88377 
400	52.6469	128.625	141.785	5.11892 
401	52.6469	128.619	140.916	5.0628  
402	52.6469	128.618	141.287	5.7068  
403	52.6469	128.702	140.622	5.25655 
404	52.6469	128.75 	140.851	4.57322 
405	52.6469	128.656	141.324	5.12437 
406	52.6469	128.618	141.358	5.40442 
407	52.6469	128.64 	141.176	5.0135  
408	52.6469	128.729	142.259	4.51076 
409	52.6469	128.692	142.267	4.90774 
410	52.6469	128.671	144.134	5.39004 
411	52.6469	128.744	142.157	5.12833 
412	52.6469	128.738	142.427	4.9131  
413	52.6469	128.676	142.108	5.51227 
414	52.6469	128.674	143.257	5.67095 
415	52.6469	128.736	142.796	5.08582 
416	52.6469	128.719	142.137	5.18926 
417	52.6469	128.712	142.161	5.35449 
418	52.6469	128.797	143.588	4.96675 
419	52.6469	128.71 	143.881	5.58088 
420	52.6469	128.745	142.769	5.54809 
421	52.6469	128.835	142.637	4.81424 
422	52.6469	128.843	142.344	4.77871 
423	52.1425	128.739	141.395	5.523   
424	52.1425	128.796	141.04 	5.15631 
425	52.1425	128.763	142.868	5.01175 
426	52.1425	128.789	140.684	4.8871  
427	52.1425	128.81 	140.718	5.05983 
428	52.1425	128.822	142.741	5.43177 
429	52.1425	128.797	144.962	5.94802 
430	52.1425	128.739	143.094	6.19878 
431	52.1425	128.669	142.802	6.28683 
432	52.1425	128.822	141.255	5.56853 
433	52.1425	128.844	146.207	4.99612 
434	52.1425	128.905	142.458	5.08823 
435	52.1425	128.803	142.957	5.65105 
436	52.1425	128.856	142.429	5.10549 
437	52.1425	128.881	141.623	5.33333 
438	52.1425	128.859	142    	5.38879 
439	52.1425	128.906	143.107	5.1711  
440	52.1425	128.941	143.213	4.82529 
441	52.1425	128.969	143.213	4.8167  
442	52.1425	128.957	143.355	4.88014 
443	52.1425	128.89 	145.931	5.55533 
444	52.1425	128.963	146.146	5.01231 
445	52.1425	128.862	143.717	5.46105 
446	52.1425	128.75 	143.641	6.03238 
447	52.1425	128.921	141.948	4.99636 
448	52.1425	128.92 	142.08 	5.0868  
449	52.1425	128.855	147.91 	5.61569 
450	52.1425	128.896	143.996	5.56592 
451	52.1425	129.097	142.301	5.00377 
452	52.1425	129.035	142.122	5.29726 
453	52.1425	129.005	142.748	5.22433 
454	52.1425	129.074	143.532	4.76482 
455	52.1425	129.048	143.701	4.66221 
456	52.1425	129.04 	143.79 	5.06271 
457	52.1425	129.076	143.799	4.61393 
458	52.1425	129.08 	140.774	5.0042  
459	52.1425	129.105	141.895	4.77374 
460	52.1425	129.013	141.581	5.17685 
461	52.1425	128.999	141.43 	5.09608 
462	52.1425	128.971	140.792	5.44863 
463	52.1425	129.062	144.221	4.6891  
464	52.1425	129.013	144.221	5.20915 
465	52.1425	129.031	141.808	4.9457  
466	52.1425	129.048	141.633	5.03842 
467	52.1425	128.981	142.812	5.29881 
468	52.1425	128.929	142.696	5.81943 
469	52.1425	128.9  	143.378	6.21211 
470	52.1425	128.872	142.251	6.08408 
471	52.1425	129.026	142.276	5.50798 
472	51.5178	129.009	145.403	5.77055 
473	51.5178	129.015	142.871	5.35046 
474	51.5178	128.983	141.97 	5.84023 
475	51.5178	128.965	140.365	5.6714  
476	51.5178	128.928	141.239	5.80011 
477	51.5178	129.027	142.015	5.01282 
478	51.5178	129.009	148.58 	5.47591 
479	51.5178	128.989	142.73 	5.6003  
480	51.5178	128.982	144.64 	5.21955 
481	51.5178	128.981	143.276	5.15477 
482	51.5178	128.961	147.01 	5.36033 
483	51.5178	128.91 	143.248	5.58535 
484	51.5178	128.917	143.522	5.43111 
485	51.5178	128.967	143.568	5.37623 
486	51.5178	129.019	143.314	5.01546 
487	51.5178	129.095	143.158	4.88665 
488	51.5178	129.111	144.028	4.95957 
489	51.5178	129.045	143.895	5.12238 
490	51.5178	129.043	144.543	5.10486 
491	51.5178	128.932	142.06 	5.74792 
492	51.5178	128.879	141.527	6.11094 
493	51.5178	128.88 	142.65 	6.05767 
494	51.5178	128.934	142.732	5.64017 
495	51.5178	128.902	142.957	5.66813 
496	51.5178	128.91 	142.583	5.30532 
497	51.5178	128.895	142.672	5.83887 
498	51.5178	128.831	142.403	6.35429 
499	51.5178	128.784	142.403	6.76371 
40.78000001
