/usr/lib/python2.7/site-packages/deap/tools/_hypervolume/pyhv.py:33: ImportWarning: Falling back to the python version of hypervolume module. Expect this to be very slow.
  "module. Expect this to be very slow.", ImportWarning)
gen	min    	avg     	max     	std     
0  	-919.27	-914.209	-913.014	0.651619
1  	-919.27	-914.194	-913.415	0.618908
2  	-919.27	-914.205	-913.409	0.648383
3  	-919.27	-914.208	-913.409	0.668145
4  	-919.27	-914.222	-913.307	0.657226
5  	-919.27	-914.222	-912.767	0.700769
6  	-919.27	-914.194	-913.059	0.66402 
7  	-920.619	-914.209	-913.437	0.718205
8  	-920.619	-914.198	-913.454	0.69909 
9  	-920.619	-914.21 	-913.433	0.739767
10 	-920.619	-914.207	-913.211	0.745975
11 	-920.619	-914.21 	-913.102	0.779984
12 	-921.779	-914.205	-912.715	0.816374
13 	-921.779	-914.197	-912.704	0.758953
14 	-921.779	-914.203	-912.819	0.805102
15 	-922.295	-914.206	-913.145	0.800149
16 	-923.592	-914.237	-912.889	0.971191
17 	-923.592	-914.223	-913.028	0.905849
18 	-923.592	-914.202	-913.095	0.818492
19 	-923.592	-914.199	-912.267	0.831897
20 	-923.592	-914.2  	-912.279	0.835716
21 	-923.592	-914.192	-912.428	0.841194
22 	-923.592	-914.188	-912.249	0.816137
23 	-923.592	-914.175	-911.73 	0.808847
24 	-923.592	-914.177	-908.967	0.900778
25 	-923.592	-914.188	-909.797	0.993312
26 	-925.316	-914.163	-909.876	1.02082 
27 	-925.316	-914.148	-910.139	0.945581
28 	-925.316	-914.135	-910.151	0.920953
29 	-926.127	-914.127	-910.644	0.976819
30 	-926.286	-914.107	-910.078	1.00999 
31 	-926.286	-914.095	-909.225	0.917505
32 	-926.286	-914.115	-909.151	1.02803 
33 	-926.286	-914.112	-909.035	0.995288
34 	-926.286	-914.119	-910.657	1.05089 
35 	-926.286	-914.091	-910.89 	0.923113
36 	-926.286	-914.083	-910.986	0.914995
37 	-926.286	-914.07 	-911.011	0.872434
38 	-926.286	-914.05 	-911.147	0.856125
39 	-926.286	-914.07 	-911.203	0.923518
40 	-926.286	-914.073	-911.222	0.942404
41 	-926.286	-914.081	-911.166	0.889033
42 	-926.286	-914.088	-909.675	0.996423
43 	-926.286	-914.1  	-911.128	0.960532
44 	-926.286	-914.106	-911.014	1.05252 
45 	-926.286	-914.091	-911.099	1.03531 
46 	-926.286	-914.107	-911.093	1.04227 
47 	-926.629	-914.104	-911.238	1.06619 
48 	-926.629	-914.101	-911.036	1.06616 
49 	-926.629	-914.086	-911.277	1.01933 
50 	-926.629	-914.092	-911.147	1.03787 
51 	-926.629	-914.076	-911.147	1.04304 
52 	-926.629	-914.077	-911.072	1.0589  
53 	-926.629	-914.055	-911.022	0.965932
54 	-926.629	-914.029	-910.999	0.912028
55 	-926.629	-914.011	-910.237	0.925431
56 	-926.638	-914.019	-910.158	1.00956 
57 	-926.638	-913.993	-909.981	0.945088
58 	-926.638	-914.009	-909.682	1.00845 
59 	-926.638	-914.013	-909.96 	0.969723
60 	-926.638	-914.015	-910.153	1.04313 
61 	-926.638	-913.975	-910.081	0.944004
62 	-926.638	-913.969	-910.292	0.976151
63 	-926.638	-913.936	-910.468	0.895348
64 	-926.638	-913.961	-910.494	0.957114
65 	-926.638	-913.965	-910.494	1.02702 
66 	-926.638	-913.958	-910.143	1.02494 
67 	-926.638	-913.939	-910.177	0.995959
68 	-926.638	-913.925	-910.801	0.934852
69 	-926.638	-913.916	-911.02 	0.913945
70 	-926.638	-913.908	-910.957	0.895483
71 	-926.638	-913.896	-910.975	0.892105
72 	-926.638	-913.908	-910.53 	0.949624
73 	-926.638	-913.923	-910.9  	0.994979
74 	-926.638	-913.953	-910.59 	1.05769 
75 	-926.638	-913.918	-910.946	0.972363
76 	-926.638	-913.899	-910.859	0.942594
77 	-926.638	-913.891	-910.941	0.959063
78 	-926.638	-913.882	-910.367	1.02176 
79 	-926.638	-913.873	-910.021	1.037   
80 	-926.638	-913.862	-909.987	0.993739
81 	-926.638	-913.87 	-910.09 	1.06249 
82 	-926.638	-913.874	-910.151	1.07933 
83 	-927.236	-913.865	-910.322	1.06098 
84 	-927.236	-913.866	-910.396	1.05246 
85 	-927.236	-913.847	-909.381	1.11358 
86 	-927.236	-913.859	-909.381	1.1029  
87 	-927.236	-913.867	-910.472	1.04719 
88 	-927.236	-913.845	-910.511	1.00566 
89 	-927.564	-913.86 	-910.213	1.12348 
90 	-927.564	-913.869	-909.488	1.21118 
91 	-927.564	-913.886	-909.905	1.27056 
92 	-927.564	-913.856	-906.861	1.22419 
93 	-927.564	-913.864	-908.448	1.27018 
94 	-927.564	-913.852	-908.448	1.23174 
95 	-927.564	-913.852	-909.838	1.16338 
96 	-927.564	-913.833	-909.768	1.13803 
97 	-927.564	-913.847	-909.78 	1.17475 
98 	-927.564	-913.828	-909.856	1.10096 
99 	-927.564	-913.816	-910.064	1.11427 
100	-927.564	-913.823	-910.472	1.10611 
101	-927.564	-913.779	-909.041	1.03362 
102	-927.564	-913.798	-909.843	1.11397 
103	-927.564	-913.804	-909.703	1.15786 
104	-927.564	-913.811	-909.645	1.18251 
105	-927.564	-913.794	-909.949	1.16617 
106	-927.564	-913.79 	-910.885	1.12673 
107	-927.564	-913.781	-909.509	1.20825 
108	-927.564	-913.774	-910.495	1.20765 
109	-927.564	-913.745	-909.348	1.13906 
110	-927.564	-913.726	-909.348	1.05786 
111	-927.564	-913.726	-909.307	1.11926 
112	-927.564	-913.725	-909.326	1.10421 
113	-927.564	-913.724	-910.299	1.14416 
114	-927.564	-913.709	-910.16 	1.00805 
115	-927.564	-913.723	-909.749	1.0691  
116	-927.564	-913.748	-909.846	1.19709 
117	-927.564	-913.737	-910.02 	1.13627 
118	-927.564	-913.713	-908.701	1.24831 
119	-927.824	-913.717	-909.545	1.26834 
120	-928.457	-913.697	-910.163	1.24019 
121	-928.457	-913.68 	-910.093	1.13819 
122	-928.457	-913.708	-910.044	1.21933 
123	-928.457	-913.724	-910.024	1.21533 
124	-928.457	-913.7  	-910.054	1.15851 
125	-928.457	-913.695	-908.939	1.21152 
126	-928.457	-913.696	-909.615	1.18418 
127	-928.457	-913.669	-902.068	1.29588 
128	-928.457	-913.66 	-904.916	1.25035 
129	-928.457	-913.655	-907.833	1.31654 
130	-928.457	-913.644	-908.824	1.26743 
131	-928.457	-913.628	-908.837	1.19361 
132	-928.457	-913.631	-909.36 	1.19726 
133	-928.457	-913.631	-909.645	1.21674 
134	-928.457	-913.637	-908.266	1.26984 
135	-928.457	-913.587	-908.266	1.2194  
136	-928.457	-913.591	-908.269	1.3506  
137	-928.457	-913.585	-907.378	1.36754 
138	-928.457	-913.59 	-907.386	1.42089 
139	-928.457	-913.561	-907.057	1.42506 
140	-928.457	-913.576	-905.064	1.53163 
141	-928.457	-913.553	-905.738	1.44231 
142	-928.457	-913.554	-908.526	1.40356 
143	-928.457	-913.547	-908.598	1.39332 
144	-928.457	-913.533	-908.704	1.32209 
145	-928.457	-913.521	-907.114	1.33002 
146	-928.457	-913.522	-904.639	1.44383 
147	-928.457	-913.494	-907.507	1.24474 
148	-928.457	-913.496	-907.565	1.23418 
149	-928.457	-913.509	-908.364	1.3024  
150	-928.457	-913.489	-908.405	1.25468 
151	-928.457	-913.496	-908.304	1.2344  
152	-928.457	-913.504	-908.572	1.28955 
153	-928.457	-913.477	-908.428	1.33011 
154	-928.457	-913.496	-908.428	1.44582 
155	-928.457	-913.506	-908.652	1.50518 
156	-929.802	-913.505	-908.737	1.4968  
157	-929.802	-913.473	-908.302	1.44403 
158	-929.802	-913.469	-907.377	1.50671 
159	-929.802	-913.479	-906.296	1.51746 
160	-929.802	-913.465	-906.407	1.63934 
161	-929.802	-913.446	-907.659	1.5452  
162	-929.802	-913.423	-907.693	1.44549 
163	-929.802	-913.413	-907.709	1.43759 
164	-929.802	-913.416	-908.664	1.44093 
165	-929.802	-913.425	-909.068	1.50768 
166	-929.802	-913.4  	-908.842	1.5323  
167	-929.802	-913.397	-908.561	1.50507 
168	-929.802	-913.403	-907.851	1.54136 
169	-930.507	-913.372	-907.345	1.58119 
170	-930.507	-913.355	-907.85 	1.40137 
171	-930.507	-913.374	-908.441	1.41882 
172	-930.507	-913.372	-908.584	1.38525 
173	-930.507	-913.363	-908.641	1.42965 
174	-930.507	-913.36 	-908.887	1.41893 
175	-930.507	-913.356	-908.898	1.44405 
176	-930.507	-913.319	-908.441	1.46695 
177	-930.507	-913.344	-908.465	1.55705 
178	-930.507	-913.34 	-908.503	1.54785 
179	-930.507	-913.331	-907.863	1.55921 
180	-930.507	-913.344	-907.929	1.53327 
181	-930.507	-913.354	-907.171	1.60155 
182	-930.507	-913.314	-907.154	1.62878 
183	-930.507	-913.312	-907.178	1.64157 
184	-931.448	-913.333	-906.879	1.67538 
185	-931.448	-913.324	-907.333	1.68382 
186	-932.818	-913.343	-907.935	1.75845 
187	-932.818	-913.312	-907.935	1.71644 
188	-932.818	-913.252	-905.168	1.57252 
189	-932.818	-913.232	-905.177	1.70469 
190	-932.818	-913.234	-905.665	1.65422 
191	-932.818	-913.232	-906.554	1.61213 
192	-932.818	-913.229	-906.556	1.64592 
193	-932.818	-913.226	-907.145	1.66314 
194	-933.359	-913.202	-905.477	1.7331  
195	-933.359	-913.196	-907.47 	1.67386 
196	-933.359	-913.205	-907.522	1.69692 
197	-933.359	-913.2  	-906.436	1.71183 
198	-933.359	-913.21 	-907.127	1.71212 
199	-933.359	-913.189	-903.904	1.80295 
200	-933.359	-913.197	-904.027	1.76403 
201	-933.359	-913.18 	-904.069	1.79386 
202	-933.359	-913.165	-903.772	2.00048 
203	-933.359	-913.114	-903.639	1.97615 
204	-933.359	-913.111	-904.409	1.85956 
205	-933.359	-913.085	-905.089	1.84169 
206	-933.359	-913.087	-904.617	1.87978 
207	-933.359	-913.052	-905.473	1.78221 
208	-933.359	-913.054	-905.439	1.78356 
209	-933.359	-913.063	-906.778	1.907   
210	-933.359	-913.041	-906.796	1.80648 
211	-933.359	-913.037	-906.838	1.89399 
212	-933.359	-913.031	-901.274	1.94441 
213	-933.359	-913.04 	-905.156	1.85531 
214	-933.359	-913.063	-904.997	1.98254 
215	-933.359	-913.056	-902.952	2.02098 
216	-933.359	-913.022	-903.013	1.98172 
217	-933.359	-913.027	-903.041	1.91659 
218	-933.359	-912.994	-902.637	1.91113 
219	-933.359	-913.024	-903.455	2.06457 
220	-933.359	-913    	-904.668	2.01995 
221	-940.58 	-912.987	-904.587	2.13375 
222	-940.58 	-913.022	-904.401	2.19552 
223	-940.58 	-913.026	-904.116	2.15389 
224	-940.58 	-913.02 	-903.583	2.08399 
225	-940.58 	-913.034	-903.677	2.02552 
226	-943.397	-913.029	-904.275	2.24916 
227	-943.397	-913.018	-904.256	2.15791 
228	-943.397	-913.042	-904.249	2.2902  
229	-943.397	-913.024	-904.268	2.25585 
230	-943.397	-912.988	-904.313	2.12571 
231	-943.397	-912.976	-904.388	2.11897 
232	-944.016	-912.979	-904.459	2.27036 
233	-944.016	-912.967	-904.368	2.22302 
234	-944.016	-912.959	-905.912	2.20175 
235	-944.016	-912.956	-905.927	2.20154 
236	-944.016	-912.975	-906.052	2.30239 
237	-944.016	-912.962	-906.343	2.1247  
238	-944.016	-913    	-906.242	2.31707 
239	-944.016	-912.941	-906.419	2.09993 
240	-944.016	-912.932	-905.568	2.21666 
241	-944.016	-912.949	-904.396	2.52794 
242	-944.016	-912.923	-905.011	2.19238 
243	-944.016	-912.947	-905.394	2.22321 
244	-944.016	-912.908	-905.209	2.11505 
245	-944.016	-912.906	-905.172	2.19428 
246	-944.016	-912.889	-905.151	2.09612 
247	-944.016	-912.913	-903.947	2.17529 
248	-944.016	-912.879	-904.842	2.08899 
249	-944.016	-912.859	-904.776	2.07653 
250	-944.016	-912.904	-904.791	2.34012 
251	-944.016	-912.86 	-904.954	2.06047 
252	-944.016	-912.851	-904.989	2.1392  
253	-944.016	-912.862	-904.169	2.15828 
254	-944.016	-912.872	-904.146	2.22893 
255	-944.016	-912.846	-903.886	2.14452 
256	-944.016	-912.847	-903.903	2.40957 
257	-944.016	-912.821	-905.256	2.07464 
258	-944.016	-912.826	-903.737	2.23404 
259	-944.016	-912.822	-903.411	2.27927 
260	-944.016	-912.783	-903.411	2.10853 
261	-944.138	-912.806	-904.259	2.37595 
262	-944.138	-912.782	-904.889	2.2009  
263	-944.138	-912.75 	-905.687	2.20384 
264	-945.682	-912.778	-903.658	2.44998 
265	-945.682	-912.737	-905.298	2.26241 
266	-945.682	-912.74 	-904.531	2.25728 
267	-945.682	-912.759	-904.48 	2.55848 
268	-945.682	-912.72 	-904.48 	2.37984 
269	-945.682	-912.665	-904.357	2.46394 
270	-945.682	-912.68 	-904.148	2.49489 
271	-945.682	-912.643	-904.109	2.28903 
272	-945.682	-912.62 	-904.1  	2.20995 
273	-947.838	-912.679	-903.452	2.60457 
274	-948.333	-912.653	-903.42 	2.72784 
275	-948.333	-912.639	-903.571	2.68516 
276	-948.333	-912.631	-903.228	2.51727 
277	-948.333	-912.643	-901.31 	2.69452 
278	-948.333	-912.641	-901.301	2.61426 
279	-948.333	-912.63 	-902.213	2.60852 
280	-948.333	-912.627	-904.373	2.5663  
281	-948.333	-912.66 	-903.225	2.72833 
282	-948.333	-912.64 	-901.685	2.77142 
283	-948.333	-912.656	-901.733	2.89978 
284	-948.333	-912.632	-902.314	2.80317 
285	-948.333	-912.627	-902.318	2.87764 
286	-949.874	-912.596	-902.318	2.93307 
287	-949.874	-912.522	-902.273	2.55111 
288	-949.874	-912.521	-902.225	2.55098 
289	-949.874	-912.532	-902.661	2.80177 
290	-949.874	-912.491	-901.858	2.74757 
291	-949.874	-912.497	-901.834	2.67762 
292	-949.874	-912.509	-901.863	2.58582 
293	-949.874	-912.505	-901.85 	2.62416 
294	-951.179	-912.537	-902.662	2.8963  
295	-951.179	-912.504	-902.155	2.71741 
296	-951.179	-912.533	-903.016	2.78205 
297	-951.179	-912.516	-902.211	2.75544 
298	-951.179	-912.506	-902.18 	2.76885 
299	-951.179	-912.494	-902.18 	2.85044 
300	-951.179	-912.472	-902.18 	2.74851 
301	-951.179	-912.47 	-902.235	2.69447 
302	-951.179	-912.52 	-899.567	3.09415 
303	-951.179	-912.446	-900.282	2.70404 
304	-951.179	-912.434	-901.13 	3.02497 
305	-951.179	-912.38 	-902.288	2.76265 
306	-951.179	-912.391	-901.268	2.95921 
307	-951.179	-912.412	-902.185	2.91287 
308	-951.179	-912.438	-902.625	2.88548 
309	-951.179	-912.392	-902.572	2.75436 
310	-951.179	-912.421	-902.323	2.85619 
311	-951.179	-912.424	-903.017	3.05662 
312	-951.179	-912.412	-901.333	2.85134 
313	-951.179	-912.421	-902.968	3.13301 
314	-951.179	-912.362	-901.099	2.98365 
315	-951.179	-912.337	-900.692	2.86653 
316	-951.179	-912.304	-900.646	2.76345 
317	-951.179	-912.304	-902.172	2.96493 
318	-951.179	-912.298	-897.123	2.84642 
319	-951.179	-912.314	-902.285	2.86087 
320	-951.179	-912.321	-901.186	2.88492 
321	-951.179	-912.264	-902.574	2.78571 
322	-951.179	-912.287	-901.552	3.12666 
323	-951.179	-912.303	-903.038	3.13841 
324	-951.179	-912.313	-899.009	3.27067 
325	-951.179	-912.277	-903.029	2.9689  
326	-951.179	-912.287	-903.07 	2.85193 
327	-951.179	-912.285	-899.757	2.9591  
328	-951.179	-912.222	-901.065	2.79405 
329	-951.179	-912.206	-900.686	2.88636 
330	-951.179	-912.213	-900.258	3.17295 
331	-951.179	-912.172	-900.291	2.89532 
332	-951.179	-912.182	-900.382	2.90632 
333	-951.179	-912.203	-901.838	2.94507 
334	-951.179	-912.165	-901.504	2.98642 
335	-951.179	-912.163	-901.671	2.88657 
336	-951.179	-912.159	-902.476	2.99776 
337	-951.179	-912.14 	-901.544	2.97841 
338	-951.179	-912.123	-902.011	2.97035 
339	-951.179	-912.145	-899.626	3.27565 
340	-951.179	-912.1  	-900.347	3.08239 
341	-951.179	-912.111	-901.469	3.04793 
342	-951.179	-912.129	-901.223	3.08927 
343	-951.179	-912.132	-901.205	3.08978 
344	-955.444	-912.143	-901.384	3.29285 
345	-955.444	-912.132	-899.308	3.33076 
346	-955.444	-912.096	-901.36 	3.21798 
347	-955.444	-912.088	-899.265	3.31911 
348	-955.444	-912.076	-899.259	3.17653 
349	-955.444	-912.047	-899.183	3.20868 
350	-955.444	-912.028	-899.38 	3.19996 
351	-955.444	-912.039	-899.651	3.08097 
352	-955.444	-912.008	-900.435	3.02992 
353	-955.444	-912.058	-899.289	3.35949 
354	-955.444	-912.041	-900.192	3.29983 
355	-955.444	-911.994	-900.235	3.1028  
356	-955.444	-911.975	-897.556	3.03514 
357	-955.444	-912.019	-897.84 	3.38783 
358	-955.444	-912.003	-899.854	3.1264  
359	-955.444	-911.992	-899.863	3.28222 
360	-955.444	-911.97 	-900.834	3.13117 
361	-955.444	-911.947	-900.177	3.40826 
362	-955.444	-911.981	-900.739	3.59926 
363	-955.444	-911.963	-901.195	3.4258  
364	-955.444	-911.962	-901.294	3.36969 
365	-955.444	-911.919	-901.264	3.1165  
366	-955.444	-911.93 	-901.301	3.09334 
367	-955.444	-911.97 	-899.305	3.44459 
368	-955.444	-911.981	-899.734	3.37153 
369	-955.444	-912.018	-901.271	3.53961 
370	-955.444	-912.036	-901.25 	3.65471 
371	-955.444	-912    	-902.163	3.52458 
372	-955.444	-911.963	-899.235	3.50035 
373	-955.444	-911.944	-897.73 	3.25164 
374	-955.444	-911.941	-896.034	3.2726  
375	-955.444	-911.922	-898.102	3.27861 
376	-958.236	-911.946	-898.198	3.45903 
377	-958.236	-911.947	-900.913	3.37027 
378	-958.236	-911.894	-900.2  	3.10141 
379	-958.236	-911.877	-900.185	3.15415 
380	-958.252	-911.927	-900.743	3.57721 
381	-958.252	-911.943	-898.256	3.65717 
382	-958.252	-911.868	-898.468	3.18102 
383	-958.252	-911.896	-900.23 	3.58677 
384	-958.252	-911.842	-900.396	3.40476 
385	-958.252	-911.796	-899.508	3.36471 
386	-958.252	-911.803	-899.527	3.34548 
387	-958.252	-911.854	-900.977	3.56008 
388	-958.252	-911.863	-901.179	3.38656 
389	-958.252	-911.846	-900.103	3.42241 
390	-958.252	-911.812	-899.857	3.29225 
391	-958.252	-911.782	-898.898	3.2607  
392	-958.252	-911.778	-899.841	3.37865 
393	-958.252	-911.798	-898.33 	3.40944 
394	-958.252	-911.796	-900.225	3.46714 
395	-958.252	-911.769	-901.36 	3.35968 
396	-958.252	-911.764	-901.374	3.47381 
397	-958.252	-911.803	-898.094	3.65559 
398	-958.252	-911.773	-899.683	3.38457 
399	-958.252	-911.762	-900.906	3.36809 
400	-958.252	-911.779	-901.484	3.48226 
401	-958.252	-911.709	-901.059	3.43793 
402	-958.252	-911.689	-901.059	3.41771 
403	-958.252	-911.672	-900.459	3.51089 
404	-958.252	-911.672	-901.059	3.3919  
405	-958.252	-911.716	-901.038	3.64987 
406	-958.252	-911.688	-901.204	3.37502 
407	-958.252	-911.639	-896.523	3.47625 
408	-958.252	-911.665	-900.265	3.71235 
409	-958.252	-911.678	-899.879	3.70152 
410	-958.252	-911.626	-901.045	3.49203 
411	-958.252	-911.595	-900.125	3.42426 
412	-958.252	-911.627	-898.287	3.72095 
413	-958.252	-911.616	-898.053	3.75113 
414	-958.252	-911.605	-900.118	3.58879 
415	-958.252	-911.623	-896.611	3.66438 
416	-958.252	-911.64 	-900.118	3.55087 
417	-958.252	-911.579	-898.255	3.57292 
418	-958.252	-911.565	-898.277	3.77948 
419	-958.298	-911.59 	-899.874	3.78867 
420	-958.298	-911.573	-900.308	3.73054 
421	-958.298	-911.572	-900.314	3.445   
422	-958.298	-911.587	-897.116	3.70188 
423	-958.298	-911.584	-897.816	3.65683 
424	-958.298	-911.605	-899.519	3.85784 
425	-958.298	-911.56 	-899.94 	3.42601 
426	-958.298	-911.622	-900.094	3.72018 
427	-958.298	-911.61 	-901.087	3.69489 
428	-958.298	-911.577	-900.663	3.37745 
429	-958.298	-911.591	-900.713	3.43488 
430	-958.298	-911.625	-900.739	3.59732 
431	-958.298	-911.582	-901.014	3.44408 
432	-958.298	-911.56 	-900.721	3.39293 
433	-958.298	-911.585	-900.877	3.70087 
434	-958.482	-911.566	-899.743	3.68191 
435	-958.482	-911.531	-900.709	3.60998 
436	-958.482	-911.454	-900.924	3.25378 
437	-958.482	-911.455	-901.639	3.3456  
438	-958.482	-911.447	-901.292	3.63108 
439	-958.482	-911.414	-897.092	3.36817 
440	-959.551	-911.453	-901.312	3.72449 
441	-959.551	-911.427	-901.418	3.67698 
442	-959.551	-911.439	-901.05 	3.61023 
443	-959.551	-911.441	-899.467	3.69969 
444	-961.25 	-911.41 	-899.744	3.96974 
445	-961.25 	-911.367	-890.714	3.89699 
446	-961.25 	-911.354	-896.969	3.78114 
447	-961.25 	-911.409	-896.446	4.15509 
448	-961.25 	-911.387	-896.926	4.03596 
449	-961.25 	-911.343	-897.256	3.79575 
450	-961.25 	-911.268	-897.236	3.77513 
451	-961.25 	-911.263	-897.43 	3.78087 
452	-961.25 	-911.286	-897.662	3.87366 
453	-961.25 	-911.257	-898.412	3.68666 
454	-961.25 	-911.227	-899.939	3.52529 
455	-961.25 	-911.196	-899.959	3.59879 
456	-961.25 	-911.175	-899.947	3.60768 
457	-961.25 	-911.203	-898.649	3.64631 
458	-961.25 	-911.203	-898.656	3.65074 
459	-961.25 	-911.202	-899.632	3.71656 
460	-961.25 	-911.202	-895.97 	3.75077 
461	-961.25 	-911.174	-896.636	3.77779 
462	-961.25 	-911.182	-897.08 	3.87274 
463	-961.25 	-911.173	-897.902	4.09913 
464	-961.25 	-911.173	-898.203	3.81749 
465	-961.25 	-911.154	-898.246	3.81607 
466	-961.25 	-911.172	-898.116	4.10451 
467	-961.25 	-911.228	-898.116	4.33046 
468	-961.25 	-911.274	-897.905	4.67699 
469	-961.25 	-911.182	-898.053	4.25926 
470	-961.25 	-911.177	-897.049	4.27393 
471	-961.25 	-911.057	-894.447	3.89315 
472	-961.25 	-911.113	-897.905	4.23575 
473	-961.25 	-911.024	-895.79 	3.86907 
474	-961.25 	-911.063	-894.906	4.2747  
475	-961.25 	-911.029	-895.827	3.95603 
476	-961.25 	-911.042	-897.521	4.00963 
477	-961.25 	-911.058	-897.559	4.10831 
478	-961.25 	-911.057	-896.794	4.27413 
479	-961.25 	-911.064	-897.716	4.4134  
480	-961.25 	-911.07 	-897.181	4.44731 
481	-961.25 	-911.039	-895.556	4.53263 
482	-961.25 	-911.024	-895.592	4.63507 
483	-962.716	-910.969	-895.484	4.55174 
484	-962.716	-910.949	-897.587	4.31361 
485	-962.716	-910.912	-897.241	4.07418 
486	-962.716	-910.91 	-897.192	4.37283 
487	-962.716	-910.91 	-897.136	4.43746 
488	-962.716	-910.917	-897.501	4.41988 
489	-962.716	-910.97 	-896.683	4.64501 
490	-962.716	-910.883	-897.009	4.09589 
491	-962.716	-910.897	-897.509	4.37224 
492	-962.716	-910.935	-896.637	4.57394 
493	-962.716	-910.918	-897.293	4.47612 
494	-962.716	-910.851	-895.882	4.18796 
495	-962.716	-910.858	-896.677	4.16502 
496	-962.716	-910.88 	-896.551	4.22525 
497	-962.716	-910.859	-898.553	4.06194 
498	-962.716	-910.843	-897.258	4.10659 
499	-962.716	-910.823	-897.258	4.12487 
-999.99999999
