/usr/lib/python2.7/site-packages/deap/tools/_hypervolume/pyhv.py:33: ImportWarning: Falling back to the python version of hypervolume module. Expect this to be very slow.
  "module. Expect this to be very slow.", ImportWarning)
gen	min     	avg     	max     	std     
0  	-918.051	-914.233	-913.194	0.682467
1  	-919.77 	-914.253	-913.169	0.750343
2  	-919.77 	-914.228	-913.164	0.741931
3  	-919.77 	-914.227	-913.329	0.710197
4  	-919.77 	-914.242	-911.818	0.771637
5  	-919.957	-914.228	-911.91 	0.734233
6  	-921.01 	-914.227	-912.675	0.796794
7  	-921.243	-914.223	-912.166	0.825331
8  	-922.435	-914.215	-912.109	0.812186
9  	-922.435	-914.196	-911.833	0.753898
10 	-922.435	-914.212	-912.381	0.786903
11 	-922.735	-914.216	-912.571	0.850359
12 	-922.735	-914.207	-912.428	0.826888
13 	-922.735	-914.216	-912.505	0.82319 
14 	-922.735	-914.205	-912.431	0.814241
15 	-922.735	-914.193	-912.617	0.790521
16 	-922.735	-914.173	-912.692	0.778839
17 	-922.735	-914.155	-912.623	0.752565
18 	-922.735	-914.172	-912.675	0.786568
19 	-922.735	-914.168	-911.214	0.817023
20 	-922.874	-914.175	-912.1  	0.859818
21 	-922.874	-914.159	-912.097	0.83084 
22 	-924.285	-914.184	-912.217	0.914407
23 	-924.285	-914.184	-912.406	0.919321
24 	-924.285	-914.192	-912.562	0.908624
25 	-924.285	-914.21 	-911.973	0.969501
26 	-924.285	-914.21 	-912.397	0.956272
27 	-924.285	-914.205	-912.402	0.897853
28 	-924.285	-914.191	-912.346	0.855135
29 	-924.285	-914.179	-912.192	0.858302
30 	-924.285	-914.17 	-912.176	0.841384
31 	-924.285	-914.155	-911.689	0.804409
32 	-924.285	-914.173	-912.189	0.915205
33 	-924.285	-914.151	-912.231	0.857302
34 	-924.285	-914.151	-912.231	0.823723
35 	-924.285	-914.136	-912.216	0.864746
36 	-924.285	-914.126	-912.23 	0.816117
37 	-924.868	-914.14 	-912.265	0.89003 
38 	-924.868	-914.16 	-911.855	0.929384
39 	-924.868	-914.149	-911.831	0.879951
40 	-924.868	-914.159	-911.831	0.920041
41 	-924.868	-914.152	-911.893	0.977177
42 	-924.868	-914.136	-912.259	0.938559
43 	-924.868	-914.143	-912.148	0.957425
44 	-924.868	-914.139	-911.999	0.99575 
45 	-924.868	-914.157	-911.437	1.08891 
46 	-924.868	-914.139	-911.114	1.0194  
47 	-924.868	-914.123	-911.286	0.920109
48 	-924.868	-914.114	-911.541	0.93493 
49 	-924.868	-914.107	-911.203	0.949919
50 	-924.868	-914.112	-911    	0.943997
51 	-924.868	-914.096	-910.989	0.984823
52 	-927.076	-914.074	-911.161	1.02961 
53 	-930.023	-914.103	-911.612	1.13905 
54 	-930.023	-914.12 	-911.852	1.16477 
55 	-930.023	-914.138	-912.059	1.21283 
56 	-930.097	-914.138	-911.966	1.28224 
57 	-930.097	-914.135	-911.966	1.24291 
58 	-930.097	-914.134	-911.966	1.17945 
59 	-930.519	-914.133	-911.484	1.28049 
60 	-930.519	-914.143	-911.795	1.28675 
61 	-930.519	-914.12 	-911.493	1.23394 
62 	-930.519	-914.126	-911.697	1.26801 
63 	-930.519	-914.112	-911.642	1.20332 
64 	-930.519	-914.101	-911.827	1.12597 
65 	-930.519	-914.104	-911.718	1.17594 
66 	-930.519	-914.097	-911.576	1.16306 
67 	-930.519	-914.084	-911.752	1.10457 
68 	-930.519	-914.091	-911.625	1.19471 
69 	-930.519	-914.1  	-911.436	1.24277 
70 	-930.519	-914.076	-911.28 	1.23836 
71 	-930.519	-914.103	-911.291	1.30177 
72 	-930.519	-914.088	-910.18 	1.23222 
73 	-930.519	-914.083	-911.081	1.23577 
74 	-930.519	-914.088	-910.479	1.35104 
75 	-930.519	-914.108	-910.661	1.44029 
76 	-930.519	-914.102	-910.58 	1.34892 
77 	-930.519	-914.087	-910.613	1.34252 
78 	-930.519	-914.066	-909.905	1.30724 
79 	-930.519	-914.066	-910.652	1.31168 
80 	-930.519	-914.068	-910.721	1.41087 
81 	-930.519	-914.072	-910.721	1.49135 
82 	-930.519	-914.05 	-908.837	1.37583 
83 	-930.709	-914.034	-910.584	1.41645 
84 	-930.709	-914.033	-910.73 	1.43986 
85 	-930.709	-914.035	-910.438	1.45782 
86 	-930.709	-914.01 	-910.613	1.38937 
87 	-930.709	-914.016	-910.486	1.42184 
88 	-930.709	-914.003	-910.284	1.37344 
89 	-930.709	-913.987	-910.924	1.26798 
90 	-931.064	-913.998	-909.071	1.39768 
91 	-931.064	-913.973	-908.793	1.31957 
92 	-931.064	-913.959	-909.292	1.32217 
93 	-931.064	-913.967	-909.157	1.36689 
94 	-931.064	-913.935	-907.307	1.28575 
95 	-931.064	-913.933	-908.722	1.37814 
96 	-931.064	-913.931	-908.643	1.40274 
97 	-931.064	-913.934	-909.271	1.36954 
98 	-931.064	-913.951	-909.705	1.40698 
99 	-931.823	-913.962	-909.746	1.44406 
100	-931.823	-913.947	-909.76 	1.32752 
101	-931.823	-913.945	-909.853	1.33788 
102	-931.823	-913.911	-909.963	1.2745  
103	-931.823	-913.877	-909.927	1.2555  
104	-931.823	-913.887	-909.862	1.2726  
105	-931.823	-913.906	-909.576	1.4392  
106	-931.823	-913.92 	-906.77 	1.51617 
107	-931.823	-913.938	-909.448	1.55245 
108	-931.823	-913.936	-909.321	1.59207 
109	-931.823	-913.929	-908.933	1.64772 
110	-931.823	-913.892	-904.984	1.5722  
111	-931.823	-913.888	-909.255	1.47829 
112	-931.823	-913.871	-909.356	1.47357 
113	-931.823	-913.88 	-909.299	1.4733  
114	-931.823	-913.886	-909.775	1.52702 
115	-931.823	-913.888	-909.673	1.45794 
116	-931.823	-913.873	-909.755	1.47698 
117	-931.823	-913.88 	-909.936	1.55723 
118	-931.823	-913.883	-910.034	1.51917 
119	-931.823	-913.83 	-905.896	1.5019  
120	-931.823	-913.802	-909.067	1.4906  
121	-931.823	-913.785	-909.512	1.46885 
122	-931.823	-913.798	-908.949	1.51297 
123	-931.823	-913.788	-908.949	1.56504 
124	-931.823	-913.813	-909.327	1.58587 
125	-932.285	-913.802	-909.277	1.62365 
126	-933.494	-913.814	-909.016	1.66189 
127	-933.494	-913.818	-909.417	1.65326 
128	-933.494	-913.781	-909.447	1.49103 
129	-933.494	-913.803	-909.641	1.53308 
130	-933.494	-913.821	-909.108	1.58688 
131	-933.494	-913.824	-908.9  	1.67289 
132	-933.494	-913.821	-908.379	1.78354 
133	-933.494	-913.773	-908.736	1.58439 
134	-933.494	-913.762	-908.726	1.65541 
135	-933.494	-913.769	-908.762	1.64099 
136	-933.494	-913.765	-908.74 	1.61304 
137	-933.494	-913.786	-908.74 	1.6419  
138	-933.494	-913.786	-908.814	1.66042 
139	-933.494	-913.753	-908.68 	1.55384 
140	-933.494	-913.763	-909.174	1.57917 
141	-933.494	-913.741	-909.213	1.63698 
142	-933.532	-913.721	-909.347	1.56558 
143	-933.532	-913.701	-907.695	1.50291 
144	-933.532	-913.727	-909.188	1.65395 
145	-933.532	-913.717	-908.299	1.60515 
146	-933.532	-913.728	-909.151	1.5931  
147	-933.532	-913.745	-909.242	1.66645 
148	-933.532	-913.74 	-909.117	1.667   
149	-933.532	-913.728	-909.38 	1.58344 
150	-933.532	-913.713	-909.45 	1.67435 
151	-933.532	-913.704	-907.624	1.63699 
152	-933.532	-913.723	-907.608	1.6742  
153	-933.532	-913.711	-907.609	1.73045 
154	-933.532	-913.706	-908.017	1.70884 
155	-933.532	-913.693	-908.649	1.69163 
156	-933.532	-913.683	-907.909	1.65132 
157	-933.532	-913.694	-906.576	1.78235 
158	-933.532	-913.66 	-907.743	1.61309 
159	-933.532	-913.674	-907.743	1.65045 
160	-933.532	-913.693	-904.834	1.78503 
161	-934.347	-913.692	-907.779	1.88921 
162	-934.347	-913.674	-909.12 	1.85138 
163	-934.347	-913.688	-908.964	1.91766 
164	-934.347	-913.701	-908.794	1.89446 
165	-934.347	-913.676	-908.5  	1.83116 
166	-934.347	-913.654	-907.223	1.85155 
167	-934.347	-913.677	-906.792	1.97281 
168	-934.347	-913.652	-908.235	1.86393 
169	-934.347	-913.644	-905.236	2.03663 
170	-934.347	-913.644	-906.053	2.0263  
171	-934.347	-913.66 	-906.228	2.04131 
172	-934.347	-913.66 	-907.966	1.9832  
173	-934.385	-913.666	-906.219	2.10276 
174	-936.371	-913.649	-907.86 	2.09277 
175	-939.976	-913.615	-907.915	2.16405 
176	-939.976	-913.618	-907.967	2.16322 
177	-939.976	-913.613	-903.02 	2.33827 
178	-939.976	-913.552	-902.849	2.26209 
179	-939.976	-913.501	-903.424	2.1638  
180	-939.976	-913.541	-903.784	2.31579 
181	-944    	-913.557	-906.43 	2.37518 
182	-944    	-913.536	-907.301	2.34369 
183	-944    	-913.528	-907.266	2.25225 
184	-944    	-913.519	-907.266	2.32015 
185	-944    	-913.49 	-906.543	2.18857 
186	-944    	-913.486	-906.758	2.21299 
187	-944    	-913.501	-905.821	2.34345 
188	-944    	-913.47 	-905.323	2.16336 
189	-944    	-913.451	-906.012	2.37884 
190	-944    	-913.491	-906.012	2.39259 
191	-944    	-913.466	-903.429	2.46018 
192	-944    	-913.464	-903.332	2.48223 
193	-944    	-913.512	-905.389	2.60731 
194	-944    	-913.523	-905.433	2.37421 
195	-944    	-913.515	-905.407	2.51013 
196	-944    	-913.484	-906.321	2.45115 
197	-944    	-913.43 	-906.405	2.4183  
198	-944    	-913.436	-906.35 	2.37485 
199	-944    	-913.45 	-905.79 	2.56283 
200	-945.195	-913.432	-906.476	2.60308 
201	-945.195	-913.418	-906.659	2.38739 
202	-945.195	-913.409	-904.571	2.38838 
203	-945.195	-913.41 	-904.584	2.41085 
204	-945.195	-913.381	-906.416	2.43749 
205	-945.195	-913.38 	-906.821	2.40873 
206	-945.195	-913.368	-906.815	2.26667 
207	-949.091	-913.389	-906.788	2.5365  
208	-949.091	-913.354	-906.843	2.4728  
209	-949.091	-913.354	-907.195	2.58079 
210	-949.091	-913.353	-907.195	2.43852 
211	-949.091	-913.387	-906.317	2.55295 
212	-949.091	-913.412	-906.577	2.6661  
213	-949.091	-913.472	-906.733	2.98122 
214	-949.091	-913.477	-905.355	3.15004 
215	-949.091	-913.457	-903.142	3.20804 
216	-949.091	-913.414	-903.162	2.85693 
217	-949.091	-913.433	-904.061	2.99679 
218	-949.091	-913.412	-905.65 	2.75186 
219	-949.091	-913.384	-905.546	2.70849 
220	-949.091	-913.375	-906.059	2.70711 
221	-949.091	-913.389	-906.093	2.88822 
222	-949.508	-913.392	-906.134	2.93568 
223	-949.508	-913.382	-906.519	2.71275 
224	-949.508	-913.371	-906.607	2.7748  
225	-949.508	-913.352	-905.287	2.75511 
226	-949.508	-913.388	-906.372	2.78552 
227	-949.508	-913.387	-905.633	3.0112  
228	-949.508	-913.39 	-905.574	2.92787 
229	-949.508	-913.314	-901.121	2.9099  
230	-949.508	-913.256	-899.237	2.89327 
231	-949.508	-913.24 	-904.775	2.77648 
232	-949.508	-913.253	-904.775	2.73558 
233	-949.508	-913.265	-903.415	2.86149 
234	-949.508	-913.228	-903.452	2.93352 
235	-949.508	-913.253	-903.414	3.09403 
236	-949.508	-913.204	-903.408	3.06994 
237	-949.508	-913.169	-903.497	2.85804 
238	-949.508	-913.18 	-904.267	2.80436 
239	-949.508	-913.203	-904.354	2.95358 
240	-949.508	-913.182	-904.242	2.8489  
241	-951.473	-913.231	-904.333	3.11915 
242	-952.059	-913.223	-903.748	3.11522 
243	-952.059	-913.147	-904.384	2.69586 
244	-952.059	-913.144	-904.194	2.79775 
245	-952.059	-913.162	-904.354	3.00954 
246	-952.059	-913.16 	-904.373	3.09479 
247	-952.059	-913.119	-904.564	2.70958 
248	-952.059	-913.109	-904.268	2.72874 
249	-952.059	-913.115	-904.319	2.92399 
250	-952.059	-913.107	-904.575	2.84148 
251	-952.059	-913.134	-904.793	3.0644  
252	-952.059	-913.123	-904.953	3.06493 
253	-952.059	-913.124	-905.024	3.0656  
254	-952.059	-913.152	-903.377	3.09101 
255	-952.059	-913.147	-903.965	2.94684 
256	-952.059	-913.079	-902.758	2.87431 
257	-952.059	-913.09 	-902.758	2.86366 
258	-952.059	-913.072	-904.35 	2.83444 
259	-952.059	-913.097	-898.735	3.20233 
260	-952.059	-913.086	-901.545	3.22847 
261	-952.059	-913.044	-902.884	3.20181 
262	-952.059	-913.019	-901.142	3.02284 
263	-952.059	-912.999	-900.304	3.11609 
264	-952.059	-912.966	-899.754	2.9526  
265	-952.059	-912.979	-901.601	2.84007 
266	-952.059	-912.989	-903.115	2.96046 
267	-952.059	-912.954	-902.915	2.85771 
268	-952.059	-912.967	-903.579	2.8666  
269	-952.059	-913.012	-904.148	2.99709 
270	-952.059	-912.986	-903.725	2.85673 
271	-952.059	-913.004	-902.624	3.14031 
272	-952.059	-912.965	-902.357	2.92994 
273	-952.059	-912.958	-902.362	2.91117 
274	-952.059	-912.993	-902.986	3.05482 
275	-952.059	-913.015	-904.121	3.2351  
276	-952.059	-912.939	-903.926	2.88577 
277	-952.059	-912.993	-903.357	3.1913  
278	-952.059	-913.006	-903.295	3.23546 
279	-952.059	-913.019	-903.413	3.12778 
280	-952.059	-912.984	-903.966	2.98697 
281	-952.966	-913.016	-903.198	3.17691 
282	-952.966	-912.958	-903.198	3.01357 
283	-952.966	-912.987	-902.098	3.19042 
284	-952.966	-913.03 	-902.314	3.40156 
285	-952.966	-913.054	-903.852	3.42288 
286	-952.966	-912.985	-902.626	3.19546 
287	-952.966	-912.998	-902.862	3.3664  
288	-952.966	-913.012	-903.236	3.56238 
289	-952.966	-912.951	-902.12 	3.08156 
290	-952.966	-912.925	-902.147	3.02882 
291	-952.966	-912.874	-902.499	3.04441 
292	-952.966	-912.863	-902.666	3.01853 
293	-952.966	-912.889	-902.05 	3.09338 
294	-952.966	-912.932	-904.114	3.08298 
295	-952.966	-912.933	-904.17 	3.32747 
296	-952.966	-912.952	-904.148	3.42261 
297	-952.966	-912.941	-903.329	3.34796 
298	-952.966	-912.899	-903.154	3.42883 
299	-956.295	-912.888	-902.524	3.45274 
300	-956.295	-912.85 	-902.041	3.34047 
301	-956.295	-912.823	-903.021	3.45618 
302	-956.295	-912.85 	-902.935	3.6605  
303	-956.295	-912.83 	-902.935	3.52592 
304	-956.295	-912.83 	-903.046	3.37701 
305	-956.295	-912.823	-904.002	3.33912 
306	-956.295	-912.87 	-903.929	3.54757 
307	-956.295	-912.9  	-904.052	3.60773 
308	-957.451	-912.957	-903.965	3.89365 
309	-957.451	-912.934	-904.04 	3.51059 
310	-957.451	-912.948	-902.029	3.64478 
311	-957.451	-912.946	-902.081	3.66738 
312	-957.451	-912.88 	-901.508	3.2966  
313	-957.451	-912.871	-898.576	3.36704 
314	-957.451	-912.875	-901.492	3.2338  
315	-957.451	-912.854	-901.637	3.2498  
316	-957.451	-912.877	-902.561	3.55774 
317	-957.451	-912.868	-901.664	3.22455 
318	-957.451	-912.822	-903.046	3.24419 
319	-957.451	-912.884	-903.167	3.54611 
320	-957.451	-912.85 	-903.356	3.29035 
321	-957.451	-912.861	-901.57 	3.46761 
322	-957.451	-912.858	-900.963	3.48361 
323	-957.451	-912.857	-901.241	3.45068 
324	-957.451	-912.868	-901.341	3.47134 
325	-957.451	-912.893	-902.225	3.51485 
326	-957.451	-912.867	-901.703	3.56379 
327	-957.451	-912.84 	-901.414	3.50452 
328	-957.451	-912.826	-901.864	3.45496 
329	-957.451	-912.899	-902.14 	3.72471 
330	-957.451	-912.869	-902.263	3.4699  
331	-957.451	-912.809	-902.263	3.31973 
332	-957.451	-912.855	-902.912	3.61364 
333	-957.451	-912.853	-903.447	3.62946 
334	-957.451	-912.81 	-902.371	3.24612 
335	-957.451	-912.819	-903.423	3.48101 
336	-957.451	-912.838	-903.42 	3.53301 
337	-957.451	-912.806	-903.563	3.39356 
338	-957.451	-912.813	-903.83 	3.34953 
339	-957.451	-912.782	-903.934	3.42129 
340	-960.379	-912.795	-903.559	3.74426 
341	-960.379	-912.745	-903.64 	3.4772  
342	-960.379	-912.747	-903.612	3.38525 
343	-960.379	-912.748	-902.093	3.59668 
344	-960.379	-912.777	-903.8  	3.6857  
345	-960.379	-912.74 	-903.616	3.82708 
346	-960.379	-912.729	-901.696	3.88411 
347	-960.379	-912.718	-901.952	3.53086 
348	-960.379	-912.746	-902.275	3.76205 
349	-960.379	-912.765	-902.76 	3.75559 
350	-960.379	-912.762	-903.502	3.68381 
351	-965.316	-912.835	-898.138	4.3514  
352	-965.505	-912.83 	-898.079	4.26815 
353	-965.505	-912.804	-900.835	3.84222 
354	-965.505	-912.753	-900.856	3.70191 
355	-965.505	-912.721	-899.414	3.57594 
356	-965.505	-912.798	-902.098	4.02039 
357	-965.505	-912.787	-903.245	3.68974 
358	-965.505	-912.801	-902.032	4.06348 
359	-965.505	-912.752	-901.459	3.66057 
360	-965.505	-912.729	-901.881	3.61719 
361	-965.505	-912.728	-899.274	3.92701 
362	-965.505	-912.724	-899.265	4.09833 
363	-965.505	-912.741	-901.324	4.18094 
364	-965.505	-912.703	-901.476	3.97011 
365	-965.505	-912.733	-901.293	4.04013 
366	-965.505	-912.689	-901.216	3.82481 
367	-965.505	-912.679	-902.467	3.85671 
368	-965.505	-912.709	-903.082	3.87687 
369	-965.505	-912.721	-901.332	3.97744 
370	-965.505	-912.684	-902.029	3.7708  
371	-965.505	-912.683	-902.951	3.71116 
372	-965.505	-912.693	-902.56 	3.95766 
373	-965.505	-912.741	-898.552	4.28488 
374	-965.505	-912.68 	-899.335	4.09384 
375	-965.505	-912.662	-898.426	4.00247 
376	-965.505	-912.679	-899.644	3.89496 
377	-965.505	-912.688	-900.17 	4.01618 
378	-965.505	-912.708	-900.04 	4.03228 
379	-965.505	-912.701	-898.988	4.04951 
380	-965.505	-912.731	-900.571	4.35735 
381	-965.505	-912.715	-900.543	4.11257 
382	-965.505	-912.695	-900.41 	4.1591  
383	-965.505	-912.702	-901.094	4.30492 
384	-965.505	-912.694	-900.823	4.42321 
385	-966.085	-912.685	-896.693	4.37135 
386	-966.085	-912.687	-897.879	4.27949 
387	-966.085	-912.629	-898.933	3.8338  
388	-966.085	-912.564	-899.181	3.78661 
389	-966.085	-912.586	-900.174	4.05881 
390	-966.085	-912.601	-901.674	4.07851 
391	-966.085	-912.552	-901.623	3.80799 
392	-966.085	-912.55 	-898.934	3.88903 
393	-966.085	-912.508	-900.301	3.6788  
394	-966.085	-912.528	-900.145	3.90387 
395	-967.762	-912.494	-900.096	4.27856 
396	-967.762	-912.518	-900.069	4.57439 
397	-967.762	-912.529	-900.987	4.47175 
398	-967.762	-912.473	-900.964	4.38603 
399	-967.762	-912.523	-901.425	4.55465 
400	-967.762	-912.473	-900.473	4.475   
401	-967.762	-912.465	-900.254	4.37113 
402	-967.762	-912.424	-900.467	4.13386 
403	-967.762	-912.431	-900.329	4.00564 
404	-968.828	-912.463	-901.04 	4.38772 
405	-968.828	-912.396	-894.136	4.29542 
406	-968.828	-912.409	-897.354	4.5703  
407	-968.828	-912.395	-897.362	4.5638  
408	-968.828	-912.354	-897.366	4.31876 
409	-968.828	-912.407	-897.83 	4.7641  
410	-968.828	-912.381	-897.957	4.54513 
411	-968.828	-912.301	-897.141	4.23116 
412	-968.828	-912.352	-899.217	4.57409 
413	-968.828	-912.268	-899.301	4.3352  
414	-968.828	-912.255	-899.601	4.3369  
415	-968.828	-912.27 	-899.763	4.41119 
416	-968.828	-912.301	-897.255	4.73429 
417	-968.828	-912.273	-899.501	4.49177 
418	-968.828	-912.277	-900.724	4.42434 
419	-968.828	-912.279	-898.574	4.65447 
420	-968.828	-912.334	-899.08 	4.7889  
421	-968.828	-912.278	-899.409	4.53314 
422	-968.828	-912.23 	-899.727	4.18977 
423	-968.828	-912.295	-900.152	4.48791 
424	-968.828	-912.303	-898.803	4.44441 
425	-968.828	-912.331	-898.743	4.70545 
426	-968.828	-912.335	-900.864	4.53265 
427	-968.828	-912.296	-899.92 	4.27532 
428	-968.828	-912.35 	-898.215	4.37056 
429	-968.828	-912.313	-898.139	4.40175 
430	-968.828	-912.295	-898.231	4.32838 
431	-968.828	-912.283	-898.636	4.30448 
432	-968.828	-912.253	-898.595	4.28004 
433	-968.828	-912.219	-898.954	4.27243 
434	-968.828	-912.282	-899.493	4.77551 
435	-968.828	-912.293	-899.037	4.90812 
436	-968.828	-912.325	-899.037	5.0565  
437	-968.828	-912.365	-899.79 	5.27722 
438	-968.828	-912.347	-899.551	5.0556  
439	-968.828	-912.414	-899.069	5.49321 
440	-968.828	-912.351	-898.286	4.83751 
441	-968.828	-912.39 	-898.292	5.2475  
442	-968.828	-912.351	-898.165	5.08143 
443	-968.828	-912.33 	-897.704	5.21721 
444	-968.828	-912.313	-897.656	5.2098  
445	-970.102	-912.313	-897.869	5.52077 
446	-972.406	-912.231	-895.863	5.28578 
447	-972.406	-912.158	-895.996	4.8347  
448	-972.406	-912.107	-896.686	4.73188 
449	-972.406	-912.194	-896.364	5.12491 
450	-972.406	-912.187	-898.664	4.87117 
451	-972.406	-912.157	-897.796	4.83828 
452	-972.406	-912.14 	-899.49 	4.72449 
453	-972.406	-912.145	-897.895	5.21556 
454	-972.406	-912.111	-898.15 	5.01799 
455	-972.406	-912.077	-898.153	4.96298 
456	-972.406	-912.076	-898.016	4.89482 
457	-972.406	-912.077	-897.708	4.80669 
458	-972.406	-912.052	-896.944	4.87664 
459	-972.406	-912.057	-895.312	5.18128 
460	-972.406	-912.072	-896.627	5.35374 
461	-972.406	-912.051	-896.865	5.03544 
462	-972.406	-912.082	-898.053	5.11243 
463	-972.406	-912.036	-898.14 	4.77039 
464	-972.406	-912.002	-896.978	4.7762  
465	-972.406	-911.946	-897.222	4.86062 
466	-972.406	-911.936	-896.741	4.86452 
467	-972.406	-911.938	-897.088	4.89978 
468	-972.406	-911.957	-897.088	5.03202 
469	-972.406	-911.956	-897.377	5.04926 
470	-972.406	-911.954	-897.504	5.11003 
471	-972.406	-911.94 	-895.78 	5.03808 
472	-972.406	-912.007	-895.735	5.32701 
473	-972.406	-912.069	-897.93 	5.63931 
474	-972.406	-911.987	-897.889	5.3414  
475	-972.406	-912.014	-897.682	5.49511 
476	-972.406	-911.963	-897.952	5.40083 
477	-972.406	-911.946	-897.979	5.04728 
478	-972.406	-911.936	-898.263	5.25975 
479	-972.406	-911.919	-898.315	5.1901  
480	-972.406	-911.967	-896.748	5.32682 
481	-972.406	-912    	-898.223	5.44731 
482	-972.406	-912.001	-895.196	5.15928 
483	-972.406	-912.005	-895.143	5.32103 
484	-972.406	-911.976	-896.673	5.30929 
485	-972.406	-911.963	-896.602	5.2656  
486	-972.406	-911.926	-896.983	5.31503 
487	-972.406	-911.858	-896.482	5.10718 
488	-972.406	-911.831	-896.839	5.0876  
489	-972.406	-911.806	-897.039	5.04813 
490	-972.406	-911.811	-897.871	5.00508 
491	-972.406	-911.733	-897.307	4.90281 
492	-972.406	-911.655	-896.525	4.71488 
493	-972.406	-911.662	-896.109	4.77193 
494	-972.406	-911.694	-896.8  	4.80318 
495	-972.406	-911.736	-896.893	4.85903 
496	-972.406	-911.745	-897.648	5.15046 
497	-972.406	-911.705	-897.069	5.0278  
498	-972.406	-911.748	-897.081	5.5938  
499	-972.406	-911.713	-895.882	5.34099 
-999.99999999
