/usr/lib/python2.7/site-packages/deap/tools/_hypervolume/pyhv.py:33: ImportWarning: Falling back to the python version of hypervolume module. Expect this to be very slow.
  "module. Expect this to be very slow.", ImportWarning)
gen	min     	avg     	max     	std     
0  	-920.202	-914.218	-912.349	0.688332
1  	-920.202	-914.246	-913.38 	0.736243
2  	-920.202	-914.223	-913.274	0.715885
3  	-920.44 	-914.221	-912.842	0.765673
4  	-920.44 	-914.208	-912.675	0.739545
5  	-922.114	-914.224	-912.368	0.792949
6  	-922.114	-914.21 	-912.398	0.725886
7  	-923.207	-914.219	-912.288	0.80166 
8  	-923.207	-914.213	-912.466	0.813418
9  	-923.207	-914.218	-912.413	0.847707
10 	-923.207	-914.203	-912.823	0.800715
11 	-923.207	-914.203	-912.505	0.83498 
12 	-923.207	-914.203	-912.734	0.777571
13 	-923.207	-914.21 	-912.409	0.836221
14 	-923.207	-914.205	-912.363	0.796123
15 	-923.207	-914.192	-912.623	0.763467
16 	-923.207	-914.196	-912.758	0.78833 
17 	-923.207	-914.184	-912.724	0.742084
18 	-923.207	-914.173	-912.787	0.730553
19 	-923.207	-914.183	-912.688	0.750904
20 	-923.207	-914.178	-911.024	0.743359
21 	-923.207	-914.162	-911.123	0.790115
22 	-926.109	-914.176	-911.163	0.851912
23 	-926.109	-914.189	-911.659	0.955761
24 	-926.109	-914.177	-912.089	0.898872
25 	-926.109	-914.173	-912.126	0.852761
26 	-926.109	-914.164	-912.453	0.869314
27 	-926.109	-914.171	-912.617	0.839442
28 	-926.293	-914.171	-912.763	0.927375
29 	-926.293	-914.176	-912.786	0.942435
30 	-926.293	-914.161	-912.688	1.00193 
31 	-926.648	-914.155	-912.744	0.933194
32 	-926.648	-914.167	-912.736	1.04035 
33 	-926.648	-914.168	-911.606	0.954432
34 	-926.648	-914.151	-912.058	0.873976
35 	-926.648	-914.137	-911.74 	0.868373
36 	-926.762	-914.125	-911.605	0.952462
37 	-926.762	-914.138	-911.863	1.0302  
38 	-926.762	-914.109	-911.804	0.873151
39 	-926.762	-914.125	-911.804	0.972222
40 	-926.762	-914.115	-911.808	0.8963  
41 	-926.762	-914.125	-912.02 	0.997902
42 	-926.762	-914.102	-910.529	0.93218 
43 	-927.086	-914.106	-910.518	1.01495 
44 	-927.086	-914.114	-911.672	1.00721 
45 	-927.086	-914.111	-911.722	1.03423 
46 	-927.086	-914.107	-911.728	0.929564
47 	-927.086	-914.1  	-912.047	0.91775 
48 	-927.086	-914.089	-911.941	0.90204 
49 	-927.086	-914.082	-911.774	0.879071
50 	-927.086	-914.064	-911.793	0.82409 
51 	-927.086	-914.052	-909.178	0.897065
52 	-927.086	-914.059	-909.152	0.93988 
53 	-927.086	-914.054	-911.526	0.938718
54 	-927.086	-914.067	-911.178	0.96874 
55 	-927.086	-914.066	-911.279	1.02786 
56 	-927.086	-914.042	-911.511	0.982508
57 	-927.086	-914.049	-911.192	1.01416 
58 	-927.086	-914.078	-911.438	1.11206 
59 	-927.09 	-914.058	-911.407	1.12567 
60 	-927.09 	-914.066	-910.925	1.15332 
61 	-927.09 	-914.044	-909.251	1.11026 
62 	-927.09 	-914.048	-910.474	1.08022 
63 	-927.09 	-914.031	-910.447	1.06783 
64 	-928.03 	-914.051	-910.596	1.14328 
65 	-928.03 	-914.025	-910.76 	1.0337  
66 	-928.03 	-914.003	-908.982	1.02666 
67 	-928.03 	-913.996	-909.011	1.01793 
68 	-928.03 	-913.987	-909.741	1.09478 
69 	-928.03 	-913.968	-909.791	1.06948 
70 	-928.03 	-913.97 	-909.701	1.07422 
71 	-928.356	-913.979	-909.769	1.22799 
72 	-928.356	-913.98 	-909.783	1.13034 
73 	-928.356	-913.972	-909.7  	1.18984 
74 	-928.356	-913.977	-909.85 	1.17396 
75 	-928.356	-913.964	-910.472	1.17066 
76 	-928.537	-913.96 	-911.007	1.14239 
77 	-928.537	-913.961	-910.957	1.19401 
78 	-928.537	-913.957	-911.04 	1.14159 
79 	-928.537	-913.942	-909.252	1.08028 
80 	-929.404	-913.93 	-909.855	1.1189  
81 	-929.404	-913.911	-910.013	1.04084 
82 	-929.404	-913.913	-911.057	1.03839 
83 	-929.404	-913.893	-911.162	1.01166 
84 	-929.404	-913.892	-910.144	1.06543 
85 	-929.404	-913.907	-909.878	1.08278 
86 	-929.404	-913.932	-909.87 	1.21118 
87 	-929.404	-913.914	-909.87 	1.09851 
88 	-929.404	-913.927	-909.906	1.18015 
89 	-929.404	-913.916	-909.666	1.22651 
90 	-929.404	-913.918	-909.301	1.29962 
91 	-929.404	-913.908	-909.893	1.23397 
92 	-929.404	-913.895	-910.083	1.1226  
93 	-929.404	-913.899	-909.495	1.2648  
94 	-929.404	-913.902	-908.858	1.32336 
95 	-929.404	-913.882	-908.954	1.28969 
96 	-929.404	-913.88 	-908.928	1.34177 
97 	-929.404	-913.874	-909.682	1.30777 
98 	-929.404	-913.878	-910.17 	1.34083 
99 	-929.404	-913.898	-910.454	1.34733 
100	-929.404	-913.869	-910.274	1.29187 
101	-929.404	-913.848	-909.091	1.27997 
102	-929.404	-913.825	-909.955	1.27525 
103	-929.404	-913.835	-909.931	1.32729 
104	-929.404	-913.837	-909.756	1.3685  
105	-929.404	-913.808	-909.756	1.36192 
106	-929.404	-913.799	-909.886	1.3325  
107	-929.404	-913.804	-910.282	1.27037 
108	-929.404	-913.8  	-909.918	1.26103 
109	-929.404	-913.764	-909.945	1.17167 
110	-929.404	-913.781	-909.507	1.35222 
111	-929.404	-913.745	-909.603	1.23405 
112	-929.404	-913.718	-909.583	1.25296 
113	-929.404	-913.712	-909.694	1.21628 
114	-929.404	-913.745	-909.677	1.33802 
115	-929.404	-913.7  	-908.482	1.20207 
116	-929.404	-913.717	-908.661	1.33217 
117	-929.404	-913.699	-909.323	1.32521 
118	-929.404	-913.701	-909.293	1.23391 
119	-929.404	-913.706	-908.596	1.32513 
120	-932.581	-913.718	-909.466	1.48671 
121	-932.581	-913.686	-909.46 	1.43115 
122	-932.581	-913.687	-908.316	1.44671 
123	-932.581	-913.661	-909.492	1.39627 
124	-934.429	-913.673	-908.515	1.5576  
125	-934.429	-913.665	-909.565	1.56684 
126	-934.429	-913.67 	-908.988	1.64087 
127	-934.429	-913.682	-908.435	1.69958 
128	-934.429	-913.693	-908.148	1.78894 
129	-934.429	-913.68 	-908.695	1.58913 
130	-934.429	-913.67 	-908.841	1.58538 
131	-934.429	-913.658	-908.577	1.70214 
132	-934.429	-913.622	-907.113	1.49936 
133	-934.429	-913.608	-908.301	1.50356 
134	-934.429	-913.604	-908.512	1.54121 
135	-934.429	-913.592	-907.713	1.57556 
136	-934.429	-913.585	-908.108	1.47205 
137	-934.429	-913.61 	-907.73 	1.56265 
138	-934.429	-913.594	-907.731	1.48834 
139	-934.429	-913.584	-908.074	1.53675 
140	-934.429	-913.603	-908.085	1.66243 
141	-934.429	-913.582	-907.514	1.67285 
142	-934.429	-913.586	-908.102	1.66158 
143	-934.429	-913.572	-908.08 	1.63649 
144	-934.429	-913.557	-908.039	1.70597 
145	-934.429	-913.513	-908.011	1.53094 
146	-934.429	-913.505	-908.167	1.50688 
147	-934.429	-913.524	-908.196	1.68458 
148	-934.429	-913.545	-908.21 	1.7431  
149	-934.429	-913.536	-907.595	1.76263 
150	-934.429	-913.483	-907.385	1.65108 
151	-934.429	-913.491	-907.527	1.69222 
152	-934.429	-913.445	-908.517	1.6501  
153	-934.429	-913.436	-908.407	1.65998 
154	-938.144	-913.458	-907.564	1.86508 
155	-938.144	-913.441	-907.749	1.67486 
156	-938.144	-913.451	-908.414	1.72494 
157	-938.144	-913.439	-908.721	1.80466 
158	-938.144	-913.445	-908.168	1.87195 
159	-938.144	-913.416	-906.624	1.93893 
160	-938.144	-913.417	-907.454	1.98661 
161	-938.144	-913.412	-907.608	2.10517 
162	-938.144	-913.396	-907.683	1.98246 
163	-938.144	-913.419	-906.562	2.2098  
164	-938.144	-913.407	-907.355	2.05276 
165	-938.144	-913.356	-907.596	1.81992 
166	-938.144	-913.36 	-907.799	1.8356  
167	-938.144	-913.355	-907.865	1.82161 
168	-938.144	-913.38 	-907.812	1.99713 
169	-938.144	-913.391	-907.218	2.04033 
170	-939.018	-913.392	-904.324	2.09064 
171	-939.018	-913.4  	-905.655	1.953   
172	-939.018	-913.385	-903.504	1.95864 
173	-939.018	-913.347	-903.504	2.00346 
174	-939.018	-913.335	-903.304	2.09042 
175	-939.018	-913.315	-904.491	2.07562 
176	-939.018	-913.28 	-904.663	1.99731 
177	-939.018	-913.222	-904.042	1.96471 
178	-939.018	-913.194	-904.106	1.95004 
179	-939.018	-913.186	-905.802	1.9825  
180	-939.018	-913.191	-905.813	2.00535 
181	-939.018	-913.209	-905.853	1.96109 
182	-939.018	-913.201	-905.43 	1.9704  
183	-939.018	-913.229	-905.517	2.01873 
184	-939.018	-913.213	-905.276	2.0384  
185	-939.018	-913.202	-904.953	1.93138 
186	-939.018	-913.208	-906.602	2.03928 
187	-939.018	-913.197	-902.516	2.11035 
188	-939.018	-913.197	-905.568	2.04629 
189	-939.018	-913.168	-905.893	1.98043 
190	-939.018	-913.186	-905.869	2.05868 
191	-939.018	-913.184	-905.438	2.11285 
192	-939.018	-913.191	-905.576	2.10878 
193	-939.018	-913.221	-905.786	2.28037 
194	-939.018	-913.183	-899.2  	2.23147 
195	-939.018	-913.17 	-904.499	2.06824 
196	-939.018	-913.158	-905.543	2.10486 
197	-939.018	-913.118	-905.741	1.95426 
198	-939.018	-913.129	-906.077	1.99478 
199	-939.018	-913.128	-906.193	2.0988  
200	-939.018	-913.127	-904.773	2.18214 
201	-939.018	-913.127	-904.964	2.15853 
202	-939.018	-913.151	-906.037	2.19772 
203	-939.018	-913.144	-905.195	2.20464 
204	-939.018	-913.109	-906.309	2.20407 
205	-939.018	-913.086	-906.045	2.12743 
206	-939.018	-913.08 	-906.279	2.1207  
207	-939.018	-913.093	-902.991	2.32214 
208	-939.018	-913.101	-904.08 	2.27148 
209	-939.705	-913.085	-905.88 	2.26388 
210	-939.705	-913.065	-906.159	2.23588 
211	-939.705	-913.073	-906.149	2.2014  
212	-939.705	-913.098	-906.37 	2.28177 
213	-939.705	-913.109	-906.207	2.2771  
214	-939.748	-913.097	-904.551	2.28928 
215	-940.725	-913.075	-906.169	2.31928 
216	-940.725	-913.097	-905.877	2.33613 
217	-940.725	-913.083	-905.115	2.32452 
218	-940.725	-913.05 	-904.323	2.29745 
219	-940.725	-913.06 	-904.771	2.29502 
220	-940.725	-913.039	-906.276	2.27757 
221	-940.725	-913.062	-906.023	2.34529 
222	-940.725	-913.058	-903.064	2.30503 
223	-940.725	-913.047	-902.357	2.2636  
224	-940.933	-913.055	-903.935	2.4876  
225	-940.933	-913    	-905.778	2.27775 
226	-940.933	-912.977	-905.432	2.28993 
227	-942.461	-912.985	-905.545	2.47216 
228	-942.734	-912.978	-905.541	2.47076 
229	-942.734	-912.986	-905.891	2.53239 
230	-942.734	-912.968	-905.886	2.38218 
231	-942.734	-912.945	-900.495	2.34504 
232	-942.734	-912.954	-903.593	2.50778 
233	-942.97 	-912.948	-904.653	2.56883 
234	-942.97 	-912.953	-904.055	2.67727 
235	-942.97 	-912.971	-904.368	2.66489 
236	-942.97 	-912.915	-903.592	2.66359 
237	-942.97 	-912.884	-903.549	2.40548 
238	-942.97 	-912.891	-903.344	2.54962 
239	-944.452	-912.859	-903.363	2.56425 
240	-944.452	-912.845	-904.199	2.48457 
241	-944.452	-912.856	-904.18 	2.67363 
242	-944.452	-912.88 	-904.605	2.65649 
243	-944.452	-912.883	-904.813	2.66711 
244	-944.452	-912.845	-904.817	2.49338 
245	-944.452	-912.866	-905.103	2.55351 
246	-944.452	-912.861	-904.325	2.55597 
247	-944.452	-912.837	-900.739	2.52209 
248	-944.452	-912.817	-902.121	2.49896 
249	-944.452	-912.798	-902.405	2.50111 
250	-944.452	-912.852	-902.312	2.69567 
251	-944.452	-912.854	-904.236	2.5889  
252	-944.452	-912.804	-902.894	2.46052 
253	-959.601	-912.83 	-904.082	2.84201 
254	-959.601	-912.823	-904.851	2.79575 
255	-959.601	-912.793	-904.838	2.6312  
256	-959.601	-912.774	-904.656	2.68267 
257	-959.601	-912.769	-904.848	2.69555 
258	-959.601	-912.791	-905.068	3.05409 
259	-959.601	-912.825	-905.247	3.45454 
260	-959.601	-912.816	-903.788	3.49087 
261	-959.601	-912.786	-900.126	3.25056 
262	-959.601	-912.758	-900.126	3.06385 
263	-959.601	-912.71 	-897.727	3.05014 
264	-959.601	-912.711	-901.34 	2.88622 
265	-959.601	-912.648	-899.089	2.86453 
266	-959.601	-912.669	-902.992	2.88122 
267	-959.601	-912.689	-903.842	2.83307 
268	-959.601	-912.664	-903.778	2.88886 
269	-959.601	-912.629	-903.757	2.83426 
270	-959.601	-912.622	-902.621	2.9209  
271	-961.565	-912.639	-903.765	3.27292 
272	-961.565	-912.63 	-903.792	3.00846 
273	-961.565	-912.644	-903.787	3.13999 
274	-961.565	-912.624	-903.778	2.93443 
275	-961.565	-912.63 	-903.099	3.0589  
276	-961.565	-912.672	-899.73 	3.505   
277	-961.565	-912.716	-900.722	3.8566  
278	-961.565	-912.68 	-904.787	3.46485 
279	-961.565	-912.606	-904.6  	3.07421 
280	-962.274	-912.64 	-903.746	3.45947 
281	-962.274	-912.66 	-901.363	3.69552 
282	-962.274	-912.604	-904.227	3.18398 
283	-962.725	-912.624	-904.495	3.4023  
284	-962.725	-912.558	-903.028	3.14162 
285	-962.725	-912.57 	-904.924	3.19003 
286	-962.725	-912.617	-903.88 	3.43042 
287	-962.725	-912.546	-904.361	2.88851 
288	-962.725	-912.546	-904.346	3.35697 
289	-962.725	-912.587	-904.02 	3.59849 
290	-962.725	-912.51 	-904.43 	2.98343 
291	-962.725	-912.537	-902.74 	3.42634 
292	-962.725	-912.511	-899.92 	3.0992  
293	-962.725	-912.527	-902.249	3.14208 
294	-962.725	-912.521	-902.385	3.24059 
295	-962.725	-912.49 	-900.637	3.12216 
296	-962.725	-912.465	-903.619	3.11136 
297	-962.725	-912.46 	-903.608	3.07792 
298	-962.725	-912.524	-903.629	3.53157 
299	-962.725	-912.46 	-899.404	3.31127 
300	-962.725	-912.545	-901.508	3.78541 
301	-962.725	-912.521	-901.54 	3.7168  
302	-962.725	-912.517	-901.54 	3.75683 
303	-962.725	-912.53 	-901.54 	3.84436 
304	-962.725	-912.45 	-901.669	3.27182 
305	-962.725	-912.415	-901.349	3.26668 
306	-962.725	-912.495	-901.908	3.6469  
307	-962.725	-912.444	-902.249	3.26645 
308	-962.725	-912.372	-902.112	3.17123 
309	-962.725	-912.393	-902.117	3.12808 
310	-963.113	-912.432	-899.482	3.53897 
311	-963.113	-912.384	-899.489	3.18552 
312	-963.113	-912.368	-902.044	3.19767 
313	-963.113	-912.34 	-901.93 	3.49372 
314	-963.113	-912.335	-901.569	3.91397 
315	-963.113	-912.308	-902.061	3.47321 
316	-963.113	-912.33 	-902.236	3.76754 
317	-963.113	-912.323	-902.179	4.0497  
318	-963.113	-912.326	-902.973	3.93837 
319	-963.113	-912.217	-898.356	3.35735 
320	-963.113	-912.154	-902.062	3.21541 
321	-963.113	-912.228	-902.048	3.66591 
322	-963.113	-912.232	-901.496	3.46786 
323	-963.113	-912.188	-902.481	3.31915 
324	-963.113	-912.144	-899.592	3.23846 
325	-963.113	-912.167	-900.789	3.24965 
326	-963.113	-912.207	-900.8  	3.60105 
327	-963.113	-912.194	-900.813	3.51501 
328	-964.91 	-912.221	-902.871	3.78248 
329	-964.91 	-912.268	-902.871	4.05881 
330	-964.91 	-912.273	-902.468	4.04987 
331	-964.91 	-912.192	-901.783	3.49682 
332	-964.91 	-912.171	-902.776	3.38069 
333	-964.91 	-912.21 	-902.557	3.70377 
334	-964.91 	-912.222	-902.848	3.53407 
335	-964.91 	-912.247	-903.437	3.60874 
336	-964.91 	-912.275	-900.381	3.86022 
337	-964.91 	-912.215	-900.347	3.76266 
338	-964.91 	-912.222	-902.411	3.90621 
339	-964.91 	-912.182	-902.409	3.516   
340	-964.91 	-912.208	-902.547	3.84283 
341	-964.91 	-912.197	-902.552	3.58687 
342	-964.91 	-912.159	-899.004	3.52611 
343	-964.91 	-912.133	-901.107	3.67514 
344	-965.406	-912.149	-901.97 	3.79022 
345	-965.406	-912.152	-902.281	3.80118 
346	-965.406	-912.094	-897.963	3.7084  
347	-965.406	-912.122	-902.034	3.65548 
348	-965.406	-912.14 	-902.032	3.91539 
349	-965.406	-912.091	-900.977	3.58279 
350	-965.406	-912.113	-899.364	3.66574 
351	-965.406	-912.111	-898.763	3.74351 
352	-965.406	-912.099	-899.537	3.61524 
353	-965.406	-912.091	-900.932	3.94154 
354	-965.406	-912.058	-902.005	3.81367 
355	-965.406	-912.086	-902.402	3.85822 
356	-965.406	-912.028	-902.298	3.47181 
357	-965.406	-912.036	-901.671	3.54742 
358	-965.406	-912.062	-901.063	3.88148 
359	-965.406	-912.011	-900.413	3.51739 
360	-965.406	-912.008	-899.039	3.52981 
361	-965.406	-912.053	-900.532	3.86787 
362	-965.406	-911.996	-900.529	3.44798 
363	-965.406	-912.009	-900.51 	3.77168 
364	-965.406	-911.956	-900.306	3.49712 
365	-965.406	-911.948	-901.679	3.53082 
366	-965.406	-912.001	-901.642	4.03845 
367	-965.406	-911.945	-899.695	3.62563 
368	-965.406	-911.95 	-899.676	3.71246 
369	-965.406	-911.928	-899.708	3.60604 
370	-965.406	-911.919	-899.806	3.67635 
371	-965.406	-911.902	-900.752	3.97509 
372	-965.406	-911.917	-901.103	3.86642 
373	-965.741	-911.94 	-899.665	4.08329 
374	-969.326	-911.972	-899.537	4.33896 
375	-969.326	-911.912	-900.619	4.01661 
376	-969.326	-911.928	-900.165	4.21632 
377	-969.326	-911.954	-901.453	4.30621 
378	-969.326	-911.98 	-901.497	4.58813 
379	-969.326	-911.926	-898.402	4.10488 
380	-969.326	-911.882	-898.423	4.38562 
381	-971.783	-911.922	-898.817	4.62154 
382	-971.783	-911.861	-899.125	4.21607 
383	-972.473	-911.843	-898.973	4.46929 
384	-974.046	-911.826	-896.841	4.48617 
385	-974.046	-911.825	-897.158	4.195   
386	-974.046	-911.887	-898.798	4.61473 
387	-974.046	-911.81 	-896.807	4.29193 
388	-974.046	-911.787	-897.858	4.3808  
389	-974.046	-911.764	-897.392	4.16743 
390	-974.046	-911.751	-897.878	4.42254 
391	-974.046	-911.749	-898.433	4.47449 
392	-974.046	-911.753	-898.724	4.4324  
393	-974.046	-911.745	-897.05 	4.4757  
394	-974.046	-911.759	-897.258	4.40211 
395	-974.046	-911.748	-898.517	4.41961 
396	-974.046	-911.751	-898.555	4.85901 
397	-974.046	-911.698	-897.745	4.31103 
398	-974.046	-911.727	-897.802	4.54963 
399	-974.046	-911.764	-896.743	4.82222 
400	-974.046	-911.736	-892.088	4.76425 
401	-974.046	-911.724	-892.04 	4.53535 
402	-974.046	-911.66 	-896.311	4.5509  
403	-974.046	-911.686	-897.381	4.53585 
404	-974.046	-911.732	-897.894	4.80129 
405	-974.046	-911.671	-898.05 	4.72121 
406	-974.046	-911.652	-896.913	4.3714  
407	-974.046	-911.66 	-897.094	4.36921 
408	-974.046	-911.569	-897.275	3.94819 
409	-974.046	-911.543	-898.58 	3.88885 
410	-974.046	-911.527	-897.369	3.93291 
411	-974.046	-911.56 	-898.543	3.97957 
412	-974.046	-911.593	-898.89 	4.33117 
413	-974.046	-911.585	-898.687	4.22773 
414	-974.046	-911.569	-898.789	4.02799 
415	-974.046	-911.568	-898.946	4.01544 
416	-974.046	-911.577	-898.727	4.37625 
417	-974.046	-911.628	-898.759	4.77613 
418	-974.046	-911.537	-898.825	4.26551 
419	-974.046	-911.487	-897.154	4.09135 
420	-974.046	-911.55 	-897.961	4.54418 
421	-974.046	-911.578	-893.602	5.05108 
422	-974.046	-911.483	-895.747	4.19473 
423	-974.046	-911.5  	-896.536	4.4153  
424	-974.046	-911.501	-898.201	4.41578 
425	-974.046	-911.491	-893.513	4.14162 
426	-974.046	-911.572	-897.553	4.6529  
427	-974.046	-911.548	-897.581	4.1765  
428	-974.046	-911.569	-898.631	4.66128 
429	-974.046	-911.554	-898.598	4.5836  
430	-974.046	-911.557	-899.25 	4.91994 
431	-974.046	-911.543	-899.671	4.91896 
432	-974.046	-911.527	-898.846	4.92749 
433	-976.436	-911.58 	-896.781	5.07566 
434	-976.436	-911.548	-897.383	4.67273 
435	-976.436	-911.513	-897.378	4.61907 
436	-976.436	-911.506	-898.51 	4.50686 
437	-976.436	-911.492	-899.221	4.43983 
438	-976.436	-911.501	-897.645	4.49592 
439	-976.436	-911.491	-896.752	4.38886 
440	-976.436	-911.543	-896.511	4.73835 
441	-976.744	-911.565	-896.303	4.74865 
442	-976.744	-911.535	-896.537	4.63652 
443	-976.744	-911.505	-896.481	4.51691 
444	-976.744	-911.565	-897.732	5.1891  
445	-976.744	-911.568	-896.68 	4.99472 
446	-976.744	-911.555	-896.68 	4.84072 
447	-977.434	-911.51 	-897.919	4.77618 
448	-977.434	-911.497	-895.023	4.74096 
449	-977.434	-911.515	-898.777	4.93578 
450	-977.434	-911.431	-897.989	4.21949 
451	-977.434	-911.433	-897.271	4.60198 
452	-977.434	-911.413	-898.515	4.40275 
453	-977.434	-911.476	-899.33 	4.76452 
454	-977.434	-911.442	-895.231	4.74539 
455	-977.434	-911.47 	-896.885	5.08236 
456	-977.434	-911.454	-896.998	4.7798  
457	-977.466	-911.459	-896.603	5.06631 
458	-977.466	-911.426	-896.995	4.75815 
459	-977.466	-911.374	-897.622	4.46035 
460	-977.466	-911.386	-897.622	4.84766 
461	-977.466	-911.393	-898.445	4.52987 
462	-977.466	-911.416	-898.869	4.9569  
463	-977.466	-911.314	-897.771	4.26971 
464	-977.466	-911.331	-896.821	4.73724 
465	-977.466	-911.309	-896.957	4.56608 
466	-977.466	-911.336	-897.643	4.75253 
467	-977.509	-911.395	-898.439	5.3071  
468	-978.339	-911.454	-897.945	5.34213 
469	-978.339	-911.342	-898.257	4.47873 
470	-978.339	-911.303	-897.615	4.39311 
471	-978.339	-911.331	-898.15 	4.85521 
472	-978.339	-911.347	-898.162	4.85673 
473	-978.339	-911.321	-898.188	4.37864 
474	-978.339	-911.338	-898.756	4.64588 
475	-978.339	-911.341	-899.066	4.5831  
476	-978.339	-911.322	-899.091	4.55752 
477	-978.339	-911.292	-899.498	4.42147 
478	-978.339	-911.373	-899.488	5.00533 
479	-978.339	-911.322	-900.295	4.73536 
480	-978.339	-911.29 	-897.532	4.67576 
481	-978.339	-911.356	-897.557	5.20188 
482	-978.339	-911.323	-899.281	4.81649 
483	-978.339	-911.322	-898.36 	4.99687 
484	-978.339	-911.362	-898.542	4.68153 
485	-978.339	-911.377	-897.008	4.81558 
486	-978.339	-911.372	-897.871	4.86413 
487	-978.339	-911.363	-898.712	4.95586 
488	-978.339	-911.342	-899.084	4.72135 
489	-978.339	-911.307	-896.862	4.70598 
490	-978.339	-911.341	-896.984	5.09182 
491	-978.339	-911.295	-898.52 	4.56844 
492	-978.339	-911.239	-892.237	4.68409 
493	-983.102	-911.283	-895.661	5.46604 
494	-983.106	-911.244	-895.422	5.4196  
495	-983.106	-911.153	-895.414	4.82622 
496	-983.106	-911.142	-895.303	5.09387 
497	-983.106	-911.1  	-895.308	4.80239 
498	-983.106	-911.155	-896.293	5.14019 
499	-983.106	-911.088	-894.586	4.89594 
-999.99999999
