/usr/lib/python2.7/site-packages/deap/tools/_hypervolume/pyhv.py:33: ImportWarning: Falling back to the python version of hypervolume module. Expect this to be very slow.
  "module. Expect this to be very slow.", ImportWarning)
gen	min     	avg     	max     	std     
0  	-919.411	-914.179	-913.487	0.675503
1  	-920.394	-914.186	-913.478	0.719703
2  	-921.002	-914.196	-912.204	0.772712
3  	-924.106	-914.203	-912.779	0.792418
4  	-924.106	-914.197	-912.793	0.774425
5  	-924.106	-914.208	-912.968	0.795169
6  	-924.106	-914.212	-912.968	0.830545
7  	-924.106	-914.213	-913.001	0.833114
8  	-924.106	-914.205	-912.856	0.851185
9  	-924.106	-914.202	-911.44 	0.959289
10 	-924.372	-914.187	-911.528	0.945317
11 	-924.372	-914.175	-911.353	0.899208
12 	-924.372	-914.192	-911.468	0.955952
13 	-924.372	-914.192	-911.783	0.883728
14 	-924.372	-914.186	-911.927	0.881937
15 	-924.372	-914.159	-908.009	0.884375
16 	-924.867	-914.166	-911.871	0.911959
17 	-924.867	-914.162	-911.266	0.895672
18 	-924.867	-914.144	-911.266	0.827699
19 	-924.867	-914.155	-911.954	0.873514
20 	-924.867	-914.149	-911.888	0.878388
21 	-924.867	-914.169	-911.926	0.902785
22 	-924.867	-914.179	-912.074	0.895656
23 	-924.867	-914.198	-912.161	0.907979
24 	-924.867	-914.182	-912.213	0.880121
25 	-924.867	-914.208	-911.753	0.924693
26 	-928.034	-914.229	-911.526	1.10187 
27 	-928.034	-914.214	-911.654	1.118   
28 	-928.034	-914.208	-911.87 	1.07978 
29 	-930.572	-914.197	-912.464	1.11384 
30 	-930.572	-914.187	-912.469	1.05658 
31 	-933.858	-914.201	-912.533	1.2389  
32 	-933.858	-914.216	-912.368	1.3687  
33 	-933.858	-914.22 	-912.457	1.43354 
34 	-933.858	-914.201	-911.986	1.37055 
35 	-933.858	-914.216	-912.571	1.44049 
36 	-936.421	-914.211	-912.427	1.52206 
37 	-936.421	-914.17 	-911.634	1.31691 
38 	-936.421	-914.169	-911.811	1.43935 
39 	-936.421	-914.191	-911.61 	1.58763 
40 	-936.421	-914.2  	-911.639	1.54616 
41 	-936.421	-914.205	-911.825	1.49897 
42 	-936.421	-914.193	-911.989	1.48328 
43 	-936.421	-914.185	-912.26 	1.37708 
44 	-936.421	-914.196	-912.241	1.41749 
45 	-936.421	-914.209	-912.25 	1.56646 
46 	-936.421	-914.209	-912.107	1.53064 
47 	-936.421	-914.194	-910.717	1.48241 
48 	-936.421	-914.179	-910.624	1.48379 
49 	-936.434	-914.15 	-911.692	1.45722 
50 	-936.434	-914.147	-911.78 	1.37026 
51 	-936.434	-914.124	-911.717	1.4005  
52 	-936.434	-914.109	-911.959	1.38247 
53 	-936.434	-914.115	-911.977	1.39025 
54 	-936.434	-914.112	-912.152	1.34492 
55 	-939.218	-914.125	-910.537	1.53817 
56 	-939.218	-914.121	-910.95 	1.47215 
57 	-939.218	-914.127	-911.737	1.5604  
58 	-939.218	-914.112	-910.468	1.44252 
59 	-939.218	-914.112	-911.653	1.46193 
60 	-939.218	-914.103	-911.487	1.52851 
61 	-939.218	-914.122	-911.577	1.69515 
62 	-939.218	-914.136	-911.898	1.68791 
63 	-939.218	-914.144	-911.899	1.59805 
64 	-939.218	-914.15 	-910.207	1.7613  
65 	-939.218	-914.142	-911.775	1.65859 
66 	-939.218	-914.155	-911.336	1.69776 
67 	-939.218	-914.146	-910.232	1.60627 
68 	-939.218	-914.121	-904.543	1.58861 
69 	-939.218	-914.099	-908.168	1.46721 
70 	-939.218	-914.114	-910.235	1.64248 
71 	-939.218	-914.123	-910.426	1.68849 
72 	-939.218	-914.129	-910.431	1.72395 
73 	-939.218	-914.128	-910.233	1.77471 
74 	-939.218	-914.12 	-910.602	1.70289 
75 	-939.218	-914.102	-910.143	1.65515 
76 	-940.708	-914.087	-909.789	1.74998 
77 	-940.708	-914.073	-909.794	1.69501 
78 	-940.708	-914.083	-910.03 	1.83178 
79 	-940.708	-914.075	-910.05 	1.79014 
80 	-940.708	-914.079	-909.469	1.97613 
81 	-940.708	-914.077	-909.41 	2.00323 
82 	-940.708	-914.051	-910.119	1.88465 
83 	-940.708	-914.048	-908.452	1.95218 
84 	-940.708	-914.038	-908.775	1.96276 
85 	-946.244	-914.039	-909.742	1.99483 
86 	-946.244	-914.058	-910.687	2.00328 
87 	-946.244	-914.008	-910.176	1.8869  
88 	-946.244	-914.017	-910.668	1.80209 
89 	-946.244	-914.004	-909.817	1.77592 
90 	-946.244	-913.974	-910.013	1.72057 
91 	-946.244	-913.974	-907.551	1.80027 
92 	-946.244	-913.943	-909.736	1.72357 
93 	-946.244	-913.932	-908.224	2.04328 
94 	-946.244	-913.933	-908.155	2.17303 
95 	-946.244	-913.87 	-908.224	1.7572  
96 	-946.244	-913.885	-907.602	1.88846 
97 	-946.244	-913.912	-907.583	2.22049 
98 	-946.244	-913.907	-908.293	2.1569  
99 	-946.244	-913.91 	-908.239	2.18438 
100	-946.244	-913.914	-908.723	2.12654 
101	-946.244	-913.91 	-909.178	2.07464 
102	-946.244	-913.917	-908.405	2.26945 
103	-946.246	-913.939	-908.401	2.34925 
104	-946.246	-913.926	-908.945	2.33182 
105	-946.246	-913.917	-908.978	2.39781 
106	-946.246	-913.908	-909.311	2.27556 
107	-946.246	-913.876	-909.428	1.95438 
108	-946.246	-913.915	-909.306	2.27851 
109	-946.246	-913.876	-909.243	1.96903 
110	-946.246	-913.9  	-909.221	2.21283 
111	-946.246	-913.908	-908.842	2.34922 
112	-946.246	-913.905	-909.311	2.31895 
113	-946.246	-913.93 	-908.211	2.53399 
114	-946.246	-913.907	-908.981	2.34933 
115	-946.246	-913.855	-908.128	2.15821 
116	-946.246	-913.849	-908.911	2.08195 
117	-946.246	-913.834	-909.359	2.06149 
118	-946.246	-913.797	-908.721	1.85956 
119	-946.246	-913.769	-908.678	1.87328 
120	-946.246	-913.807	-908.655	2.14878 
121	-946.246	-913.772	-905.782	1.95421 
122	-946.246	-913.75 	-906.691	1.98051 
123	-946.246	-913.769	-908.537	1.95058 
124	-946.246	-913.783	-908.574	2.18956 
125	-946.246	-913.761	-906.761	2.04926 
126	-946.246	-913.777	-906.601	2.23043 
127	-946.246	-913.77 	-907.839	2.13165 
128	-946.246	-913.76 	-905.656	2.18789 
129	-946.246	-913.727	-905.767	2.09296 
130	-946.246	-913.72 	-906.888	2.09272 
131	-946.246	-913.706	-906.927	2.10624 
132	-946.246	-913.685	-907.194	2.02581 
133	-946.246	-913.719	-908.07 	2.25268 
134	-946.246	-913.701	-907.5  	2.14931 
135	-946.246	-913.721	-908.274	2.17501 
136	-946.246	-913.714	-907.811	2.24089 
137	-946.246	-913.703	-907.796	2.14504 
138	-946.246	-913.706	-907.988	2.18338 
139	-946.246	-913.68 	-908.179	2.26313 
140	-946.246	-913.657	-907.978	2.09265 
141	-946.246	-913.661	-908.835	2.2953  
142	-946.246	-913.692	-908.759	2.3495  
143	-946.246	-913.671	-907.579	2.24861 
144	-946.246	-913.657	-907.06 	2.11698 
145	-946.246	-913.674	-908.339	2.27589 
146	-946.246	-913.647	-908.587	2.15391 
147	-946.246	-913.634	-907.672	2.19455 
148	-946.246	-913.643	-908.155	2.24958 
149	-946.246	-913.649	-907.658	2.41408 
150	-946.246	-913.672	-907.653	2.45822 
151	-946.246	-913.681	-908.099	2.65974 
152	-946.246	-913.637	-907.228	2.43689 
153	-946.246	-913.65 	-907.637	2.36675 
154	-946.246	-913.641	-907.84 	2.43027 
155	-946.246	-913.63 	-907.63 	2.37116 
156	-946.246	-913.616	-906.615	2.21392 
157	-946.246	-913.649	-907.598	2.43119 
158	-947.152	-913.658	-905.003	2.42072 
159	-947.152	-913.67 	-906.105	2.4638  
160	-947.152	-913.673	-906.209	2.39539 
161	-947.152	-913.66 	-907.485	2.459   
162	-947.152	-913.666	-907.303	2.53399 
163	-947.152	-913.673	-907.318	2.5956  
164	-947.152	-913.658	-906.874	2.554   
165	-947.152	-913.669	-907.422	2.66389 
166	-947.152	-913.657	-903.181	2.81663 
167	-947.152	-913.626	-903.213	2.38304 
168	-947.152	-913.625	-903.109	2.54367 
169	-947.152	-913.567	-906.677	2.18298 
170	-947.152	-913.563	-906.311	2.20917 
171	-947.152	-913.54 	-906.643	2.24789 
172	-947.152	-913.544	-906.709	2.43624 
173	-947.152	-913.566	-906.384	2.58647 
174	-947.152	-913.572	-906.601	2.64832 
175	-947.152	-913.543	-906.519	2.3414  
176	-947.152	-913.563	-906.215	2.44304 
177	-947.152	-913.534	-905.645	2.36066 
178	-947.152	-913.529	-906.304	2.42303 
179	-947.152	-913.529	-906.368	2.33463 
180	-947.152	-913.486	-905.292	2.37491 
181	-947.152	-913.514	-905.252	2.46512 
182	-947.152	-913.462	-904.658	2.35336 
183	-947.152	-913.454	-905.136	2.45402 
184	-947.152	-913.413	-905.077	2.37634 
185	-947.152	-913.39 	-906.371	2.31631 
186	-948.497	-913.395	-906.501	2.59062 
187	-948.497	-913.371	-902.31 	2.66371 
188	-948.497	-913.409	-906.289	2.69584 
189	-948.497	-913.39 	-906.524	2.57255 
190	-948.497	-913.4  	-906.022	2.66724 
191	-948.497	-913.372	-906.532	2.47469 
192	-948.497	-913.394	-906.895	2.74553 
193	-948.497	-913.391	-906.047	2.76693 
194	-948.497	-913.377	-902.895	2.6342  
195	-948.497	-913.412	-905.191	2.88606 
196	-948.497	-913.407	-906.308	2.65336 
197	-948.497	-913.359	-906.469	2.46318 
198	-948.497	-913.339	-903.34 	2.55407 
199	-948.497	-913.301	-904.723	2.43355 
200	-948.497	-913.286	-903.614	2.67458 
201	-948.497	-913.269	-901.134	2.77371 
202	-950.497	-913.267	-901.264	2.87389 
203	-950.497	-913.217	-903.897	2.59476 
204	-950.497	-913.194	-905.762	2.59823 
205	-950.497	-913.207	-905.402	2.58048 
206	-950.497	-913.235	-905.964	2.81499 
207	-950.497	-913.215	-905.142	2.79167 
208	-950.497	-913.21 	-905.164	2.74575 
209	-950.497	-913.236	-905.581	2.99401 
210	-950.497	-913.213	-905.583	3.09779 
211	-950.497	-913.203	-905.664	3.0276  
212	-950.497	-913.221	-905.944	2.9298  
213	-950.497	-913.199	-905.93 	2.87806 
214	-950.497	-913.151	-905.642	2.71476 
215	-950.497	-913.135	-904.975	2.94162 
216	-950.497	-913.155	-905.178	3.0932  
217	-950.497	-913.177	-904.611	3.10159 
218	-950.497	-913.186	-904.702	3.10209 
219	-950.509	-913.169	-904.616	3.14946 
220	-950.509	-913.105	-904.616	2.82217 
221	-950.509	-913.103	-904.984	2.96026 
222	-950.509	-913.074	-904.302	2.89472 
223	-950.509	-913.106	-902.724	3.12524 
224	-950.509	-913.088	-903.656	3.02878 
225	-950.509	-913.086	-904.038	2.82988 
226	-950.509	-913.093	-905.076	2.92461 
227	-950.509	-913.087	-904.146	2.9122  
228	-950.509	-913.093	-904.146	3.04287 
229	-950.509	-913.11 	-904.246	3.10658 
230	-950.509	-913.095	-904.43 	3.00105 
231	-950.509	-913.071	-904.694	2.99508 
232	-950.509	-913.097	-904.958	3.12472 
233	-950.509	-913.074	-900.033	3.33333 
234	-950.526	-913.061	-903.941	3.16265 
235	-950.526	-913.037	-903.346	2.98078 
236	-950.526	-913.066	-903.285	3.13229 
237	-953.73 	-913.049	-903.914	3.26642 
238	-953.73 	-913.049	-903.609	3.34152 
239	-953.73 	-913.066	-903.898	3.20984 
240	-953.73 	-913.074	-904.444	3.29742 
241	-953.73 	-913.023	-903.583	3.11958 
242	-953.73 	-913.015	-904.273	3.05068 
243	-953.73 	-913.002	-903.244	3.04557 
244	-953.73 	-913.003	-901.778	3.0788  
245	-955.232	-913.037	-902.427	3.35845 
246	-955.232	-912.966	-902.499	3.24135 
247	-955.232	-912.946	-902.05 	3.02168 
248	-955.232	-912.94 	-901.811	3.07115 
249	-955.232	-912.906	-902.51 	3.0488  
250	-955.232	-912.894	-902.767	3.09835 
251	-955.232	-912.922	-902.489	3.18513 
252	-955.232	-912.923	-902.489	3.21044 
253	-955.232	-912.914	-901.374	3.28611 
254	-955.232	-912.912	-902.43 	3.21939 
255	-955.232	-912.934	-902.432	3.33041 
256	-955.232	-912.925	-902.398	3.33979 
257	-955.232	-912.916	-902.848	3.20161 
258	-955.232	-912.923	-902.528	3.32592 
259	-955.232	-912.922	-902.614	3.26404 
260	-955.232	-912.905	-904.18 	3.14989 
261	-955.232	-912.961	-904.532	3.41669 
262	-955.232	-912.947	-904.102	3.29888 
263	-955.232	-912.913	-902.426	3.2305  
264	-955.232	-912.918	-901.498	3.18833 
265	-955.232	-912.965	-902.434	3.51663 
266	-955.232	-912.929	-903.837	3.3639  
267	-955.232	-912.894	-900.564	3.24007 
268	-955.232	-912.883	-900.519	3.40506 
269	-955.232	-912.881	-900.519	3.23511 
270	-955.232	-912.878	-901.153	3.3039  
271	-955.232	-912.856	-901.749	3.39687 
272	-955.232	-912.914	-901.087	3.43699 
273	-955.232	-912.899	-902.019	3.49184 
274	-955.232	-912.905	-901.821	3.46974 
275	-956.244	-912.922	-902.136	3.67139 
276	-956.244	-912.957	-902.853	3.72851 
277	-956.244	-912.932	-902.997	3.58065 
278	-956.244	-912.906	-902.983	3.30502 
279	-956.244	-912.898	-903.128	3.50901 
280	-956.244	-912.915	-902.82 	3.49119 
281	-956.244	-912.92 	-901.338	3.32913 
282	-956.244	-912.91 	-901.712	3.40409 
283	-956.244	-912.864	-899.651	3.41542 
284	-956.244	-912.873	-898.477	3.44249 
285	-956.244	-912.855	-901.265	3.31366 
286	-956.244	-912.849	-901.327	3.42833 
287	-956.244	-912.867	-901.538	3.51648 
288	-956.244	-912.83 	-901.624	3.31375 
289	-956.244	-912.784	-901.439	3.38639 
290	-956.244	-912.778	-900.797	3.50754 
291	-958.61 	-912.794	-901.456	3.72191 
292	-958.61 	-912.813	-901.976	3.74258 
293	-958.61 	-912.764	-902.587	3.56377 
294	-958.61 	-912.753	-900.98 	3.59052 
295	-958.61 	-912.754	-900.633	3.78512 
296	-958.61 	-912.784	-901.098	3.79792 
297	-958.61 	-912.745	-900.226	3.64031 
298	-958.61 	-912.716	-900.139	3.77213 
299	-958.61 	-912.705	-900.496	3.72507 
300	-958.61 	-912.716	-900.436	3.86848 
301	-958.61 	-912.746	-900.333	4.01497 
302	-958.61 	-912.747	-900.733	3.83017 
303	-958.61 	-912.761	-900.869	3.72491 
304	-958.61 	-912.783	-901.124	3.9314  
305	-958.61 	-912.737	-900.526	3.73691 
306	-958.61 	-912.746	-900.526	3.86912 
307	-958.61 	-912.771	-900.569	3.96154 
308	-958.61 	-912.793	-900.86 	4.12466 
309	-958.61 	-912.773	-901.604	3.98688 
310	-958.61 	-912.695	-901.708	3.63408 
311	-958.61 	-912.736	-899.724	3.93684 
312	-958.61 	-912.752	-899.684	4.22479 
313	-958.61 	-912.7  	-900.55 	3.9335  
314	-958.61 	-912.692	-901.898	3.77653 
315	-958.61 	-912.709	-901.198	3.89786 
316	-958.61 	-912.677	-898.844	3.87355 
317	-959.53 	-912.631	-899.641	3.8893  
318	-959.53 	-912.586	-900.824	3.86851 
319	-959.53 	-912.588	-901.634	3.76965 
320	-959.53 	-912.561	-902.388	3.70125 
321	-959.53 	-912.573	-902.105	3.66537 
322	-959.53 	-912.587	-902.326	3.72534 
323	-959.53 	-912.558	-901.297	3.63534 
324	-959.53 	-912.565	-901.297	3.53495 
325	-959.53 	-912.555	-901.598	3.70642 
326	-959.53 	-912.574	-901.371	3.65128 
327	-959.53 	-912.55 	-902.15 	3.54245 
328	-959.53 	-912.555	-900.43 	3.74346 
329	-959.53 	-912.616	-901.134	3.94209 
330	-964.239	-912.554	-901.096	3.92219 
331	-964.239	-912.512	-899.126	3.75681 
332	-964.239	-912.492	-897.537	3.79902 
333	-964.239	-912.447	-897.859	3.81222 
334	-964.239	-912.388	-898.979	3.66245 
335	-964.239	-912.39 	-899.063	3.67237 
336	-964.239	-912.429	-900.42 	3.87668 
337	-964.239	-912.48 	-898.388	4.17225 
338	-964.239	-912.447	-900.543	4.07925 
339	-964.239	-912.426	-900.389	4.01997 
340	-964.239	-912.409	-899.782	4.21764 
341	-964.239	-912.413	-897.246	4.12778 
342	-964.239	-912.428	-899.788	3.95879 
343	-964.239	-912.426	-899.788	4.28133 
344	-964.239	-912.442	-900.118	4.31928 
345	-966.329	-912.46 	-900.097	4.48864 
346	-966.329	-912.45 	-900.357	4.45397 
347	-966.329	-912.407	-900.545	4.37491 
348	-966.329	-912.382	-899.282	4.33604 
349	-966.329	-912.408	-898.327	4.72685 
350	-969.805	-912.446	-899.979	4.77964 
351	-969.805	-912.43 	-900.07 	4.40375 
352	-969.805	-912.391	-890.446	4.11319 
353	-969.805	-912.456	-899.26 	4.50065 
354	-969.805	-912.435	-899.288	4.43951 
355	-969.805	-912.457	-899.106	4.4966  
356	-969.805	-912.457	-898.883	4.59011 
357	-969.805	-912.44 	-899.118	4.67751 
358	-969.805	-912.512	-899.467	4.90738 
359	-969.805	-912.55 	-899.51 	4.89361 
360	-969.805	-912.503	-898.684	4.59267 
361	-969.805	-912.505	-898.057	4.72699 
362	-969.805	-912.5  	-898.264	4.39196 
363	-969.805	-912.495	-897.731	4.40699 
364	-969.805	-912.468	-897.719	4.50144 
365	-969.805	-912.417	-899.376	4.26369 
366	-969.805	-912.368	-899.793	4.04384 
367	-969.805	-912.365	-899.599	4.14887 
368	-969.805	-912.338	-899.463	4.41582 
369	-969.805	-912.347	-899.696	4.63233 
370	-969.805	-912.297	-899.236	4.27121 
371	-969.805	-912.29 	-894.157	4.35784 
372	-969.805	-912.355	-899.051	4.72365 
373	-969.805	-912.376	-900.186	5.01867 
374	-969.805	-912.287	-898.572	4.47512 
375	-969.805	-912.257	-897.473	4.5075  
376	-969.805	-912.251	-897.589	4.47715 
377	-969.805	-912.324	-898.394	4.92588 
378	-969.805	-912.286	-895.982	4.88273 
379	-969.805	-912.248	-896.443	4.82029 
380	-969.805	-912.257	-899.347	4.8739  
381	-969.805	-912.206	-897.711	4.65594 
382	-969.805	-912.221	-897.713	4.6074  
383	-969.805	-912.182	-897.712	4.52028 
384	-969.805	-912.142	-899.157	4.21971 
385	-969.805	-912.11 	-899.373	4.28042 
386	-969.805	-912.107	-896.75 	4.28217 
387	-969.805	-912.131	-896.384	4.61092 
388	-969.805	-912.144	-896.565	4.64222 
389	-969.805	-912.071	-896.993	4.24377 
390	-969.805	-912.101	-897.478	4.31359 
391	-969.805	-912.128	-897.465	4.11749 
392	-974.484	-912.192	-898.03 	4.63417 
393	-974.484	-912.179	-899.548	4.51288 
394	-974.484	-912.17 	-899.446	4.74324 
395	-974.484	-912.18 	-899.167	5.08315 
396	-974.484	-912.149	-899.271	4.84254 
397	-974.484	-912.133	-899.957	4.68504 
398	-974.484	-912.175	-897.093	4.69477 
399	-974.484	-912.126	-899.731	4.57122 
400	-974.484	-912.12 	-898.929	4.67363 
401	-974.484	-912.119	-899.242	4.71836 
402	-975.55 	-912.124	-900.826	4.90797 
403	-975.55 	-912.083	-899.995	4.42315 
404	-975.55 	-912.109	-898.795	4.63578 
405	-975.55 	-912.108	-897.713	4.59743 
406	-975.55 	-912.135	-897.734	4.74351 
407	-975.55 	-912.152	-896.462	5.04473 
408	-975.55 	-912.176	-896.619	5.05379 
409	-975.55 	-912.161	-896.79 	5.03092 
410	-976.13 	-912.147	-897.844	5.00952 
411	-976.13 	-912.163	-897.394	5.07742 
412	-976.13 	-912.124	-897.214	4.70662 
413	-976.13 	-912.193	-898.132	4.87293 
414	-976.13 	-912.162	-898.349	4.81837 
415	-976.13 	-912.203	-899.163	5.28881 
416	-976.13 	-912.193	-900.258	5.388   
417	-976.13 	-912.2  	-899.302	5.35022 
418	-976.13 	-912.176	-899.283	5.08006 
419	-976.13 	-912.196	-895.661	5.2721  
420	-976.13 	-912.211	-895.438	5.26857 
421	-976.13 	-912.25 	-896.672	5.0959  
422	-976.13 	-912.31 	-896.759	5.60499 
423	-976.13 	-912.252	-896.76 	5.14874 
424	-976.13 	-912.186	-898.419	4.85586 
425	-976.13 	-912.212	-898.294	5.18908 
426	-976.13 	-912.17 	-898.374	5.21739 
427	-976.13 	-912.094	-898.354	4.89478 
428	-976.13 	-912.018	-899.156	4.68462 
429	-976.13 	-911.951	-898.52 	4.65794 
430	-976.13 	-911.938	-896.604	4.66625 
431	-976.13 	-911.992	-898.823	5.03842 
432	-976.13 	-911.952	-897.902	4.96266 
433	-976.13 	-911.938	-896.501	5.15521 
434	-976.13 	-911.911	-896.976	4.69748 
435	-976.13 	-911.933	-897.185	4.96323 
436	-976.13 	-912.024	-897.175	5.41557 
437	-976.13 	-911.969	-897.175	4.89321 
438	-976.13 	-911.939	-894.953	4.96036 
439	-976.13 	-911.945	-897.176	5.1964  
440	-976.13 	-911.877	-897.251	4.83693 
441	-976.13 	-911.907	-897.443	4.79281 
442	-976.13 	-911.996	-896.987	5.30345 
443	-976.13 	-911.958	-896.652	5.35431 
444	-976.13 	-911.923	-897.479	5.01556 
445	-976.13 	-911.956	-896.516	5.27615 
446	-976.13 	-912.022	-897.141	5.75355 
447	-976.13 	-911.955	-894.427	5.36077 
448	-976.13 	-911.972	-898.456	5.44803 
449	-976.13 	-911.939	-898.15 	5.28969 
450	-976.13 	-911.896	-895.957	5.32861 
451	-976.13 	-911.937	-896.221	5.39036 
452	-976.13 	-911.862	-895.912	5.15028 
453	-976.13 	-911.85 	-894.264	5.15644 
454	-976.13 	-911.856	-896.49 	5.43076 
455	-976.13 	-911.906	-896.37 	5.56854 
456	-976.13 	-911.839	-895.756	5.61354 
457	-976.13 	-911.814	-889.851	5.5433  
458	-976.162	-911.901	-894.524	5.65117 
459	-978.683	-911.835	-894.41 	5.49725 
460	-978.683	-911.843	-895.357	5.44393 
461	-978.683	-911.845	-888.977	5.63315 
462	-978.683	-911.885	-894.532	5.92036 
463	-978.683	-911.896	-893.226	5.95291 
464	-978.683	-911.835	-897.066	5.23949 
465	-978.683	-911.775	-894.992	5.11497 
466	-978.683	-911.792	-896.046	5.41512 
467	-978.683	-911.795	-896.137	5.51478 
468	-978.683	-911.783	-895.182	5.51398 
469	-978.683	-911.759	-895.884	5.40981 
470	-978.683	-911.84 	-895.884	5.6298  
471	-978.683	-911.775	-895.883	5.26472 
472	-978.683	-911.842	-894.802	5.57246 
473	-981.716	-911.915	-897.291	5.91971 
474	-981.716	-911.881	-897.279	5.88587 
475	-981.716	-911.894	-896.352	5.74139 
476	-981.716	-911.921	-897.302	5.94124 
477	-981.716	-911.861	-897.537	5.71155 
478	-981.716	-911.814	-897.255	5.55496 
479	-981.716	-911.719	-895.326	4.914   
480	-981.716	-911.735	-894.649	4.88688 
481	-981.716	-911.757	-896.788	5.43604 
482	-981.716	-911.79 	-896.638	5.80841 
483	-981.716	-911.7  	-895.944	5.64426 
484	-981.716	-911.746	-896.03 	5.77243 
485	-981.716	-911.731	-895.018	5.63439 
486	-983.425	-911.696	-893.877	5.71286 
487	-983.425	-911.68 	-895.018	5.38829 
488	-983.425	-911.7  	-888.751	5.79583 
489	-983.425	-911.781	-888.25 	5.82396 
490	-983.425	-911.815	-890.755	5.97871 
491	-983.425	-911.835	-894.005	5.97649 
492	-983.425	-911.843	-894.066	5.93471 
493	-983.425	-911.879	-894.005	6.155   
494	-983.425	-911.817	-893.386	5.87764 
495	-983.425	-911.784	-894.231	5.70676 
496	-983.425	-911.719	-895.78 	5.4977  
497	-983.425	-911.828	-895.786	5.90309 
498	-983.425	-911.846	-895.784	5.88196 
499	-983.425	-911.853	-895.753	6.28465 
-999.99999999
