/usr/lib/python2.7/site-packages/deap/tools/_hypervolume/pyhv.py:33: ImportWarning: Falling back to the python version of hypervolume module. Expect this to be very slow.
  "module. Expect this to be very slow.", ImportWarning)
gen	min   	avg    	max    	std    
0  	11.327	21.6284	37.0833	3.96475
1  	11.327	21.5841	34.0781	3.95271
2  	11.327	21.5186	33.4218	3.64253
3  	11.327	21.4805	34.288 	3.74731
4  	11.327	21.4284	35.8181	3.94879
5  	11.327	21.4579	36.8809	3.95045
6  	10.9838	21.6379	34.3834	3.95241
7  	10.9838	21.7524	36.0707	3.9994 
8  	10.9838	21.5456	35.1856	3.8414 
9  	10.9838	21.6342	33.7428	4.00826
10 	10.9838	21.6398	33.9116	3.84228
11 	10.9838	21.3778	33.431 	3.8158 
12 	10.9838	21.4268	34.0685	3.98213
13 	10.9838	21.4973	36.2873	3.82756
14 	10.9838	21.6312	36.4079	4.11322
15 	10.9838	21.5598	35.0878	3.87799
16 	10.9838	21.6247	36.1872	3.96564
17 	10.9838	21.5259	34.7581	3.90336
18 	10.9838	21.7387	34.4379	3.92941
19 	10.9838	21.5327	33.3721	4.00744
20 	10.9838	21.6357	33.3291	3.90283
21 	10.9838	21.6657	32.4659	3.84912
22 	10.9838	21.7755	36.9098	4.01563
23 	10.9838	21.4941	33.1225	3.73125
24 	10.9838	21.2668	33.5658	3.70169
25 	10.9838	21.5768	34.1083	3.90476
26 	10.9838	21.4028	35.54  	3.81103
27 	10.9838	21.6418	33.8501	3.76417
28 	10.9838	21.5877	34.2656	3.65074
29 	10.9838	21.5362	34.0176	3.80205
30 	10.9838	21.6223	34.28  	4.01349
31 	10.9838	21.871 	35.9771	3.87207
32 	10.9838	21.8323	34.6133	3.94321
33 	10.9838	21.4857	32.3946	3.80128
34 	10.9838	21.7761	33.9178	3.90303
35 	10.9838	21.8808	32.6143	3.92957
36 	10.9838	21.5294	31.4453	3.85175
37 	10.9838	21.4979	34.6866	3.96887
38 	10.9838	21.5346	35.0024	3.98893
39 	10.9838	21.5382	33.0654	3.88781
40 	10.9838	21.7187	37.3579	3.95879
41 	10.9838	21.5917	36.1512	3.95141
42 	10.9838	21.68  	36.1282	4.18997
43 	10.9838	21.5815	33.418 	4.03411
44 	10.9838	21.6937	33.6676	3.9187 
45 	10.9838	21.4956	32.9229	4.0386 
46 	10.9838	21.7241	36.2501	3.93035
47 	10.9838	21.9167	35.2017	3.96333
48 	10.9838	21.7347	35.5898	3.97796
49 	10.9838	21.7048	38.061 	3.83678
50 	10.9838	21.6514	38.061 	3.94761
51 	10.9838	21.7547	36.2108	4.01974
52 	10.9838	21.6616	35.2865	4.0653 
53 	10.9838	21.6792	34.4408	3.87191
54 	10.9838	21.8988	36.3822	4.03431
55 	10.6862	21.7912	34.9981	4.2454 
56 	10.6862	21.7675	35.9168	3.99265
57 	10.6862	21.5531	35.5508	4.00083
58 	10.6862	21.7004	33.0682	3.76517
59 	10.6862	21.7722	34.3858	4.00613
60 	10.6862	21.8752	34.8711	3.96039
61 	10.6862	21.9973	34.3613	3.99099
62 	10.6862	21.6358	34.3719	3.86482
63 	10.6862	22.0641	35.6186	4.0007 
64 	10.6862	21.6563	34.5194	3.95991
65 	10.6862	21.802 	33.6809	3.95536
66 	10.6862	21.8668	34.7288	3.93469
67 	10.6862	21.9874	36.3901	3.9406 
68 	10.6862	21.6408	36.43  	3.94345
69 	10.6862	21.8438	37.9454	3.92856
70 	10.6862	21.6957	36.5141	3.98805
71 	10.6862	21.9585	33.9383	4.04723
72 	10.6862	21.722 	34.414 	3.96657
73 	10.6862	21.9591	37.0239	4.03821
74 	10.6862	21.7845	36.4012	4.06606
75 	10.6862	21.7973	36.1259	4.02843
76 	10.6862	22.0236	34.3935	4.0559 
77 	10.6862	21.9866	36.4005	4.14149
78 	10.6862	21.865 	35.8894	4.05063
79 	10.6862	21.8818	37.8832	4.0332 
80 	10.6862	22.1019	39.0466	4.1215 
81 	10.6862	21.7493	35.7701	3.96413
82 	10.6862	22.0711	34.5129	3.81515
83 	10.6862	21.9092	38.9533	4.0581 
84 	10.6862	21.8104	36.3065	4.02631
85 	10.6862	21.8096	36.3065	4.05651
86 	10.6862	21.9486	35.5907	4.03351
87 	10.6862	21.9887	33.8223	4.05625
88 	10.6862	22.1284	36.9631	4.22419
89 	10.6862	22.0161	33.8656	4.04037
90 	10.6862	21.9837	34.8445	3.90982
91 	10.6862	22.2249	33.0594	3.92274
92 	10.6862	22.0574	33.3445	4.04969
93 	10.6862	22.0119	34.3983	3.95809
94 	10.6862	22.1715	35.0342	4.08772
95 	10.6862	22.152 	37.0472	3.92215
96 	10.6862	22.1831	35.6721	4.17014
97 	10.6862	22.068 	37.4709	4.0004 
98 	10.6862	21.8856	35.4087	3.89825
99 	10.6862	22.016 	36.7197	3.93726
100	10.5146	21.9898	36.089 	3.9633 
101	10.5146	22.1552	36.224 	4.08663
102	10.5146	22.1009	36.5428	3.93225
103	10.5146	22.2429	37.4778	4.19545
104	10.5146	22.0278	37.5625	4.23875
105	10.5146	22.2916	35.2289	4.2645 
106	10.5146	22.1498	35.8007	4.04033
107	10.5146	22.3361	34.4905	4.07278
108	10.5146	22.1857	36.5695	4.17235
109	10.5146	22.3328	37.1438	4.2185 
110	10.5146	22.1314	36.4859	4.0786 
111	10.5146	22.0339	35.2706	4.06074
112	10.5146	22.3931	35.2486	4.24908
113	10.5146	22.3804	36.1285	4.0187 
114	10.5146	22.046 	34.4743	3.9174 
115	10.5146	21.7106	34.8119	4.03013
116	10.5146	22.2599	37.2902	4.28915
117	10.5146	22.0847	39.1907	4.20594
118	10.5146	22.0924	34.474 	3.95033
119	10.5146	22.4127	36.7925	4.24861
120	10.5146	22.1872	38.303 	4.16949
121	10.5146	22.298 	36.4005	4.39271
122	10.5146	22.2796	36.5305	4.28022
123	10.5146	22.1952	39.4809	4.26858
124	10.5146	22.1846	39.4809	4.36265
125	10.5146	22.3053	35.8133	4.17641
126	10.5146	22.4037	36.514 	4.19176
127	10.5146	22.3333	36.0809	4.21921
128	10.5146	22.1566	38.4697	4.1141 
129	10.5146	22.193 	38.4697	4.18206
130	10.5146	22.3411	37.3926	4.05205
131	10.5146	22.2182	35.4388	4.18395
132	10.5146	22.0397	35.6047	4.15527
133	10.5146	22.33  	38.7214	4.11348
134	10.5146	22.3163	36.2395	4.03382
135	10.5146	22.2344	38.4777	4.09427
136	10.5146	22.4796	38.9379	4.20687
137	10.5146	22.6828	37.9525	4.41204
138	10.5146	22.1923	34.1437	4.04318
139	10.5146	22.1967	39.102 	4.32009
140	10.5146	22.3878	37.5026	4.13725
141	10.5146	22.227 	42.896 	4.2935 
142	10.5146	22.4925	37.0523	4.22077
143	10.5146	22.4736	36.3289	4.10544
144	10.5146	22.6694	39.2005	4.31504
145	10.5146	22.5803	37.8827	4.30989
146	10.5146	22.3157	37.8125	4.23622
147	10.5146	22.2987	40.3567	4.37274
148	10.5146	22.4441	36.7927	4.11318
149	10.5146	22.286 	35.2326	4.01802
150	10.5146	22.3417	36.5502	4.15995
151	10.5146	22.45  	40.1366	4.32335
152	10.5146	22.3065	38.3818	4.19408
153	10.5146	22.367 	36.6946	4.19919
154	10.5146	22.6434	37.5845	4.21212
155	9.82545	22.5147	36.8059	4.22165
156	9.82545	22.3025	35.9426	4.07223
157	9.82545	22.3798	36.3716	4.16114
158	9.82545	22.0735	37.7884	4.2273 
159	9.82545	22.2939	35.7695	4.03696
160	9.82545	22.2938	35.8593	4.23922
161	9.82545	22.4857	40.578 	4.3059 
162	9.82545	22.3903	38.895 	4.26894
163	9.82545	22.5901	38.9407	4.25972
164	9.82545	22.2982	35.4738	4.13862
165	9.82545	22.5218	35.9977	4.17883
166	9.82545	22.5409	36.7481	4.3256 
167	9.82545	22.8533	37.9702	4.38164
168	9.82545	22.3603	34.9223	4.21166
169	9.82545	22.5059	36.5425	4.29237
170	9.82545	22.7093	41.1485	4.33529
171	9.82545	22.5309	34.9231	4.26351
172	9.82545	22.6647	36.0622	4.2326 
173	9.82545	22.4857	37.5731	4.22516
174	9.82545	22.7084	38.6086	4.36628
175	9.82545	22.5467	37.749 	4.37941
176	9.82545	22.4636	34.8618	4.08377
177	9.82545	22.4928	36.9483	4.07864
178	9.82545	22.5505	37.5862	4.22001
179	9.82545	22.4515	37.7604	4.42841
180	9.82545	22.7915	38.216 	4.50784
181	9.82545	22.7784	39.5799	4.37434
182	9.82545	22.7514	38.689 	4.32352
183	9.82545	22.7637	38.7213	4.31412
184	9.82545	22.9001	37.7883	4.39925
185	9.82545	22.4428	37.0483	4.30683
186	9.82545	22.5931	36.678 	4.21267
187	9.82545	22.7619	35.7321	4.22099
188	9.82545	22.7364	36.5589	4.23246
189	9.82545	22.873 	37.9152	4.3699 
190	9.82545	22.6357	36.941 	4.31939
191	9.82545	22.7388	38.9841	4.4061 
192	9.82545	22.8096	37.6432	4.41581
193	9.82545	22.9472	37.2632	4.46595
194	9.82545	22.8943	40.5292	4.49145
195	9.82545	22.6182	38.0095	4.41921
196	9.82545	22.796 	37.3172	4.22297
197	9.82545	22.5969	37.6126	4.29664
198	9.82545	22.5981	39.0289	4.33668
199	9.82545	22.7541	40.0158	4.18929
200	9.82545	22.6521	37.8091	4.27419
201	9.82545	22.8684	37.8091	4.58246
202	9.82545	22.8426	39.9236	4.23835
203	9.82545	23.0083	37.4527	4.29586
204	9.82545	22.8643	36.746 	4.16522
205	9.82545	22.8773	36.1867	4.49126
206	9.82545	22.8706	37.2244	4.45614
207	9.82545	22.7853	39.6763	4.46131
208	9.82545	22.9397	39.4899	4.44043
209	9.82545	23.0964	38.6594	4.53145
210	9.82545	23.1231	41.1679	4.61972
211	9.82545	22.9687	41.5127	4.56492
212	9.82545	22.9949	39.0986	4.52934
213	9.82545	22.885 	38.6855	4.44292
214	9.82545	23.0119	41.3999	4.4381 
215	9.82545	23.2606	41.3999	4.44467
216	9.82545	23.2717	39.6065	4.61609
217	9.82545	23.1165	41.688 	4.57443
218	9.82545	22.9602	36.1318	4.61311
219	9.82545	23.002 	38.3094	4.55225
220	9.82545	23.0162	39.6648	4.75712
221	9.82545	23.0048	39.6648	4.55036
222	9.82545	22.9231	39.5654	4.48677
223	9.82545	22.7179	38.6433	4.29941
224	9.82545	22.9143	38.5087	4.45639
225	9.82545	23.1279	39.0047	4.50199
226	9.82545	22.8895	37.8194	4.38668
227	9.82545	23.0309	39.3712	4.27453
228	9.82545	22.9695	37.6659	4.51647
229	9.82545	22.9952	36.7436	4.46597
230	9.82545	23.3593	39.6006	4.59425
231	9.82545	22.9205	37.8755	4.45853
232	9.82545	23.1618	37.5314	4.22549
233	9.82545	23.242 	42.5575	4.42116
234	9.82545	23.309 	40.2237	4.64448
235	9.82545	23.0361	40.7579	4.6426 
236	9.82545	23.3474	38.7988	4.53264
237	9.82545	23.4608	43.1781	4.69742
238	9.82545	23.1915	40.5642	4.58672
239	9.82545	23.1971	38.7822	4.45542
240	9.82545	23.208 	40.9256	4.48062
241	9.82545	23.1506	39.1613	4.4109 
242	9.82545	23.1223	37.6408	4.61862
243	9.82545	23.3334	37.1198	4.54604
244	9.82545	23.2029	37.6248	4.56463
245	9.82545	23.4076	40.4043	4.53951
246	9.82545	23.3374	37.9906	4.58854
247	9.82545	23.0766	37.9906	4.43114
248	9.82545	23.4645	38.6085	4.48739
249	9.82545	23.4601	40.305 	4.58243
250	9.82545	23.2637	40.7662	4.75773
251	9.82545	23.1863	41.342 	4.67527
252	9.82545	23.1266	43.1471	4.42747
253	9.82545	23.1862	40.3468	4.70325
254	9.82545	22.9989	39.8401	4.65985
255	9.82545	23.3282	39.0447	4.49296
256	9.82545	23.3362	38.5588	4.50998
257	9.82545	23.3249	39.5184	4.74772
258	9.82545	23.2149	38.3929	4.65777
259	9.82545	23.2957	38.3929	4.44753
260	9.82545	23.3771	39.0043	4.46952
261	9.82545	23.5171	39.6683	4.52498
262	9.82545	23.3332	39.4215	4.68802
263	9.82545	23.3903	37.5055	4.55882
264	9.82545	23.4241	36.8909	4.36106
265	9.82545	23.4092	43.9192	4.70556
266	9.82545	23.3637	42.2588	4.49314
267	9.82545	23.1673	39.9442	4.57653
268	9.82545	23.5561	39.5084	4.46411
269	9.82545	23.4607	40.4396	4.83997
270	9.82545	23.1298	40.8656	4.54549
271	9.82545	23.3965	40.9168	4.56843
272	9.82545	23.4863	39.1349	4.58971
273	9.82545	23.3219	43.1206	4.53945
274	9.82545	23.3978	39.3573	4.46913
275	9.82545	23.3408	40.9489	4.61787
276	9.82545	23.266 	39.9826	4.61602
277	9.82545	23.2855	39.6148	4.50476
278	9.82545	23.5001	36.9464	4.43569
279	9.82545	23.3558	38.7895	4.50629
280	9.82545	23.4006	41.2985	4.57023
281	9.82545	23.6443	43.0533	4.75536
282	9.82545	23.439 	44.8618	4.68037
283	9.82545	23.5508	41.8913	4.89168
284	9.82545	23.3814	40.4804	4.72453
285	9.82545	23.3395	42.308 	4.6906 
286	9.82545	23.4771	42.0223	4.61666
287	9.82545	23.5138	42.3244	4.50651
288	9.82545	23.6344	42.1084	4.56987
289	9.82545	23.3961	39.9231	4.65985
290	9.82545	23.4845	42.6388	4.81453
291	9.82545	23.1995	42.3147	4.52739
292	9.82545	23.5325	42.4806	4.66709
293	9.82545	23.7375	40.1379	4.83693
294	9.82545	23.708 	40.4788	4.81186
295	9.82545	23.6171	39.5485	4.50259
296	9.82545	23.6767	44.5355	4.73314
297	9.82545	23.5882	38.0631	4.43798
298	9.82545	23.5823	39.0358	4.66648
299	9.82545	23.7644	40.6303	4.6619 
300	9.82545	23.5629	40.7871	4.81964
301	9.82545	23.5348	39.4556	4.76512
302	9.82545	23.6276	39.6835	4.78255
303	9.82545	23.572 	39.1785	4.63012
304	9.82545	23.8499	37.8313	4.66583
305	9.82545	23.7209	41.4178	4.86743
306	9.82545	23.2819	43.3593	4.85974
307	9.82545	23.4481	40.3001	4.82872
308	9.82545	23.5595	42.4067	4.83652
309	9.82545	23.9368	44.7244	4.87144
310	9.82545	23.814 	40.4902	4.64551
311	9.82545	23.7647	41.7584	4.51907
312	9.82545	23.7925	38.9249	4.6617 
313	9.82545	23.8973	40.2496	4.87761
314	9.82545	23.8647	42.0293	4.96502
315	9.82545	23.921 	39.2663	4.70733
316	9.82545	24.1593	41.7442	4.69008
317	9.82545	23.8898	40.8283	4.70094
318	9.82545	23.7924	41.2634	4.79314
319	9.82545	23.7589	41.3599	4.93537
320	9.82545	23.5664	44.9752	4.96256
321	9.82545	23.8158	39.313 	4.75558
322	9.82545	23.8666	40.4378	4.76658
323	9.82545	23.7115	38.9461	4.53733
324	9.82545	23.7691	42.5583	4.72996
325	9.82545	23.7628	43.7892	4.81848
326	9.82545	23.9731	39.7041	4.82749
327	9.82545	24.1258	42.1815	4.67789
328	9.82545	24.0266	41.8105	4.71084
329	9.82545	24.1617	42.4388	4.71631
330	9.82545	24.0595	40.4309	5.05074
331	9.82545	23.9487	43.7619	4.82816
332	9.82545	23.98  	45.2469	4.84301
333	9.82545	24.0487	39.968 	4.86294
334	9.82545	23.9245	42.1524	4.6242 
335	9.82545	23.9919	41.0354	4.84681
336	9.82545	24.1394	44.9311	5.23093
337	9.82545	24.0181	43.0888	5.11605
338	9.82545	24.0115	44.9553	5.1364 
339	9.82545	24.0819	42.107 	4.96901
340	9.82545	23.9446	43.141 	5.00274
341	9.82545	24.1537	40.6935	4.91811
342	9.82545	24.0386	44.1409	4.93288
343	9.82545	24.3676	41.7934	4.75248
344	9.82545	24.2359	41.9881	5.00849
345	9.82545	24.1691	42.7016	5.16293
346	9.82545	24.1843	42.2108	5.05645
347	9.82545	24.1432	40.7408	4.7868 
348	9.82545	24.2006	40.2824	4.96543
349	9.82545	24.0365	47.2832	4.98499
350	9.82545	24.1078	44.7149	5.10508
351	9.82545	24.1917	43.1109	4.81521
352	9.82545	23.9939	43.5292	4.90545
353	9.82545	24.1313	43.4467	4.97429
354	9.82545	24.0836	42.5702	5.1487 
355	9.82545	24.3253	44.9373	5.10426
356	9.82545	24.1312	42.272 	4.88488
357	9.82545	24.1097	43.2546	4.93075
358	9.82545	24.1127	43.2546	4.99696
359	9.82545	24.2057	43.2725	4.93601
360	9.82545	24.2732	43.2725	5.11273
361	9.82545	24.3372	40.4496	4.91241
362	9.82545	24.1276	42.4514	5.10936
363	9.82545	24.3913	41.9005	5.03402
364	9.82545	24.0635	43.1363	5.08417
365	9.82545	24.0886	42.1912	4.78225
366	9.82545	24.3614	41.5164	4.76251
367	9.82545	24.2399	43.604 	4.87082
368	9.82545	24.3841	43.5802	5.0321 
369	9.82545	24.3482	42.1686	5.04746
370	9.82545	24.1742	40.1394	4.93981
371	9.82545	24.2418	43.7897	4.93949
372	9.82545	24.0395	42.3213	5.058  
373	9.82545	24.1604	40.4417	4.75566
374	9.82545	24.4633	43.1831	5.05174
375	9.82545	24.3825	43.1831	5.1549 
376	9.82545	24.4883	44.2337	5.14634
377	9.82545	24.3279	45.3271	5.08501
378	9.82545	24.308 	42.7835	5.14384
379	9.82545	24.2059	45.0732	4.82342
380	9.82545	24.3152	41.4499	5.02009
381	9.82545	24.3625	44.5639	5.07203
382	9.82545	24.3046	45.7254	5.21241
383	9.82545	24.4177	43.4202	5.22471
384	9.82545	24.4341	42.9314	4.9558 
385	9.82545	24.4545	43.9076	5.1041 
386	9.82545	24.5807	42.5673	5.0832 
387	9.82545	24.5251	44.5523	5.22962
388	9.82545	24.4734	42.1928	5.12911
389	9.82545	24.4191	41.4799	5.00735
390	9.82545	24.6546	43.2953	5.18369
391	9.82545	24.6205	43.4131	5.33193
392	9.82545	24.4371	43.7187	5.17812
393	9.82545	24.5036	39.9789	5.02384
394	9.82545	24.4121	40.7346	4.98016
395	9.82545	24.3479	43.6067	5.08368
396	9.82545	24.3513	43.8193	5.04286
397	9.82545	24.5696	43.389 	5.20008
398	9.82545	24.6184	48.3843	5.12066
399	9.82545	24.5296	44.7617	5.15137
400	9.82545	24.3805	51.7969	5.2005 
401	9.82545	24.424 	45.1722	5.07552
402	9.82545	24.4421	45.4   	5.11244
403	9.82545	24.6401	45.502 	4.96456
404	9.82545	24.5776	43.6017	5.13279
405	9.82545	24.4908	43.0395	5.2953 
406	9.82545	24.7059	44.8776	5.20499
407	9.82545	24.6748	44.7662	5.45203
408	9.82545	24.5376	42.5744	5.09575
409	9.82545	24.7061	45.0403	5.1303 
410	9.82545	24.6994	41.8027	5.1509 
411	9.82545	24.891 	42.3745	5.07783
412	9.82545	24.7923	44.3212	5.23172
413	9.82545	24.776 	42.1253	5.2454 
414	9.82545	24.791 	39.602 	5.33002
415	9.82545	24.8232	43.9125	5.17548
416	9.82545	24.8618	45.0682	5.21182
417	9.82545	24.7531	43.9125	5.07539
418	9.82545	24.5535	41.4544	5.19944
419	9.82545	24.6316	43.6021	5.04111
420	9.82545	24.8635	48.8392	5.3669 
421	9.82545	24.7089	44.2628	5.05582
422	9.82545	24.8485	42.0514	5.2296 
423	9.82545	24.5266	41.973 	5.14424
424	9.82545	24.7599	43.7656	5.11916
425	9.82545	25.0434	46.0735	5.3711 
426	9.82545	24.809 	43.9239	5.09963
427	9.82545	24.7131	47.2593	5.16399
428	9.82545	24.7635	44.8813	5.15804
429	9.82545	24.7945	45.4983	5.37537
430	9.82545	24.8864	44.8077	5.31074
431	9.82545	25.0404	42.499 	5.44075
432	9.82545	25.0043	45.3982	5.42083
433	9.82545	24.9273	43.8728	5.41706
434	9.82545	24.9534	45.6819	5.16196
435	9.82545	24.7772	47.4642	5.50328
436	9.82545	24.9513	41.8977	5.23132
437	9.82545	24.9244	44.6698	5.26975
438	9.82545	25.1268	42.4276	5.29582
439	9.82545	25.1868	46.471 	5.09919
440	9.82545	24.9026	44.308 	5.39682
441	9.82545	25.0545	42.7376	5.31556
442	9.82545	25.1226	43.3142	5.19326
443	9.82545	24.9723	43.8099	5.33171
444	9.82545	25.0175	45.4571	5.26829
445	9.82545	25.0603	45.6261	5.40065
446	9.82545	25.193 	47.1798	5.31439
447	9.82545	24.9835	49.0638	5.45213
448	9.82545	25.0393	45.8295	5.18158
449	9.82545	25.2608	39.9304	5.4087 
450	9.82545	25.2341	50.3706	5.6849 
451	9.82545	24.9557	44.2525	5.23687
452	9.82545	25.2386	47.9848	5.46536
453	9.82545	25.1034	47.9848	5.29903
454	9.82545	25.0483	45.9277	5.44403
455	9.82545	25.1853	46.8197	5.27572
456	9.82545	25.2929	43.9924	5.38484
457	9.82545	25.2472	44.4981	5.50992
458	9.82545	25.094 	40.9181	5.17938
459	9.82545	25.1963	46.9118	5.32381
460	9.82545	25.2915	44.0715	5.27253
461	9.82545	25.0173	44.0715	5.28999
462	9.82545	25.008 	45.9224	5.25063
463	9.82545	24.8883	45.8963	5.28503
464	9.82545	25.2254	41.5031	5.18059
465	9.82545	25.1992	46.4193	5.26173
466	9.82545	25.1927	46.4193	5.60119
467	9.82545	25.5998	47.9716	5.61903
468	9.82545	24.9089	42.7243	5.25505
469	9.82545	25.3527	50.3921	5.67624
470	9.82545	25.2981	43.8702	5.30054
471	9.82545	25.3391	48.2336	5.45553
472	9.82545	25.4099	45.7031	5.52076
473	9.82545	25.4499	44.9245	5.49184
474	9.82545	25.197 	46.0168	5.30455
475	9.82545	25.1252	47.1272	5.49488
476	9.82545	25.3639	44.7992	5.39968
477	9.82545	25.2792	48.3864	5.6094 
478	9.82545	25.3978	45.0778	5.30126
479	9.82545	25.3891	47.6175	5.47496
480	9.82545	25.3979	47.9   	5.55472
481	9.82545	25.4966	45.7786	5.57292
482	9.82545	25.4199	47.0109	5.78878
483	9.82545	25.2896	45.6908	5.3508 
484	9.82545	25.4043	45.2059	5.51969
485	9.82545	25.5483	46.4138	5.4094 
486	9.82545	25.5719	48.6526	5.77873
487	9.82545	25.3313	48.6526	5.52464
488	9.82545	25.5619	48.0872	5.89223
489	9.82545	25.4919	50.4289	5.58811
490	9.82545	25.4617	48.4589	5.57404
491	9.82545	25.3045	44.9927	5.27829
492	9.82545	25.3873	47.0085	5.50369
493	9.82545	25.5162	45.8257	5.61304
494	9.82545	25.47  	46.2503	5.8908 
495	9.82545	25.6581	49.8656	5.71165
496	9.82545	25.3802	49.3581	5.8517 
497	9.82545	25.5108	44.1633	5.71092
498	9.82545	25.4962	46.3011	5.77998
499	9.82545	25.7365	47.3595	5.71805
6.87000001
