/usr/lib/python2.7/site-packages/deap/tools/_hypervolume/pyhv.py:33: ImportWarning: Falling back to the python version of hypervolume module. Expect this to be very slow.
  "module. Expect this to be very slow.", ImportWarning)
gen	min    	avg   	max    	std  
0  	11.6187	21.787	37.6588	4.009
1  	11.6187	21.7433	34.6211	3.79868
2  	11.6187	21.6327	35.4073	3.90165
3  	11.6187	21.4303	36.7951	4.03826
4  	11.6187	21.5057	34.6369	3.7923 
5  	11.6187	21.711 	33.4042	3.77428
6  	11.5678	21.5405	35.7639	3.91261
7  	11.5678	21.6244	35.1547	3.8665 
8  	11.5678	21.2786	35.6429	3.75073
9  	11.1025	21.2556	36.5713	3.77582
10 	11.1025	21.3504	33.7779	3.9375 
11 	9.75667	21.3034	33.1096	3.9094 
12 	9.75667	21.4511	34.4929	3.96581
13 	9.75667	21.4638	34.2071	3.90507
14 	9.75667	21.5248	34.3442	3.80536
15 	9.75667	21.5527	34.9068	3.79817
16 	9.75667	21.3867	33.8229	3.98374
17 	9.75667	21.5071	34.0667	3.94683
18 	9.75667	21.586 	35.2545	3.76434
19 	9.75667	21.3759	33.9174	3.7678 
20 	9.75667	21.4801	32.6787	3.78114
21 	9.75667	21.659 	34.6854	3.72377
22 	9.75667	21.568 	34.0934	4.01017
23 	9.75667	21.6935	34.4971	3.93348
24 	9.75667	21.5711	33.4809	3.93144
25 	9.75667	21.7297	35.5734	4.08446
26 	9.75667	21.5911	34.767 	3.8466 
27 	9.75667	21.4799	33.2404	3.85499
28 	9.75667	21.7915	37.4119	4.08351
29 	9.75667	21.4978	34.9415	4.07157
30 	9.75667	21.4261	33.861 	3.99597
31 	9.75667	21.75  	34.9452	4.06851
32 	9.75667	21.6401	34.9791	3.91441
33 	9.75667	21.7878	34.1727	3.83856
34 	9.75667	21.5842	34.4293	3.91335
35 	9.75667	21.5778	34.1142	3.72851
36 	9.75667	21.747 	34.8589	3.94358
37 	9.75667	21.4363	35.2529	3.82931
38 	9.75667	21.4332	33.817 	3.79489
39 	9.75667	21.4254	33.6574	3.82309
40 	9.75667	21.5684	35.2286	3.96822
41 	9.75667	21.7586	34.5065	3.90283
42 	9.75667	21.8076	33.9417	3.83638
43 	9.75667	21.6764	35.0173	4.02188
44 	9.75667	21.7512	34.3405	3.85006
45 	9.75667	21.6434	35.1371	3.93068
46 	9.75667	21.7688	33.6505	3.89111
47 	9.75667	21.6811	36.3936	3.93859
48 	9.75667	21.6321	33.6711	3.83662
49 	9.75667	21.7619	32.8711	3.93582
50 	9.75667	21.6354	36.4764	3.98838
51 	9.75667	21.6505	34.1307	3.99112
52 	9.75667	21.6783	33.5394	3.69174
53 	9.75667	21.6953	35.8392	3.97052
54 	9.75667	21.6249	36.7804	4.03984
55 	9.75667	22.0444	36.1482	4.02861
56 	9.75667	21.93  	35.4842	3.95025
57 	9.75667	21.6165	35.9073	3.99063
58 	9.75667	21.6483	34.1306	4.01007
59 	9.75667	21.7638	35.472 	4.12515
60 	9.75667	21.9471	33.9739	3.79919
61 	9.75667	21.9513	37.9156	4.20906
62 	9.75667	21.9905	33.6596	4.05364
63 	9.75667	21.8798	34.8508	4.00478
64 	9.75667	21.621 	33.0575	4.10503
65 	9.75667	22.0278	33.3642	3.99192
66 	9.75667	21.7122	33.7305	4.03412
67 	9.75667	21.9016	36.4349	3.97301
68 	9.75667	22.0783	35.736 	4.06446
69 	9.75667	21.9365	34.2199	3.8489 
70 	9.75667	21.9891	36.4106	4.04986
71 	9.75667	21.9334	35.3269	3.85508
72 	9.75667	21.8574	33.219 	3.95163
73 	9.75667	22.2403	34.7819	4.0884 
74 	9.75667	21.6623	34.8294	4.02008
75 	9.75667	21.786 	36.4776	4.01717
76 	9.75667	21.9789	35.173 	4.06529
77 	9.75667	21.8457	33.5537	4.04301
78 	9.75667	21.9113	34.6857	4.24303
79 	9.75667	21.9383	36.5953	3.96494
80 	9.75667	21.8472	34.8962	4.1427 
81 	9.75667	22.0724	35.0851	4.08246
82 	9.75667	21.8222	35.2208	4.05222
83 	9.75667	21.8362	37.6366	4.06983
84 	9.75667	22.0576	38.3306	4.2176 
85 	9.75667	21.5404	33.9291	3.92299
86 	9.75667	21.6788	34.7388	3.77011
87 	9.75667	21.7678	34.5975	3.98222
88 	9.75667	21.8611	35.0137	3.9691 
89 	9.75667	22.259 	34.3461	4.03329
90 	9.75667	21.7872	36.3191	4.03049
91 	9.75667	22.1994	35.1828	4.10386
92 	9.75667	22.0307	34.5858	4.06091
93 	9.75667	21.8195	35.9423	3.96243
94 	9.75667	21.9426	35.0875	4.04406
95 	9.75667	22.0087	35.1451	3.88705
96 	9.75667	22.1945	35.7962	4.0261 
97 	9.75667	21.9632	36.2804	4.03561
98 	9.75667	22.178 	36.0973	4.01449
99 	9.75667	22.1359	35.6131	4.21745
100	9.75667	22.0254	35.6139	4.14617
101	9.75667	22.245 	37.0207	4.00899
102	9.75667	22.1981	40.2719	4.26371
103	9.75667	22.0222	37.7178	4.15534
104	9.75667	21.9347	37.0815	4.12864
105	9.75667	22.1623	34.6025	4.10315
106	9.75667	21.9787	34.3659	4.0095 
107	9.75667	22.182 	37.9502	4.09057
108	9.75667	21.9667	34.3659	4.04982
109	9.75667	22.1919	35.1174	4.10343
110	9.75667	22.4074	38.2253	4.10185
111	9.75667	22.0624	33.4838	4.01637
112	9.75667	22.2567	35.1474	3.9457 
113	9.75667	22.2844	36.878 	4.2477 
114	9.75667	22.1698	36.6246	4.09421
115	9.75667	22.2649	36.0857	4.16265
116	9.75667	22.235 	38.1888	4.11991
117	9.75667	22.321 	34.7796	4.0511 
118	9.75667	22.4336	37.6012	4.3006 
119	9.75667	22.7321	39.6976	4.45276
120	9.75667	22.4289	36.6209	4.31349
121	9.75667	22.3728	38.2739	4.21317
122	9.75667	22.5307	36.3457	4.30583
123	9.75667	22.1977	37.0196	4.15039
124	9.75667	22.0433	34.8201	3.93886
125	9.75667	22.1293	35.4729	4.18447
126	9.75667	22.1415	35.5521	4.15227
127	9.75667	22.136 	35.2335	4.18789
128	9.75667	22.2938	37.5396	4.36106
129	9.75667	22.4505	35.6874	4.13302
130	9.75667	22.4129	38.6553	4.38054
131	9.75667	22.3522	38.6553	4.31725
132	9.75667	22.1302	41.2582	4.14534
133	9.75667	22.5122	41.2582	4.30479
134	9.75667	22.4427	38.6391	4.423  
135	9.75667	21.9053	40.7926	4.24588
136	9.75667	22.4229	37.3439	4.21853
137	9.75667	22.3678	37.3941	4.19534
138	9.75667	22.7372	37.1139	4.2607 
139	9.75667	22.3533	35.6174	4.34372
140	9.75667	22.2513	36.2456	4.27179
141	9.75667	22.425 	36.2456	4.31805
142	9.75667	22.5427	39.9567	4.25181
143	9.75667	22.5549	37.7417	4.17472
144	9.75667	22.4091	37.6072	4.24959
145	9.75667	22.7092	35.8055	4.26549
146	9.75667	22.7335	37.8935	4.323  
147	9.75667	22.4642	37.9947	4.40632
148	9.75667	22.5092	37.1476	4.2269 
149	9.75667	22.7008	37.5411	4.10814
150	9.75667	22.6253	37.787 	4.03616
151	9.75667	22.6115	39.0619	4.29874
152	9.75667	22.6432	38.5707	4.2116 
153	9.75667	22.54  	38.5707	4.24153
154	9.75667	22.5336	36.5497	4.08287
155	9.75667	22.6041	36.998 	4.28542
156	9.75667	22.6797	35.3572	4.14105
157	9.75667	22.4275	36.8083	4.17009
158	9.75667	22.7535	38.1879	4.27635
159	9.75667	22.8554	34.982 	4.10363
160	9.75667	22.3619	37.8643	4.19868
161	9.75667	22.5351	35.4384	4.21385
162	9.75667	22.6643	37.8852	4.18194
163	9.75667	22.6777	36.6955	4.42981
164	9.75667	22.4297	34.931 	4.12936
165	9.75667	22.6384	41.8275	4.22157
166	9.75667	22.4599	38.3617	4.21557
167	9.75667	22.6334	37.4922	4.28586
168	9.75667	22.4791	37.2902	4.28407
169	9.75667	22.5514	39.846 	4.11767
170	9.75667	22.5879	37.6387	4.20774
171	9.75667	22.4801	38.5948	4.40278
172	9.75667	22.6895	36.306 	4.3685 
173	9.75667	22.5552	35.1306	4.27063
174	9.75667	22.853 	39.5006	4.3401 
175	9.75667	22.6667	37.5285	4.27807
176	9.75667	22.802 	36.6199	4.12812
177	9.75667	22.6348	38.792 	4.34051
178	9.75667	22.8231	36.8162	4.3044 
179	9.75667	22.5526	37.55  	4.30002
180	9.75667	22.9091	39.0842	4.52881
181	9.75667	22.621 	37.2763	4.35688
182	9.75667	22.4351	38.4605	4.28902
183	9.75667	22.5622	41.724 	4.36082
184	9.75667	22.7385	39.7937	4.40832
185	9.75667	22.9212	39.3551	4.44289
186	9.75667	22.8011	37.3433	4.39402
187	9.75667	22.7555	37.7038	4.41266
188	9.75667	22.6328	42.1949	4.46849
189	9.75667	22.6355	36.7173	4.32273
190	9.75667	22.749 	37.0266	4.29166
191	9.75667	22.7879	39.3178	4.27243
192	9.75667	22.731 	36.3952	4.22049
193	9.75667	22.8785	41.8762	4.5404 
194	9.75667	22.8532	40.2397	4.5701 
195	9.75667	22.9877	41.6054	4.46818
196	9.75667	22.8048	40.2353	4.43493
197	9.75667	22.766 	38.2071	4.46874
198	9.75667	22.8809	39.6921	4.29775
199	9.75667	22.97  	36.4731	4.24079
200	9.75667	22.8506	38.0544	4.17344
201	9.75667	22.8242	39.8628	4.26825
202	9.75667	22.9146	36.9838	4.3547 
203	9.75667	23.0057	40.453 	4.46073
204	9.75667	22.8908	37.65  	4.48135
205	9.75667	22.9458	38.1036	4.19705
206	9.75667	22.834 	38.1036	4.45543
207	9.75667	22.7164	37.3546	4.24907
208	9.75667	23.0004	36.9973	4.44614
209	9.75667	23.2064	39.3258	4.44677
210	9.75667	22.9968	38.0126	4.48774
211	9.75667	23.1359	39.2302	4.66172
212	9.75667	23.0417	38.4079	4.53635
213	9.75667	22.9391	42.3104	4.38445
214	9.75667	23.1046	41.9172	4.50086
215	9.75667	23.0004	41.8259	4.5572 
216	9.75667	23.0649	40.4542	4.56643
217	9.75667	23.243 	41.3192	4.47787
218	9.75667	23.1865	37.9418	4.57899
219	9.75667	23.1114	38.948 	4.55868
220	9.75667	23.0822	36.764 	4.322  
221	9.75667	23.3695	37.6249	4.41977
222	9.75667	23.2889	37.9746	4.50046
223	9.75667	23.0151	43.7472	4.41402
224	9.75667	22.7815	40.1166	4.39984
225	9.75667	23.1316	37.4248	4.48136
226	9.75667	23.0618	37.9016	4.05655
227	9.75667	23.2436	38.0981	4.35544
228	9.75667	23.1457	40.1844	4.60322
229	9.75667	22.9649	37.9506	4.45948
230	9.75667	23.1819	38.1564	4.49495
231	9.75667	22.9653	37.8237	4.4275 
232	9.75667	23.4607	39.8779	4.71542
233	9.75667	22.9937	38.4031	4.71844
234	9.75667	23.5704	38.5631	4.60075
235	9.75667	23.5564	39.8868	4.52665
236	9.75667	23.4013	42.3531	4.64367
237	9.75667	23.3383	40.2629	4.48886
238	9.75667	23.4033	40.0065	4.55201
239	9.75667	23.3258	39.5756	4.53688
240	9.75667	23.3062	39.9515	4.43925
241	9.75667	23.3228	39.1652	4.50575
242	9.75667	23.3566	39.2813	4.57774
243	9.75667	23.4462	42.8244	4.52916
244	9.75667	23.5679	40.2955	4.40964
245	9.75667	23.3557	41.283 	4.45846
246	9.75667	23.6507	40.9553	4.70176
247	9.75667	23.6772	38.0338	4.58142
248	9.75667	23.2962	37.2535	4.6192 
249	9.75667	23.27  	41.2148	4.60374
250	9.75667	23.38  	37.965 	4.59534
251	9.75667	23.4642	43.349 	4.61454
252	9.75667	23.3619	40.0745	4.44819
253	9.75667	23.4741	43.8435	4.36429
254	9.75667	23.3381	40.0233	4.52406
255	9.75667	23.5238	39.9106	4.4745 
256	9.75667	23.4272	42.9604	4.88571
257	9.75667	23.4007	37.9134	4.5658 
258	9.75667	23.4664	39.3947	4.63553
259	9.75667	23.3311	39.7858	4.52722
260	9.75667	23.2638	40.6078	4.48942
261	9.75667	23.5572	41.0084	4.71588
262	9.75667	23.3102	44.3593	4.7203 
263	9.75667	23.693 	39.1386	4.60127
264	9.75667	23.2057	39.1386	4.59781
265	9.75667	23.3184	39.3077	4.50305
266	9.75667	23.5488	42.0858	4.77124
267	9.75667	23.2284	38.4524	4.61998
268	9.75667	23.6467	39.0758	4.73073
269	9.75667	23.5334	38.6503	4.66686
270	9.75667	23.1229	42.5756	4.66755
271	9.75667	23.5772	37.2738	4.39684
272	9.75667	23.5213	37.3514	4.54596
273	9.75667	23.3844	41.0491	4.70612
274	9.75667	23.4107	41.5683	5.01065
275	9.75667	23.5444	45.0087	4.60773
276	9.75667	23.5923	38.896 	4.72505
277	9.75667	23.6441	41.4042	4.74649
278	9.75667	23.5574	39.3332	4.59914
279	9.75667	23.5157	40.0908	4.70066
280	9.75667	23.3352	37.5773	4.66383
281	9.75667	23.6541	40.2898	4.80828
282	9.75667	23.6717	39.4779	4.50856
283	9.75667	23.5907	39.4317	4.51054
284	9.75667	23.7667	41.3936	4.72978
285	9.75667	23.7315	40.0315	4.82382
286	9.75667	23.619 	43.3473	4.75506
287	9.75667	23.8113	38.4404	4.73775
288	9.75667	23.4363	38.52  	4.56661
289	9.75667	23.6852	40.3218	4.75126
290	9.75667	23.8785	41.0472	4.62678
291	9.75667	23.679 	39.7312	4.64435
292	9.75667	23.7441	39.4806	4.84116
293	9.75667	23.8084	41.9138	4.90713
294	9.75667	23.6947	41.8118	4.72565
295	9.75667	23.3656	39.0712	4.84392
296	9.75667	23.6704	39.9585	4.86606
297	9.75667	23.915 	40.7589	5.01728
298	9.75667	23.8797	40.7562	4.87857
299	9.75667	23.629 	39.7077	4.81289
300	9.75667	23.9515	41.6628	5.06508
301	9.75667	23.656 	43.1293	4.75212
302	9.75667	23.8477	38.8156	4.77577
303	9.75667	23.9339	41.4123	4.91125
304	9.75667	23.8044	40.6935	4.75082
305	9.75667	24.0744	39.3684	4.82702
306	9.75667	24.0243	43.8253	4.98935
307	9.75667	23.7765	45.0585	4.83553
308	9.75667	23.7709	41.3533	4.90778
309	9.75667	23.9274	43.6463	4.9675 
310	9.75667	23.9012	42.0792	4.93339
311	9.75667	24.0227	42.561 	4.81447
312	9.75667	24.0542	42.8456	5.04157
313	9.75667	23.8507	39.963 	4.90377
314	9.75667	23.9722	43.1771	4.70915
315	9.75667	23.9544	40.4815	4.60401
316	9.75667	23.9237	40.5146	4.68622
317	9.75667	24.3433	41.4218	4.97208
318	9.75667	24.2522	45.5566	4.96106
319	9.75667	23.8728	42.7672	4.90372
320	9.75667	23.9079	43.4557	5.22245
321	9.75667	24.0357	42.8523	4.9165 
322	9.75667	24.2403	40.6972	5.03969
323	9.75667	23.9259	40.4174	4.93708
324	9.75667	24.1293	41.4079	4.79409
325	9.75667	23.8341	39.4017	4.70629
326	9.75667	24.2862	42.1675	5.02459
327	9.75667	24.1041	41.4953	4.95821
328	9.75667	24.2355	42.6138	4.97757
329	9.75667	24.1801	42.3063	4.99072
330	9.75667	24.0076	41.955 	5.0717 
331	9.75667	23.9498	42.1567	4.87307
332	9.75667	23.9974	39.7204	4.78843
333	9.75667	24.0926	39.6566	4.86384
334	9.75667	24.1873	42.6498	4.68201
335	9.75667	24.2026	39.7379	4.75918
336	9.75667	24.1887	41.7917	5.04534
337	9.75667	24.2672	40.5307	4.81961
338	9.75667	24.1181	41.9359	4.82237
339	9.75667	24.1033	42.6672	4.80858
340	9.75667	24.1636	37.4412	4.67227
341	9.75667	24.1472	38.5338	4.61727
342	9.75667	24.0385	38.362 	4.79957
343	9.75667	24.2825	42.4152	4.87554
344	9.75667	24.3559	39.1678	4.88286
345	9.75667	24.3032	43.2547	5.03167
346	9.75667	24.059 	43.1586	4.9713 
347	9.75667	24.1916	44.4002	4.9839 
348	9.75667	24.3548	40.3017	4.95581
349	9.75667	24.1082	44.2511	5.07054
350	9.75667	24.0195	44.2753	4.83605
351	9.75667	24.4154	41.1687	4.94113
352	9.75667	24.528 	45.0863	5.18037
353	9.75667	24.4016	44.8231	4.99219
354	9.75667	24.497 	43.4238	5.23389
355	9.75667	24.1576	41.448 	5.01784
356	9.75667	24.2341	45.7824	5.08279
357	9.75667	24.5479	45.904 	5.07242
358	9.75667	24.5443	45.4991	5.3085 
359	9.75667	24.2038	40.942 	5.07066
360	9.75667	24.3387	39.1872	5.03444
361	9.75667	24.4385	42.5895	5.09112
362	9.75667	24.5727	41.0631	5.21331
363	9.75667	24.6148	41.4075	5.08852
364	9.75667	24.8562	44.9439	5.25227
365	9.75667	24.3622	43.4157	5.08926
366	9.75667	24.2658	46.1611	5.0005 
367	9.75667	24.5236	43.1675	4.9093 
368	9.75667	24.332 	42.7844	4.94426
369	9.75667	24.6726	42.7844	5.07094
370	9.75667	24.744 	42.0545	5.00228
371	9.75667	24.381 	41.1639	4.98271
372	9.75667	24.4719	42.6338	5.1405 
373	9.75667	24.381 	41.2813	4.88098
374	9.75667	24.5342	44.2489	5.19209
375	9.75667	24.797 	42.8492	5.09248
376	9.75667	24.3627	42.4109	5.07858
377	9.75667	24.6185	43.3327	4.8784 
378	9.75667	24.6974	42.7921	5.02956
379	9.75667	24.5659	42.7143	4.99544
380	9.75667	24.4528	40.3254	4.84146
381	9.75667	24.7872	42.8126	5.22589
382	9.75667	24.4593	41.8893	5.00941
383	9.75667	24.6586	51.704 	5.24902
384	9.75667	24.5893	43.0681	5.00562
385	9.75667	24.6514	42.6933	5.07972
386	9.75667	24.6626	44.0212	5.09878
387	9.75667	24.5158	43.6866	5.0024 
388	9.75667	24.7012	43.7231	5.12103
389	9.75667	24.5241	45.6052	4.99944
390	9.75667	24.6642	42.4168	5.05545
391	9.75667	24.6068	42.3354	4.78817
392	9.75667	24.4925	40.1263	4.67847
393	9.75667	24.7227	42.8089	4.94804
394	9.75667	24.5443	41.9195	4.86569
395	9.75667	24.7057	47.2828	5.26113
396	9.75667	24.5473	44.9376	5.1889 
397	9.75667	24.5495	45.7834	5.29698
398	9.75667	24.5122	43.6038	5.1482 
399	9.75667	24.9528	44.5642	5.24314
400	9.75667	24.6587	42.7922	5.1439 
401	9.75667	24.6108	41.9645	5.0712 
402	9.75667	24.5194	45.3388	4.95734
403	9.75667	24.6469	42.4685	5.00224
404	9.75667	24.8886	47.8803	5.22529
405	9.75667	24.581 	44.4402	5.29535
406	9.75667	24.653 	43.3901	5.00219
407	9.75667	24.6266	42.9175	5.10215
408	9.75667	24.766 	40.9657	5.05567
409	9.75667	24.6897	41.3192	5.15686
410	9.75667	24.7458	43.9632	5.18321
411	9.75667	24.5476	42.1365	5.09485
412	9.75667	24.5856	43.9141	5.20746
413	9.75667	24.7222	46.5934	5.22946
414	9.75667	24.5937	43.1286	5.00268
415	9.75667	24.7301	42.2121	5.09134
416	9.75667	24.7872	43.8795	5.23234
417	9.75667	24.6875	45.9652	5.21899
418	9.75667	24.6632	43.7817	5.35205
419	9.75667	24.7427	43.3343	5.37028
420	9.75667	24.8028	43.2434	5.23055
421	9.75667	24.7924	43.2434	5.06704
422	9.75667	24.522 	41.846 	4.9673 
423	9.75667	24.5086	43.676 	5.23067
424	9.75667	24.8565	46.3283	5.38225
425	9.75667	24.6581	43.6554	5.26303
426	9.75667	24.8209	44.1491	5.32898
427	9.75667	24.6673	44.3321	5.24864
428	9.75667	24.9109	43.4128	5.17978
429	9.75667	24.5858	42.7515	5.13675
430	9.75667	24.6662	44.5162	5.07305
431	9.75667	24.7858	45.9648	4.93395
432	9.75667	24.6824	43.9906	5.12657
433	9.75667	24.8488	46.5588	5.36768
434	9.75667	24.9086	45.9051	5.28785
435	9.75667	24.9094	43.1536	5.2935 
436	9.75667	24.7414	47.0324	5.42449
437	9.75667	24.7014	51.5147	5.51649
438	9.75667	24.8346	42.7127	5.25774
439	9.75667	24.7801	41.9085	5.20134
440	9.75667	24.9144	44.7994	5.28105
441	9.75667	24.6378	45.8385	5.32631
442	9.75667	24.692 	44.1926	5.47169
443	9.75667	24.8732	44.5778	5.32077
444	9.75667	24.9687	45.7617	5.42757
445	9.75667	24.7478	49.6978	5.31779
446	9.75667	24.7264	52.255 	5.42824
447	9.75667	24.8808	47.613 	5.33428
448	9.75667	25.1438	43.2026	5.46774
449	9.75667	24.9949	47.7509	5.32952
450	9.75667	24.9898	43.6898	5.12769
451	9.75667	25.0753	41.5983	4.97264
452	9.75667	24.8725	43.7308	5.21506
453	9.75667	25.1276	46.9635	5.33226
454	9.75667	25.0723	45.5905	5.5108 
455	9.75667	24.9334	49.6568	5.43393
456	9.75667	25.0193	45.4566	5.29358
457	9.75667	24.9441	48.2561	5.45272
458	9.75667	24.8767	44.6559	5.49185
459	9.75667	25.0436	47.1819	5.35791
460	9.75667	25.0547	49.1609	5.42873
461	9.75667	25.1097	50.8932	5.24276
462	9.75667	25.3177	48.7059	5.49558
463	9.75667	25.1064	47.5441	5.22451
464	9.75667	25.3765	42.7966	5.43365
465	9.75667	25.204 	42.7966	5.1736 
466	9.75667	25.3241	45.2986	5.11911
467	9.75667	25.0694	42.8186	5.18668
468	9.75667	24.9738	44.2086	5.31575
469	9.75667	24.9935	45.1771	5.44245
470	9.75667	25.112 	45.5977	5.31867
471	9.75667	24.9814	45.9852	5.25489
472	9.75667	25.1737	43.9531	5.49804
473	9.75667	25.0771	46.211 	5.46936
474	9.75667	25.2799	44.6492	5.48479
475	9.75667	25.1964	45.1248	5.57851
476	9.75667	25.1038	45.4394	5.43355
477	9.75667	25.1055	42.2667	5.32941
478	9.75667	25.1003	42.8535	5.23562
479	9.75667	25.1809	42.0005	5.35355
480	9.75667	25.3786	45.3851	5.63464
481	9.75667	25.3231	45.8124	5.55664
482	9.75667	25.1239	46.4332	5.44543
483	9.75667	25.1253	47.9191	5.52687
484	9.75667	25.2735	47.9191	5.32148
485	9.75667	25.3023	46.8465	5.55467
486	9.75667	25.2625	48.0828	5.71158
487	9.75667	25.4953	49.3483	5.41047
488	9.75667	25.2506	47.3226	5.51351
489	9.75667	25.4837	44.6799	5.36909
490	9.75667	25.2132	48.1094	5.33973
491	9.75667	25.4455	47.0864	5.40865
492	9.75667	25.4936	42.8343	5.42746
493	9.75667	25.1437	42.5128	5.33787
494	9.75667	24.9992	43.0295	5.32343
495	9.75667	25.2757	42.313 	5.45237
496	9.75667	25.1558	42.3583	5.52177
497	9.75667	25.3463	43.6446	5.59697
498	9.75667	25.6181	46.5434	5.80213
499	9.75667	25.4341	43.3694	5.54358
6.87000001
