/usr/lib/python2.7/site-packages/deap/tools/_hypervolume/pyhv.py:33: ImportWarning: Falling back to the python version of hypervolume module. Expect this to be very slow.
  "module. Expect this to be very slow.", ImportWarning)
gen	min    	avg    	max    	std    
0  	12.0069	21.3444	33.7404	3.92424
1  	11.8923	21.3832	35.4233	3.88529
2  	11.8923	21.3634	34.9091	3.99091
3  	11.8923	21.5713	34.8875	4.10541
4  	11.3555	21.6558	34.3892	3.96808
5  	11.3555	21.6072	34.9473	4.01623
6  	11.3555	21.5366	31.8175	3.77467
7  	11.3555	21.469 	32.952 	3.87228
8  	11.3555	21.6812	35.7544	3.89034
9  	11.3555	21.5252	35.6955	3.94349
10 	11.3555	21.3551	34.2091	3.96793
11 	11.3555	21.5053	34.9155	3.9581 
12 	11.3555	21.5151	34.9155	4.04135
13 	11.3555	21.846 	36.2843	3.95368
14 	11.3555	21.5376	32.8378	3.72325
15 	11.3555	21.5558	35.9904	4.00197
16 	11.3555	21.4224	36.4432	3.81449
17 	11.3555	21.6215	38.2565	3.86451
18 	11.3555	21.5383	34.5485	3.8314 
19 	11.3555	21.6268	35.4937	3.96271
20 	11.3555	21.6953	33.1202	3.88898
21 	11.3555	21.4344	35.3016	3.79919
22 	11.3555	21.6925	32.2891	3.79354
23 	11.3555	21.6421	34.6559	3.9584 
24 	11.3555	21.6135	34.9914	3.89012
25 	11.3555	21.632 	36.5524	3.98918
26 	11.3555	21.6398	35.1004	3.85772
27 	11.3555	21.3281	33.3259	3.89073
28 	11.3555	21.5849	33.6971	3.78286
29 	11.3555	21.4948	37.9623	3.87723
30 	11.3555	21.7265	33.6787	3.81649
31 	11.3555	21.6342	35.3752	3.96924
32 	11.3555	21.6628	34.1837	3.86401
33 	11.186 	21.7766	36.8579	4.06078
34 	11.186 	21.4993	33.8861	3.72711
35 	11.186 	21.532 	35.7914	3.93478
36 	11.186 	21.6083	33.426 	3.74197
37 	10.6595	21.3644	34.0795	3.6951 
38 	10.6595	21.8372	35.6466	4.1329 
39 	10.6595	21.5664	36.1965	4.04779
40 	10.6595	21.5075	33.1242	4.00918
41 	10.6595	21.4531	34.4629	3.92841
42 	10.6595	21.4797	34.6446	3.98143
43 	10.6595	21.7344	36.41  	4.01524
44 	10.6595	21.847 	34.2918	4.00655
45 	10.6595	21.9399	35.1834	4.07646
46 	10.6595	21.9699	35.6431	3.86946
47 	10.6595	21.86  	36.2373	3.96011
48 	10.6595	21.4093	35.0766	3.91085
49 	10.6595	21.8085	35.2068	3.97249
50 	10.6595	21.9519	34.2001	4.08066
51 	10.6595	21.6807	32.5966	3.98383
52 	10.6595	21.7402	35.5728	4.20219
53 	10.6595	21.6791	36.4947	3.93874
54 	10.6595	21.9523	36.4947	3.95186
55 	10.6595	22.1122	37.4592	4.08013
56 	10.6595	21.9056	35.5744	4.00719
57 	10.6595	21.4652	33.368 	3.90132
58 	10.6595	21.7327	37.9092	4.03765
59 	10.6595	21.8503	37.9164	3.9843 
60 	10.6595	22.0153	37.0358	4.12449
61 	10.6595	21.7358	36.5429	3.88496
62 	10.6595	21.8595	35.6828	4.04757
63 	10.6595	22.0023	33.3243	3.98699
64 	10.6595	21.6878	35.1782	3.99378
65 	10.6595	21.8093	34.3787	3.89771
66 	10.6595	21.8476	34.4919	3.99907
67 	10.6595	21.6754	34.7664	3.89989
68 	10.6595	21.8255	37.8809	3.98448
69 	10.6595	21.798 	33.8887	3.98915
70 	10.6595	21.9412	34.8946	4.07424
71 	10.6595	21.7608	36.7862	4.08452
72 	10.6595	21.6328	33.815 	3.95317
73 	10.6595	21.712 	34.9575	3.93602
74 	10.6595	22.0503	35.228 	3.88595
75 	10.6595	21.7625	36.7672	4.0106 
76 	10.6595	22.0505	36.7672	4.02664
77 	10.6595	21.94  	36.978 	4.24802
78 	10.6595	22.2069	35.1096	3.97016
79 	10.6595	22.0784	33.785 	3.99716
80 	10.6595	22.0725	37.7887	4.1118 
81 	10.6595	21.9984	34.5438	4.02853
82 	10.6595	21.953 	34.6937	4.04014
83 	10.6595	21.832 	35.9061	4.11331
84 	10.6595	21.8042	34.5387	4.08584
85 	10.6595	21.6838	34.624 	3.77251
86 	10.6595	21.8821	36.7865	3.96268
87 	10.6595	22.0443	34.4703	4.15545
88 	10.6595	21.8843	35.3324	4.02763
89 	10.6595	21.8269	35.8876	3.95204
90 	10.6595	21.768 	35.1386	3.9038 
91 	10.6595	21.824 	34.5195	3.93809
92 	10.6595	22.0555	34.5195	4.06412
93 	10.6595	22.1008	35.3101	4.10145
94 	10.6595	22.2207	35.7953	4.183  
95 	10.6595	22.0265	35.1969	4.16366
96 	10.6595	22.2621	39.1537	4.23391
97 	10.6595	21.9393	36.0858	4.00136
98 	10.6595	21.8432	35.9394	4.05279
99 	10.6595	21.8965	37.1377	4.02828
100	10.6595	22.0989	34.7771	4.01083
101	10.6595	22.306 	36.123 	4.26102
102	10.6595	22.0709	36.5993	4.05993
103	10.6595	22.1524	37.8343	4.1519 
104	10.6595	22.2488	34.4949	4.1064 
105	10.6595	22.232 	36.7404	4.30285
106	10.6595	22.2763	36.6594	4.07475
107	10.6595	22.2089	36.8481	3.98782
108	10.6595	21.824 	34.5432	4.01061
109	10.6595	21.8607	34.9439	3.98324
110	10.6595	22.0188	34.9134	3.96883
111	10.6595	22.1941	37.1928	4.09269
112	10.6595	22.2798	36.7818	3.90401
113	10.6595	22.4147	35.7765	4.24011
114	10.6595	21.9329	35.7921	4.15791
115	10.6595	22.0439	34.0963	4.00004
116	10.6595	22.2237	36.436 	4.19683
117	10.6595	22.2266	34.1954	4.00633
118	10.6595	22.1232	36.4278	4.24785
119	10.6595	22.4079	36.4404	4.13727
120	10.6595	22.6709	37.1515	4.1967 
121	10.6595	22.1796	37.9826	4.05245
122	10.6595	22.3613	36.2748	4.09731
123	10.6595	22.1481	35.7595	4.0321 
124	10.6595	22.3851	40.9923	4.22138
125	10.6595	22.3143	37.5721	4.21831
126	10.6595	22.1431	36.6664	4.29137
127	10.6595	22.4781	35.4722	4.34994
128	10.6595	22.3309	35.8605	4.1667 
129	10.6595	22.4334	37.5942	4.21808
130	10.6595	22.222 	36.487 	4.0938 
131	10.6595	22.2882	37.5672	4.23905
132	10.5517	22.2816	35.2225	4.1342 
133	10.5517	22.2931	37.932 	4.06773
134	10.5517	22.4623	37.932 	4.2915 
135	10.5517	22.3018	37.3206	4.22891
136	10.5517	22.3715	36.1848	4.15046
137	10.5517	22.5777	36.1848	4.30019
138	10.5517	22.687 	36.8516	4.36234
139	10.5517	22.5008	37.4419	4.12996
140	10.5517	22.4493	37.4419	3.99083
141	10.5517	22.5266	36.6308	4.17376
142	10.5517	22.634 	42.9265	4.39837
143	10.5517	22.651 	39.2926	4.46613
144	10.5517	22.4025	38.511 	4.44827
145	10.5517	22.5017	42.3193	4.44718
146	10.5517	22.511 	38.2437	4.28016
147	10.5517	22.8667	36.9535	4.21523
148	10.5517	22.476 	37.0899	4.31945
149	10.5517	22.3678	40.9376	4.39232
150	10.5517	22.7709	37.6157	4.39006
151	10.5517	22.5746	38.9474	4.22756
152	10.5517	22.5461	36.3084	4.2856 
153	10.5517	22.5804	40.7248	4.29929
154	10.5517	22.4702	37.0425	4.30426
155	10.5517	22.7836	38.6748	4.4243 
156	10.5517	22.9071	37.873 	4.337  
157	10.5517	22.6227	42.1103	4.32803
158	10.5517	22.4566	39.1938	4.3249 
159	10.5517	22.7386	41.2415	4.26159
160	10.5517	22.6616	36.8923	4.18159
161	10.5517	22.9121	43.264 	4.39036
162	10.5517	22.7331	37.4237	4.18739
163	10.5517	22.8871	38.9011	4.2398 
164	10.5517	23.0103	37.4049	4.43992
165	10.5517	22.6593	40.5838	4.45158
166	10.5517	22.7564	39.8463	4.39064
167	10.5517	22.8638	35.0333	4.23623
168	10.5517	22.7342	36.1471	4.29681
169	10.5517	22.7451	37.2728	4.30665
170	10.5517	22.9357	40.04  	4.48981
171	10.5517	22.8667	37.1717	4.55874
172	9.88973	22.6592	37.0995	4.18704
173	9.88973	22.556 	37.8944	4.26139
174	9.88973	22.7276	37.4027	4.27546
175	9.88973	22.8142	35.3427	4.25965
176	9.88973	22.734 	38.1564	4.34954
177	9.88973	22.8752	38.1564	4.49663
178	9.88973	22.8605	42.345 	4.35194
179	9.88973	23.1082	37.4614	4.34849
180	9.88973	22.6582	36.5461	4.29607
181	9.88973	22.7767	38.9894	4.41684
182	9.88973	22.7508	37.9485	4.23144
183	9.88973	22.7573	35.3868	4.36509
184	9.88973	22.786 	39.0338	4.41817
185	9.88973	22.8652	37.948 	4.46592
186	9.88973	22.9096	38.2891	4.40377
187	9.88973	22.7785	36.3823	4.27256
188	9.88973	22.9929	38.418 	4.3371 
189	9.88973	22.9737	36.3823	4.37486
190	9.88973	23.1216	41.514 	4.3452 
191	9.88973	22.8879	40.964 	4.31619
192	9.88973	23.0371	39.1203	4.37512
193	9.88973	22.9069	41.3872	4.44602
194	9.88973	22.9387	39.4955	4.58865
195	9.88973	23.2437	40.2193	4.78774
196	9.88973	23.1221	38.5853	4.42958
197	9.88973	23.2232	38.0191	4.34934
198	9.88973	23.1019	36.6849	4.29804
199	9.88973	22.8957	39.7039	4.54988
200	9.88973	23.1067	40.7958	4.44685
201	9.88973	23.1372	39.7899	4.4811 
202	9.88973	23.0402	39.3054	4.51401
203	9.88973	23.0823	37.7179	4.61791
204	9.88973	23.0697	38.4523	4.38676
205	9.88973	23.1744	38.1103	4.44733
206	9.88973	23.1188	38.1269	4.36195
207	9.88973	23.2266	38.4919	4.34408
208	9.88973	23.2473	39.3989	4.78087
209	9.88973	23.0099	38.762 	4.45713
210	9.88973	23.0743	40.3791	4.68749
211	9.88973	23.1345	40.4377	4.40066
212	9.88973	22.9433	38.8463	4.30923
213	9.88973	23.2166	40.795 	4.55947
214	9.88973	23.0303	37.1126	4.25335
215	9.88973	23.2724	41.3253	4.50877
216	9.88973	22.9493	38.4372	4.4705 
217	9.88973	23.2155	41.1583	4.37486
218	9.88973	23.2032	39.3275	4.52698
219	9.88973	23.3032	41.3984	4.64029
220	9.88973	23.0571	37.7745	4.40164
221	9.88973	23.4091	37.7745	4.50512
222	9.88973	23.5276	40.894 	4.67592
223	9.88973	23.4284	39.7497	4.48681
224	9.88973	23.2043	38.6721	4.41725
225	9.88973	23.3118	39.6049	4.54525
226	9.88973	23.3311	45.5133	4.50064
227	9.88973	23.5631	40.3723	4.55095
228	9.88973	23.3038	39.7201	4.53616
229	9.88973	23.3129	43.9169	4.55389
230	9.88973	23.4747	39.7407	4.69266
231	9.88973	23.6075	40.2192	4.56206
232	9.88973	23.5017	38.8657	4.75869
233	9.88973	23.5805	40.5819	4.88417
234	9.88973	23.4963	43.0974	4.59177
235	9.88973	23.3199	45.0779	4.56628
236	9.88973	23.441 	41.0711	4.62741
237	9.88973	23.6088	38.8204	4.73112
238	9.88973	23.4621	39.8061	4.65095
239	9.88973	23.7093	41.8031	4.58166
240	9.88973	23.1711	39.5432	4.52506
241	9.88973	23.3332	40.6905	4.72863
242	9.88973	23.8416	43.0766	4.97155
243	9.88973	23.5804	41.2402	4.75544
244	9.88973	23.7612	39.1126	4.72205
245	9.88973	23.4761	38.7133	4.72048
246	9.88973	23.3144	39.5414	4.77299
247	9.88973	23.1749	40.599 	4.55418
248	9.88973	23.3411	40.9091	4.63389
249	9.88973	23.4537	41.8803	4.69523
250	9.88973	23.4105	38.9466	4.883  
251	9.88973	23.5031	38.8459	4.80223
252	9.88973	23.6699	42.7775	4.79976
253	9.88973	23.41  	39.3524	4.71156
254	9.88973	23.6665	42.0951	4.8742 
255	9.88973	23.684 	40.5635	4.867  
256	9.88973	23.8768	43.2911	4.81377
257	9.88973	23.8737	40.077 	4.82947
258	9.88973	23.7809	41.2854	4.70292
259	9.88973	23.6003	40.488 	4.65558
260	9.88973	23.4025	39.3438	4.69205
261	9.88973	23.5635	39.2814	4.76369
262	9.88973	23.7867	39.6851	4.65735
263	9.88973	23.8408	40.6128	4.69298
264	9.88973	23.7352	44.892 	4.7671 
265	9.88973	23.6704	44.6196	4.87751
266	9.88973	23.5954	40.165 	4.69654
267	9.88973	23.9263	40.511 	4.82718
268	9.88973	23.8883	39.7768	4.7489 
269	9.88973	23.8538	41.4835	4.68364
270	9.88973	23.9459	39.9125	4.75409
271	9.88973	23.8497	41.2544	4.86369
272	9.88973	23.9263	41.7705	4.92277
273	9.88973	23.9624	39.7062	4.77423
274	9.88973	23.9473	42.1588	5.10639
275	9.88973	23.927 	42.8596	4.9028 
276	9.88973	23.9442	41.9631	4.84039
277	9.88973	23.8937	40.3465	4.8356 
278	9.88973	24.1235	44.1621	5.02087
279	9.88973	24.323 	40.3432	4.74373
280	9.88973	23.8988	41.906 	4.9519 
281	9.88973	24.0973	42.9281	4.97937
282	9.88973	24.0323	43.3099	4.92499
283	9.88973	23.9493	43.3099	5.0335 
284	9.88973	24.1476	41.3001	4.87295
285	9.88973	23.864 	38.3214	4.74388
286	9.88973	24.0905	40.886 	4.88531
287	9.88973	23.8339	40.6398	4.78961
288	9.88973	24.0814	40.7665	4.97331
289	9.88973	24.1525	41.3737	4.88344
290	9.88973	23.7461	39.7744	4.83643
291	9.88973	24.084 	47.3235	4.79137
292	9.88973	24.0191	41.1415	4.74503
293	9.88973	24.2051	41.2359	4.66669
294	9.88973	23.9871	43.1149	4.83641
295	9.88973	24.1552	40.2708	4.83673
296	9.88973	24.1235	40.4103	4.93442
297	9.88973	24.2348	41.106 	4.92249
298	9.88973	24.1528	40.7347	4.78517
299	9.88973	24.1532	39.5483	4.74684
300	9.88973	24.182 	43.6525	5.01226
301	9.88973	24.4734	43.0212	4.90654
302	9.88973	24.1159	40.5855	4.87876
303	9.88973	23.9858	42.4693	5.06634
304	9.88973	24.3135	42.4734	4.9325 
305	9.88973	24.2955	43.781 	4.82911
306	9.88973	24.2728	42.9384	5.14968
307	9.88973	24.2509	43.8162	4.96395
308	9.88973	24.2372	41.7959	5.02431
309	9.88973	24.2696	44.6017	4.79573
310	9.88973	23.9677	44.3997	4.7942 
311	9.88973	24.2234	48.9906	4.87184
312	9.88973	24.2636	45.1446	4.90147
313	9.88973	24.2329	46.8114	4.73063
314	9.88973	24.4557	46.2607	4.92465
315	9.88973	24.598 	41.0336	4.93796
316	9.88973	24.5343	45.3547	5.16074
317	9.88973	24.5665	44.9923	5.08061
318	9.88973	24.439 	43.8212	5.2313 
319	9.88973	24.3436	44.0145	5.25366
320	9.88973	24.1753	39.7845	5.07903
321	9.88973	24.4126	41.0282	5.02846
322	9.88973	24.3346	39.5962	4.93028
323	9.88973	24.3924	44.0825	4.9711 
324	9.88973	24.4479	44.4217	5.22357
325	9.88973	24.2955	43.346 	4.96589
326	9.88973	24.8117	52.7242	5.41184
327	9.88973	24.4074	51.771 	5.21875
328	9.88973	24.4591	48.3406	5.20247
329	9.88973	24.3609	42.559 	5.35498
330	9.88973	24.5408	44.6836	5.09231
331	9.88973	24.3232	45.935 	5.08369
332	9.88973	24.531 	41.1125	4.81266
333	9.88973	24.5555	41.1125	5.11656
334	9.88973	24.6816	42.4358	4.99472
335	9.88973	24.605 	44.3402	5.28188
336	9.88973	24.4502	43.984 	5.2136 
337	9.88973	24.6148	42.8397	4.92617
338	9.88973	24.5985	44.1143	5.10538
339	9.88973	24.502 	43.6352	5.08629
340	9.88973	24.2529	40.5751	5.15399
341	9.88973	24.5028	41.9658	5.28289
342	9.88973	24.7238	41.3237	5.21776
343	9.88973	24.4951	41.0532	5.0806 
344	9.88973	24.5671	40.4939	5.12213
345	9.88973	24.4978	43.5519	5.33718
346	9.88973	24.7574	46.7682	5.11733
347	9.88973	24.5812	41.3981	4.93801
348	9.88973	24.617 	43.3658	5.06619
349	9.88973	24.822 	41.3513	5.21879
350	9.88973	24.8115	42.9963	5.11045
351	9.88973	24.8307	45.1388	5.06018
352	9.88973	24.7225	49.5565	5.30764
353	9.88973	24.6245	45.9328	5.06133
354	9.88973	24.7099	46.111 	5.29042
355	9.88973	24.8482	39.9747	5.10133
356	9.88973	24.707 	44.7682	5.01293
357	9.88973	24.6279	42.6073	5.06225
358	9.88973	24.7542	44.6038	5.19191
359	9.88973	24.73  	42.2161	4.92812
360	9.88973	24.7516	41.2802	5.13799
361	9.88973	24.8468	42.1115	5.0648 
362	9.88973	24.7611	42.3091	5.08668
363	9.88973	24.7225	42.7281	5.12362
364	9.88973	24.7934	47.348 	5.26323
365	9.88973	24.9642	41.8007	5.22831
366	9.88973	25.0691	50.2695	5.39724
367	9.88973	24.8018	46.5705	5.22251
368	9.88973	24.6437	44.2597	5.28829
369	9.88973	24.9566	43.0381	5.12361
370	9.88973	25.0004	43.782 	5.25293
371	9.88973	25.0948	45.7857	5.2855 
372	9.88973	24.7436	46.7501	5.28556
373	9.88973	25.0484	46.2949	5.29855
374	9.88973	24.8763	47.8605	5.29909
375	9.88973	24.6707	45.2986	5.06789
376	9.88973	24.9542	43.6959	5.28286
377	9.88973	25.188 	47.5651	5.16578
378	9.88973	25.1357	46.9508	5.39183
379	9.88973	24.8299	44.6721	5.19394
380	9.88973	24.9869	41.1175	5.06717
381	9.88973	25.1118	39.8097	5.10673
382	9.88973	24.8595	46.4119	5.14519
383	9.88973	25.0129	45.1388	5.36118
384	9.88973	24.958 	45.3713	5.52523
385	9.88973	25.2153	43.8199	5.25742
386	9.88973	25.0431	41.5268	5.20145
387	9.88973	24.9731	46.5872	5.34739
388	9.88973	25.1266	48.6139	5.33748
389	9.88973	25.0845	46.9578	5.34109
390	9.88973	25.0303	45.986 	5.20895
391	9.88973	25.1254	45.197 	5.65555
392	9.88973	25.2457	46.7384	5.39872
393	9.88973	25.0483	43.8066	5.50115
394	9.88973	25.3498	46.8449	5.66142
395	9.88973	25.2745	47.4539	5.37934
396	9.88973	25.1271	44.8444	5.51481
397	9.88973	25.4687	43.342 	5.50249
398	9.88973	25.7013	45.9686	5.44639
399	9.88973	25.4253	43.4385	5.40652
400	9.88973	25.0246	42.3901	5.54324
401	9.88973	25.3852	42.9661	5.39809
402	9.88973	25.3864	45.1198	5.46678
403	9.88973	25.5028	43.5084	5.59835
404	9.88973	25.499 	46.2898	5.537  
405	9.88973	25.4682	46.8291	5.4451 
406	9.88973	25.4021	45.8047	5.45946
407	9.88973	25.4069	45.4954	5.63062
408	9.88973	25.3713	44.2885	5.58151
409	9.88973	25.4726	44.6051	5.47161
410	9.88973	25.7932	49.5515	5.65722
411	9.88973	25.4094	45.3617	5.49187
412	9.88973	25.5759	47.5327	5.54944
413	9.88973	25.2684	44.7906	5.44203
414	9.88973	25.65  	46.0611	5.64489
415	9.88973	25.6206	45.6362	5.51066
416	9.88973	25.5356	50.1444	5.73922
417	9.88973	25.5781	48.2538	5.50684
418	9.88973	25.3428	46.4693	5.52831
419	9.88973	25.6333	47.6436	5.74001
420	9.88973	25.7159	45.9803	5.5538 
421	9.88973	25.4876	47.5235	5.50021
422	9.88973	25.4074	45.4053	5.77886
423	9.88973	25.3986	45.1637	5.66447
424	9.88973	25.295 	43.2454	5.51233
425	9.88973	25.6665	45.8536	5.66917
426	9.88973	25.4623	46.8673	5.74645
427	9.88973	25.3079	46.7132	5.67108
428	9.88973	25.3232	46.2552	5.68183
429	9.88973	25.5104	44.74  	5.6428 
430	9.88973	25.693 	48.7644	5.55912
431	9.88973	25.6928	48.4423	5.77277
432	9.88973	25.442 	46.7738	5.65991
433	9.88973	25.5741	48.8323	5.59833
434	9.88973	25.4735	46.474 	5.84191
435	9.88973	25.4622	50.8077	5.66065
436	9.88973	25.6098	48.9265	5.70619
437	9.88973	25.4536	45.8095	5.61899
438	9.88973	25.8841	48.1772	5.5529 
439	9.88973	25.4736	48.2606	5.47682
440	9.88973	25.5335	51.8446	5.75813
441	9.88973	25.4559	46.6206	5.67151
442	9.88973	25.4986	44.6895	5.60333
443	9.88973	25.4845	47.6472	5.75509
444	9.88973	25.5318	47.7152	5.60966
445	9.88973	25.7778	47.4903	5.71518
446	9.88973	25.3974	47.906 	5.60357
447	9.88973	25.4258	45.8328	5.65099
448	9.88973	25.3473	54.1129	5.80156
449	9.88973	25.5426	48.1198	5.66404
450	9.88973	25.6884	49.2734	5.77925
451	9.88973	25.6047	50.1417	5.56826
452	9.88973	25.7018	46.5612	5.87402
453	9.88973	26.0161	50.6336	5.68424
454	9.88973	25.5694	45.4269	5.62225
455	9.88973	25.5455	47.3813	5.76391
456	9.88973	25.4147	51.4266	5.7659 
457	9.88973	25.724 	49.807 	5.7927 
458	9.88973	25.5411	48.7202	5.90943
459	9.88973	25.3483	50.1249	5.89973
460	9.88973	25.4217	42.3567	5.83044
461	9.88973	25.5808	43.9069	5.489  
462	9.88973	25.8091	49.5941	5.8905 
463	9.88973	25.6656	46.9491	5.89217
464	9.88973	25.6777	49.0175	5.85734
465	9.88973	25.8529	45.4482	5.78515
466	9.88973	25.7864	44.2111	5.63143
467	9.88973	25.8719	46.0253	5.73813
468	9.88973	25.7974	46.6971	5.61455
469	9.88973	25.9012	45.5608	5.79379
470	9.88973	25.8025	49.6626	5.8727 
471	9.88973	25.7837	49.3797	5.7943 
472	9.88973	25.7024	48.4765	5.76863
473	9.88973	25.5816	47.3125	5.62045
474	9.88973	25.8343	47.6272	5.66258
475	9.88973	25.6987	48.6836	5.79819
476	9.88973	25.9557	52.4648	5.67522
477	9.88973	25.7388	52.4648	5.66663
478	9.88973	25.7779	50.6706	5.72261
479	9.88973	25.75  	49.084 	5.78289
480	9.88973	25.4329	47.1368	5.72616
481	9.88973	25.7494	48.274 	5.72075
482	9.88973	25.9502	47.5192	5.80169
483	9.88973	25.7688	47.2954	5.80975
484	9.88973	25.6058	47.2998	5.61083
485	9.88973	25.8993	46.6069	5.72837
486	9.88973	25.6307	46.1488	5.37419
487	9.88973	25.9611	48.0541	5.82488
488	9.88973	25.9764	45.1746	5.61671
489	9.88973	26.0513	45.6243	5.78998
490	9.88973	25.8847	46.8087	5.86701
491	9.88973	25.8468	52.3974	6.03979
492	9.88973	25.955 	49.4643	6.21593
493	9.88973	26.0471	47.7187	5.85218
494	9.88973	25.6595	47.8058	5.73886
495	9.88973	25.7905	47.4271	5.77498
496	9.88973	26.0396	46.9669	5.76776
497	9.88973	26.0242	50.0035	5.7962 
498	9.88973	25.6722	45.5262	5.7326 
499	9.88973	25.9202	50.0058	5.84661
6.87000001
