/usr/lib/python2.7/site-packages/deap/tools/_hypervolume/pyhv.py:33: ImportWarning: Falling back to the python version of hypervolume module. Expect this to be very slow.
  "module. Expect this to be very slow.", ImportWarning)
gen	min    	avg    	max    	std    
0  	12.1247	21.4852	35.5657	3.99741
1  	12.1247	21.3368	34.2951	3.86231
2  	11.6491	21.3407	35.173 	3.84139
3  	11.6491	21.5073	33.5913	3.81585
4  	11.6491	21.6085	33.9992	3.85191
5  	11.6491	21.6991	35.7312	3.9285 
6  	11.6491	21.5732	35.0327	3.75468
7  	11.6491	21.5396	35.0055	3.86531
8  	11.6491	21.7225	34.6419	3.91913
9  	11.6491	21.5554	36.9892	4.04118
10 	11.0194	21.6794	33.979 	3.9214 
11 	11.0194	21.3853	32.7269	3.77717
12 	11.0194	21.6792	33.7658	3.88219
13 	11.0194	21.7693	33.64  	3.77476
14 	11.0194	21.342 	33.3146	3.78364
15 	11.0194	21.482 	33.1348	3.83274
16 	11.0194	21.5195	33.6769	3.81037
17 	11.0194	21.6454	33.4148	3.87192
18 	11.0194	21.5148	34.7888	3.98476
19 	11.0194	21.6232	33.044 	3.67328
20 	11.0194	21.6217	35.2068	4.00112
21 	11.0194	21.8169	34.6922	3.9963 
22 	11.0194	21.7792	35.497 	3.96011
23 	11.0194	21.4623	35.5266	3.78248
24 	11.0194	21.7993	34.0052	3.98652
25 	11.0194	21.8152	34.5476	3.9576 
26 	11.0194	21.7846	33.2767	4.04425
27 	11.0194	21.6942	34.568 	3.94979
28 	11.0194	21.7559	32.6358	3.82602
29 	9.36871	21.576 	34.5014	3.91056
30 	9.36871	21.4788	34.1757	3.68221
31 	9.36871	21.3458	33.6756	3.7715 
32 	9.36871	21.5673	34.2801	3.94146
33 	9.36871	21.5983	35.1725	4.05297
34 	9.36871	21.6666	34.6021	4.0099 
35 	9.36871	21.5483	34.1267	3.77721
36 	9.36871	21.6721	33.4569	3.86172
37 	9.36871	21.7581	39.7465	4.16698
38 	9.36871	21.6391	35.3375	3.98275
39 	9.36871	21.6763	32.8953	3.9212 
40 	9.36871	21.6493	33.3465	3.90097
41 	9.36871	21.805 	34.6327	4.01124
42 	9.36871	21.64  	32.6656	3.8941 
43 	9.36871	21.6915	36.5271	3.88513
44 	9.36871	21.7189	33.6162	3.94365
45 	9.36871	21.8691	35.0169	4.02514
46 	9.36871	21.9343	34.0566	3.96753
47 	9.36871	21.4867	34.2376	4.02768
48 	9.36871	21.8317	35.555 	4.00793
49 	9.36871	21.752 	35.1861	3.91837
50 	9.36871	21.502 	35.2833	3.91764
51 	9.36871	21.718 	35.1786	3.95444
52 	9.36871	21.9392	35.9215	4.04197
53 	9.36871	22.0209	35.8175	4.06668
54 	9.36871	21.5762	36.8723	4.00535
55 	9.36871	22.0339	38.2325	4.18888
56 	9.36871	21.9554	36.4959	4.05968
57 	9.36871	21.9838	35.0363	3.88234
58 	9.36871	21.8782	34.3146	4.01004
59 	9.36871	21.7307	33.1179	3.83895
60 	9.36871	21.7918	33.7527	3.84054
61 	9.36871	21.9957	34.1079	4.01308
62 	9.36871	22.0211	34.4254	4.05388
63 	9.36871	22.0049	34.6009	4.07929
64 	9.36871	21.7857	35.8338	4.07802
65 	9.36871	21.8119	33.8122	4.03105
66 	9.36871	22.1094	37.3716	4.10678
67 	9.36871	21.7728	35.8169	3.95472
68 	9.36871	21.8305	35.8169	3.93858
69 	9.36871	21.8736	35.9977	4.0275 
70 	9.36871	21.9189	36.4103	4.02378
71 	9.36871	21.6951	34.2973	4.05714
72 	9.36871	21.931 	37.1515	4.12939
73 	9.36871	21.9324	35.791 	3.92562
74 	9.36871	21.8587	33.8924	3.99387
75 	9.36871	22.0682	33.8393	3.78409
76 	9.36871	21.847 	35.6588	3.81942
77 	9.36871	21.8468	36.6444	3.97702
78 	9.36871	21.9918	36.1296	4.11692
79 	9.36871	21.8107	36.569 	4.03822
80 	9.36871	22.0806	36.569 	4.30408
81 	9.36871	21.8285	34.9088	4.08437
82 	9.36871	21.9715	36.0664	4.07359
83 	9.36871	22.2285	35.4966	4.12407
84 	9.36871	22.2769	41.444 	4.22001
85 	9.36871	22.052 	34.8145	4.11748
86 	9.36871	21.9959	34.143 	3.96053
87 	9.36871	22.1106	38.4271	4.18121
88 	9.36871	22.0681	36.3509	4.23757
89 	9.36871	22.0975	34.8736	3.94363
90 	9.36871	22.2185	34.7428	4.03971
91 	9.36871	22.0081	36.1707	4.12856
92 	9.36871	21.8912	33.9392	3.97829
93 	9.36871	21.8836	34.0295	3.96041
94 	9.36871	22.1582	34.5334	4.15829
95 	9.36871	22.2779	35.4159	4.27522
96 	9.36871	22.3049	36.0959	4.15361
97 	9.36871	22.0049	36.2296	4.10753
98 	9.36871	22.1636	35.2783	4.26154
99 	9.36871	22.1807	39.6911	4.14304
100	9.36871	22.237 	36.6981	4.03519
101	9.36871	21.9898	36.1114	4.1701 
102	9.36871	22.0841	37.4415	4.12534
103	9.36871	22.2205	40.6376	4.3097 
104	9.36871	21.9948	38.5937	4.12192
105	9.36871	22.1344	36.0909	4.09263
106	9.36871	22.3753	37.2834	4.19896
107	9.36871	22.4324	39.4729	4.27969
108	9.36871	22.0782	39.4489	4.18834
109	9.36871	22.2102	38.6379	4.06415
110	9.36871	22.1586	36.13  	4.21198
111	9.36871	22.3223	37.3438	4.22254
112	9.36871	22.3987	36.657 	4.37453
113	9.36871	22.1368	34.0102	3.98312
114	9.36871	22.1616	36.6037	4.12531
115	9.36871	22.1782	39.3413	4.35638
116	9.36871	22.2749	39.0884	4.21615
117	9.36871	22.4227	36.6463	4.16805
118	9.36871	22.3119	35.4366	4.16485
119	9.36871	22.4609	37.1077	4.28102
120	9.36871	22.4733	41.0921	4.20113
121	9.36871	22.4363	39.0392	4.22894
122	9.36871	22.1181	36.8598	4.1776 
123	9.36871	22.2614	35.9633	4.18713
124	9.36871	22.3429	36.2147	4.09224
125	9.36871	22.2232	35.3945	3.95789
126	9.36871	22.2413	37.3607	3.95642
127	9.36871	22.1813	34.9606	3.99578
128	9.36871	22.3285	40.7123	4.17133
129	9.36871	22.1976	39.0972	4.23527
130	9.36871	22.2175	40.7266	4.19992
131	9.36871	22.4189	39.4503	4.24697
132	9.36871	22.2367	37.2137	4.24747
133	9.36871	22.5905	38.6045	4.21077
134	9.36871	22.4952	38.4794	4.11449
135	9.36871	22.5947	40.8069	4.45508
136	9.36871	22.4983	37.5894	4.30329
137	9.36871	22.5607	39.3966	4.2052 
138	9.36871	22.5296	38.8039	4.44963
139	9.36871	22.6415	37.2016	4.29947
140	9.36871	22.6424	38.6013	4.43985
141	9.36871	22.7039	38.6013	4.30805
142	9.36871	22.5966	37.9641	4.39204
143	9.36871	22.3355	37.4143	4.4089 
144	9.36871	22.3341	36.8352	4.27269
145	9.36871	22.355 	37.792 	4.39506
146	9.36871	22.4   	35.9043	4.1209 
147	9.36871	22.6216	37.983 	4.38917
148	9.36871	22.3422	36.8111	4.22409
149	9.36871	22.318 	40.0103	4.22184
150	9.36871	22.5012	36.3199	4.05321
151	9.36871	22.7241	42.5063	4.44399
152	9.36871	22.5644	37.8263	4.60645
153	9.36871	22.5395	38.661 	4.4246 
154	9.36871	22.6918	35.2373	4.30883
155	9.36871	22.6113	38.0967	4.49665
156	9.36871	22.6175	39.3172	4.39432
157	9.36871	22.686 	38.6147	4.35724
158	9.36871	22.7876	38.0446	4.31495
159	9.36871	22.4542	38.4451	4.23064
160	9.36871	22.551 	39.8486	4.42884
161	9.36871	22.5931	39.9209	4.4126 
162	9.36871	22.6603	37.97  	4.25889
163	9.36871	23.0449	39.1476	4.35034
164	9.36871	22.6677	36.7031	4.26706
165	9.36871	22.6521	38.145 	4.24794
166	9.36871	22.7443	37.7977	4.3167 
167	9.36871	22.3788	36.9022	4.15597
168	9.36871	22.3812	37.0804	4.24938
169	9.36871	22.6777	37.4021	4.20497
170	9.36871	22.7305	38.197 	4.46172
171	9.36871	22.6034	39.9182	4.5193 
172	9.36871	22.5526	38.3596	4.31819
173	9.36871	22.6279	39.6157	4.47781
174	9.36871	22.4578	38.8523	4.43053
175	9.36871	22.605 	37.6252	4.34892
176	9.36871	22.3759	37.6252	4.17708
177	9.36871	22.5689	35.201 	4.20257
178	9.36871	22.7629	38.3743	4.4542 
179	9.36871	22.6414	37.8382	4.34899
180	9.36871	22.571 	40.2241	4.38756
181	9.36871	22.9441	38.4847	4.38822
182	9.36871	22.7427	37.2257	4.18455
183	9.36871	22.7389	38.4958	4.2602 
184	9.36871	22.7471	36.4149	4.36905
185	9.36871	22.4812	38.2849	4.32676
186	9.36871	22.8056	41.8717	4.38163
187	9.36871	22.7858	42.4734	4.46469
188	9.36871	22.9435	39.6835	4.51858
189	9.36871	22.7121	37.1374	4.40227
190	9.36871	22.7069	39.4338	4.29919
191	9.36871	22.6895	40.22  	4.46191
192	9.36871	22.6   	39.8174	4.25676
193	9.36871	22.8115	39.4886	4.49967
194	9.36871	22.8601	38.3789	4.35863
195	9.36871	22.8568	37.6411	4.4609 
196	9.36871	22.6758	37.1799	4.25556
197	9.36871	22.8606	37.4292	4.36185
198	9.36871	22.8319	39.0715	4.35538
199	9.36871	22.9124	37.8378	4.39837
200	9.36871	22.8845	39.4419	4.43051
201	9.36871	22.6867	39.0727	4.2607 
202	9.36871	22.64  	37.968 	4.27882
203	9.36871	22.8051	37.6868	4.37679
204	9.36871	22.9318	37.479 	4.31109
205	9.36871	22.8285	41.7276	4.47209
206	9.36871	22.9303	35.4763	4.26224
207	9.36871	22.8357	42.6384	4.56826
208	9.36871	22.6642	42.4967	4.312  
209	9.36871	22.9185	42.197 	4.51909
210	9.36871	23.193 	36.3885	4.29447
211	9.36871	23.0471	36.4386	4.22161
212	9.36871	22.8892	39.87  	4.35792
213	9.36871	22.7354	37.8048	4.47924
214	9.36871	23.0362	37.4167	4.4646 
215	9.36871	22.9167	39.5762	4.37985
216	9.36871	22.9907	36.881 	4.50303
217	9.36871	22.7211	38.9204	4.50105
218	9.36871	22.8632	37.4762	4.32111
219	9.36871	23.0889	36.9291	4.52506
220	9.36871	22.8744	38.1864	4.52693
221	9.36871	22.8575	42.2734	4.18318
222	9.36871	22.9529	41.7868	4.39628
223	9.36871	22.9368	37.9774	4.26165
224	9.36871	22.9106	38.7974	4.22373
225	9.36871	23.0456	39.8395	4.35744
226	9.36871	22.7534	35.5577	4.40786
227	9.36871	23.0345	38.0183	4.43383
228	9.36871	22.8777	37.1664	4.34106
229	9.36871	23.0592	38.4451	4.59195
230	9.36871	23.0492	40.2782	4.58186
231	9.36871	22.9972	36.9123	4.30469
232	9.36871	23.2206	38.865 	4.55787
233	9.36871	23.112 	39.2715	4.56856
234	9.36871	22.901 	41.5811	4.68928
235	9.36871	22.9433	37.2176	4.43404
236	9.36871	22.9428	37.2176	4.29606
237	9.36871	23.1245	39.6672	4.43347
238	9.36871	23.0969	38.4115	4.56851
239	9.36871	22.947 	39.683 	4.4455 
240	9.36871	23.1879	39.3162	4.59655
241	9.36871	22.9551	40.6756	4.51054
242	9.36871	23.0249	39.851 	4.69339
243	9.36871	23.1044	39.7061	4.63611
244	9.36871	23.126 	38.6127	4.59283
245	9.36871	23.1938	36.7951	4.37582
246	9.36871	23.3776	38.9903	4.69509
247	9.36871	23.5464	41.295 	4.42573
248	9.36871	23.1891	38.7929	4.34765
249	9.36871	23.3346	40.0918	4.5791 
250	9.36871	23.1233	40.7508	4.58758
251	9.36871	23.5308	39.4392	4.62847
252	9.36871	23.2961	38.4344	4.4021 
253	9.36871	23.4128	39.3305	4.60145
254	9.36871	23.2423	39.4277	4.49657
255	9.36871	23.2032	39.4277	4.68937
256	9.36871	22.9731	38.7438	4.47259
257	9.36871	23.0739	40.3148	4.52816
258	9.36871	23.3487	39.765 	4.60327
259	9.36871	23.6058	38.1933	4.53441
260	9.36871	23.4402	39.6189	4.52956
261	9.36871	23.3912	40.0972	4.63579
262	9.36871	23.577 	39.9093	4.73726
263	9.36871	23.3542	40.1605	4.62761
264	9.36871	23.4518	40.5598	4.60265
265	9.36871	23.5138	39.0843	4.47491
266	9.36871	23.4555	38.1756	4.40573
267	9.36871	23.5585	42.8356	4.61476
268	9.36871	23.5603	40.657 	4.46203
269	9.36871	23.4936	37.6947	4.44252
270	9.36871	23.5813	41.4819	4.64336
271	9.36871	23.3207	35.7222	4.23345
272	9.36871	23.1961	36.4593	4.4148 
273	9.36871	23.053 	39.4184	4.53441
274	9.36871	23.286 	40.5321	4.57361
275	9.36871	23.2752	38.4931	4.66633
276	9.36871	23.5267	39.7333	4.64896
277	9.36871	23.2652	40.4719	4.44871
278	9.36871	23.3387	40.6413	4.30999
279	9.36871	23.3095	44.6065	4.46761
280	9.36871	23.3143	40.4835	4.59175
281	9.36871	23.3029	39.5232	4.62939
282	9.36871	23.4752	42.6236	4.65835
283	9.36871	23.6138	41.0722	4.55181
284	9.36871	23.4918	39.7693	4.59877
285	9.36871	23.4586	43.7008	4.64183
286	9.36871	23.4717	39.884 	4.62907
287	9.36871	23.5895	41.372 	4.71628
288	9.36871	23.4173	40.3759	4.63963
289	9.36871	23.4392	39.2716	4.52858
290	9.36871	23.6631	38.9681	4.61762
291	9.36871	23.6912	41.3409	4.83561
292	9.36871	23.7604	39.1894	4.95263
293	9.36871	23.7118	37.4873	4.72297
294	9.36871	23.6396	39.4327	4.63479
295	9.36871	23.601 	37.9356	4.58579
296	9.36871	23.6808	40.2687	4.68707
297	9.36871	23.558 	42.3478	4.74104
298	9.36871	23.6634	43.189 	4.85637
299	9.36871	23.4059	40.6926	4.6136 
300	9.36871	23.4359	40.5848	4.59888
301	9.36871	23.5918	40.2575	4.54459
302	9.36871	23.6364	43.7604	4.55774
303	9.36871	23.5998	38.5169	4.72263
304	9.36871	23.573 	40.4645	4.74845
305	9.36871	23.7048	38.5965	4.5791 
306	9.36871	23.7586	42.5556	4.75655
307	9.36871	23.7371	39.7462	4.50538
308	9.36871	23.5303	37.8118	4.48448
309	9.36871	23.6533	41.0233	4.56153
310	9.36871	23.7013	39.2488	4.65778
311	9.36871	23.7258	40.0689	4.64015
312	9.36871	23.7438	44.9065	4.79628
313	9.36871	23.4952	44.9065	4.91133
314	9.36871	23.6527	41.7623	4.63023
315	9.36871	23.6794	43.4072	4.82435
316	9.36871	23.8742	41.6927	4.73172
317	9.36871	23.8204	42.9787	4.63736
318	9.36871	23.9487	38.8982	4.69794
319	9.36871	23.6802	40.823 	4.68971
320	9.36871	23.5641	39.881 	4.89255
321	9.36871	23.6901	42.2306	4.8302 
322	9.36871	23.7778	40.9392	4.68654
323	9.36871	23.8968	40.2052	4.84454
324	9.36871	24.1175	41.7435	4.73851
325	9.36871	23.8962	40.8621	4.96883
326	9.36871	23.8189	42.6252	4.89565
327	9.36871	23.8937	39.621 	4.89495
328	9.36871	23.8594	41.7138	4.78734
329	9.36871	23.918 	41.7138	4.62104
330	9.36871	24.1227	44.2337	4.70931
331	9.36871	23.9032	40.8503	4.9611 
332	9.36871	24.0169	43.4681	4.66573
333	9.36871	23.91  	37.9199	4.66916
334	9.36871	23.7223	40.7009	4.75197
335	9.36871	24.0063	41.683 	4.99287
336	9.36871	23.9772	40.5514	4.69546
337	9.36871	24.0407	39.3   	4.89182
338	9.36871	24.1201	41.6577	4.80852
339	9.36871	24.1256	44.727 	5.04374
340	9.36871	24.104 	43.3342	5.06418
341	9.36871	23.9323	41.9778	4.90773
342	9.36871	23.6995	40.8538	4.82925
343	9.36871	24.026 	43.7416	4.81424
344	9.36871	23.949 	42.9374	4.7788 
345	9.36871	24.2033	40.6094	4.91368
346	9.36871	23.7615	40.7758	4.71591
347	9.36871	24.072 	41.3821	4.91464
348	9.36871	24.0632	40.5811	4.74693
349	9.36871	23.9217	42.165 	4.93018
350	9.36871	23.9953	39.818 	4.82282
351	9.36871	24.1084	47.1081	4.83979
352	9.36871	23.9189	43.8303	4.78834
353	9.36871	24.2414	42.6034	4.85314
354	9.36871	23.9753	42.6034	4.88448
355	9.36871	24.2321	43.4709	4.86797
356	9.36871	24.1438	43.7425	5.10106
357	9.36871	24.2768	42.0525	5.1985 
358	9.36871	24.0716	40.9236	4.94742
359	9.36871	24.1592	41.0672	4.88827
360	9.36871	24.0064	44.272 	4.84061
361	9.36871	24.3847	42.2801	5.05302
362	9.36871	24.676 	43.5407	4.90191
363	9.36871	24.3103	39.7488	4.86076
364	9.36871	24.4832	42.6697	4.97909
365	9.36871	24.1651	42.2741	4.85018
366	9.36871	24.3223	42.2202	5.15961
367	9.36871	24.2892	44.5229	5.15478
368	9.36871	24.2769	41.7631	4.98285
369	9.36871	24.4764	41.5733	4.80546
370	9.36871	24.486 	42.9618	4.98665
371	9.36871	24.3805	41.8997	4.90648
372	9.36871	24.3881	42.218 	4.89581
373	9.36871	24.3587	39.5029	5.14327
374	9.36871	24.194 	42.7016	4.90887
375	9.36871	24.3991	40.2831	4.83981
376	9.36871	24.1754	40.4232	5.0472 
377	9.36871	24.1918	46.3937	5.17966
378	9.36871	24.1354	42.1877	5.09974
379	9.36871	24.2413	43.7765	4.95183
380	9.36871	24.2193	42.0063	4.97742
381	9.36871	24.3337	43.713 	5.03995
382	9.36871	24.3587	41.7861	5.06549
383	9.36871	24.4836	39.0595	5.074  
384	9.36871	24.368 	45.5   	5.38602
385	9.36871	24.4248	42.7025	4.79452
386	9.36871	24.1528	42.1301	4.79447
387	9.36871	24.3676	42.3921	4.89351
388	9.36871	24.2597	40.7638	4.80055
389	9.36871	24.5275	40.9536	4.97019
390	9.36871	24.4356	40.7872	4.96513
391	9.36871	24.396 	42.0474	4.9861 
392	9.36871	24.4955	39.7277	4.72291
393	9.36871	24.1814	44.588 	4.97026
394	9.36871	24.4827	43.7901	4.98845
395	9.36871	24.7427	39.9681	4.93887
396	9.36871	24.4948	42.0052	4.79577
397	9.36871	24.4344	43.766 	5.06026
398	9.36871	24.5164	43.9864	5.13804
399	9.36871	24.2938	45.4151	5.36797
400	9.36871	24.5618	45.1864	5.06923
401	9.36871	24.4694	41.5992	5.02171
402	9.36871	24.566 	43.1405	5.0329 
403	9.36871	24.2961	43.1003	4.99781
404	9.36871	24.3303	46.348 	5.31792
405	9.36871	24.2863	44.9074	5.28302
406	9.36871	24.5502	43.4544	5.3028 
407	9.36871	24.5869	44.5862	5.32973
408	9.36871	24.7015	44.3718	5.27779
409	9.36871	24.6568	45.8963	5.15117
410	9.36871	24.468 	45.8242	5.02428
411	9.36871	24.6523	42.9608	5.26688
412	9.36871	24.4361	42.7594	5.1346 
413	9.36871	24.5503	46.5576	5.35341
414	9.36871	24.5942	46.5576	5.17582
415	9.36871	24.5351	47.7973	5.40245
416	9.36871	24.7374	42.1807	5.03536
417	9.36871	24.5481	41.541 	5.08133
418	9.36871	24.2636	45.2486	5.38192
419	9.36871	24.342 	44.4775	5.10501
420	9.36871	24.6157	43.1376	5.23905
421	9.36871	24.7968	42.729 	5.26972
422	9.36871	24.3089	43.8997	4.98901
423	9.36871	24.3767	43.7145	5.12039
424	9.36871	24.4266	46.0722	5.33677
425	9.36871	24.5302	44.3201	5.11165
426	9.36871	24.5449	43.1153	5.18717
427	9.36871	24.5357	43.1826	5.1134 
428	9.36871	24.5355	46.0657	5.11787
429	9.36871	24.5458	45.3172	5.15778
430	9.36871	24.3523	42.7598	4.94521
431	9.36871	24.3327	42.034 	5.06772
432	9.36871	24.6018	43.8043	5.09355
433	9.36871	24.5648	45.6725	5.13441
434	9.36871	24.7681	44.7087	5.00479
435	9.36871	24.7614	42.7457	5.34514
436	9.36871	24.6021	43.0034	5.42348
437	9.36871	24.4706	45.1617	5.33353
438	9.36871	24.8551	43.7037	5.03181
439	9.36871	24.4787	41.0368	4.93605
440	9.36871	24.4755	42.0547	4.99223
441	9.36871	24.7373	44.8837	5.23069
442	9.36871	24.3585	45.6559	5.17968
443	9.36871	24.6952	43.0755	5.09138
444	9.36871	24.6581	46.6733	5.27882
445	9.36871	24.7796	44.3659	5.18602
446	9.36871	24.794 	43.6436	5.01194
447	9.36871	24.6099	41.7707	5.06896
448	9.36871	24.5851	44.8918	5.27643
449	9.36871	24.6871	46.5898	5.108  
450	9.36871	24.6877	42.387 	5.29096
451	9.36871	24.7454	46.8527	5.00504
452	9.36871	24.4444	41.8598	4.98181
453	9.36871	24.5822	42.9266	5.26701
454	9.36871	24.641 	43.9766	5.1291 
455	9.36871	24.4661	46.3591	5.17104
456	9.36871	24.5384	42.8715	5.29482
457	9.36871	24.9465	41.3576	5.1933 
458	9.36871	24.6902	43.9118	5.02612
459	9.36871	24.8276	43.8262	5.32117
460	9.36871	24.6064	42.174 	5.14082
461	9.36871	24.814 	46.9685	5.08868
462	9.36871	24.6487	40.8075	5.07826
463	9.36871	24.7974	40.8075	4.97126
464	9.36871	24.6607	40.9863	5.09472
465	9.36871	24.699 	43.8952	4.96649
466	9.36871	24.6792	42.2413	5.17423
467	9.36871	24.6423	45.6938	5.25214
468	9.36871	24.651 	45.3522	5.12167
469	9.36871	24.7489	41.3688	5.08261
470	9.36871	24.6216	44.8569	5.04316
471	9.36871	24.9395	47.1313	5.30332
472	9.36871	24.8611	45.1408	5.29658
473	9.36871	24.5904	43.6747	5.48998
474	9.36871	24.6193	42.4766	5.33777
475	9.36871	24.4872	45.4209	5.20787
476	9.36871	24.4316	47.7492	5.23901
477	9.36871	24.6932	45.1784	5.33648
478	9.36871	24.7482	45.1784	4.9513 
479	9.36871	25.1421	43.4048	5.27554
480	9.36871	24.7085	42.0446	5.17329
481	9.36871	24.6387	43.6726	4.99143
482	9.36871	24.604 	41.3247	5.20411
483	9.36871	24.9927	40.3057	5.15902
484	9.36871	24.554 	41.5611	5.07159
485	9.36871	24.9081	41.1887	5.23372
486	9.36871	24.8783	43.1722	5.07493
487	9.36871	24.8011	42.5694	5.13724
488	9.36871	24.6936	41.5909	5.42951
489	9.36871	25.0672	48.0893	5.39138
490	9.36871	24.9485	43.1733	5.1589 
491	9.36871	24.9426	42.1893	5.24643
492	9.36871	25.0127	43.5904	5.14293
493	9.36871	24.8562	47.1187	5.17699
494	9.36871	25.0297	44.7258	5.2623 
495	9.36871	25.0523	43.9857	5.29737
496	9.36871	24.836 	46.7026	5.43261
497	9.36871	25.022 	43.1457	5.28207
498	9.36871	24.8746	43.4062	5.22244
499	9.36871	24.8191	42.7864	5.61885
6.87000001
