/usr/lib/python2.7/site-packages/deap/tools/_hypervolume/pyhv.py:33: ImportWarning: Falling back to the python version of hypervolume module. Expect this to be very slow.
  "module. Expect this to be very slow.", ImportWarning)
gen	min    	avg    	max    	std    
0  	898.342	1455.37	12018.9	418.244
1  	898.342	1465.96	9866.2 	439.321
2  	854.908	1464.91	9045.14	372.696
3  	854.908	1481.38	9129.5 	433.171
4  	854.908	1494.2 	9122.29	471.219
5  	854.908	1544.92	19915.1	920.375
6  	819.561	1544.45	10721.2	753.384
7  	819.561	1589.17	10338  	917.525
8  	819.561	1599.03	9719.41	923.658
9  	819.561	1621.83	9875.46	967.05 
10 	819.561	1632.03	9373   	944.144
11 	819.561	1633.56	9283.22	951.586
12 	819.561	1638.81	9481.54	959.266
13 	819.561	1659.57	9429.65	991.774
14 	819.561	1664.65	9503.49	1004.7 
15 	819.561	1698.64	13087.6	1186.01
16 	819.561	1735.52	13087.6	1268.64
17 	819.561	1834.42	50234.6	2359.72
18 	819.561	1785.72	30146.3	1655.2 
19 	819.561	1840.72	23973.2	1717.2 
20 	819.561	1856.22	23973.2	1789.66
21 	819.561	1880.16	20550.5	1803.02
22 	819.561	1923.77	19979  	1886.54
23 	819.561	1909.52	19310.9	1762.55
24 	819.561	1920.28	19335.3	1769   
25 	819.561	1957.81	19658.3	1884.46
26 	819.561	2002.34	19650.6	2000.48
27 	819.561	2070.57	19650.6	2124.07
28 	819.561	2070.6 	18779.8	2050.37
29 	819.561	2060.57	16684.5	1945.52
30 	819.561	2081.91	16729.8	1986.1 
31 	819.561	2118.82	16621.7	2095.89
32 	819.561	2120.75	16362.6	2090.71
33 	819.561	2148.89	15977.4	2091.77
34 	819.561	2174.26	15061.5	2091.51
35 	819.561	2157.58	14561.1	2034.65
36 	819.561	2219.12	20801.3	2263.01
37 	819.561	2222.15	19331.2	2251.23
38 	819.561	2220.23	15289.9	2191.51
39 	819.561	2257.73	15194.7	2238.22
40 	819.561	2254.36	15104.9	2215.04
41 	819.561	2282.75	14824.7	2228.58
42 	819.561	2288.81	14726.6	2190.36
43 	819.561	2296.27	14726.6	2181.22
44 	819.561	2294.19	14612.3	2173.36
45 	819.561	2329.26	14587.1	2257.5 
46 	819.561	2375.37	24118.4	2478.7 
47 	819.561	2377.36	24094.3	2515.58
48 	810.511	2407.45	26640  	2683   
49 	810.511	2442.88	26436.7	2739.48
50 	810.511	2441.68	24711.7	2661.57
51 	810.511	2460.79	17905  	2513.78
52 	810.511	2473.95	17861.5	2551.12
53 	810.511	2655.42	48503.2	3522.56
54 	810.511	2654.53	42975.1	3226.53
55 	810.511	2610.46	24452.8	2862.93
56 	810.511	2609.89	24137.6	2808.52
57 	810.511	2665.43	24230.3	3003.95
58 	810.511	2672.01	24465.5	3033.93
59 	810.511	2733.76	24631.7	3141.34
60 	810.511	2784.3 	24624.3	3220.9 
61 	810.511	2821.77	24624.3	3339.41
62 	810.511	2837.79	24624.3	3420.46
63 	810.511	2814.98	23284  	3234.04
64 	810.511	2883.17	58690.7	3692.1 
65 	810.511	2872.59	25659.6	3292.44
66 	810.511	2948.56	35967  	3543.24
67 	810.511	2941.23	25732.5	3407.26
68 	810.511	2954.45	25780.1	3434.7 
69 	810.511	3016.97	24061.7	3533.09
70 	810.511	3047.78	24110.5	3577.08
71 	810.511	3066.72	23506.4	3597.8 
72 	810.511	3135.26	24029.1	3736.2 
73 	810.511	3182.26	23970.8	3817.48
74 	810.511	3208.36	23984  	3868.35
75 	810.511	3239.37	25429.8	3906.4 
76 	810.511	3333.7 	50948.3	4350.82
77 	810.511	3390.03	39139  	4423.49
78 	810.511	3420.72	35289.6	4459.67
79 	810.511	3436.84	35204.9	4413.26
80 	810.511	3428.17	34059.7	4350.46
81 	810.511	3493.58	47097.1	4578.35
82 	810.511	3629.34	47447.3	5091.31
83 	810.511	3643.48	42137.1	4820.48
84 	810.511	3719.8 	45034.7	5044.92
85 	810.511	3684.04	42074.5	4956.38
86 	810.511	3747.03	42325.9	5109.91
87 	810.511	3831.98	41965.7	5324.76
88 	810.511	3922.93	41883.6	5276.58
89 	810.511	4002.07	36515.2	5318.1 
90 	810.511	4038.05	36274.8	5223.3 
91 	810.511	4120.63	36196.1	5341.02
92 	810.511	4146.98	36314.4	5251.48
93 	810.511	4333.35	49548.7	5688.89
94 	810.511	4405.78	49534.7	5724.47
95 	810.511	4422.26	40659.2	5687.16
96 	810.511	4488.64	41684.9	5837.51
97 	810.511	4601.35	44414.3	6006.77
98 	810.511	4737.01	46826.1	6231.86
99 	810.511	4803   	46913.7	6386.05
100	810.511	4840.83	46746.1	6539.41
101	810.511	4936.18	47617.3	6655.53
102	810.511	5107.67	47617.3	7153.66
103	810.511	5134.55	53622.9	7364.02
104	810.511	5158.75	44263.8	7209.09
105	810.511	5162.91	48540.9	7259.4 
106	810.511	5152.95	46956.5	7002.62
107	810.511	5122.23	44132.3	6878.46
108	810.511	5114.37	44231.3	6750.67
109	810.511	5079.71	43274.1	6574.96
110	810.511	5263.52	45005.8	6941.39
111	810.511	5330.8 	45515.4	7049.56
112	810.511	5344.2 	45159.6	6990.15
113	810.511	5559.71	54925.8	7723.38
114	810.511	5609.72	45087.7	7695.54
115	810.511	5643.88	44959.1	7641.32
116	810.511	5732.55	45165.8	7666.77
117	810.511	5808.21	44044.9	7629.94
118	810.511	5875.03	43966  	7649.13
119	810.511	5941.18	45973.8	7779.95
120	810.511	6026.3 	45948.4	7952.67
121	810.511	6242.71	44143.3	8143.32
122	810.511	6287.52	44066.3	8128.76
123	810.511	6314.95	67335.3	8432.28
124	810.511	6358.19	57632  	8174.6 
125	810.511	6388.25	56157.6	8306.54
126	810.511	6451.07	43420.6	8119.19
127	810.511	6479.09	42384.7	8117.21
128	810.511	6489.47	42398.8	8194.09
129	810.511	6659.56	57782.8	8498.09
130	810.511	6786.13	60760.2	8820.55
131	810.511	6827.7 	81075.3	9488.4 
132	810.511	6896.39	73449.9	9271.17
133	810.511	7006.25	60924.5	9385.88
134	810.511	7051.1 	61152.8	9294.92
135	810.511	7146.57	55962.2	9324.9 
136	810.511	7196.59	56113.8	9453.03
137	810.511	7390.5 	56164.6	9566.91
138	810.511	7386.12	62781.1	9522.22
139	810.511	7571.14	68213.7	9930.36
140	810.511	7732.26	74337.8	10562.8
141	810.511	7711.1 	65178.2	10197.9
142	810.511	7631.31	64011.8	9900.82
143	810.511	7625.06	64058.5	10044.1
144	810.511	7707.05	67242.3	10452.4
145	810.511	7796.01	65784.4	10531.6
146	810.511	7975.09	67525.9	10877.2
147	810.511	8117.83	75639.5	11385.4
148	810.511	8191.13	72108.4	11223.9
149	810.511	8270.5 	72074.7	11256.7
150	810.511	8198.54	73792.6	11209.9
151	810.511	8309.18	69868.7	11222.4
152	810.511	8463.71	75766.1	11477.6
153	810.511	8486.96	75116.3	11459.7
154	810.511	8470.99	72019.6	11306.2
155	810.511	8432.78	76762.2	11360.2
156	810.511	8353.55	76762.2	11152.6
157	810.511	8550.7 	79922.8	11691.1
158	810.511	8678.99	72650.1	11778.8
159	810.511	8871.91	76300.9	11915.8
160	810.511	8865.01	76378.5	11886.7
161	810.511	8728.42	76438.2	11360.8
162	810.511	8691.41	76438.2	11428.4
163	810.511	8653.82	72737.6	11137  
164	810.511	8786.36	73193.5	11438.3
165	810.511	8907.08	72662.4	11858.8
166	810.511	8910.86	69173.6	11685.4
167	810.511	8899.02	95661.3	11702.3
168	810.511	8844.14	69081.5	11483.6
169	810.511	9011.14	69099.9	11741.5
170	810.511	9053.4 	69099.9	11722.7
171	810.511	9145.84	68955  	11760.5
172	810.511	9316.87	79454.2	12271.6
173	810.511	9453.51	83275.5	12421.2
174	810.511	9583.61	90066.6	13038.8
175	810.511	9681.09	85536.9	12938.7
176	810.511	9740.16	95703.7	13182.6
177	810.511	9733.97	85509.3	12820.9
178	810.511	9734.73	85497.2	12685.6
179	810.511	9740.71	74207.3	12421.6
180	810.511	9945.12	81318.1	12757.1
181	810.511	9957.9 	68969  	12390.2
182	810.511	9987.92	68441  	12427.9
183	810.511	9955.67	75487.2	12541.8
184	810.511	9950.57	76290.2	12627.7
185	810.511	10072.4	67848  	12570.4
186	810.511	10174.3	66445.5	12552  
187	810.511	10213.4	66280.4	12695.9
188	810.511	10325.4	67871.2	13168.9
189	810.511	10551.5	73986.2	13770.6
190	810.511	10640.9	105179 	13888.2
191	810.511	10691.9	77582.9	13948.5
192	810.511	10649.8	77582.9	13823  
193	810.511	10772.6	76047.8	14077.9
194	810.511	10698.5	76420.7	13857  
195	810.511	10725.8	75981.4	13797  
196	810.511	10748.3	72829.7	13426.8
197	810.511	10897.4	78254.4	13750.7
198	810.511	10872.9	78346.6	13837.8
199	810.511	10998.5	77275.5	13640.5
200	810.511	11028.4	77275.5	13619.8
201	810.511	11133.9	76015.9	13653  
202	810.511	11168.1	76004.5	13715  
203	810.511	11368.9	105954 	14459.5
204	810.511	11554.3	106009 	14656.7
205	810.511	11554.6	106099 	14364.9
206	810.511	11487.6	106873 	14185.4
207	810.511	11458.7	92566  	14010.7
208	810.511	11601  	81056.3	14045.4
209	810.511	11735.2	77157.1	14105.8
210	810.511	11738.8	77044  	14465.5
211	810.511	11774.7	81126.3	14613.8
212	810.511	11898.8	76949  	14697.6
213	810.511	11907.9	81811.7	14674.1
214	810.511	12029.3	81933.8	14433.6
215	810.511	12210.1	86582.2	15077.5
216	810.511	12470.5	91496.7	15526.2
217	810.511	12345.8	89158.4	15176.9
218	810.511	12341.2	88105.1	15007.2
219	810.511	12467.8	94586.9	15297  
220	810.511	12455.1	86311  	15176.5
221	810.511	12427.3	86315.6	14835.1
222	810.511	12474.2	87132.1	14988  
223	810.511	12563.9	81881.7	14856.2
224	810.511	12609.9	80514  	14790.6
225	810.511	12592.8	80479.4	14619.8
226	810.511	12770.5	98818.9	15182.5
227	810.511	12844.3	98743.2	15047.2
228	810.511	13019.2	95420.9	15515.5
229	810.511	12885.8	93385.4	15291.3
230	810.511	12977.6	87990.8	15390.5
231	810.511	13169.6	88385.4	15833.7
232	810.511	13204  	119563 	16209.9
233	810.511	13190  	119709 	16388.9
234	810.511	13267.2	119497 	16410.1
235	810.511	13332  	109914 	16382.8
236	810.511	13360.1	91640.1	16186.7
237	810.511	13456  	82196.8	16169.4
238	810.511	13534.4	85463.3	16546  
239	810.511	14042.6	161412 	18049.1
240	810.511	14022.8	117760 	17519.6
241	810.511	13997.3	120354 	17507.4
242	810.511	13895.4	118148 	17106.5
243	810.511	13938.7	106032 	16656.1
244	810.511	13878.5	99962.6	16671.2
245	810.511	13885  	99697.5	16820.3
246	810.511	13978.2	99700.8	16441.9
247	810.511	14039.2	99700.8	16614.3
248	810.511	14236.9	90632.1	16623  
249	810.511	14179.6	87948.3	16264.8
250	810.511	14203.5	96451.9	16876.7
251	810.511	14155  	95096  	16850.1
252	810.511	14246.6	87902.8	16403  
253	810.511	14311.2	87918.3	16482.5
254	810.511	14391.4	91193.7	16755.4
255	810.511	14426.3	99847.7	17202.6
256	810.511	14506.2	100137 	17384.6
257	810.511	14517.7	95102.6	17336.6
258	810.511	14676.7	99777.9	17543.5
259	810.511	14811.4	108824 	18038  
260	810.511	14745.3	97001.9	17478.4
261	810.511	15059.3	87656.4	17703.1
262	810.511	15161.7	101614 	17642.8
263	810.511	15273.6	87709.6	17740.5
264	810.511	15550.8	104191 	18204.6
265	810.511	15548.6	106304 	17807.4
266	810.511	15627.5	133845 	18152.9
267	726.639	15998.8	125576 	19782  
268	726.639	16306.3	149734 	20224.3
269	726.639	16418.3	163506 	20722.5
270	726.639	16471.3	149570 	20628.8
271	726.639	16459.8	149577 	20799.9
272	726.639	16493.3	137388 	20646.7
273	726.639	16507.2	120580 	20259.1
274	726.639	16362.1	126522 	20194.8
275	726.639	16444.9	113895 	20194.8
276	726.639	16375.6	110664 	19933.9
277	726.639	16504.5	138834 	20766  
278	726.639	16655.8	115697 	20293  
279	726.639	16637.3	109172 	20324.3
280	726.639	16670.9	107070 	20090.6
281	726.639	16783.6	115983 	20394.6
282	726.639	16961.6	113279 	20861.7
283	726.639	17058.8	101250 	20748.6
284	726.639	17069.3	97323.2	20430.8
285	726.639	17115.8	111995 	20681.1
286	726.639	17185  	111877 	20556.6
287	726.639	17209  	104778 	20382.4
288	726.639	17300.2	104205 	20078.9
289	726.639	17330.5	101853 	19909.6
290	726.639	17217.9	101919 	19729.4
291	726.639	17302.7	101985 	19412.8
292	726.639	17329.2	104520 	19729.6
293	726.639	17581.7	104520 	20115.1
294	726.639	17655.3	103684 	20215.5
295	726.639	17733.4	102649 	20001.8
296	726.639	17762.7	99153.3	19994.6
297	726.639	17691.1	118474 	19952.6
298	726.639	17776.9	101399 	20064  
299	726.639	17830.8	99833.9	19893.3
300	726.639	17811.1	96157.5	19605.3
301	726.639	17955.6	133370 	19854.3
302	726.639	17977.1	130736 	20323  
303	726.639	18220.1	132025 	20375.7
304	726.639	18094.6	116814 	19968.8
305	726.639	18086.1	110938 	19567.7
306	726.639	18077.3	102266 	19826.2
307	726.639	18255.6	101784 	20252.3
308	726.639	18404.9	106301 	20286.9
309	726.639	18684.7	106354 	20766.6
310	726.639	19034.3	106540 	20934.5
311	726.639	19200.4	105670 	20653.5
312	726.639	19188.8	105093 	20617.8
313	726.639	19302.9	108369 	20849.6
314	726.639	19474.1	135208 	21256.1
315	726.639	19922.2	135195 	22066.1
316	726.639	20093.2	120753 	22490.7
317	726.639	19847.1	123752 	22076.3
318	726.639	19969.6	122522 	22441.9
319	726.639	19996.2	117871 	22072  
320	726.639	20136.9	116020 	22172.2
321	726.639	20199.2	127758 	22589.2
322	726.639	20181.5	118460 	22454.2
323	726.639	20227.1	126024 	22918.7
324	726.639	20233.5	122357 	22851.4
325	726.639	20190.6	122422 	22740  
326	726.639	20344.1	126936 	22567.2
327	726.639	20430.4	132373 	22791.6
328	726.639	20501  	150041 	22821.2
329	726.639	20590.3	150041 	23227.7
330	726.639	20702.9	132975 	23186.4
331	726.639	20997.4	133024 	22891.6
332	726.639	20954.2	122940 	22927  
333	726.639	20863.9	122987 	22893.1
334	726.639	20922.3	122939 	22688.2
335	726.639	21083.3	122886 	23295.7
336	726.639	21140.6	115206 	23251.1
337	726.639	21193.4	128800 	23422.8
338	726.639	21253.5	127588 	23380.6
339	726.639	21203.7	147048 	23135.8
340	726.639	21284.1	125822 	22730.8
341	726.639	21413.2	115628 	22477.3
342	726.639	21224.6	115433 	22144.8
343	726.639	21171.8	115399 	22019.3
344	726.639	21309.2	111237 	22403.5
345	726.639	21458.6	108732 	22571  
346	726.639	21735.4	119628 	22992.1
347	726.639	21860.9	117985 	23077.6
348	726.639	22079  	124686 	22888.7
349	726.639	22018.6	114478 	23254.9
350	726.639	22098.6	117706 	23598.8
351	726.639	22007  	126983 	23613  
352	726.639	22090.2	117503 	23238.6
353	726.639	22252.3	121819 	23459.5
354	726.639	22360.1	121917 	23554.1
355	726.639	22398.4	117393 	23390.5
356	726.639	22566.3	118110 	23466.5
357	726.639	22576.1	120613 	23416  
358	726.639	22575  	121278 	23656.1
359	726.639	22676.6	119730 	23778.8
360	726.639	22800.7	119441 	23700.6
361	726.639	22626.6	128533 	23613.7
362	726.639	22693.6	119345 	23676.6
363	726.639	22758.6	120788 	23910.4
364	726.639	22769.4	126210 	23838.4
365	726.639	22798.2	127360 	24240.6
366	726.639	22968.8	127291 	24466.9
367	726.639	23009.5	127380 	24590  
368	726.639	23005.1	127438 	24702.7
369	726.639	22971.9	124805 	23986.9
370	726.639	23049.7	138091 	24405.3
371	726.639	23054.8	145887 	24560.1
372	726.639	23037.9	134846 	24239.1
373	726.639	23062.3	148386 	23851.7
374	726.639	22981  	118328 	23480.3
375	726.639	22980.1	119077 	23777  
376	726.639	23080.2	119050 	24457.7
377	726.639	23514.6	181681 	25322.7
378	726.639	23332.3	158097 	24529.3
379	726.639	23541.7	158067 	24718.1
380	726.639	23525.3	115252 	24816.9
381	726.639	23562.6	119949 	24998.7
382	726.639	23775.3	128655 	25098.5
383	726.639	23815.4	151320 	25266.4
384	726.639	23757.2	137575 	25277.7
385	726.639	23860.9	134855 	25204.9
386	726.639	24025.3	143817 	25856.4
387	726.639	24046.6	134853 	25842.9
388	726.639	23984.2	147341 	25591.3
389	726.639	24038.3	147298 	25478.1
390	726.639	24331.6	153579 	26227.4
391	726.639	24682  	142323 	26516.3
392	726.639	24814.7	150415 	26492  
393	726.639	24720.9	150287 	26258.3
394	726.639	24877.1	179766 	27325.9
395	726.639	25004.1	155566 	27175.5
396	726.639	25156.7	152342 	26900.1
397	726.639	25188.9	148695 	27099  
398	726.639	25269.9	146211 	26611  
399	726.639	25257.5	166581 	27078.2
400	726.639	25052  	146087 	26548.5
401	726.639	25158.9	145026 	26721.8
402	726.639	25404.8	142800 	26824.2
403	726.639	25622.8	143316 	27274  
404	726.639	25622.9	140311 	26976.7
405	726.639	25791.8	137028 	27289.5
406	726.639	26014.5	146889 	27188.5
407	726.639	26012.4	143131 	26988.7
408	726.639	26153.2	128790 	26800.9
409	726.639	26203.2	155334 	27131.7
410	726.639	26205.5	141389 	26950.9
411	726.639	26507.1	205858 	27921.2
412	726.639	26363.4	186767 	28449.7
413	726.639	26330.7	148648 	28051.2
414	726.639	26398.3	148600 	28301.1
415	726.639	26405  	187126 	28890.9
416	726.639	26304.6	187803 	28621.4
417	726.639	26292.5	155855 	27371.8
418	726.639	26263.1	153421 	27518.4
419	726.639	26567.2	153519 	28045.2
420	726.639	26693.9	148914 	27883.1
421	726.639	26733  	165483 	28290.7
422	726.639	26695.4	165479 	28563.4
423	726.639	26867.7	168786 	28534.3
424	726.639	27021  	148261 	27968.3
425	726.639	27052.3	141463 	28216.2
426	726.639	27024.3	148222 	27727.4
427	726.639	27146.7	160241 	28541.3
428	726.639	27211.3	149510 	27890.1
429	726.639	27422.9	167160 	29017.5
430	726.639	27263.4	146125 	28530.2
431	726.639	27287.9	182986 	28522.9
432	726.639	27449  	191626 	29334.5
433	726.639	27619.3	182968 	28864.5
434	726.639	27573.5	183021 	28841.7
435	726.639	27749.9	151563 	29307.5
436	726.639	27826.9	143339 	28805.9
437	726.639	27855.2	139609 	28664.4
438	726.639	27951.7	139453 	27990.3
439	726.639	28102.9	139562 	27900.4
440	726.639	28142.5	143128 	27981.2
441	726.639	28428.9	142644 	28173  
442	726.639	28646.7	144249 	28934  
443	726.639	28547  	150847 	28403.4
444	726.639	28754.4	135613 	28290  
445	726.639	28750.4	145727 	28871.5
446	726.639	28688.6	142545 	28980.6
447	726.639	28606.2	142462 	29014.1
448	726.639	28591.6	165504 	28749.5
449	726.639	28992.5	165516 	29357.8
450	726.639	29041.8	184535 	29029.6
451	726.639	29054.2	169660 	29036.4
452	726.639	29475.9	179006 	29754.7
453	726.639	29502.3	167082 	29513.8
454	726.639	29595.5	157435 	29858  
455	726.639	29788.1	153610 	29699.3
456	726.639	29610.3	146085 	29043.2
457	726.639	29778.9	145307 	29448.4
458	726.639	30069.8	145504 	29486.1
459	726.639	30182.8	145504 	30693  
460	726.639	30296.6	162936 	30661.1
461	726.639	30410.8	162872 	30335.5
462	726.639	30340.9	172634 	30639.1
463	726.639	30695.3	172479 	31047.6
464	726.639	30690.2	163459 	30489.6
465	726.639	30701.3	156888 	30958.5
466	726.639	30960.1	187789 	32266.5
467	705.92 	30923.4	172730 	32947.8
468	705.92 	30905.9	169747 	32784  
469	705.92 	31022.1	166713 	31783.4
470	705.92 	31030.4	166544 	31947.9
471	705.92 	31093.3	161572 	32116.4
472	705.92 	31492.9	261817 	34193.4
473	705.92 	31314.9	261683 	33383  
474	705.92 	31014.3	175485 	31727.1
475	705.92 	31092.5	175400 	32654.7
476	705.92 	30958.9	174233 	32561.4
477	705.92 	30999.2	177235 	32457.7
478	705.92 	31031.5	176181 	32167.1
479	705.92 	30983  	175971 	32648.6
480	705.92 	31235.4	180685 	33371.2
481	705.92 	31286.7	170753 	32841.4
482	705.92 	31514.4	218960 	33236.2
483	705.92 	31312.8	218983 	33112.1
484	705.92 	31516.3	184536 	33497.6
485	705.92 	31657.1	182810 	33822.4
486	705.92 	31830.6	175720 	33907.7
487	705.92 	32012.7	177803 	33852.5
488	705.92 	32005.9	172750 	32741.4
489	705.92 	32122.8	172809 	32280.5
490	705.92 	31953  	172756 	32911.1
491	705.92 	31994.6	189214 	33286.8
492	705.92 	32075.2	173292 	32868.1
493	705.92 	32112.9	172632 	32820.5
494	705.92 	32193.2	169329 	32800  
495	705.92 	32105.4	191143 	33420.4
496	705.92 	32271.3	190993 	33369.3
497	705.92 	32215.2	176412 	33798.5
498	705.92 	32295.8	168741 	33189.5
499	705.92 	32336.7	162034 	32942.6
102.61000001
