/usr/lib/python2.7/site-packages/deap/tools/_hypervolume/pyhv.py:33: ImportWarning: Falling back to the python version of hypervolume module. Expect this to be very slow.
  "module. Expect this to be very slow.", ImportWarning)
gen	min    	avg    	max    	std    
0  	953.905	1436.68	9312.01	318.862
1  	953.905	1447.45	9163.53	381.537
2  	953.905	1450.22	7014.14	331.172
3  	922.808	1456.14	6898.07	359.261
4  	922.808	1487.59	9749.18	511.862
5  	922.808	1506.37	6997.84	528.477
6  	922.808	1542.28	15126.6	777.245
7  	922.808	1549.12	14863.9	781.335
8  	922.808	1567.18	11198.2	747.009
9  	922.808	1620.38	22061.8	1156.94
10 	922.808	1643.85	13039.7	1129.45
11 	922.808	1653.98	12261.8	1120.18
12 	922.808	1647.49	12063.2	1054.65
13 	922.808	1704.18	14073.5	1204.02
14 	922.808	1700.64	11985.6	1143.37
15 	922.808	1716.53	11872.9	1181.16
16 	922.808	1721.99	11340.9	1154.61
17 	922.808	1721.81	11394.2	1146.83
18 	922.808	1718.07	10694.3	1118.81
19 	922.808	1767.1 	13951.8	1287.91
20 	922.808	1792.37	14016.2	1355.08
21 	922.808	1784.78	13511.9	1292.58
22 	922.808	1795.5 	13438  	1292.27
23 	922.808	1813.27	12044.3	1285.91
24 	922.808	1826.12	12015.1	1284.64
25 	922.808	1833.83	12010.6	1274.39
26 	922.808	1864.13	12444.8	1367.72
27 	904.796	1882.92	12240.6	1389.91
28 	904.796	1876.51	11478.1	1348.36
29 	904.796	1931.34	27130.6	1759.01
30 	904.796	1940.26	21935.2	1709.51
31 	896.884	1979.3 	19403  	1726.41
32 	896.884	2051.82	30337.4	2247.02
33 	896.884	2146.92	38224.7	2855.02
34 	864.122	2160.85	30239.5	2716.59
35 	864.122	2159.51	30568.1	2602.88
36 	864.122	2148.85	29563.9	2432.1 
37 	851.978	2110.89	27253.9	2254.44
38 	851.978	2198.79	26960.9	2520.95
39 	851.978	2181.55	21917.1	2314.67
40 	851.978	2216.35	21672.5	2352.52
41 	851.978	2244.05	23688.9	2446.99
42 	851.978	2303.68	22767  	2541.1 
43 	851.978	2321.6 	21645.8	2508.35
44 	846.312	2343.6 	21192.4	2558.23
45 	846.312	2406.75	30566.9	2866.9 
46 	846.312	2413.3 	25267.4	2716.88
47 	846.312	2445.9 	25295.7	2828.05
48 	846.312	2423.96	24682.2	2801.26
49 	846.312	2497.99	26773.7	3059.45
50 	846.312	2513.84	26773.7	3065.56
51 	846.312	2505.97	25430.7	3040.19
52 	846.312	2489.13	23371.6	2917.04
53 	846.312	2505.56	24256.4	2940.32
54 	846.312	2572.34	37535.9	3285.28
55 	846.312	2636.94	37535.9	3524.31
56 	846.312	2659.52	32288.8	3483.91
57 	846.312	2702.81	30673.7	3507.46
58 	846.312	2783.56	30734.8	3691.75
59 	846.312	2802.7 	30734.8	3713.26
60 	846.312	2816.41	30452.3	3647.8 
61 	846.312	2854.52	30702.6	3657.95
62 	812.805	2844.63	30563.5	3706.46
63 	812.805	2809.22	33084.1	3696.05
64 	812.805	2837.12	30958.9	3666.7 
65 	812.805	2936.1 	35871.7	3968.68
66 	812.805	2936.68	30992.6	3827.64
67 	812.805	2913.29	28705.1	3674.82
68 	812.805	2953.2 	28608.7	3725.94
69 	812.805	3051.45	41058.2	4028.98
70 	812.805	3088.73	34071  	4135.68
71 	812.805	3186.89	35067.4	4329.31
72 	812.805	3204.75	34657  	4363.39
73 	812.805	3326.92	34657  	4683.17
74 	812.805	3367.67	32263.2	4628.13
75 	812.805	3391.43	32263.2	4681.27
76 	812.805	3398.19	35932  	4664.44
77 	812.805	3412.29	32075.5	4645.24
78 	812.805	3453.94	35375.9	4739.23
79 	812.805	3465.85	35397.5	4732.23
80 	812.805	3500.16	37573.4	4780.12
81 	812.805	3552.48	50749.2	5119.68
82 	812.805	3533.67	38896.5	5020.99
83 	812.805	3588.38	39056.3	5115.04
84 	812.805	3640.49	35363  	5095.96
85 	812.805	3646.2 	33792.7	5068.54
86 	812.805	3654.3 	33890.5	4992.2 
87 	812.805	3832.36	41326.4	5358.21
88 	812.805	3893.44	33905.6	5436.86
89 	812.805	3938.2 	41679.8	5582.01
90 	812.805	3929.22	33875.5	5301.12
91 	812.805	3961.31	35512.4	5375.44
92 	812.805	4066.42	35497  	5542   
93 	812.805	4096.27	33794.2	5607.19
94 	812.805	4217.06	62703.9	6158.54
95 	812.805	4241.82	61796.7	6131.85
96 	812.805	4209.79	38990.5	5855.89
97 	812.805	4337.71	38896.3	6059.45
98 	812.805	4336.62	38772.6	6069.05
99 	812.805	4406.61	40560.7	6309.85
100	812.805	4387.07	40350.6	6262.36
101	812.805	4436.39	41675.4	6409.38
102	812.805	4447.91	40103.4	6202.47
103	812.805	4427.03	38834.4	6209.15
104	812.805	4434.75	38650.7	6156.14
105	812.805	4436.44	36344  	6069.04
106	812.805	4456.38	35934.5	6044.43
107	812.805	4508.55	45853  	6088.96
108	812.805	4567.42	35826.6	6022.67
109	812.805	4623.86	33841.8	5893.21
110	812.805	4650.65	33525.8	5872.67
111	812.805	4634.75	33338.3	5754.45
112	812.805	4655.52	32406.8	5755.63
113	812.805	4705.15	31525.8	5881.82
114	812.805	4752.77	31411.4	5944.77
115	812.805	4850.77	41165.7	6230.3 
116	812.805	4940.21	41072  	6435.98
117	812.805	4953.55	41002.7	6464.07
118	812.805	4987.88	40887.1	6396.41
119	812.805	5001.01	53859  	6617.61
120	812.805	5004.78	53768.7	6638.74
121	812.805	5044.16	49607.7	6737.77
122	812.805	5073.48	41149.7	6511.75
123	812.805	5261.93	54725.8	6928.67
124	812.805	5301.85	41217.3	6933.93
125	812.805	5409.85	41822.8	7221.05
126	812.805	5451.85	43597.1	7346.08
127	812.805	5368.43	43648.6	7303.28
128	812.805	5539.47	68373  	7850.87
129	812.805	5481.65	68466.1	7674.51
130	812.805	5635.93	68394.3	8163.69
131	812.805	5669.72	62187.6	8077.53
132	812.805	5631.51	53962.6	7921.06
133	812.805	5716.98	53782  	7845.24
134	812.805	5680.98	53835.8	7615.77
135	812.805	5645.15	47577.8	7435.84
136	812.805	5688.66	44941.5	7466.32
137	812.805	5798.9 	57775.1	7722.54
138	812.805	6005.74	57750.9	8200.5 
139	812.805	5989.5 	57798.4	8157.96
140	812.805	6094.14	66383  	8554.42
141	812.805	6294.91	92298.1	9210.91
142	812.805	6426.88	92333.5	9356.25
143	812.805	6555.6 	75357.1	9590.31
144	812.805	6590.77	68488.9	9727.44
145	812.805	6807.68	95264.7	10477.9
146	812.805	6888.07	68121.2	10229.8
147	812.805	6894.81	67752  	9963.65
148	812.805	7038.77	66286.6	9920.7 
149	812.805	7096.44	62584.7	9715.88
150	812.805	7076.19	62249.5	9502.07
151	812.805	7167.33	72146.1	9747.42
152	812.805	7275.78	72367.4	9964.77
153	812.805	7348   	67060.6	9983.99
154	812.805	7363.11	67009.9	9898.04
155	812.805	7399.94	62141.5	10001.3
156	812.805	7352.18	59553.5	9907.88
157	812.805	7430.97	69787.4	10052.3
158	812.805	7632.81	76793.4	10433.2
159	812.805	7653.73	76792.9	10486.2
160	812.805	7786.11	69753  	10515.1
161	812.805	7854.8 	74382.6	10706.5
162	812.805	8041.27	76770.3	11216.2
163	812.805	8069.01	89019.5	11520  
164	812.805	8207.29	84882.7	11706.1
165	812.805	8280.49	84927.5	11758.2
166	812.805	8373.9 	73126.1	11439  
167	812.805	8337.33	73126.1	11409.6
168	812.805	8363.99	71184.5	11356.2
169	812.805	8548.6 	71316.3	11888.1
170	812.805	8493.85	71298.2	11702.6
171	812.805	8570.1 	71258.1	11976.1
172	812.805	8632.13	78259.7	12212.3
173	812.805	8856.41	78337.8	12404  
174	812.805	8783.65	73364.3	11994  
175	812.805	8828.4 	71465.4	11957  
176	812.805	9130.19	71813  	12544.2
177	812.805	8990.04	71748.4	12196.3
178	812.805	9029.54	71466  	12242.7
179	812.805	9047.82	71505  	12243.5
180	812.805	9143.42	75657.1	12474.9
181	812.805	9181.31	71124.5	12611  
182	812.805	9369.63	91744.6	13208  
183	812.805	9460.08	91818.1	13595  
184	812.805	9466.66	87366  	13293.3
185	812.805	9597.34	95573.2	13949.8
186	812.805	9499.87	87322.7	13490.6
187	812.805	9577.04	89439.7	13692.5
188	812.805	9508.81	87003.6	13478.6
189	812.805	9591.06	84188  	13358.2
190	812.805	9553.71	79090  	12983.1
191	812.805	9621.03	79115.8	13161  
192	812.805	9787.71	80080  	13500.3
193	812.805	9795.17	80080  	13467.1
194	812.805	9840.73	74564  	13450.1
195	812.805	9881.15	74566.8	13531.6
196	812.805	9861.8 	74562.2	13292.6
197	812.805	9936.93	73138.5	13145.8
198	812.805	10033.4	88443.2	13395.4
199	812.805	10124  	87074.8	13212.7
200	812.805	10140.2	86790.4	13142  
201	812.805	10264  	86879.3	13355  
202	812.805	10248.8	86721.2	13387.2
203	812.805	10304.1	86584.9	13397.5
204	812.805	10236.3	73543.4	13144.1
205	789.719	10205.9	78721.1	13359.7
206	789.719	10273.4	71848.6	13467.9
207	789.719	10277.6	71473.2	13520.7
208	789.719	10241  	71302.7	13189.7
209	789.719	10373  	71189.5	13404.7
210	789.719	10523.1	71674.2	13688.4
211	789.719	10617.6	71187.4	13844.8
212	789.719	10830.3	78837.1	14377.4
213	789.719	10953.9	92927.3	14605.8
214	789.719	11042.2	93068.3	15094  
215	789.719	11029  	91762  	14909.7
216	789.719	11184  	86974  	14718.3
217	789.719	11249.5	85054.6	14647.5
218	789.719	11424.6	90993.7	15097.1
219	789.719	11659.4	84748  	15463.3
220	789.719	11649.3	82346.8	15558  
221	789.719	11720.1	79286  	15225.2
222	789.719	11781.9	78789.7	14882.2
223	789.719	11953.2	78790.4	14985.4
224	789.719	11859.8	78755.5	15092.5
225	789.719	11870.3	81426.1	15036.6
226	789.719	11891.7	91266  	15256.7
227	789.719	12090.5	91186.1	15765  
228	789.719	12109.2	88508.6	15880.2
229	789.719	12092.4	88920.4	15696.9
230	789.719	12072.7	96075.5	15367.3
231	789.719	12107.9	102425 	15613.4
232	789.719	12320.8	98134.4	15704.9
233	789.719	12330.6	89786.9	15238  
234	789.719	12280.6	81503  	15242.7
235	789.719	12251.4	80216.5	15095.7
236	789.719	12625.9	118384 	16283.6
237	789.719	12605.8	102668 	15802.3
238	789.719	12524.4	96128.9	15682.5
239	789.719	12547.7	96241.4	15569.6
240	789.719	12552.4	85098.1	15341  
241	789.719	12625.5	85121.4	15496.7
242	789.719	12714  	101933 	15726.2
243	789.719	12843.3	87854.4	15603.8
244	789.719	12865  	115780 	15915  
245	789.719	12897.6	97390  	15684.4
246	789.719	12866.5	88857.3	15324.3
247	789.719	13085.8	84355.5	15593.5
248	789.719	13403.7	111329 	16683.8
249	789.719	13344.7	86655  	16277.9
250	789.719	13440.6	107850 	16787.9
251	789.719	13662.3	107141 	17166.6
252	789.719	13818.7	108672 	17627.5
253	789.719	13840.4	97729.7	17345.7
254	789.719	13783.6	90843.1	17147.1
255	789.719	13813.4	91791.2	17271  
256	789.719	13841.6	90112.4	17054.9
257	789.719	13992.8	90080.4	17443.7
258	789.719	14052.1	103139 	17847.5
259	789.719	14208.9	111139 	18342.2
260	789.719	14307  	108661 	18316.9
261	789.719	14316  	103074 	17977.4
262	789.719	14273.8	92240  	17643.4
263	789.719	14394.8	103726 	17907.3
264	789.719	14322.1	103791 	17945.4
265	789.719	14402.1	96448.3	17774.8
266	789.719	14535  	96381.7	17773.7
267	789.719	14806  	105841 	18139.6
268	789.719	14847  	108132 	18354.7
269	789.719	14894.4	107998 	18277.8
270	789.719	14895  	104954 	18153.2
271	789.719	15146.1	104952 	18205.8
272	789.719	15147.6	104922 	18437.2
273	789.719	15175  	93132.8	18050.5
274	789.719	15398  	141297 	18899  
275	789.719	15461.2	122831 	18880.1
276	789.719	15376.5	107818 	19075.9
277	789.719	15542.4	109296 	19077.8
278	789.719	15422.2	103253 	18729.9
279	789.719	15649  	104231 	19247.4
280	789.719	15649.5	116283 	19661.3
281	789.719	15691.5	104609 	19318.1
282	789.719	15868.8	102827 	19452.8
283	789.719	16032.9	109368 	19861.1
284	789.719	16130.4	97195.9	19477.9
285	789.719	16132.6	97248  	19423.5
286	789.719	16351  	121568 	19905  
287	789.719	16760.5	121485 	20298.7
288	789.719	16798.7	121512 	20460  
289	789.719	16787  	113937 	20430.2
290	789.719	16770.4	110907 	19918.9
291	789.719	16938.8	104593 	19809.3
292	789.719	17066  	104527 	19893.1
293	789.719	17034.8	108720 	19779.4
294	789.719	17028  	142398 	20456.1
295	789.719	17020.3	119504 	20140.8
296	789.719	16996.2	114558 	19680.7
297	789.719	16924.5	99991.2	19707.1
298	789.719	17046.2	150798 	20492.4
299	789.719	17025.4	145819 	20351.4
300	789.719	17119.5	129601 	20600.8
301	789.719	17177.4	129484 	20440.6
302	789.719	17136.1	108701 	20211.1
303	789.719	17140.1	108570 	20592.3
304	789.719	17129.4	101426 	20335  
305	789.719	17130  	107693 	20328.7
306	789.719	17455.4	111560 	20974.4
307	789.719	17608.6	110414 	21376.2
308	789.719	17715.8	110441 	21176.6
309	789.719	18102.8	135265 	21952.6
310	789.719	18016.9	110747 	21539.4
311	789.719	18141.1	117160 	21483.6
312	789.719	18063.4	114220 	21187.4
313	789.719	17913.4	115926 	20939.3
314	789.719	18121.2	127956 	21264.2
315	789.719	18269.5	115830 	21130.2
316	789.719	18157.8	115752 	20838.8
317	789.719	18243.4	106143 	20812.8
318	789.719	18131  	107396 	20713.9
319	789.719	18073.9	114029 	20568.3
320	789.719	18097.1	136442 	21024.9
321	789.719	18112.1	136429 	21375.6
322	789.719	18116.6	116748 	20751.6
323	789.719	18231.3	105970 	20747.9
324	789.719	18193  	109500 	20541.1
325	789.719	18069.8	109427 	20403.8
326	789.719	18321.3	109427 	20311.3
327	789.719	18278.7	111299 	20103.2
328	789.719	18104.1	111299 	20140.8
329	789.719	18110.1	127780 	20507  
330	789.719	18179.2	116861 	20496.1
331	789.719	18245.5	134377 	20936  
332	789.719	18369.9	117130 	20787.8
333	789.719	18446.9	116907 	20934.6
334	789.719	18690.6	121271 	22085.6
335	789.719	18934.7	176368 	23067.7
336	789.719	19030.4	152357 	22809.2
337	789.719	19211.1	125516 	23296.2
338	789.719	19454.4	133059 	23918.4
339	789.719	19389.2	127226 	24030.8
340	789.719	19369.5	127209 	23969.8
341	789.719	19446.1	129143 	24117.4
342	789.719	19502.8	164731 	24410.1
343	789.719	19527.4	162809 	24240.6
344	789.719	19623.5	123050 	23989.9
345	789.719	19685  	116002 	23982.9
346	789.719	19772.2	110590 	24152.1
347	789.719	19959.3	120597 	23880.8
348	789.719	19980.9	109658 	24078.4
349	789.719	19850.6	128134 	23361.2
350	789.719	19832.1	109453 	22750.3
351	789.719	20091.1	113475 	23019.4
352	789.719	20006.6	109635 	22702.3
353	789.719	20255.9	109557 	22867.9
354	789.719	20262.9	110946 	23084.8
355	789.719	20322.9	109603 	23188.7
356	789.719	20477.5	108988 	23512.7
357	789.719	20369.6	132135 	24159.8
358	789.719	20408.7	127304 	23832.2
359	789.719	20548.4	119149 	23480.8
360	789.719	20467.4	135987 	23724.3
361	789.719	20540.7	145235 	24199.6
362	789.719	20692.2	150234 	24470  
363	789.719	20687.4	145166 	23858.8
364	789.719	20788.5	136674 	23457.5
365	789.719	20759.5	137630 	23402  
366	789.719	20640  	144863 	23321  
367	789.719	20740.3	145915 	23943.2
368	789.719	20749.6	126456 	23759.5
369	789.719	20645.5	117379 	23635.8
370	789.719	20793.4	123077 	24101.7
371	789.719	20803.3	118628 	24098.4
372	789.719	20834.1	126078 	23819.4
373	789.719	20848.8	131842 	24097.9
374	789.719	21096.9	131727 	24118.2
375	789.719	21279.8	139901 	24962.6
376	789.719	21263.1	139976 	25116.5
377	789.719	21390.4	134471 	25310.6
378	789.719	21480  	133954 	24842.3
379	789.719	21466.3	140167 	24470.1
380	789.719	21673.3	145945 	24826.4
381	789.719	21593.8	124757 	24283  
382	789.719	21699.3	124636 	24287.8
383	789.719	21766.9	139255 	24841.4
384	789.719	21663.2	136933 	24586  
385	789.719	21796.1	164530 	25283.2
386	789.719	21804.1	127423 	25523.8
387	789.719	21848.1	124769 	25416.6
388	789.719	22034.4	124497 	24767.8
389	789.719	21842.4	124018 	24674.4
390	789.719	21854  	125697 	24365.4
391	789.719	22023.4	128361 	25011.1
392	789.719	21988.5	122827 	24388.1
393	789.719	22236.3	122846 	23984.4
394	789.719	22265.4	114438 	23847.7
395	789.719	22304.1	113786 	24143.7
396	789.719	22230.5	113772 	24294.8
397	789.719	22187.8	110277 	23642.3
398	789.719	22337.2	139253 	23865.9
399	789.719	22330.5	116764 	23811.6
400	789.719	22677.1	126758 	24672  
401	789.719	22912.1	149546 	25001.4
402	789.719	22886.8	149512 	24684.8
403	789.719	22817.8	126774 	24285.4
404	789.719	22723  	126750 	24792.7
405	789.719	22677.6	130300 	24735.5
406	789.719	22732.9	130161 	24833  
407	789.719	22798.7	122357 	24579.8
408	789.719	22787  	130160 	24707  
409	789.719	22776.1	124210 	24701.6
410	789.719	22860.6	136224 	24733.1
411	789.719	22827.2	136224 	24833.7
412	789.719	22715.4	138400 	24473.3
413	789.719	22679.1	145987 	24264.5
414	789.719	22873.7	125154 	24182  
415	789.719	22876.4	140185 	24532.8
416	789.719	22907.8	125269 	24329.9
417	789.719	22910.5	135839 	24346.9
418	789.719	22989.3	129959 	24544.3
419	789.719	23210.1	148931 	24612.5
420	789.719	23232.8	123272 	24155.2
421	789.719	23149.8	128630 	24283.9
422	789.719	23239.2	135178 	25373.2
423	789.719	23536  	134440 	25668.2
424	789.719	23518.9	134346 	25410.1
425	789.719	23648.3	149274 	25779.4
426	789.719	23726.9	149850 	26012.3
427	789.719	23935.2	149214 	25995.9
428	789.719	23951.1	138874 	25725  
429	789.719	24115.8	138752 	25885.9
430	789.719	24313.4	138797 	26073.9
431	789.719	24222.4	142730 	26475.7
432	789.719	24256.5	153643 	26291  
433	789.719	24332.5	126610 	25846.4
434	789.719	24109  	143746 	26119.5
435	789.719	24112.3	132697 	26300.3
436	789.719	23970.1	154779 	26450.1
437	789.719	23884.1	154325 	26166.7
438	789.719	23976  	140519 	26078.3
439	789.719	24169  	140562 	25956.4
440	789.719	24329.2	159697 	26406.7
441	789.719	24292.7	159672 	25828  
442	789.719	24143.3	127288 	25277.5
443	789.719	24198.4	128049 	25431  
444	789.719	24320.3	125060 	25543.8
445	789.719	24358.2	129756 	25545.9
446	789.719	24497.5	134124 	25488.1
447	789.719	24328.9	131658 	25587.3
448	789.719	24738.5	137088 	26295.7
449	789.719	24871.9	136569 	26406  
450	789.719	25009.7	145430 	26945.5
451	789.719	25004.8	145372 	26180.8
452	789.719	25234.7	130187 	26169.2
453	789.719	25147.9	135519 	26513.4
454	789.719	25194.6	136124 	26212.6
455	789.719	25199.6	135017 	26582.9
456	789.719	25098.3	121436 	26274.6
457	789.719	25046.9	125229 	26343.7
458	789.719	24903.6	125285 	26123.5
459	789.719	24947.8	120798 	26274.5
460	789.719	24814.5	130464 	26454.5
461	789.719	24894.3	123322 	26194.9
462	789.719	24932.7	123326 	26283  
463	789.719	24843.9	127035 	26053.3
464	789.719	24974  	137870 	26214.1
465	789.719	25085.7	127208 	26331.3
466	789.719	25013.8	122071 	25970.9
467	789.719	24979.1	122007 	26059.4
468	789.719	24810.5	125818 	26073.9
469	789.719	24952.9	147698 	26332.3
470	789.719	24917.6	167957 	26181.4
471	789.719	25010.7	157474 	26256.6
472	789.719	24949.1	139067 	26066.7
473	789.719	25153.6	138985 	26118.8
474	789.719	25222.7	147638 	26355.2
475	789.719	25108.7	136466 	26575.4
476	789.719	25064.9	132247 	26181.5
477	789.719	25037.8	132247 	26432.9
478	789.719	25166.8	138517 	26897.5
479	789.719	25172.5	144920 	27012.4
480	789.719	25098.4	123802 	26302.5
481	789.719	25054.3	129864 	26263.2
482	789.719	25254.4	127523 	26614.7
483	789.719	25285.3	127523 	26541.1
484	789.719	25458.9	192832 	27961.7
485	789.719	25350.6	155682 	27193.1
486	789.719	25198.9	154984 	27153  
487	789.719	25279.9	135259 	26754.5
488	789.719	25400.1	132534 	27196  
489	789.719	25384  	139539 	27315.7
490	789.719	25370.5	185637 	27524.1
491	789.719	25568.6	131425 	26940.4
492	789.719	25778.8	162360 	28656.5
493	789.719	25777.1	162271 	28835.8
494	789.719	25824.9	162379 	28986.5
495	789.719	25710.9	152240 	28595.4
496	789.719	26151.1	141469 	28788.6
497	789.719	26094  	145102 	28191.2
498	789.719	26387.8	145086 	28400.8
499	789.719	26384.5	154662 	27727.7
102.61000001
