gen	min        	avg       	max        	std        
0  	2.52528e+06	2.3323e+07	5.92642e+07	1.01136e+07
1  	2.52525e+06	2.33066e+07	5.70507e+07	9.83539e+06
2  	2.52525e+06	2.32763e+07	5.57702e+07	9.74251e+06
3  	2.52519e+06	2.32482e+07	5.54318e+07	9.71749e+06
4  	2.52519e+06	2.3219e+07 	5.27189e+07	9.56928e+06
5  	2.52519e+06	2.31684e+07	5.2726e+07 	9.5288e+06 
6  	2.52519e+06	2.31287e+07	5.3452e+07 	9.75805e+06
7  	2.52519e+06	2.31232e+07	5.35434e+07	9.8656e+06 
8  	2.47995e+06	2.31405e+07	5.32361e+07	9.95733e+06
9  	1.78876e+06	2.30788e+07	5.15444e+07	9.96934e+06
10 	1.78876e+06	2.30391e+07	5.39222e+07	1.01437e+07
11 	1.78876e+06	2.29863e+07	5.60793e+07	1.01669e+07
12 	1.78876e+06	2.29338e+07	5.33613e+07	1.01204e+07
13 	1.78876e+06	2.28752e+07	5.48636e+07	1.00208e+07
14 	1.78876e+06	2.28446e+07	5.38931e+07	1.00332e+07
15 	1.78876e+06	2.28125e+07	5.11132e+07	1.002e+07  
16 	1.78876e+06	2.27488e+07	5.3227e+07 	9.99767e+06
17 	1.78876e+06	2.27383e+07	5.32271e+07	9.97091e+06
18 	1.78876e+06	2.268e+07  	5.32271e+07	9.98099e+06
19 	1.78876e+06	2.26356e+07	5.32605e+07	1.0014e+07 
20 	1.78829e+06	2.26226e+07	5.36309e+07	1.00354e+07
21 	1.78829e+06	2.2553e+07 	5.34588e+07	9.95213e+06
22 	1.78829e+06	2.25259e+07	5.33706e+07	9.87166e+06
23 	1.73783e+06	2.24972e+07	5.22405e+07	9.90707e+06
24 	1.35495e+06	2.24273e+07	5.22638e+07	9.9335e+06 
25 	1.35495e+06	2.2376e+07 	5.20115e+07	9.77795e+06
26 	1.35495e+06	2.23205e+07	5.09929e+07	9.7086e+06 
27 	1.35495e+06	2.22775e+07	5.21334e+07	9.67986e+06
28 	1.35495e+06	2.2247e+07 	5.18526e+07	9.62872e+06
29 	1.35495e+06	2.21878e+07	5.22169e+07	9.6465e+06 
30 	1.35492e+06	2.21472e+07	5.3671e+07 	9.59873e+06
31 	1.35466e+06	2.21256e+07	5.57368e+07	9.63e+06   
32 	1.35466e+06	2.20685e+07	5.57513e+07	9.79261e+06
33 	1.35466e+06	2.2024e+07 	5.57824e+07	9.68608e+06
34 	1.35466e+06	2.19938e+07	5.47871e+07	9.56422e+06
35 	1.33269e+06	2.19435e+07	5.31469e+07	9.40465e+06
36 	1.33269e+06	2.19237e+07	5.31469e+07	9.57163e+06
37 	1.33269e+06	2.194e+07  	5.04458e+07	9.46091e+06
38 	1.33269e+06	2.19331e+07	4.92234e+07	9.46681e+06
39 	1.33269e+06	2.19002e+07	4.93123e+07	9.39004e+06
40 	1.33269e+06	2.18661e+07	4.90875e+07	9.29421e+06
41 	1.33269e+06	2.18228e+07	5.07134e+07	9.3959e+06 
42 	1.33269e+06	2.17933e+07	5.46982e+07	9.51732e+06
43 	971116     	2.1783e+07 	5.46982e+07	9.4254e+06 
44 	971116     	2.17485e+07	5.08871e+07	9.37906e+06
45 	971116     	2.16924e+07	5.08871e+07	9.56364e+06
46 	971020     	2.17074e+07	5.14284e+07	9.6421e+06 
47 	962396     	2.16624e+07	5.14355e+07	9.57425e+06
48 	914089     	2.16172e+07	5.27132e+07	9.49483e+06
49 	914089     	2.15497e+07	5.51671e+07	9.57613e+06
50 	914089     	2.14817e+07	5.51671e+07	9.45149e+06
51 	914089     	2.14622e+07	5.52178e+07	9.43093e+06
52 	914089     	2.14344e+07	5.43072e+07	9.66507e+06
53 	914089     	2.13864e+07	5.62543e+07	9.89626e+06
54 	914089     	2.13426e+07	5.67176e+07	9.90857e+06
55 	914089     	2.13321e+07	5.50387e+07	9.86665e+06
56 	914089     	2.12691e+07	5.37765e+07	9.70737e+06
57 	914089     	2.12452e+07	5.31898e+07	9.69601e+06
58 	914089     	2.12251e+07	5.31475e+07	9.80144e+06
59 	801257     	2.11874e+07	5.17289e+07	9.52111e+06
60 	801257     	2.1196e+07 	5.24936e+07	9.55787e+06
61 	801257     	2.11859e+07	4.83505e+07	9.56609e+06
62 	801257     	2.11339e+07	4.78702e+07	9.53573e+06
63 	801257     	2.11021e+07	5.45789e+07	9.58065e+06
64 	801257     	2.11031e+07	5.03647e+07	9.68688e+06
65 	801257     	2.10514e+07	4.94093e+07	9.66524e+06
66 	801257     	2.0986e+07 	5.04112e+07	9.60143e+06
67 	795181     	2.09385e+07	5.14008e+07	9.40252e+06
68 	795181     	2.09476e+07	5.15849e+07	9.48033e+06
69 	795181     	2.09172e+07	5.1572e+07 	9.44346e+06
70 	795181     	2.08651e+07	5.5076e+07 	9.4727e+06 
71 	795181     	2.0828e+07 	5.85865e+07	9.44085e+06
72 	795181     	2.07826e+07	5.44561e+07	9.51948e+06
73 	795181     	2.0712e+07 	5.19833e+07	9.51399e+06
74 	795181     	2.06971e+07	5.04413e+07	9.40722e+06
75 	795181     	2.06546e+07	5.82317e+07	9.5734e+06 
76 	795181     	2.06613e+07	5.47691e+07	9.65303e+06
77 	795181     	2.06055e+07	5.5662e+07 	9.70206e+06
78 	795181     	2.05621e+07	5.08552e+07	9.59491e+06
79 	795181     	2.04909e+07	5.21375e+07	9.53097e+06
80 	795181     	2.04991e+07	5.39745e+07	9.64949e+06
81 	795181     	2.04679e+07	5.26542e+07	9.72532e+06
82 	795181     	2.04589e+07	5.45852e+07	9.46446e+06
83 	795181     	2.04066e+07	5.32591e+07	9.37544e+06
84 	795181     	2.03828e+07	5.13933e+07	9.49766e+06
85 	795181     	2.03416e+07	5.45613e+07	9.35018e+06
86 	795181     	2.03157e+07	5.1812e+07 	9.2355e+06 
87 	795181     	2.03124e+07	5.26046e+07	9.28266e+06
88 	795181     	2.02754e+07	5.07814e+07	9.2733e+06 
89 	795181     	2.02429e+07	4.9986e+07 	9.28843e+06
90 	795181     	2.0224e+07 	4.99171e+07	9.23794e+06
91 	787899     	2.01523e+07	4.81404e+07	9.1639e+06 
92 	787899     	2.00796e+07	4.89315e+07	9.16846e+06
93 	787899     	2.00861e+07	5.16981e+07	9.13955e+06
94 	787899     	2.00697e+07	5.15612e+07	9.16148e+06
95 	787899     	2.00403e+07	4.81447e+07	9.10842e+06
96 	787899     	2.0008e+07 	4.81488e+07	9.17734e+06
97 	787899     	1.99789e+07	4.83437e+07	9.24784e+06
98 	755474     	1.99138e+07	4.78041e+07	9.18501e+06
99 	755474     	1.98789e+07	5.08338e+07	9.29087e+06
100	755474     	1.98501e+07	5.08431e+07	9.10183e+06
101	755474     	1.98352e+07	4.9743e+07 	9.10549e+06
102	747348     	1.97926e+07	4.8408e+07 	9.15824e+06
103	747348     	1.97947e+07	4.77956e+07	9.28957e+06
104	747348     	1.97714e+07	5.37634e+07	9.20034e+06
105	747348     	1.97212e+07	5.13227e+07	9.04382e+06
106	747348     	1.96859e+07	5.15772e+07	8.96693e+06
107	731197     	1.96978e+07	4.93519e+07	8.97049e+06
108	731197     	1.96577e+07	4.83304e+07	8.89535e+06
109	731197     	1.96067e+07	5.48424e+07	8.88831e+06
110	731197     	1.95581e+07	5.11083e+07	8.77656e+06
111	731197     	1.9503e+07 	5.11949e+07	8.82062e+06
112	731197     	1.94752e+07	4.79564e+07	8.75086e+06
113	731197     	1.94576e+07	5.06023e+07	8.78237e+06
114	731197     	1.93774e+07	4.94972e+07	8.67505e+06
115	731197     	1.93769e+07	5.10299e+07	8.55783e+06
116	731197     	1.9375e+07 	5.00053e+07	8.72908e+06
117	731197     	1.93791e+07	4.73344e+07	8.85887e+06
118	731197     	1.93695e+07	4.92839e+07	8.86583e+06
119	731197     	1.92887e+07	5.33805e+07	9.06601e+06
120	731197     	1.92501e+07	4.87762e+07	9.09921e+06
121	731197     	1.91819e+07	5.01338e+07	9.02196e+06
122	731197     	1.91301e+07	4.84412e+07	8.84831e+06
123	731197     	1.91223e+07	5.03634e+07	8.71836e+06
124	731197     	1.90571e+07	4.77853e+07	8.48563e+06
125	731197     	1.89944e+07	4.73455e+07	8.40278e+06
126	731197     	1.8955e+07 	4.73455e+07	8.50503e+06
127	699608     	1.89245e+07	4.60735e+07	8.44858e+06
128	699608     	1.89375e+07	4.65352e+07	8.49056e+06
129	699608     	1.89115e+07	4.84047e+07	8.47155e+06
130	699608     	1.88762e+07	4.94014e+07	8.49093e+06
131	699608     	1.88228e+07	4.88022e+07	8.51658e+06
132	640114     	1.88112e+07	4.51539e+07	8.38344e+06
133	640114     	1.88192e+07	4.46205e+07	8.36509e+06
134	640114     	1.87929e+07	4.50419e+07	8.28663e+06
135	640114     	1.87379e+07	4.56213e+07	8.35028e+06
136	640114     	1.87042e+07	4.50941e+07	8.20724e+06
137	640114     	1.86745e+07	4.67309e+07	8.19734e+06
138	640114     	1.86446e+07	4.52422e+07	8.19951e+06
139	640114     	1.86138e+07	4.73647e+07	8.26376e+06
140	640114     	1.85479e+07	4.73647e+07	8.29696e+06
141	640114     	1.85109e+07	4.68855e+07	8.23367e+06
142	640114     	1.85017e+07	5.01801e+07	8.36605e+06
143	640114     	1.84934e+07	4.68382e+07	8.3842e+06 
144	640114     	1.84584e+07	4.82265e+07	8.3352e+06 
145	640114     	1.84209e+07	4.82265e+07	8.50505e+06
146	640114     	1.83834e+07	4.68233e+07	8.39324e+06
147	640114     	1.83422e+07	4.60757e+07	8.39643e+06
148	600396     	1.83156e+07	4.60439e+07	8.41869e+06
149	600396     	1.82669e+07	4.40938e+07	8.36185e+06
150	591570     	1.82449e+07	4.82713e+07	8.1847e+06 
151	591091     	1.82327e+07	4.77025e+07	8.24476e+06
152	591091     	1.82209e+07	4.77025e+07	8.30382e+06
153	591091     	1.81757e+07	4.40402e+07	8.12645e+06
154	591091     	1.8101e+07 	4.39379e+07	8.21213e+06
155	591091     	1.80874e+07	4.41529e+07	8.20109e+06
156	591091     	1.80642e+07	4.39612e+07	8.13704e+06
157	591091     	1.80359e+07	4.6411e+07 	8.09071e+06
158	591091     	1.80272e+07	4.64896e+07	8.14857e+06
159	591091     	1.7987e+07 	4.52884e+07	7.91694e+06
160	591091     	1.79404e+07	4.29808e+07	7.83912e+06
161	591091     	1.79444e+07	4.19453e+07	7.81468e+06
162	571588     	1.79124e+07	4.59169e+07	7.72345e+06
163	571588     	1.79371e+07	4.08172e+07	7.85154e+06
164	571588     	1.79145e+07	4.04436e+07	7.79277e+06
165	569662     	1.78972e+07	4.79287e+07	7.8539e+06 
166	569662     	1.79123e+07	4.33769e+07	7.94438e+06
167	569662     	1.7877e+07 	4.54321e+07	7.85823e+06
168	569662     	1.78441e+07	4.34413e+07	7.75289e+06
169	569662     	1.77899e+07	4.34437e+07	7.71478e+06
170	569651     	1.77439e+07	4.30528e+07	7.84412e+06
171	569651     	1.77199e+07	4.47043e+07	7.88381e+06
172	569651     	1.77192e+07	4.57942e+07	7.81449e+06
173	569651     	1.76849e+07	4.43213e+07	7.75622e+06
174	569651     	1.76409e+07	4.7878e+07 	7.83523e+06
175	569651     	1.7587e+07 	4.36051e+07	7.64484e+06
176	569651     	1.75623e+07	4.78265e+07	7.79752e+06
177	569651     	1.75399e+07	4.5023e+07 	7.7582e+06 
178	569651     	1.74789e+07	4.39544e+07	7.87795e+06
179	561980     	1.74591e+07	4.13425e+07	7.90019e+06
180	561980     	1.74553e+07	4.52504e+07	7.99486e+06
181	561980     	1.7411e+07 	4.35505e+07	7.88846e+06
182	561980     	1.73897e+07	4.3559e+07 	7.94437e+06
183	561980     	1.73835e+07	4.57336e+07	7.97242e+06
184	561980     	1.73006e+07	5.02056e+07	8.05018e+06
185	561980     	1.72522e+07	4.25126e+07	7.93056e+06
186	561980     	1.72471e+07	4.43398e+07	7.89347e+06
187	561980     	1.72091e+07	4.21407e+07	7.92875e+06
188	557579     	1.72079e+07	4.11189e+07	7.75925e+06
189	557579     	1.7248e+07 	4.10679e+07	7.92009e+06
190	557579     	1.71948e+07	4.10148e+07	7.87325e+06
191	557579     	1.72002e+07	4.27359e+07	7.79623e+06
192	557579     	1.71627e+07	4.31731e+07	7.73251e+06
193	557579     	1.71622e+07	5.13093e+07	7.68802e+06
194	557579     	1.71691e+07	4.69359e+07	7.80704e+06
195	557579     	1.7146e+07 	4.64207e+07	7.94881e+06
196	557579     	1.7127e+07 	4.24164e+07	7.851e+06  
197	557579     	1.70826e+07	4.44623e+07	7.65262e+06
198	557579     	1.70379e+07	4.16077e+07	7.5361e+06 
199	557579     	1.69784e+07	4.45481e+07	7.44903e+06
200	557579     	1.69716e+07	4.15963e+07	7.27788e+06
201	557579     	1.69142e+07	4.0644e+07 	7.29813e+06
202	549969     	1.68732e+07	4.07178e+07	7.21809e+06
203	549969     	1.68667e+07	4.27859e+07	7.29762e+06
204	549969     	1.68298e+07	4.40916e+07	7.37452e+06
205	549969     	1.68018e+07	4.40916e+07	7.51794e+06
206	505538     	1.67821e+07	4.28833e+07	7.41566e+06
207	505538     	1.6744e+07 	4.05835e+07	7.39569e+06
208	505538     	1.67186e+07	4.47404e+07	7.36034e+06
209	505538     	1.66694e+07	4.88349e+07	7.70892e+06
210	505538     	1.66457e+07	4.65729e+07	7.6522e+06 
211	505538     	1.66647e+07	4.48764e+07	7.62071e+06
212	505538     	1.66305e+07	4.06815e+07	7.48141e+06
213	505538     	1.66382e+07	4.22721e+07	7.67701e+06
214	505538     	1.66116e+07	4.17679e+07	7.64796e+06
215	505538     	1.65823e+07	4.06168e+07	7.47006e+06
216	505538     	1.65705e+07	3.99403e+07	7.51793e+06
217	505538     	1.65228e+07	4.03952e+07	7.41249e+06
218	505538     	1.65108e+07	4.04153e+07	7.33688e+06
219	505538     	1.64891e+07	4.64574e+07	7.37924e+06
220	505538     	1.64837e+07	4.22568e+07	7.43545e+06
221	505538     	1.64694e+07	3.86454e+07	7.39251e+06
222	505538     	1.64604e+07	3.9126e+07 	7.37807e+06
223	505538     	1.64358e+07	3.88712e+07	7.31159e+06
224	505538     	1.63778e+07	3.88192e+07	7.42578e+06
225	505538     	1.63665e+07	4.10362e+07	7.36369e+06
226	502041     	1.63655e+07	4.3103e+07 	7.57322e+06
227	502041     	1.63176e+07	4.10447e+07	7.60303e+06
228	502041     	1.62453e+07	4.57753e+07	7.61557e+06
229	502041     	1.62366e+07	4.2933e+07 	7.46926e+06
230	502041     	1.62195e+07	3.98342e+07	7.44788e+06
231	502041     	1.6149e+07 	4.08596e+07	7.48118e+06
232	502041     	1.61139e+07	4.19369e+07	7.36562e+06
233	502041     	1.60937e+07	4.19349e+07	7.24662e+06
234	497142     	1.6077e+07 	3.92372e+07	7.19131e+06
235	497142     	1.60563e+07	3.79776e+07	7.04073e+06
236	495468     	1.60287e+07	4.0129e+07 	7.02369e+06
237	495468     	1.60245e+07	4.4207e+07 	7.17668e+06
238	495468     	1.60416e+07	4.45531e+07	7.19562e+06
239	495468     	1.60029e+07	4.40855e+07	7.24803e+06
240	387127     	1.59809e+07	4.10291e+07	7.30859e+06
241	387127     	1.59737e+07	4.04269e+07	7.34868e+06
242	387127     	1.59733e+07	3.85341e+07	7.13075e+06
243	387127     	1.59446e+07	3.75638e+07	7.13268e+06
244	374944     	1.59332e+07	3.92151e+07	7.17444e+06
245	374944     	1.58708e+07	3.92151e+07	7.14077e+06
246	374944     	1.59146e+07	4.16984e+07	7.23674e+06
247	374944     	1.58881e+07	4.16984e+07	7.14983e+06
248	374944     	1.5891e+07 	4.01986e+07	7.13061e+06
249	374944     	1.58623e+07	3.88774e+07	6.95921e+06
250	372697     	1.5849e+07 	3.6836e+07 	6.83945e+06
251	372697     	1.58483e+07	3.61005e+07	6.84103e+06
252	372697     	1.58213e+07	3.83326e+07	6.90267e+06
253	372697     	1.58206e+07	3.70206e+07	6.96914e+06
254	321382     	1.57842e+07	3.71658e+07	7.17485e+06
255	321382     	1.57829e+07	3.70136e+07	7.19487e+06
256	321382     	1.5748e+07 	3.91567e+07	7.20034e+06
257	321382     	1.57236e+07	4.02663e+07	7.22e+06   
258	321382     	1.56602e+07	4.02663e+07	7.11438e+06
259	321382     	1.56363e+07	4.04003e+07	7.08594e+06
260	321382     	1.56104e+07	3.90147e+07	6.97973e+06
261	321382     	1.56099e+07	3.79937e+07	6.90037e+06
262	321382     	1.55783e+07	3.56971e+07	6.79202e+06
263	321382     	1.55418e+07	3.56964e+07	6.75587e+06
264	321382     	1.5536e+07 	3.51226e+07	6.85178e+06
265	321314     	1.55535e+07	3.42936e+07	6.76955e+06
266	321314     	1.55285e+07	3.71187e+07	6.80047e+06
267	321314     	1.55327e+07	3.78253e+07	6.86363e+06
268	321314     	1.55269e+07	3.8784e+07 	7.11423e+06
269	321314     	1.55174e+07	3.91145e+07	6.99644e+06
270	321314     	1.54742e+07	3.99579e+07	7.02582e+06
271	320731     	1.54705e+07	3.99392e+07	7.11966e+06
272	320731     	1.54293e+07	3.80903e+07	6.99741e+06
273	314775     	1.54109e+07	4.3252e+07 	7.2123e+06 
274	314775     	1.53862e+07	4.05428e+07	7.22311e+06
275	314775     	1.53692e+07	4.22182e+07	7.14942e+06
276	314775     	1.53274e+07	4.0573e+07 	7.06626e+06
277	314775     	1.52896e+07	4.05767e+07	7.00218e+06
278	314775     	1.52647e+07	3.79798e+07	6.89502e+06
279	314775     	1.52516e+07	3.79915e+07	6.79803e+06
280	314775     	1.52296e+07	3.4764e+07 	6.719e+06  
281	314775     	1.51999e+07	3.60854e+07	6.69347e+06
282	314775     	1.51693e+07	3.69791e+07	6.78646e+06
283	314775     	1.51236e+07	3.65836e+07	6.77171e+06
284	314775     	1.51026e+07	3.65836e+07	6.74465e+06
285	314775     	1.50835e+07	3.63238e+07	6.73491e+06
286	314775     	1.50943e+07	3.74203e+07	6.81821e+06
287	314775     	1.506e+07  	3.6714e+07 	6.87639e+06
288	314775     	1.50829e+07	4.18479e+07	6.88373e+06
289	314775     	1.50411e+07	3.81172e+07	6.84506e+06
290	314775     	1.50394e+07	4.25643e+07	6.91061e+06
291	314775     	1.50096e+07	4.12586e+07	6.84726e+06
292	314775     	1.49735e+07	3.74024e+07	6.92883e+06
293	314775     	1.49498e+07	3.76041e+07	6.90976e+06
294	314775     	1.49082e+07	4.19079e+07	7.06817e+06
295	314775     	1.49117e+07	3.99446e+07	7.09637e+06
296	312586     	1.49096e+07	3.99446e+07	7.03211e+06
297	312586     	1.48726e+07	3.78718e+07	7.07357e+06
298	312586     	1.48555e+07	3.77727e+07	6.96842e+06
299	312586     	1.48212e+07	4.47437e+07	7.0141e+06 
300	312586     	1.47884e+07	4.20141e+07	7.01818e+06
301	312586     	1.48103e+07	3.93585e+07	6.92049e+06
302	312586     	1.47633e+07	3.78662e+07	6.84915e+06
303	312586     	1.47431e+07	3.65821e+07	6.84572e+06
304	312586     	1.47143e+07	3.57493e+07	6.80529e+06
305	312586     	1.47016e+07	3.54636e+07	6.77313e+06
306	312586     	1.4674e+07 	4.01743e+07	6.87918e+06
307	312586     	1.46604e+07	4.01745e+07	6.92496e+06
308	312586     	1.4681e+07 	3.95383e+07	6.98168e+06
309	312574     	1.46797e+07	3.78096e+07	6.95833e+06
310	312574     	1.46635e+07	3.70432e+07	6.91157e+06
311	312574     	1.46283e+07	4.00829e+07	6.88533e+06
312	279822     	1.46023e+07	3.79777e+07	6.74644e+06
313	279807     	1.45786e+07	3.82069e+07	6.6151e+06 
314	268691     	1.45431e+07	3.65008e+07	6.62313e+06
315	268691     	1.45099e+07	3.54253e+07	6.46403e+06
316	268691     	1.4484e+07 	3.71849e+07	6.57291e+06
317	268691     	1.44565e+07	3.84756e+07	6.5639e+06 
318	268691     	1.44549e+07	4.04458e+07	6.62669e+06
319	268691     	1.44264e+07	3.92326e+07	6.54137e+06
320	268691     	1.44392e+07	3.65417e+07	6.62083e+06
321	268691     	1.44516e+07	3.5451e+07 	6.60779e+06
322	268691     	1.44333e+07	3.54959e+07	6.57308e+06
323	268691     	1.43845e+07	3.68419e+07	6.51241e+06
324	268691     	1.4376e+07 	3.63566e+07	6.5401e+06 
325	268691     	1.43674e+07	3.65843e+07	6.45785e+06
326	268691     	1.43615e+07	3.46915e+07	6.42286e+06
327	268691     	1.43473e+07	3.58851e+07	6.42725e+06
328	268691     	1.43169e+07	3.58932e+07	6.37339e+06
329	268691     	1.42944e+07	3.65848e+07	6.41958e+06
330	268691     	1.42668e+07	3.67108e+07	6.48704e+06
331	268691     	1.42204e+07	3.61531e+07	6.47316e+06
332	268691     	1.41957e+07	3.59091e+07	6.44365e+06
333	268691     	1.41791e+07	3.92213e+07	6.50171e+06
334	268691     	1.41353e+07	3.81844e+07	6.50264e+06
335	268691     	1.41458e+07	3.70832e+07	6.47298e+06
336	268691     	1.41336e+07	3.47461e+07	6.50946e+06
337	268691     	1.4103e+07 	3.48064e+07	6.41266e+06
338	268691     	1.40766e+07	3.73418e+07	6.51347e+06
339	268691     	1.4066e+07 	3.56887e+07	6.54751e+06
340	268691     	1.40544e+07	3.67938e+07	6.52423e+06
341	268691     	1.40213e+07	3.74063e+07	6.4742e+06 
342	268691     	1.40061e+07	3.73352e+07	6.42298e+06
343	268691     	1.40191e+07	3.50865e+07	6.47009e+06
344	268691     	1.40194e+07	3.48952e+07	6.51238e+06
345	268691     	1.3991e+07 	3.38451e+07	6.42075e+06
346	266510     	1.39612e+07	3.45118e+07	6.50407e+06
347	266510     	1.39735e+07	3.72114e+07	6.5216e+06 
348	266510     	1.39653e+07	3.72192e+07	6.52678e+06
349	266225     	1.39337e+07	3.72562e+07	6.43465e+06
350	266225     	1.38947e+07	3.66986e+07	6.39176e+06
351	266225     	1.38651e+07	3.45951e+07	6.37877e+06
352	266225     	1.38571e+07	3.4234e+07 	6.3004e+06 
353	259840     	1.38497e+07	3.78548e+07	6.34347e+06
354	259840     	1.38321e+07	3.78521e+07	6.45872e+06
355	259840     	1.37899e+07	3.78269e+07	6.33035e+06
356	259840     	1.37862e+07	4.17231e+07	6.33373e+06
357	259840     	1.37661e+07	4.17092e+07	6.3864e+06 
358	259840     	1.37877e+07	4.06455e+07	6.41008e+06
359	259840     	1.37984e+07	3.94092e+07	6.61107e+06
360	259840     	1.3827e+07 	4.05297e+07	6.60154e+06
361	259840     	1.38011e+07	4.00525e+07	6.55271e+06
362	259840     	1.37815e+07	3.84782e+07	6.58034e+06
363	257863     	1.37561e+07	3.84782e+07	6.36756e+06
364	254643     	1.37405e+07	3.57048e+07	6.30439e+06
365	254643     	1.37257e+07	3.55635e+07	6.16224e+06
366	254643     	1.36989e+07	3.48359e+07	6.23596e+06
367	254643     	1.3669e+07 	3.4454e+07 	6.28143e+06
368	254643     	1.36642e+07	3.52193e+07	6.34795e+06
369	254643     	1.36382e+07	3.73477e+07	6.2857e+06 
370	254643     	1.35944e+07	3.67337e+07	6.4129e+06 
371	254643     	1.35454e+07	3.67656e+07	6.39764e+06
372	254643     	1.35106e+07	3.73421e+07	6.3847e+06 
373	254643     	1.34521e+07	3.67283e+07	6.41134e+06
374	254643     	1.34112e+07	3.67278e+07	6.32115e+06
375	254643     	1.34136e+07	3.6728e+07 	6.31126e+06
376	254643     	1.3394e+07 	3.44181e+07	6.16586e+06
377	250736     	1.33855e+07	3.45294e+07	6.2097e+06 
378	250736     	1.33847e+07	3.44159e+07	6.24778e+06
379	250736     	1.33688e+07	3.35367e+07	6.16559e+06
380	250736     	1.33361e+07	3.65478e+07	6.08226e+06
381	250736     	1.335e+07  	3.47905e+07	6.04289e+06
382	250736     	1.33263e+07	3.29785e+07	6.01303e+06
383	250736     	1.33115e+07	3.30989e+07	5.93826e+06
384	250736     	1.33064e+07	3.30989e+07	6.00206e+06
385	250736     	1.33018e+07	3.36895e+07	5.97748e+06
386	250736     	1.32947e+07	3.36138e+07	6.01268e+06
387	250736     	1.32773e+07	3.39242e+07	5.94363e+06
388	250736     	1.33358e+07	3.36221e+07	6.02646e+06
389	250736     	1.33241e+07	3.35664e+07	6.05263e+06
390	250736     	1.32971e+07	3.64454e+07	6.05501e+06
391	250736     	1.32664e+07	3.38302e+07	6.09483e+06
392	250521     	1.32708e+07	3.52726e+07	6.07302e+06
393	248464     	1.32544e+07	3.205e+07  	6.10928e+06
394	248464     	1.32438e+07	3.43985e+07	6.06716e+06
395	248464     	1.32195e+07	3.30366e+07	6.07888e+06
396	248464     	1.32048e+07	3.52575e+07	6.14548e+06
397	248464     	1.31856e+07	3.48982e+07	5.96365e+06
398	247257     	1.31889e+07	3.49066e+07	5.91713e+06
399	247257     	1.31646e+07	3.6875e+07 	5.88497e+06
400	147249     	1.31868e+07	3.67448e+07	6.01312e+06
401	147249     	1.31778e+07	3.67474e+07	6.09391e+06
402	147249     	1.31605e+07	3.67789e+07	6.1801e+06 
403	147249     	1.31492e+07	3.9772e+07 	6.36609e+06
404	138029     	1.31683e+07	3.62716e+07	6.31902e+06
405	138029     	1.31959e+07	3.48169e+07	6.22637e+06
406	138029     	1.31871e+07	3.48913e+07	6.17621e+06
407	138029     	1.31718e+07	3.3956e+07 	6.18292e+06
408	138029     	1.31346e+07	3.27956e+07	6.17638e+06
409	138029     	1.3131e+07 	3.3636e+07 	6.21015e+06
410	138029     	1.31056e+07	3.58288e+07	6.12232e+06
411	138029     	1.30909e+07	3.40898e+07	6.19152e+06
412	138029     	1.3062e+07 	3.3645e+07 	6.0797e+06 
413	138029     	1.30265e+07	3.27955e+07	6.05621e+06
414	138029     	1.29941e+07	3.35614e+07	6.05879e+06
415	138029     	1.29968e+07	3.37609e+07	5.88523e+06
416	138029     	1.29815e+07	3.34517e+07	5.90404e+06
417	138029     	1.29783e+07	3.32992e+07	6.00072e+06
418	123322     	1.29687e+07	3.20292e+07	5.93655e+06
419	123322     	1.29555e+07	3.64573e+07	6.03669e+06
420	123322     	1.29396e+07	3.51546e+07	6.03133e+06
421	123322     	1.29291e+07	3.43495e+07	5.92778e+06
422	123322     	1.29266e+07	3.25964e+07	6.02465e+06
423	122962     	1.29217e+07	3.2646e+07 	6.15891e+06
424	122962     	1.29128e+07	3.69404e+07	6.12408e+06
425	122962     	1.28957e+07	3.39105e+07	6.0577e+06 
426	122962     	1.28654e+07	3.23528e+07	5.92893e+06
427	122962     	1.28814e+07	3.41497e+07	5.97595e+06
428	122962     	1.28672e+07	3.44634e+07	5.97403e+06
429	122962     	1.28492e+07	3.17329e+07	5.98289e+06
430	122962     	1.28686e+07	3.19536e+07	6.00014e+06
431	122962     	1.28577e+07	3.21124e+07	6.04148e+06
432	122962     	1.28446e+07	3.22769e+07	6.00623e+06
433	122962     	1.28271e+07	3.26689e+07	5.99305e+06
434	122962     	1.28291e+07	3.2294e+07 	6.01308e+06
435	122962     	1.28203e+07	3.44166e+07	6.07871e+06
436	122962     	1.28156e+07	3.22822e+07	6.03401e+06
437	122648     	1.279e+07  	3.70518e+07	5.93667e+06
438	122648     	1.27707e+07	3.72925e+07	5.94145e+06
439	122648     	1.27538e+07	3.5859e+07 	5.99614e+06
440	122648     	1.27548e+07	3.57467e+07	6.02784e+06
441	122648     	1.27736e+07	3.39743e+07	6.05628e+06
442	122648     	1.27419e+07	3.2209e+07 	6.00379e+06
443	122648     	1.27197e+07	3.2209e+07 	6.07498e+06
444	122648     	1.26895e+07	3.22092e+07	6.10232e+06
445	122648     	1.26716e+07	3.19361e+07	6.03522e+06
446	122648     	1.26585e+07	3.41854e+07	6.00785e+06
447	122648     	1.26531e+07	3.26251e+07	5.89547e+06
448	122648     	1.26383e+07	3.86444e+07	5.94399e+06
449	122648     	1.2632e+07 	3.86444e+07	6.11672e+06
450	122648     	1.25875e+07	3.33112e+07	6.00639e+06
451	122648     	1.25488e+07	3.27045e+07	5.84219e+06
452	122648     	1.25613e+07	3.03794e+07	5.80278e+06
453	122648     	1.25362e+07	3.15446e+07	5.8661e+06 
454	122648     	1.25253e+07	3.15587e+07	6.0079e+06 
455	122648     	1.25093e+07	3.09917e+07	5.96094e+06
456	122648     	1.25058e+07	3.11269e+07	5.91236e+06
457	122648     	1.24965e+07	3.03791e+07	5.84147e+06
458	122648     	1.24934e+07	3.07618e+07	5.84432e+06
459	122648     	1.24728e+07	3.13706e+07	5.8348e+06 
460	122648     	1.24586e+07	3.70632e+07	5.91552e+06
461	122648     	1.24372e+07	3.5207e+07 	5.87994e+06
462	119073     	1.24565e+07	3.66129e+07	6.04425e+06
463	119073     	1.24693e+07	3.72303e+07	6.0398e+06 
464	119073     	1.24675e+07	3.28233e+07	5.98909e+06
465	119073     	1.24367e+07	3.2742e+07 	5.98375e+06
466	119073     	1.24309e+07	3.29224e+07	5.9342e+06 
467	119073     	1.24432e+07	3.30362e+07	6.06583e+06
468	119073     	1.24334e+07	3.302e+07  	6.04488e+06
469	119073     	1.24166e+07	3.44587e+07	5.99147e+06
470	119073     	1.23936e+07	3.28102e+07	5.86455e+06
471	119073     	1.2372e+07 	3.28102e+07	5.91252e+06
472	119073     	1.23758e+07	3.35926e+07	5.9038e+06 
473	119073     	1.23637e+07	3.40376e+07	5.72692e+06
474	119073     	1.23559e+07	3.51762e+07	5.79508e+06
475	119073     	1.23334e+07	3.13594e+07	5.76908e+06
476	119073     	1.23397e+07	3.19903e+07	5.79271e+06
477	119073     	1.23351e+07	3.08351e+07	5.78425e+06
478	119073     	1.22818e+07	3.30168e+07	5.7346e+06 
479	119006     	1.2248e+07 	3.48722e+07	5.76839e+06
480	119006     	1.22292e+07	3.10784e+07	5.69511e+06
481	119006     	1.22361e+07	3.0282e+07 	5.6677e+06 
482	119006     	1.22428e+07	3.25825e+07	5.59732e+06
483	119006     	1.22262e+07	3.23332e+07	5.55935e+06
484	119006     	1.22461e+07	3.2898e+07 	5.72454e+06
485	119006     	1.22513e+07	3.08857e+07	5.76153e+06
486	119006     	1.22194e+07	3.22209e+07	5.74731e+06
487	119006     	1.22147e+07	3.09066e+07	5.76572e+06
488	119006     	1.22145e+07	3.44999e+07	5.77969e+06
489	119006     	1.21821e+07	3.56007e+07	5.89124e+06
490	118577     	1.21731e+07	3.56007e+07	6.02727e+06
491	118577     	1.21599e+07	3.37519e+07	5.96812e+06
492	118577     	1.21513e+07	3.32873e+07	5.92814e+06
493	118094     	1.2152e+07 	3.51693e+07	5.91157e+06
494	118094     	1.21516e+07	3.36313e+07	5.9432e+06 
495	118094     	1.21434e+07	3.14348e+07	5.88711e+06
496	118094     	1.21395e+07	3.14557e+07	5.90839e+06
497	118094     	1.20926e+07	3.07315e+07	5.91409e+06
498	118094     	1.20991e+07	3.46446e+07	6.03983e+06
499	118094     	1.20884e+07	3.3593e+07 	5.95563e+06
-209.87999999
