gen	min        	avg        	max        	std        
0  	3.50214e+06	2.27276e+07	5.29499e+07	9.50538e+06
1  	3.50214e+06	2.27296e+07	5.62648e+07	9.70282e+06
2  	3.50214e+06	2.27028e+07	5.62648e+07	9.7812e+06 
3  	3.46995e+06	2.27058e+07	5.54883e+07	9.93261e+06
4  	3.46401e+06	2.26346e+07	5.54886e+07	1.00635e+07
5  	3.43622e+06	2.25973e+07	5.54777e+07	9.84678e+06
6  	3.43622e+06	2.25336e+07	5.3539e+07 	9.72114e+06
7  	3.43622e+06	2.2467e+07 	5.3539e+07 	9.56095e+06
8  	3.06074e+06	2.23969e+07	5.01685e+07	9.38881e+06
9  	2.67772e+06	2.23533e+07	4.97295e+07	9.45204e+06
10 	2.67772e+06	2.2333e+07 	5.06612e+07	9.47876e+06
11 	2.0142e+06 	2.22516e+07	5.03765e+07	9.53877e+06
12 	2.0142e+06 	2.2216e+07 	4.88518e+07	9.27434e+06
13 	2.0142e+06 	2.21722e+07	5.10225e+07	9.21794e+06
14 	1.6854e+06 	2.21386e+07	5.17689e+07	9.1809e+06 
15 	1.6854e+06 	2.21311e+07	5.38195e+07	9.08753e+06
16 	1.6854e+06 	2.2128e+07 	5.40656e+07	9.51102e+06
17 	1.6854e+06 	2.21266e+07	5.47692e+07	9.53485e+06
18 	1.64792e+06	2.21089e+07	5.33389e+07	9.49263e+06
19 	1.64792e+06	2.20831e+07	5.22108e+07	9.43932e+06
20 	1.64792e+06	2.20241e+07	5.01875e+07	9.5066e+06 
21 	1.64792e+06	2.19416e+07	5.41135e+07	9.37258e+06
22 	1.44492e+06	2.19148e+07	5.22848e+07	9.37195e+06
23 	1.44492e+06	2.18955e+07	5.23688e+07	9.49451e+06
24 	1.44492e+06	2.18388e+07	5.26348e+07	9.47462e+06
25 	1.44492e+06	2.17948e+07	5.17331e+07	9.27786e+06
26 	1.44492e+06	2.17735e+07	5.07297e+07	9.35019e+06
27 	1.44492e+06	2.17558e+07	5.10153e+07	9.29613e+06
28 	1.44492e+06	2.17482e+07	5.08283e+07	9.29379e+06
29 	1.44492e+06	2.17379e+07	5.08291e+07	9.34036e+06
30 	1.44492e+06	2.16973e+07	4.94022e+07	9.4264e+06 
31 	1.44492e+06	2.1736e+07 	5.22296e+07	9.54518e+06
32 	1.44492e+06	2.16932e+07	5.7552e+07 	9.57785e+06
33 	1.44492e+06	2.16463e+07	5.37579e+07	9.46859e+06
34 	1.44492e+06	2.16139e+07	4.95295e+07	9.39584e+06
35 	1.44353e+06	2.15763e+07	5.34483e+07	9.35738e+06
36 	1.44353e+06	2.15474e+07	5.13498e+07	9.39919e+06
37 	1.44353e+06	2.14858e+07	5.13498e+07	9.44964e+06
38 	1.44353e+06	2.14344e+07	4.91826e+07	9.38246e+06
39 	1.32255e+06	2.13938e+07	5.35553e+07	9.60065e+06
40 	1.32255e+06	2.13576e+07	5.11724e+07	9.36102e+06
41 	919231     	2.13212e+07	5.16426e+07	9.31329e+06
42 	919231     	2.12655e+07	5.6283e+07 	9.34552e+06
43 	919231     	2.12177e+07	5.6283e+07 	9.22604e+06
44 	919231     	2.12012e+07	5.11271e+07	9.16014e+06
45 	919231     	2.11643e+07	5.1131e+07 	9.07524e+06
46 	919231     	2.11486e+07	5.1121e+07 	9.16268e+06
47 	919231     	2.11448e+07	5.25654e+07	9.27029e+06
48 	919231     	2.11413e+07	5.13091e+07	9.19716e+06
49 	919231     	2.11262e+07	4.96355e+07	9.14294e+06
50 	884080     	2.11111e+07	4.89247e+07	9.18017e+06
51 	860523     	2.10556e+07	5.09455e+07	9.16206e+06
52 	860523     	2.10362e+07	5.35619e+07	9.20793e+06
53 	860522     	2.09806e+07	5.21185e+07	9.12345e+06
54 	860522     	2.09459e+07	4.88056e+07	9.16433e+06
55 	596913     	2.08965e+07	4.85659e+07	9.17451e+06
56 	596913     	2.08717e+07	5.00568e+07	9.21512e+06
57 	596913     	2.08384e+07	5.25294e+07	9.34058e+06
58 	596913     	2.08203e+07	5.12835e+07	9.21859e+06
59 	596913     	2.08026e+07	5.08936e+07	9.22855e+06
60 	596913     	2.07964e+07	4.97592e+07	9.26694e+06
61 	596913     	2.07538e+07	4.87466e+07	9.18441e+06
62 	596913     	2.07396e+07	5.00827e+07	9.09754e+06
63 	596913     	2.07043e+07	4.90751e+07	9.21971e+06
64 	596913     	2.06121e+07	5.06897e+07	9.21801e+06
65 	596913     	2.05966e+07	4.8611e+07 	9.22796e+06
66 	596913     	2.05764e+07	5.10599e+07	9.24941e+06
67 	596913     	2.0574e+07 	5.10599e+07	9.17488e+06
68 	596913     	2.05676e+07	5.10312e+07	9.10055e+06
69 	596913     	2.051e+07  	4.88171e+07	9.11326e+06
70 	596913     	2.04588e+07	4.89917e+07	9.03442e+06
71 	596913     	2.03888e+07	4.93947e+07	9.05593e+06
72 	577335     	2.03768e+07	4.70461e+07	9.05768e+06
73 	577335     	2.03212e+07	4.90385e+07	9.18675e+06
74 	577335     	2.02833e+07	4.90385e+07	9.10525e+06
75 	577335     	2.01986e+07	4.83921e+07	9.23272e+06
76 	577335     	2.01443e+07	5.14577e+07	9.09277e+06
77 	577335     	2.00971e+07	4.9893e+07 	8.99986e+06
78 	577335     	2.00463e+07	4.9893e+07 	8.74795e+06
79 	577335     	1.9969e+07 	4.75284e+07	8.54001e+06
80 	577335     	1.98962e+07	4.83851e+07	8.65464e+06
81 	577335     	1.98805e+07	5.10067e+07	8.83352e+06
82 	431546     	1.98583e+07	4.80968e+07	8.93559e+06
83 	431546     	1.98359e+07	4.78975e+07	8.82947e+06
84 	431546     	1.98105e+07	4.70924e+07	8.91796e+06
85 	431546     	1.9769e+07 	5.21088e+07	9.02481e+06
86 	431546     	1.97654e+07	5.07134e+07	9.00941e+06
87 	431546     	1.97046e+07	5.06071e+07	9.00276e+06
88 	431546     	1.96597e+07	5.01743e+07	8.89042e+06
89 	431546     	1.95996e+07	4.68027e+07	8.80921e+06
90 	431546     	1.95798e+07	4.64671e+07	8.84017e+06
91 	431546     	1.95619e+07	4.52321e+07	8.85731e+06
92 	431546     	1.95242e+07	4.66888e+07	8.7551e+06 
93 	431546     	1.94607e+07	5.0602e+07 	8.7311e+06 
94 	431546     	1.94507e+07	5.00994e+07	8.80768e+06
95 	431546     	1.9383e+07 	5.00075e+07	8.71557e+06
96 	431546     	1.9325e+07 	5.01831e+07	8.78409e+06
97 	431546     	1.92703e+07	5.00075e+07	8.74611e+06
98 	431546     	1.92234e+07	4.88769e+07	8.63109e+06
99 	431546     	1.92003e+07	4.80067e+07	8.68351e+06
100	431546     	1.91598e+07	4.97273e+07	8.7129e+06 
101	431546     	1.90864e+07	4.83226e+07	8.6216e+06 
102	431546     	1.90469e+07	5.33623e+07	8.53664e+06
103	431546     	1.90141e+07	4.69252e+07	8.43973e+06
104	431546     	1.90488e+07	4.42034e+07	8.54931e+06
105	431546     	1.90098e+07	4.86925e+07	8.59651e+06
106	431546     	1.89701e+07	4.80646e+07	8.6372e+06 
107	431546     	1.89646e+07	4.49056e+07	8.74099e+06
108	431546     	1.89234e+07	4.81254e+07	8.67852e+06
109	431546     	1.88765e+07	4.75466e+07	8.51967e+06
110	431546     	1.88416e+07	4.68826e+07	8.42314e+06
111	431546     	1.881e+07  	4.6891e+07 	8.51414e+06
112	431546     	1.88056e+07	4.51526e+07	8.521e+06  
113	431546     	1.87862e+07	4.49315e+07	8.43984e+06
114	431546     	1.87635e+07	4.49315e+07	8.48659e+06
115	431546     	1.87482e+07	4.87825e+07	8.44041e+06
116	431546     	1.8698e+07 	4.95952e+07	8.27202e+06
117	431546     	1.86809e+07	4.93852e+07	8.50003e+06
118	431546     	1.86652e+07	4.84467e+07	8.45872e+06
119	431546     	1.86047e+07	4.76354e+07	8.4874e+06 
120	431546     	1.85502e+07	4.59738e+07	8.34389e+06
121	431546     	1.85085e+07	5.74905e+07	8.43094e+06
122	431546     	1.8451e+07 	5.30824e+07	8.23725e+06
123	431546     	1.84258e+07	4.83829e+07	8.15879e+06
124	431546     	1.84476e+07	4.57268e+07	8.27556e+06
125	431546     	1.84504e+07	4.57763e+07	8.38897e+06
126	431546     	1.84065e+07	4.46495e+07	8.42244e+06
127	431546     	1.83934e+07	4.72167e+07	8.38102e+06
128	431546     	1.83825e+07	4.47195e+07	8.336e+06  
129	431546     	1.83904e+07	4.88583e+07	8.37636e+06
130	431546     	1.83367e+07	4.88583e+07	8.37312e+06
131	431546     	1.83047e+07	4.94283e+07	8.46017e+06
132	431546     	1.82659e+07	4.94303e+07	8.50136e+06
133	431546     	1.82304e+07	4.94228e+07	8.55982e+06
134	431546     	1.81987e+07	4.56478e+07	8.56724e+06
135	431546     	1.81864e+07	4.5706e+07 	8.56601e+06
136	431546     	1.81555e+07	4.5706e+07 	8.60051e+06
137	431546     	1.80979e+07	5.63562e+07	8.65284e+06
138	331356     	1.80597e+07	4.89974e+07	8.52489e+06
139	331356     	1.80253e+07	4.98418e+07	8.50787e+06
140	331343     	1.79807e+07	4.70763e+07	8.40594e+06
141	331343     	1.80079e+07	5.12875e+07	8.5833e+06 
142	331343     	1.79695e+07	5.1377e+07 	8.48098e+06
143	331343     	1.79558e+07	4.79707e+07	8.33188e+06
144	331343     	1.78986e+07	4.53025e+07	8.32548e+06
145	331343     	1.78727e+07	4.58301e+07	8.32335e+06
146	331343     	1.78708e+07	4.45288e+07	8.29852e+06
147	331343     	1.78508e+07	4.85861e+07	8.3026e+06 
148	331343     	1.78077e+07	4.85861e+07	8.22855e+06
149	331343     	1.77727e+07	4.55199e+07	8.16029e+06
150	288384     	1.77862e+07	4.4643e+07 	8.14235e+06
151	288384     	1.77396e+07	4.36289e+07	8.07317e+06
152	288384     	1.76913e+07	4.36289e+07	8.04413e+06
153	288384     	1.76351e+07	4.42975e+07	7.8489e+06 
154	288384     	1.76008e+07	4.42975e+07	7.72511e+06
155	288384     	1.754e+07  	4.24524e+07	7.61158e+06
156	288313     	1.75279e+07	4.33517e+07	7.58319e+06
157	279197     	1.75025e+07	4.2207e+07 	7.60795e+06
158	279197     	1.74644e+07	4.2207e+07 	7.46697e+06
159	279197     	1.7481e+07 	4.08944e+07	7.62519e+06
160	279197     	1.74812e+07	4.19326e+07	7.82704e+06
161	279197     	1.74903e+07	4.17743e+07	7.74558e+06
162	279197     	1.74685e+07	4.30278e+07	7.80621e+06
163	279197     	1.74347e+07	4.30488e+07	7.92734e+06
164	279197     	1.73741e+07	4.9205e+07 	8.0877e+06 
165	279197     	1.73302e+07	4.76823e+07	7.90981e+06
166	279197     	1.72967e+07	5.1239e+07 	8.04844e+06
167	271999     	1.72284e+07	4.77101e+07	7.95925e+06
168	271999     	1.71868e+07	4.60627e+07	7.98219e+06
169	271999     	1.71837e+07	4.35632e+07	7.83368e+06
170	271999     	1.71223e+07	4.34104e+07	7.57904e+06
171	271999     	1.70618e+07	4.62128e+07	7.69812e+06
172	271999     	1.69923e+07	4.29738e+07	7.56382e+06
173	271999     	1.69723e+07	4.11829e+07	7.46571e+06
174	271999     	1.69589e+07	4.58814e+07	7.73959e+06
175	271999     	1.69371e+07	4.43207e+07	7.64749e+06
176	271999     	1.68967e+07	4.43043e+07	7.62756e+06
177	271999     	1.68336e+07	4.32446e+07	7.53757e+06
178	271999     	1.67819e+07	4.32303e+07	7.40074e+06
179	271999     	1.67485e+07	4.36612e+07	7.33906e+06
180	271999     	1.67201e+07	4.41042e+07	7.44204e+06
181	271999     	1.67277e+07	4.1672e+07 	7.5793e+06 
182	271999     	1.67299e+07	4.12887e+07	7.58092e+06
183	271999     	1.67266e+07	4.05075e+07	7.55857e+06
184	271999     	1.67006e+07	4.08969e+07	7.63047e+06
185	271999     	1.67295e+07	4.16007e+07	7.5197e+06 
186	271999     	1.66898e+07	4.08125e+07	7.63945e+06
187	271999     	1.66722e+07	4.33462e+07	7.62348e+06
188	271999     	1.66518e+07	4.04515e+07	7.62254e+06
189	271999     	1.66316e+07	3.99456e+07	7.40568e+06
190	271999     	1.66245e+07	3.8548e+07 	7.31759e+06
191	271999     	1.65952e+07	3.8548e+07 	7.28931e+06
192	271999     	1.65426e+07	4.29608e+07	7.40453e+06
193	271999     	1.65045e+07	4.54158e+07	7.42519e+06
194	271999     	1.64506e+07	4.07466e+07	7.37991e+06
195	271999     	1.64238e+07	4.00991e+07	7.32138e+06
196	271999     	1.64114e+07	3.98663e+07	7.32995e+06
197	271999     	1.6382e+07 	4.11782e+07	7.19316e+06
198	271999     	1.63638e+07	4.02756e+07	7.1293e+06 
199	271999     	1.63565e+07	4.39475e+07	6.95813e+06
200	271999     	1.63541e+07	4.23311e+07	6.94652e+06
201	271999     	1.63093e+07	3.96661e+07	6.86585e+06
202	271999     	1.63179e+07	3.96659e+07	7.10547e+06
203	271999     	1.63189e+07	3.65329e+07	7.00801e+06
204	271999     	1.62537e+07	4.33171e+07	7.19371e+06
205	271999     	1.62253e+07	4.21854e+07	7.11561e+06
206	271999     	1.62e+07   	3.99918e+07	7.16919e+06
207	271999     	1.61642e+07	4.06944e+07	7.24441e+06
208	271999     	1.61362e+07	4.0514e+07 	7.26813e+06
209	271999     	1.61384e+07	3.98741e+07	7.22622e+06
210	271999     	1.61174e+07	4.29014e+07	7.47331e+06
211	270488     	1.61043e+07	4.29034e+07	7.50346e+06
212	270488     	1.60861e+07	4.29034e+07	7.51402e+06
213	270488     	1.60934e+07	4.03369e+07	7.354e+06  
214	270488     	1.60798e+07	4.03285e+07	7.30251e+06
215	270488     	1.60491e+07	3.94121e+07	7.12552e+06
216	270488     	1.60228e+07	3.93976e+07	7.14093e+06
217	270488     	1.60319e+07	3.95119e+07	7.36703e+06
218	270488     	1.59884e+07	4.01939e+07	7.31863e+06
219	270488     	1.59721e+07	4.01939e+07	7.35169e+06
220	270488     	1.59312e+07	3.81463e+07	7.23544e+06
221	270488     	1.59561e+07	4.14363e+07	7.26118e+06
222	269176     	1.59244e+07	4.07892e+07	7.29087e+06
223	269176     	1.59156e+07	4.04676e+07	7.18424e+06
224	269176     	1.59015e+07	3.90858e+07	7.32824e+06
225	269176     	1.58728e+07	3.81269e+07	7.23922e+06
226	269176     	1.58929e+07	3.70611e+07	7.19257e+06
227	269176     	1.58709e+07	4.31648e+07	7.26383e+06
228	269176     	1.58478e+07	4.13564e+07	7.14463e+06
229	269176     	1.58066e+07	3.89307e+07	7.00383e+06
230	269176     	1.57665e+07	3.97776e+07	7.07463e+06
231	269176     	1.57364e+07	3.92707e+07	7.092e+06  
232	269176     	1.57017e+07	3.92701e+07	7.11146e+06
233	269176     	1.56889e+07	3.99391e+07	7.04576e+06
234	269176     	1.56689e+07	4.00863e+07	7.02351e+06
235	269176     	1.56728e+07	3.86413e+07	7.09953e+06
236	269176     	1.56344e+07	4.2219e+07 	7.05654e+06
237	269176     	1.56373e+07	3.76919e+07	7.05175e+06
238	269176     	1.56053e+07	3.8141e+07 	7.17234e+06
239	269176     	1.55937e+07	3.78775e+07	7.12146e+06
240	269176     	1.55977e+07	3.87725e+07	6.99275e+06
241	269176     	1.55925e+07	3.93836e+07	7.01765e+06
242	269176     	1.5572e+07 	3.92662e+07	7.05381e+06
243	269176     	1.55685e+07	3.91732e+07	7.08688e+06
244	269176     	1.55568e+07	3.69779e+07	7.06847e+06
245	269176     	1.55598e+07	3.76728e+07	6.9966e+06 
246	269176     	1.55133e+07	3.80881e+07	7.02766e+06
247	269176     	1.54568e+07	3.83895e+07	6.9397e+06 
248	269176     	1.54422e+07	3.80716e+07	6.93943e+06
249	269176     	1.54544e+07	3.88166e+07	7.01323e+06
250	269176     	1.54435e+07	3.81088e+07	6.93894e+06
251	269176     	1.54248e+07	3.71696e+07	6.91331e+06
252	269176     	1.5382e+07 	3.5974e+07 	6.9273e+06 
253	269176     	1.5372e+07 	3.75771e+07	6.85529e+06
254	269176     	1.53625e+07	3.60561e+07	6.8632e+06 
255	269176     	1.53228e+07	3.87329e+07	6.88e+06   
256	269176     	1.53348e+07	4.37319e+07	6.89343e+06
257	269176     	1.53075e+07	3.58466e+07	6.76029e+06
258	269176     	1.52916e+07	3.66377e+07	6.92235e+06
259	269176     	1.52576e+07	4.04175e+07	6.98284e+06
260	269176     	1.52336e+07	3.65195e+07	6.91287e+06
261	269176     	1.52058e+07	3.68724e+07	6.89987e+06
262	269176     	1.51769e+07	3.79247e+07	6.7324e+06 
263	264010     	1.5146e+07 	3.75051e+07	6.77298e+06
264	264010     	1.51197e+07	3.63097e+07	6.863e+06  
265	264010     	1.50973e+07	3.5753e+07 	6.82709e+06
266	264010     	1.50855e+07	3.74752e+07	7.01654e+06
267	264010     	1.50733e+07	4.01718e+07	6.97239e+06
268	264010     	1.50304e+07	3.90111e+07	7.01026e+06
269	264010     	1.5039e+07 	3.71011e+07	6.95122e+06
270	264010     	1.50145e+07	3.66325e+07	6.98874e+06
271	264010     	1.49983e+07	3.5581e+07 	6.96939e+06
272	264010     	1.49922e+07	3.82597e+07	6.96727e+06
273	263504     	1.49521e+07	3.68318e+07	7.02213e+06
274	263504     	1.49105e+07	3.568e+07  	6.98661e+06
275	251064     	1.48909e+07	4.2894e+07 	6.97971e+06
276	251064     	1.4894e+07 	3.44559e+07	6.9483e+06 
277	251064     	1.48641e+07	3.34108e+07	6.81689e+06
278	251064     	1.48654e+07	3.52947e+07	6.85754e+06
279	251064     	1.48706e+07	3.53279e+07	6.78171e+06
280	251064     	1.48125e+07	4.45175e+07	6.813e+06  
281	251064     	1.47809e+07	3.74617e+07	6.88567e+06
282	251064     	1.47532e+07	3.73242e+07	6.79689e+06
283	251064     	1.47464e+07	3.65167e+07	6.86967e+06
284	251064     	1.47581e+07	4.01562e+07	6.89412e+06
285	251064     	1.47701e+07	3.96035e+07	6.86741e+06
286	251064     	1.47883e+07	3.97961e+07	6.92123e+06
287	251064     	1.47592e+07	3.73182e+07	6.86204e+06
288	251064     	1.47073e+07	3.77724e+07	6.84701e+06
289	251064     	1.46988e+07	3.55702e+07	6.58055e+06
290	251064     	1.46397e+07	3.55715e+07	6.65668e+06
291	250943     	1.46228e+07	3.49411e+07	6.58906e+06
292	250943     	1.46378e+07	3.54537e+07	6.72984e+06
293	250943     	1.46271e+07	3.53036e+07	6.69558e+06
294	250943     	1.45833e+07	3.86686e+07	6.68724e+06
295	250943     	1.45904e+07	3.81632e+07	6.7234e+06 
296	250943     	1.45948e+07	3.82117e+07	6.80297e+06
297	250943     	1.46059e+07	3.91702e+07	6.82838e+06
298	250943     	1.4595e+07 	3.78975e+07	6.85778e+06
299	250943     	1.45607e+07	3.79528e+07	6.75692e+06
300	250943     	1.45337e+07	3.65366e+07	6.74255e+06
301	250943     	1.44901e+07	3.65393e+07	6.67861e+06
302	250943     	1.45053e+07	3.67099e+07	6.71546e+06
303	250943     	1.44542e+07	3.6539e+07 	6.79868e+06
304	250943     	1.4443e+07 	3.74883e+07	6.87186e+06
305	250943     	1.44322e+07	3.62063e+07	6.79389e+06
306	250943     	1.43919e+07	3.90849e+07	6.84562e+06
307	180866     	1.43627e+07	3.76225e+07	6.87976e+06
308	180866     	1.43497e+07	3.72072e+07	6.79736e+06
309	180834     	1.43313e+07	3.51649e+07	6.63678e+06
310	180834     	1.42794e+07	3.54163e+07	6.5932e+06 
311	180834     	1.42479e+07	4.09452e+07	6.56836e+06
312	163381     	1.4211e+07 	4.01115e+07	6.55912e+06
313	163381     	1.41831e+07	3.71481e+07	6.51906e+06
314	163381     	1.41723e+07	3.66643e+07	6.5167e+06 
315	163381     	1.41345e+07	3.80091e+07	6.62635e+06
316	163381     	1.40783e+07	4.08346e+07	6.48374e+06
317	163381     	1.40717e+07	3.86694e+07	6.53957e+06
318	163381     	1.40678e+07	3.84962e+07	6.56844e+06
319	161855     	1.40831e+07	3.8248e+07 	6.51684e+06
320	161855     	1.40682e+07	3.825e+07  	6.5017e+06 
321	161855     	1.40416e+07	3.65356e+07	6.47351e+06
322	161855     	1.40387e+07	3.63002e+07	6.45773e+06
323	161855     	1.40289e+07	3.35971e+07	6.44435e+06
324	161855     	1.4026e+07 	3.35971e+07	6.53314e+06
325	161855     	1.40373e+07	3.4698e+07 	6.55565e+06
326	159858     	1.40115e+07	3.58025e+07	6.51476e+06
327	159858     	1.40238e+07	3.95357e+07	6.46856e+06
328	159858     	1.39985e+07	3.89632e+07	6.53513e+06
329	159858     	1.39875e+07	3.85721e+07	6.44102e+06
330	159858     	1.39855e+07	4.0308e+07 	6.45565e+06
331	159858     	1.39591e+07	3.77615e+07	6.54064e+06
332	159858     	1.39581e+07	3.44796e+07	6.48819e+06
333	159858     	1.39239e+07	3.41905e+07	6.46788e+06
334	159858     	1.39089e+07	3.31879e+07	6.52402e+06
335	159858     	1.38958e+07	3.62669e+07	6.63183e+06
336	159858     	1.39025e+07	3.51255e+07	6.65516e+06
337	159858     	1.38937e+07	3.84109e+07	6.68757e+06
338	159858     	1.39152e+07	3.83329e+07	6.59904e+06
339	159858     	1.38947e+07	3.83329e+07	6.52558e+06
340	159858     	1.38914e+07	3.69962e+07	6.62979e+06
341	159858     	1.38529e+07	3.40595e+07	6.54149e+06
342	159858     	1.37907e+07	4.02445e+07	6.60358e+06
343	159858     	1.37884e+07	3.84492e+07	6.62604e+06
344	159858     	1.37836e+07	3.67449e+07	6.66539e+06
345	159858     	1.37977e+07	3.78863e+07	6.78289e+06
346	159858     	1.37806e+07	3.67471e+07	6.65306e+06
347	159858     	1.37534e+07	3.53112e+07	6.5853e+06 
348	159858     	1.37159e+07	3.58707e+07	6.6303e+06 
349	159858     	1.37079e+07	3.53142e+07	6.56382e+06
350	156589     	1.36955e+07	3.48232e+07	6.56456e+06
351	156589     	1.36758e+07	3.48231e+07	6.48489e+06
352	156589     	1.36627e+07	3.60231e+07	6.50667e+06
353	141730     	1.36094e+07	3.6023e+07 	6.51937e+06
354	141730     	1.35766e+07	3.58371e+07	6.52998e+06
355	141730     	1.35431e+07	3.52995e+07	6.59352e+06
356	141730     	1.35331e+07	3.94614e+07	6.53157e+06
357	141730     	1.35754e+07	3.67494e+07	6.53019e+06
358	131934     	1.35537e+07	3.50868e+07	6.42563e+06
359	131934     	1.35131e+07	3.54004e+07	6.41976e+06
360	131934     	1.34785e+07	3.51778e+07	6.33748e+06
361	131934     	1.34709e+07	3.67104e+07	6.36825e+06
362	131934     	1.34729e+07	3.65207e+07	6.41264e+06
363	131934     	1.34271e+07	3.7954e+07 	6.55057e+06
364	131934     	1.33901e+07	3.55049e+07	6.4621e+06 
365	131934     	1.33671e+07	3.52675e+07	6.46541e+06
366	131934     	1.33845e+07	3.40995e+07	6.48717e+06
367	131934     	1.33756e+07	3.38978e+07	6.40595e+06
368	131934     	1.33485e+07	3.4442e+07 	6.33873e+06
369	131934     	1.33689e+07	3.53222e+07	6.28836e+06
370	131934     	1.33535e+07	3.25184e+07	6.2916e+06 
371	131934     	1.33283e+07	3.40886e+07	6.19825e+06
372	131934     	1.33044e+07	3.4802e+07 	6.21258e+06
373	131934     	1.32756e+07	3.39974e+07	6.28355e+06
374	131934     	1.32411e+07	3.4564e+07 	6.16098e+06
375	131934     	1.32079e+07	3.4518e+07 	6.15348e+06
376	131934     	1.31743e+07	3.43096e+07	6.2665e+06 
377	131934     	1.31606e+07	3.47301e+07	6.29692e+06
378	131934     	1.31437e+07	3.63781e+07	6.22877e+06
379	129593     	1.31179e+07	3.69735e+07	6.32405e+06
380	129593     	1.31209e+07	3.69735e+07	6.50153e+06
381	129593     	1.30867e+07	3.38442e+07	6.28157e+06
382	129593     	1.30285e+07	3.2285e+07 	6.20033e+06
383	129593     	1.30274e+07	3.19989e+07	6.12848e+06
384	129593     	1.30612e+07	3.50342e+07	6.20001e+06
385	129593     	1.30404e+07	3.45797e+07	6.26539e+06
386	129593     	1.30048e+07	3.41219e+07	6.25721e+06
387	129593     	1.2989e+07 	3.6253e+07 	6.23872e+06
388	129593     	1.29954e+07	3.69711e+07	6.09403e+06
389	129593     	1.29654e+07	3.82604e+07	6.0601e+06 
390	129593     	1.29398e+07	3.68824e+07	6.04518e+06
391	129593     	1.2912e+07 	3.40442e+07	6.02761e+06
392	129584     	1.29059e+07	3.37095e+07	5.99635e+06
393	129584     	1.28823e+07	3.27374e+07	5.93175e+06
394	129584     	1.28858e+07	3.36176e+07	5.87665e+06
395	129584     	1.28774e+07	3.08938e+07	5.85531e+06
396	129584     	1.28823e+07	3.56413e+07	6.01215e+06
397	129584     	1.28929e+07	3.25847e+07	6.09441e+06
398	129584     	1.28679e+07	3.28147e+07	6.05842e+06
399	129584     	1.28654e+07	3.28148e+07	5.90135e+06
400	129584     	1.2882e+07 	3.98361e+07	6.13558e+06
401	129584     	1.28573e+07	3.32501e+07	6.05351e+06
402	129584     	1.28223e+07	3.34758e+07	6.0105e+06 
403	129584     	1.27918e+07	3.32039e+07	6.06295e+06
404	129584     	1.27985e+07	3.51552e+07	6.10854e+06
405	129584     	1.27761e+07	3.4812e+07 	6.16881e+06
406	121154     	1.27604e+07	3.32257e+07	6.0672e+06 
407	121154     	1.27557e+07	3.30316e+07	5.99757e+06
408	121154     	1.27446e+07	3.34457e+07	6.15138e+06
409	121154     	1.27168e+07	3.23729e+07	6.03412e+06
410	121154     	1.27086e+07	3.19e+07   	6.06592e+06
411	121154     	1.27223e+07	3.22584e+07	6.02978e+06
412	121154     	1.27004e+07	3.4998e+07 	5.96851e+06
413	121154     	1.26659e+07	3.51449e+07	6.02461e+06
414	121154     	1.26525e+07	3.32785e+07	6.01438e+06
415	121154     	1.26509e+07	3.24509e+07	6.00257e+06
416	120749     	1.26225e+07	3.37687e+07	6.10764e+06
417	120749     	1.25667e+07	3.03194e+07	6.04318e+06
418	120749     	1.25656e+07	3.20112e+07	5.93665e+06
419	120749     	1.25704e+07	3.18194e+07	6.1895e+06 
420	120749     	1.25749e+07	3.16216e+07	6.18047e+06
421	120749     	1.25576e+07	3.27324e+07	6.14228e+06
422	120749     	1.25412e+07	3.37701e+07	6.18628e+06
423	120749     	1.25256e+07	3.26032e+07	6.19759e+06
424	120616     	1.25184e+07	3.3527e+07 	6.13791e+06
425	120616     	1.25235e+07	3.26756e+07	6.14695e+06
426	120616     	1.24904e+07	3.43544e+07	6.08227e+06
427	120616     	1.24558e+07	3.44584e+07	6.05304e+06
428	120616     	1.24186e+07	3.79781e+07	6.11715e+06
429	120616     	1.23928e+07	3.58392e+07	6.14854e+06
430	120616     	1.23691e+07	3.67925e+07	6.13256e+06
431	120616     	1.23428e+07	3.38673e+07	5.93562e+06
432	120616     	1.23328e+07	3.25151e+07	5.96448e+06
433	113813     	1.2311e+07 	3.24114e+07	5.93624e+06
434	112271     	1.23203e+07	3.18951e+07	5.96082e+06
435	112271     	1.23386e+07	3.34798e+07	6.00237e+06
436	106880     	1.23345e+07	3.34554e+07	5.90579e+06
437	106880     	1.23058e+07	3.38922e+07	6.00223e+06
438	106880     	1.22917e+07	3.45796e+07	5.9213e+06 
439	106880     	1.22835e+07	3.55637e+07	5.88172e+06
440	106880     	1.23009e+07	3.18856e+07	5.85817e+06
441	106880     	1.22839e+07	3.18856e+07	5.82347e+06
442	106880     	1.22595e+07	3.10451e+07	5.82942e+06
443	106880     	1.2237e+07 	3.20928e+07	5.83381e+06
444	106880     	1.22221e+07	3.33046e+07	5.78605e+06
445	106880     	1.21734e+07	3.40439e+07	5.78025e+06
446	106553     	1.21495e+07	3.36461e+07	5.68114e+06
447	106553     	1.21221e+07	4.10439e+07	5.7123e+06 
448	106553     	1.20885e+07	3.20915e+07	5.71793e+06
449	106553     	1.20625e+07	3.33546e+07	5.69659e+06
450	103336     	1.20676e+07	3.33538e+07	5.67417e+06
451	103336     	1.20582e+07	3.28777e+07	5.6513e+06 
452	103336     	1.20388e+07	3.28778e+07	5.77191e+06
453	103336     	1.2021e+07 	3.28505e+07	5.70361e+06
454	103336     	1.20141e+07	3.16232e+07	5.63122e+06
455	103336     	1.2034e+07 	4.09978e+07	5.73334e+06
456	103336     	1.20307e+07	3.44125e+07	5.70329e+06
457	103336     	1.20035e+07	2.98708e+07	5.56165e+06
458	103336     	1.19759e+07	3.08708e+07	5.59619e+06
459	103336     	1.19644e+07	3.17068e+07	5.62568e+06
460	96059.4    	1.19435e+07	3.138e+07  	5.60009e+06
461	96059.4    	1.19569e+07	3.13411e+07	5.52217e+06
462	96059.4    	1.19995e+07	3.48858e+07	5.68347e+06
463	96059.4    	1.19712e+07	3.20905e+07	5.47025e+06
464	96059.4    	1.19751e+07	3.20908e+07	5.5044e+06 
465	96059.4    	1.19626e+07	3.20145e+07	5.5409e+06 
466	96059.4    	1.19961e+07	3.04305e+07	5.6219e+06 
467	96059.4    	1.20052e+07	2.95707e+07	5.66734e+06
468	96059.4    	1.19933e+07	3.02077e+07	5.73358e+06
469	96059.4    	1.19754e+07	3.11981e+07	5.68649e+06
470	96059.4    	1.19811e+07	3.12021e+07	5.67465e+06
471	96059.4    	1.19686e+07	3.12021e+07	5.76422e+06
472	96059.4    	1.1958e+07 	3.05516e+07	5.61084e+06
473	96059.4    	1.19502e+07	3.05545e+07	5.64389e+06
474	96059.4    	1.19332e+07	3.11609e+07	5.57613e+06
475	96059.4    	1.1953e+07 	3.10515e+07	5.60158e+06
476	96059.4    	1.19646e+07	3.13401e+07	5.61985e+06
477	96059.4    	1.1968e+07 	3.24298e+07	5.67848e+06
478	96059.4    	1.19669e+07	3.08815e+07	5.49766e+06
479	96059.4    	1.1979e+07 	3.16303e+07	5.49435e+06
480	96059.4    	1.19688e+07	3.0963e+07 	5.52282e+06
481	96059.4    	1.19386e+07	3.03862e+07	5.54063e+06
482	96059.4    	1.1945e+07 	3.23221e+07	5.60635e+06
483	96059.4    	1.19355e+07	3.08524e+07	5.60229e+06
484	96033.2    	1.19306e+07	3.28288e+07	5.80088e+06
485	96033.2    	1.19476e+07	3.15179e+07	5.6981e+06 
486	96033.2    	1.19446e+07	2.97513e+07	5.71023e+06
487	96033.2    	1.19551e+07	3.33455e+07	5.73023e+06
488	96033.2    	1.19245e+07	3.25988e+07	5.65139e+06
489	96033.2    	1.19058e+07	3.16278e+07	5.5785e+06 
490	96033.2    	1.1919e+07 	2.99302e+07	5.56666e+06
491	96033.2    	1.19161e+07	2.99302e+07	5.5278e+06 
492	96033.2    	1.18884e+07	3.38365e+07	5.5961e+06 
493	96033.2    	1.18887e+07	3.06495e+07	5.44591e+06
494	95014.2    	1.18654e+07	2.94987e+07	5.36349e+06
495	95014.2    	1.18462e+07	3.30008e+07	5.51454e+06
496	95014.2    	1.18442e+07	2.95008e+07	5.41476e+06
497	95014.2    	1.18237e+07	2.90793e+07	5.40074e+06
498	95014.2    	1.18042e+07	2.98318e+07	5.45938e+06
499	95014.2    	1.1802e+07 	3.43221e+07	5.41718e+06
-209.87999999
