gen	min        	avg        	max       	std        
0  	3.24684e+06	2.33048e+07	5.4678e+07	9.83398e+06
1  	3.24684e+06	2.3249e+07 	5.34028e+07	9.73693e+06
2  	3.24684e+06	2.32652e+07	6.28916e+07	9.9157e+06 
3  	3.05807e+06	2.3185e+07 	5.3837e+07 	9.72188e+06
4  	3.05807e+06	2.31296e+07	5.3837e+07 	9.72065e+06
5  	3.05807e+06	2.30612e+07	5.14051e+07	9.5634e+06 
6  	3.05807e+06	2.30402e+07	5.14299e+07	9.67236e+06
7  	3.05807e+06	2.30009e+07	5.44791e+07	9.59421e+06
8  	3.05807e+06	2.29816e+07	5.37646e+07	9.52788e+06
9  	3.05807e+06	2.29687e+07	6.06411e+07	9.68661e+06
10 	2.62087e+06	2.29606e+07	5.64193e+07	9.84581e+06
11 	2.62087e+06	2.29457e+07	5.46443e+07	9.89222e+06
12 	2.62087e+06	2.29219e+07	5.37808e+07	9.76838e+06
13 	2.54785e+06	2.2884e+07 	5.2365e+07 	9.85746e+06
14 	2.54785e+06	2.28538e+07	5.70711e+07	1.00703e+07
15 	2.54785e+06	2.28021e+07	5.32621e+07	9.8081e+06 
16 	2.54785e+06	2.2794e+07 	5.27723e+07	9.87724e+06
17 	2.54785e+06	2.27648e+07	5.14721e+07	9.62937e+06
18 	2.54785e+06	2.27386e+07	5.08732e+07	9.77753e+06
19 	2.54785e+06	2.26814e+07	5.06298e+07	9.73397e+06
20 	2.30281e+06	2.25544e+07	5.42045e+07	9.6792e+06 
21 	2.30281e+06	2.25213e+07	5.41363e+07	9.56984e+06
22 	2.30281e+06	2.2501e+07 	5.33875e+07	9.62646e+06
23 	2.2858e+06 	2.25032e+07	5.25507e+07	9.70265e+06
24 	2.2858e+06 	2.24537e+07	5.23429e+07	9.76303e+06
25 	2.2858e+06 	2.23983e+07	5.53203e+07	9.80387e+06
26 	2.2858e+06 	2.23456e+07	5.32861e+07	9.9477e+06 
27 	2.2858e+06 	2.23098e+07	5.21449e+07	9.74363e+06
28 	2.2858e+06 	2.22213e+07	6.0427e+07 	9.77586e+06
29 	2.2858e+06 	2.2199e+07 	5.48756e+07	9.82553e+06
30 	2.28579e+06	2.21639e+07	5.33042e+07	9.8015e+06 
31 	2.26327e+06	2.21174e+07	5.17095e+07	9.85461e+06
32 	1.69203e+06	2.21096e+07	5.21383e+07	9.89958e+06
33 	1.39142e+06	2.20647e+07	5.4549e+07 	9.98701e+06
34 	1.39128e+06	2.19894e+07	5.38127e+07	9.94449e+06
35 	1.39128e+06	2.19518e+07	5.34816e+07	9.87831e+06
36 	1.39128e+06	2.1929e+07 	5.67469e+07	9.70091e+06
37 	1.39128e+06	2.19199e+07	5.67421e+07	9.38928e+06
38 	1.39128e+06	2.18858e+07	5.3745e+07 	9.33124e+06
39 	1.39128e+06	2.18373e+07	5.24644e+07	9.30847e+06
40 	1.39128e+06	2.18311e+07	5.07227e+07	9.40043e+06
41 	1.39128e+06	2.18058e+07	4.82613e+07	9.28998e+06
42 	1.39128e+06	2.17869e+07	4.87707e+07	9.39451e+06
43 	1.39128e+06	2.17532e+07	5.56787e+07	9.39029e+06
44 	1.39128e+06	2.17206e+07	5.12267e+07	9.2409e+06 
45 	1.39128e+06	2.16731e+07	5.11369e+07	9.18543e+06
46 	1.39128e+06	2.16038e+07	5.36462e+07	9.28332e+06
47 	1.39128e+06	2.15473e+07	5.08099e+07	9.20956e+06
48 	1.39128e+06	2.15049e+07	5.06311e+07	9.06382e+06
49 	1.39128e+06	2.15039e+07	5.59514e+07	9.08912e+06
50 	1.38143e+06	2.14755e+07	5.59694e+07	9.27837e+06
51 	1.38143e+06	2.14216e+07	5.59694e+07	9.33637e+06
52 	1.38143e+06	2.13776e+07	5.54599e+07	9.4363e+06 
53 	1.38143e+06	2.13398e+07	5.59591e+07	9.41953e+06
54 	1.38143e+06	2.13408e+07	5.63274e+07	9.43297e+06
55 	1.34322e+06	2.13095e+07	5.63274e+07	9.56662e+06
56 	1.34322e+06	2.12516e+07	5.31369e+07	9.56033e+06
57 	1.34322e+06	2.12037e+07	5.24448e+07	9.61366e+06
58 	1.34322e+06	2.11981e+07	6.1465e+07 	9.68687e+06
59 	1.34322e+06	2.11646e+07	6.20964e+07	9.68349e+06
60 	1.34322e+06	2.11074e+07	5.33521e+07	9.52728e+06
61 	1.34322e+06	2.10698e+07	5.33521e+07	9.49717e+06
62 	1.34322e+06	2.1046e+07 	5.09884e+07	9.37767e+06
63 	1.34322e+06	2.10147e+07	5.18628e+07	9.32088e+06
64 	1.34322e+06	2.09556e+07	5.27932e+07	9.42489e+06
65 	1.34322e+06	2.09447e+07	5.27932e+07	9.45706e+06
66 	1.34322e+06	2.08862e+07	5.17196e+07	9.4596e+06 
67 	1.33846e+06	2.08403e+07	4.87186e+07	9.30751e+06
68 	1.31169e+06	2.07916e+07	5.59643e+07	9.41053e+06
69 	1.31169e+06	2.07316e+07	5.30704e+07	9.33302e+06
70 	1.31169e+06	2.06712e+07	4.88199e+07	9.07232e+06
71 	1.31169e+06	2.06465e+07	5.06109e+07	9.10786e+06
72 	1.31169e+06	2.05987e+07	5.0629e+07 	9.0655e+06 
73 	1.31169e+06	2.05848e+07	5.52594e+07	9.17616e+06
74 	1.31169e+06	2.05513e+07	5.46896e+07	9.24629e+06
75 	1.31169e+06	2.05288e+07	5.42999e+07	9.18311e+06
76 	1.31169e+06	2.04702e+07	5.42999e+07	9.12527e+06
77 	1.31169e+06	2.04566e+07	5.43126e+07	9.07622e+06
78 	1.31169e+06	2.04184e+07	4.7607e+07 	8.80244e+06
79 	1.31169e+06	2.03477e+07	4.9232e+07 	8.83216e+06
80 	1.31169e+06	2.03133e+07	4.92425e+07	8.86273e+06
81 	1.31169e+06	2.0246e+07 	4.83548e+07	8.82846e+06
82 	1.31169e+06	2.02204e+07	5.1953e+07 	8.99156e+06
83 	1.31169e+06	2.01995e+07	4.94353e+07	8.87961e+06
84 	814476     	2.0137e+07 	4.94353e+07	8.81815e+06
85 	814476     	2.01032e+07	4.58622e+07	8.93605e+06
86 	814476     	2.00432e+07	4.58622e+07	8.75991e+06
87 	814476     	2.00075e+07	4.70359e+07	8.79796e+06
88 	814476     	1.9976e+07 	4.72655e+07	8.89826e+06
89 	814476     	1.99314e+07	4.63602e+07	8.77326e+06
90 	808232     	1.99519e+07	4.72901e+07	8.84967e+06
91 	808232     	1.98887e+07	4.60854e+07	8.67048e+06
92 	804765     	1.984e+07  	4.61421e+07	8.55158e+06
93 	804765     	1.98251e+07	4.71205e+07	8.74995e+06
94 	804765     	1.97386e+07	4.71205e+07	8.71316e+06
95 	804765     	1.96819e+07	4.73856e+07	8.56208e+06
96 	804765     	1.97242e+07	4.58143e+07	8.70008e+06
97 	703842     	1.97023e+07	4.51978e+07	8.48099e+06
98 	703842     	1.96359e+07	4.48259e+07	8.42107e+06
99 	703842     	1.95995e+07	4.79814e+07	8.41811e+06
100	703842     	1.95287e+07	4.83879e+07	8.3016e+06 
101	703842     	1.94928e+07	5.08744e+07	8.38318e+06
102	703842     	1.94557e+07	4.81448e+07	8.47515e+06
103	703842     	1.94235e+07	4.79731e+07	8.46051e+06
104	703842     	1.93804e+07	4.70014e+07	8.3543e+06 
105	703842     	1.93627e+07	4.57213e+07	8.49064e+06
106	703842     	1.93499e+07	4.57784e+07	8.5442e+06 
107	703842     	1.9344e+07 	4.41416e+07	8.47457e+06
108	703842     	1.92553e+07	4.76478e+07	8.4551e+06 
109	703842     	1.92511e+07	4.88255e+07	8.50156e+06
110	701681     	1.92005e+07	4.86512e+07	8.40169e+06
111	701681     	1.91886e+07	4.56156e+07	8.3868e+06 
112	701681     	1.91767e+07	4.56153e+07	8.40131e+06
113	701681     	1.91668e+07	5.12858e+07	8.408e+06  
114	701681     	1.9162e+07 	4.56191e+07	8.22307e+06
115	701681     	1.91308e+07	5.06984e+07	8.46457e+06
116	701681     	1.90884e+07	4.92282e+07	8.4994e+06 
117	701681     	1.91094e+07	4.64296e+07	8.53708e+06
118	701681     	1.91589e+07	4.59041e+07	8.6302e+06 
119	701681     	1.91525e+07	4.59041e+07	8.67492e+06
120	701681     	1.91099e+07	5.02191e+07	8.56212e+06
121	701681     	1.90833e+07	4.72544e+07	8.59498e+06
122	701681     	1.91011e+07	4.60209e+07	8.58067e+06
123	701681     	1.90719e+07	4.45366e+07	8.57338e+06
124	701681     	1.90953e+07	5.17984e+07	8.70431e+06
125	701681     	1.9062e+07 	5.17509e+07	8.67191e+06
126	701681     	1.908e+07  	5.09713e+07	8.77457e+06
127	701681     	1.90551e+07	5.21899e+07	8.7446e+06 
128	701681     	1.9001e+07 	4.98686e+07	8.64447e+06
129	701681     	1.89789e+07	4.67454e+07	8.6026e+06 
130	701681     	1.89506e+07	4.62127e+07	8.67914e+06
131	701681     	1.89335e+07	4.52641e+07	8.61786e+06
132	548354     	1.88657e+07	5.01968e+07	8.63239e+06
133	548354     	1.88558e+07	4.8804e+07 	8.5188e+06 
134	548354     	1.88652e+07	4.82058e+07	8.46494e+06
135	505471     	1.88228e+07	4.73556e+07	8.50302e+06
136	505471     	1.87904e+07	4.5091e+07 	8.60111e+06
137	505471     	1.87062e+07	4.47021e+07	8.53715e+06
138	505471     	1.86987e+07	4.72622e+07	8.42414e+06
139	505471     	1.8639e+07 	4.48707e+07	8.39851e+06
140	505471     	1.85826e+07	4.495e+07  	8.27058e+06
141	505471     	1.85273e+07	4.495e+07  	8.25165e+06
142	505471     	1.85134e+07	4.83191e+07	8.20147e+06
143	467310     	1.84694e+07	4.58885e+07	8.18209e+06
144	467310     	1.84246e+07	4.57894e+07	8.22063e+06
145	467310     	1.84013e+07	4.59372e+07	8.06967e+06
146	467310     	1.84129e+07	5.00899e+07	8.05918e+06
147	467310     	1.83763e+07	5.00857e+07	8.07963e+06
148	467310     	1.83534e+07	4.72113e+07	8.19181e+06
149	467310     	1.83033e+07	4.48381e+07	8.1518e+06 
150	467310     	1.8252e+07 	4.95896e+07	8.23634e+06
151	467310     	1.81824e+07	4.91032e+07	8.13483e+06
152	467310     	1.81572e+07	4.92681e+07	7.86857e+06
153	467310     	1.81465e+07	4.85972e+07	7.86798e+06
154	467305     	1.8104e+07 	4.72272e+07	7.77718e+06
155	467305     	1.80297e+07	4.36114e+07	7.84077e+06
156	467305     	1.79911e+07	4.58288e+07	7.82642e+06
157	448589     	1.79434e+07	4.56752e+07	7.98631e+06
158	448589     	1.79262e+07	4.43269e+07	8.12314e+06
159	431270     	1.78932e+07	4.30195e+07	7.95408e+06
160	431270     	1.78496e+07	4.38449e+07	8.02925e+06
161	431270     	1.78084e+07	4.60373e+07	8.12028e+06
162	431270     	1.77558e+07	4.60555e+07	8.13865e+06
163	431270     	1.77542e+07	4.63939e+07	8.25953e+06
164	430285     	1.76708e+07	4.66016e+07	8.20885e+06
165	430285     	1.76055e+07	4.602e+07  	8.28784e+06
166	430285     	1.75618e+07	4.82682e+07	8.27542e+06
167	430285     	1.75857e+07	4.85431e+07	8.32753e+06
168	430285     	1.75495e+07	4.52491e+07	8.18834e+06
169	430285     	1.75023e+07	4.3561e+07 	8.14872e+06
170	430285     	1.74655e+07	4.01385e+07	8.06489e+06
171	430285     	1.74572e+07	3.97676e+07	8.06036e+06
172	430285     	1.74202e+07	4.04446e+07	8.05333e+06
173	430285     	1.74373e+07	4.08282e+07	8.04147e+06
174	430285     	1.74315e+07	4.40074e+07	7.98385e+06
175	430285     	1.74068e+07	4.98806e+07	7.89747e+06
176	430285     	1.73612e+07	4.45118e+07	7.8529e+06 
177	430285     	1.73093e+07	4.35281e+07	7.9484e+06 
178	430285     	1.72734e+07	4.35425e+07	7.93122e+06
179	430285     	1.72493e+07	4.16607e+07	7.81062e+06
180	418394     	1.72442e+07	4.48838e+07	7.95929e+06
181	418394     	1.72524e+07	4.65022e+07	8.00506e+06
182	418394     	1.72167e+07	4.93943e+07	8.01039e+06
183	415643     	1.71795e+07	4.73534e+07	7.90318e+06
184	415643     	1.71485e+07	4.58737e+07	7.93854e+06
185	415643     	1.71326e+07	4.55494e+07	8.03626e+06
186	411028     	1.71048e+07	4.21449e+07	7.8917e+06 
187	411028     	1.71369e+07	4.57009e+07	7.89474e+06
188	411028     	1.71133e+07	4.4784e+07 	7.97007e+06
189	411028     	1.70926e+07	4.33528e+07	8.12372e+06
190	411028     	1.70718e+07	4.42089e+07	8.08019e+06
191	411028     	1.70173e+07	4.35631e+07	8.02921e+06
192	411028     	1.69631e+07	4.29862e+07	7.81959e+06
193	411028     	1.69573e+07	4.4039e+07 	7.85773e+06
194	411028     	1.6988e+07 	4.40536e+07	7.80022e+06
195	373639     	1.69435e+07	4.40724e+07	7.88426e+06
196	373639     	1.69583e+07	4.26472e+07	7.78327e+06
197	373639     	1.694e+07  	4.21558e+07	7.76093e+06
198	373639     	1.69302e+07	4.21558e+07	7.62005e+06
199	373639     	1.68852e+07	4.24727e+07	7.75631e+06
200	373639     	1.68186e+07	4.45618e+07	7.74004e+06
201	373639     	1.68037e+07	4.05836e+07	7.73383e+06
202	373639     	1.67865e+07	4.02131e+07	7.45997e+06
203	373639     	1.67893e+07	4.59251e+07	7.59407e+06
204	373639     	1.67572e+07	4.15092e+07	7.49306e+06
205	373639     	1.66976e+07	4.20476e+07	7.75847e+06
206	373639     	1.66762e+07	4.05201e+07	7.80557e+06
207	373639     	1.66347e+07	4.40231e+07	7.87023e+06
208	373639     	1.66452e+07	4.92246e+07	7.69384e+06
209	373639     	1.6637e+07 	4.32089e+07	7.7e+06    
210	373639     	1.6591e+07 	4.22776e+07	7.84427e+06
211	373639     	1.65779e+07	4.46479e+07	7.81532e+06
212	373639     	1.6562e+07 	4.56469e+07	7.8137e+06 
213	373639     	1.65283e+07	4.33948e+07	7.72282e+06
214	373639     	1.65203e+07	4.36336e+07	7.72378e+06
215	373639     	1.6532e+07 	4.29485e+07	7.63454e+06
216	372144     	1.65533e+07	4.16086e+07	7.81094e+06
217	372144     	1.65392e+07	4.02975e+07	7.77949e+06
218	372144     	1.65101e+07	3.98458e+07	7.79423e+06
219	372144     	1.64837e+07	4.09097e+07	7.71946e+06
220	372144     	1.6475e+07 	4.19538e+07	7.6418e+06 
221	372144     	1.64357e+07	4.19531e+07	7.65937e+06
222	372144     	1.64225e+07	3.81229e+07	7.61828e+06
223	372144     	1.64088e+07	3.89215e+07	7.70437e+06
224	372144     	1.63714e+07	3.89026e+07	7.67363e+06
225	372144     	1.63511e+07	4.28542e+07	7.78829e+06
226	372144     	1.63592e+07	4.29004e+07	7.85124e+06
227	372144     	1.63508e+07	4.34796e+07	7.91161e+06
228	372144     	1.63184e+07	4.33653e+07	7.83755e+06
229	372144     	1.627e+07  	4.3365e+07 	7.97438e+06
230	372144     	1.62237e+07	4.3365e+07 	7.89478e+06
231	362560     	1.62166e+07	4.43462e+07	7.98303e+06
232	362560     	1.61813e+07	4.42357e+07	7.97379e+06
233	362560     	1.61731e+07	4.17766e+07	7.86114e+06
234	362560     	1.61602e+07	4.28071e+07	7.72758e+06
235	362560     	1.61265e+07	4.28071e+07	7.58539e+06
236	362560     	1.60905e+07	4.28111e+07	7.56192e+06
237	362560     	1.61043e+07	4.32256e+07	7.69495e+06
238	362560     	1.60615e+07	4.32554e+07	7.73528e+06
239	362560     	1.6046e+07 	4.2014e+07 	7.87668e+06
240	323435     	1.60762e+07	4.10901e+07	7.74671e+06
241	323435     	1.60208e+07	4.66647e+07	7.79507e+06
242	323435     	1.59943e+07	4.20756e+07	7.72191e+06
243	323435     	1.59623e+07	4.15425e+07	7.71546e+06
244	323435     	1.5961e+07 	3.99956e+07	7.82257e+06
245	323435     	1.59328e+07	4.2635e+07 	7.71663e+06
246	323435     	1.59539e+07	4.25361e+07	7.72748e+06
247	323435     	1.59617e+07	4.0308e+07 	7.74351e+06
248	323435     	1.59299e+07	3.94065e+07	7.69298e+06
249	323435     	1.59291e+07	3.94165e+07	7.7379e+06 
250	323435     	1.59041e+07	3.93473e+07	7.73674e+06
251	323435     	1.59119e+07	3.87687e+07	7.67864e+06
252	323435     	1.58583e+07	4.02001e+07	7.90612e+06
253	323435     	1.58513e+07	3.98504e+07	7.84418e+06
254	323435     	1.58136e+07	4.39327e+07	7.8462e+06 
255	323211     	1.57713e+07	4.28864e+07	7.77831e+06
256	310829     	1.57334e+07	4.77694e+07	7.85342e+06
257	310829     	1.56881e+07	4.56012e+07	7.77966e+06
258	310829     	1.56757e+07	4.27959e+07	7.70602e+06
259	310829     	1.56254e+07	4.20195e+07	7.56587e+06
260	310829     	1.56052e+07	4.21333e+07	7.2733e+06 
261	310829     	1.55897e+07	4.07833e+07	7.22344e+06
262	310829     	1.55378e+07	3.98837e+07	7.36876e+06
263	310829     	1.55005e+07	4.10683e+07	7.37249e+06
264	310829     	1.54852e+07	3.99019e+07	7.20916e+06
265	310829     	1.54477e+07	4.54362e+07	7.4367e+06 
266	310829     	1.54352e+07	4.21303e+07	7.35841e+06
267	310829     	1.54104e+07	3.95e+07   	7.36904e+06
268	310829     	1.5392e+07 	3.86589e+07	7.20291e+06
269	310829     	1.5334e+07 	3.88074e+07	7.18815e+06
270	310829     	1.53329e+07	3.88186e+07	7.07516e+06
271	310829     	1.53352e+07	4.02058e+07	7.20242e+06
272	310829     	1.52744e+07	4.21254e+07	7.10543e+06
273	310829     	1.52507e+07	3.90195e+07	7.0296e+06 
274	310829     	1.52341e+07	4.40726e+07	6.96734e+06
275	310829     	1.51991e+07	4.55678e+07	7.05306e+06
276	310829     	1.51564e+07	4.14322e+07	7.03005e+06
277	310829     	1.51556e+07	4.23861e+07	7.15862e+06
278	310829     	1.51596e+07	3.96467e+07	7.14691e+06
279	310829     	1.5155e+07 	4.00569e+07	7.07023e+06
280	310829     	1.51407e+07	3.82865e+07	7.15023e+06
281	310829     	1.51175e+07	3.78296e+07	7.13701e+06
282	310829     	1.51038e+07	3.7601e+07 	6.93177e+06
283	310829     	1.50726e+07	3.74744e+07	6.78082e+06
284	310829     	1.50582e+07	3.80189e+07	6.73551e+06
285	310829     	1.50539e+07	3.80192e+07	6.83187e+06
286	310829     	1.50743e+07	3.73282e+07	6.94146e+06
287	310829     	1.5067e+07 	3.82335e+07	6.84442e+06
288	310829     	1.50815e+07	3.94418e+07	6.93823e+06
289	310829     	1.50525e+07	3.7405e+07 	6.99385e+06
290	310829     	1.50155e+07	3.91213e+07	7.12963e+06
291	310829     	1.50009e+07	3.50661e+07	7.07006e+06
292	310829     	1.49767e+07	3.40351e+07	7.11132e+06
293	310829     	1.49533e+07	3.7027e+07 	7.19508e+06
294	310829     	1.49279e+07	3.70734e+07	7.09767e+06
295	310829     	1.49542e+07	3.70734e+07	7.12591e+06
296	310829     	1.49568e+07	3.66608e+07	6.95049e+06
297	294267     	1.49328e+07	3.58675e+07	6.94175e+06
298	294267     	1.49215e+07	3.83757e+07	6.99847e+06
299	294267     	1.48893e+07	3.77396e+07	6.85094e+06
300	294267     	1.48365e+07	3.89213e+07	6.92181e+06
301	294267     	1.47818e+07	4.28699e+07	6.9275e+06 
302	294267     	1.47808e+07	3.78248e+07	6.98672e+06
303	294267     	1.47284e+07	4.01622e+07	6.92692e+06
304	294267     	1.47435e+07	3.85852e+07	6.99187e+06
305	294267     	1.47196e+07	3.83022e+07	6.97327e+06
306	294267     	1.46911e+07	3.85843e+07	6.97029e+06
307	294267     	1.46753e+07	3.85539e+07	6.94328e+06
308	294267     	1.46561e+07	3.85491e+07	6.88086e+06
309	294267     	1.46199e+07	3.92884e+07	6.94867e+06
310	294267     	1.46141e+07	4.42324e+07	7.00795e+06
311	294267     	1.45957e+07	4.01163e+07	6.88517e+06
312	294267     	1.45503e+07	3.58267e+07	6.84149e+06
313	294267     	1.4572e+07 	3.68739e+07	6.80263e+06
314	294267     	1.45288e+07	3.68739e+07	6.78895e+06
315	294267     	1.4488e+07 	3.87052e+07	6.7516e+06 
316	294267     	1.44801e+07	3.99938e+07	6.84883e+06
317	294267     	1.44691e+07	3.94678e+07	6.7839e+06 
318	294267     	1.44393e+07	3.84942e+07	6.72003e+06
319	294267     	1.44439e+07	3.84934e+07	6.8838e+06 
320	294267     	1.44099e+07	3.80786e+07	6.97613e+06
321	294267     	1.44089e+07	3.72515e+07	7.05817e+06
322	294267     	1.43993e+07	4.06117e+07	7.09108e+06
323	294267     	1.44037e+07	3.85511e+07	7.06664e+06
324	294267     	1.44073e+07	3.83897e+07	7.04443e+06
325	294267     	1.44025e+07	3.89214e+07	7.02413e+06
326	294267     	1.43995e+07	3.90881e+07	6.94991e+06
327	294267     	1.43862e+07	3.76454e+07	6.98728e+06
328	294267     	1.44001e+07	4.51196e+07	7.0472e+06 
329	293931     	1.4382e+07 	4.31308e+07	6.98926e+06
330	293931     	1.43662e+07	3.75505e+07	6.91835e+06
331	293931     	1.43486e+07	4.15103e+07	6.86522e+06
332	293931     	1.43576e+07	4.12287e+07	6.97382e+06
333	293931     	1.43252e+07	3.75131e+07	7.01125e+06
334	293931     	1.4311e+07 	3.73059e+07	6.86155e+06
335	293931     	1.42927e+07	3.59461e+07	6.95805e+06
336	293931     	1.43055e+07	3.83818e+07	6.99613e+06
337	293931     	1.43249e+07	3.73849e+07	6.99924e+06
338	293931     	1.4323e+07 	3.76811e+07	7.05525e+06
339	293931     	1.42863e+07	4.00444e+07	6.99996e+06
340	293931     	1.4276e+07 	3.82523e+07	6.84563e+06
341	293884     	1.42549e+07	4.2652e+07 	6.86979e+06
342	293884     	1.42431e+07	3.77938e+07	6.64202e+06
343	293884     	1.4222e+07 	4.019e+07  	6.74676e+06
344	293884     	1.4209e+07 	4.02392e+07	6.91981e+06
345	293884     	1.42033e+07	3.98199e+07	7.03718e+06
346	293884     	1.41756e+07	3.94933e+07	6.93021e+06
347	276030     	1.4185e+07 	3.99176e+07	6.99268e+06
348	276030     	1.41366e+07	3.92443e+07	6.81571e+06
349	276030     	1.41267e+07	3.8486e+07 	6.62353e+06
350	276030     	1.40737e+07	3.7896e+07 	6.66359e+06
351	276030     	1.40653e+07	3.65396e+07	6.69751e+06
352	276030     	1.40328e+07	3.6205e+07 	6.62777e+06
353	276030     	1.40081e+07	3.51089e+07	6.65707e+06
354	276030     	1.39975e+07	3.64143e+07	6.71476e+06
355	275810     	1.39751e+07	3.85487e+07	6.69473e+06
356	275810     	1.39642e+07	3.70052e+07	6.61516e+06
357	275791     	1.39669e+07	3.83784e+07	6.59578e+06
358	275791     	1.39277e+07	3.64858e+07	6.55316e+06
359	275791     	1.39401e+07	3.67798e+07	6.5598e+06 
360	275791     	1.39354e+07	3.5628e+07 	6.47391e+06
361	259172     	1.39132e+07	3.65345e+07	6.60743e+06
362	259172     	1.3913e+07 	3.58134e+07	6.71623e+06
363	259172     	1.38725e+07	3.4624e+07 	6.49834e+06
364	259172     	1.38523e+07	3.49056e+07	6.52527e+06
365	214139     	1.38151e+07	3.35858e+07	6.53214e+06
366	112410     	1.37917e+07	3.39856e+07	6.42892e+06
367	112410     	1.37959e+07	3.36595e+07	6.49175e+06
368	112410     	1.3791e+07 	3.52396e+07	6.57132e+06
369	112410     	1.38202e+07	3.58079e+07	6.65428e+06
370	112410     	1.37904e+07	3.68805e+07	6.67456e+06
371	112410     	1.37695e+07	3.53392e+07	6.59846e+06
372	112410     	1.37874e+07	3.6258e+07 	6.68726e+06
373	112410     	1.37899e+07	3.99374e+07	6.75689e+06
374	112410     	1.37615e+07	3.92905e+07	6.56051e+06
375	112410     	1.37518e+07	3.90058e+07	6.5153e+06 
376	112410     	1.37366e+07	3.83555e+07	6.53509e+06
377	112410     	1.37059e+07	3.76184e+07	6.42164e+06
378	112410     	1.36798e+07	3.55099e+07	6.4175e+06 
379	112410     	1.36724e+07	3.65433e+07	6.34334e+06
380	112410     	1.36631e+07	3.61249e+07	6.27938e+06
381	112129     	1.36869e+07	3.59024e+07	6.25094e+06
382	112129     	1.36586e+07	3.5666e+07 	6.47255e+06
383	112129     	1.36548e+07	3.67784e+07	6.41688e+06
384	112129     	1.36538e+07	3.67785e+07	6.46159e+06
385	112129     	1.3621e+07 	3.68829e+07	6.65055e+06
386	112129     	1.35952e+07	3.67434e+07	6.61467e+06
387	112129     	1.35919e+07	3.67636e+07	6.58794e+06
388	112095     	1.35768e+07	3.66543e+07	6.60699e+06
389	112095     	1.36102e+07	3.91589e+07	6.55264e+06
390	112095     	1.3611e+07 	3.84018e+07	6.64811e+06
391	112095     	1.36039e+07	3.79956e+07	6.61138e+06
392	112095     	1.359e+07  	3.58809e+07	6.50758e+06
393	111725     	1.35799e+07	3.38361e+07	6.51805e+06
394	111725     	1.35791e+07	3.39736e+07	6.56118e+06
395	111725     	1.35606e+07	3.37334e+07	6.34128e+06
396	111725     	1.35455e+07	3.64785e+07	6.32647e+06
397	111725     	1.35432e+07	3.67148e+07	6.23162e+06
398	111725     	1.35538e+07	3.62576e+07	6.18882e+06
399	111725     	1.35151e+07	3.53886e+07	6.06596e+06
400	111725     	1.349e+07  	3.43357e+07	6.08817e+06
401	111725     	1.34681e+07	3.43357e+07	6.18996e+06
402	111725     	1.34494e+07	3.30199e+07	6.1278e+06 
403	111725     	1.34349e+07	3.4126e+07 	6.29438e+06
404	111725     	1.34398e+07	3.41333e+07	6.353e+06  
405	111725     	1.34269e+07	3.42228e+07	6.2916e+06 
406	111725     	1.34278e+07	3.44578e+07	6.23221e+06
407	105806     	1.343e+07  	3.4179e+07 	6.23181e+06
408	105806     	1.34224e+07	3.50151e+07	6.30301e+06
409	105806     	1.3423e+07 	3.47414e+07	6.36509e+06
410	105806     	1.33954e+07	3.52727e+07	6.32616e+06
411	105806     	1.33697e+07	3.73263e+07	6.26565e+06
412	105806     	1.33467e+07	3.4572e+07 	6.27655e+06
413	105806     	1.33445e+07	4.12521e+07	6.30658e+06
414	105806     	1.3294e+07 	3.71048e+07	6.34e+06   
415	105806     	1.32717e+07	3.58944e+07	6.30757e+06
416	105806     	1.3271e+07 	3.66714e+07	6.35642e+06
417	105806     	1.3277e+07 	3.69448e+07	6.30021e+06
418	105806     	1.32675e+07	3.69175e+07	6.22914e+06
419	105788     	1.32415e+07	3.7951e+07 	6.30543e+06
420	105788     	1.32121e+07	3.5519e+07 	6.32063e+06
421	105788     	1.31683e+07	3.61832e+07	6.28887e+06
422	105788     	1.31566e+07	3.5876e+07 	6.3062e+06 
423	105788     	1.31503e+07	3.48552e+07	6.26204e+06
424	105788     	1.3139e+07 	3.74432e+07	6.31582e+06
425	105788     	1.31395e+07	4.15704e+07	6.34276e+06
426	105788     	1.31322e+07	3.77793e+07	6.24686e+06
427	105788     	1.31077e+07	3.5514e+07 	6.24981e+06
428	105788     	1.31114e+07	3.36829e+07	6.23609e+06
429	105788     	1.31299e+07	4.18384e+07	6.27365e+06
430	105788     	1.31299e+07	4.19099e+07	6.42221e+06
431	105788     	1.31191e+07	3.79419e+07	6.35861e+06
432	105788     	1.30989e+07	3.39219e+07	6.24758e+06
433	105788     	1.31143e+07	3.32311e+07	6.31874e+06
434	105788     	1.30985e+07	3.4377e+07 	6.29882e+06
435	105788     	1.30778e+07	3.2692e+07 	6.21663e+06
436	105788     	1.30513e+07	3.31579e+07	6.20222e+06
437	105788     	1.30302e+07	3.6952e+07 	6.29606e+06
438	105788     	1.2987e+07 	3.53594e+07	6.17319e+06
439	105788     	1.30279e+07	3.53606e+07	6.20583e+06
440	105788     	1.30075e+07	3.32166e+07	6.24283e+06
441	105788     	1.2983e+07 	3.30818e+07	6.30739e+06
442	105788     	1.30023e+07	3.42891e+07	6.2653e+06 
443	104977     	1.29829e+07	3.6703e+07 	6.19349e+06
444	104977     	1.29544e+07	3.65896e+07	6.12977e+06
445	104977     	1.29235e+07	3.54968e+07	6.15868e+06
446	104977     	1.29298e+07	3.55808e+07	5.99778e+06
447	104977     	1.29286e+07	3.9494e+07 	6.16584e+06
448	104977     	1.29262e+07	3.66832e+07	6.18538e+06
449	104977     	1.29213e+07	3.48704e+07	6.05057e+06
450	104977     	1.29345e+07	3.41692e+07	5.96622e+06
451	104977     	1.29119e+07	3.41692e+07	6.08476e+06
452	104977     	1.29357e+07	3.24804e+07	6.03855e+06
453	104977     	1.29185e+07	3.24804e+07	5.94548e+06
454	104961     	1.29102e+07	3.22337e+07	5.90388e+06
455	104961     	1.28697e+07	3.25815e+07	5.98546e+06
456	104961     	1.28683e+07	3.29855e+07	6.01234e+06
457	104961     	1.28526e+07	3.50954e+07	5.95657e+06
458	103135     	1.28577e+07	3.46513e+07	5.94672e+06
459	103135     	1.2846e+07 	3.32256e+07	5.83245e+06
460	103135     	1.28073e+07	3.50877e+07	5.97797e+06
461	103135     	1.28095e+07	3.46785e+07	5.95456e+06
462	103135     	1.27583e+07	3.45749e+07	6.0397e+06 
463	103135     	1.27673e+07	3.46351e+07	5.97617e+06
464	103135     	1.27505e+07	3.46491e+07	6.01467e+06
465	103135     	1.27618e+07	3.33266e+07	5.88248e+06
466	103135     	1.27585e+07	3.24299e+07	5.69664e+06
467	103135     	1.27888e+07	3.37137e+07	5.91223e+06
468	103135     	1.27986e+07	3.35961e+07	6.08545e+06
469	103135     	1.27816e+07	3.42974e+07	6.07321e+06
470	103135     	1.27801e+07	3.45058e+07	6.08228e+06
471	103135     	1.27428e+07	3.38211e+07	6.04068e+06
472	103135     	1.27433e+07	3.40461e+07	6.04657e+06
473	103135     	1.27008e+07	3.52907e+07	5.97155e+06
474	103135     	1.26723e+07	3.52905e+07	5.95464e+06
475	103135     	1.26955e+07	3.36022e+07	6.03535e+06
476	103135     	1.27165e+07	3.54988e+07	6.13388e+06
477	103135     	1.27055e+07	3.46351e+07	6.13901e+06
478	103135     	1.27104e+07	3.34894e+07	6.0204e+06 
479	103135     	1.26769e+07	3.26939e+07	6.05558e+06
480	101066     	1.26971e+07	3.64394e+07	6.1281e+06 
481	101066     	1.26772e+07	3.465e+07  	6.27555e+06
482	101066     	1.26694e+07	3.3763e+07 	6.03732e+06
483	101066     	1.2649e+07 	3.37626e+07	6.08115e+06
484	101066     	1.26329e+07	3.35973e+07	6.0791e+06 
485	101066     	1.26132e+07	3.43195e+07	6.06806e+06
486	101066     	1.25806e+07	3.26499e+07	6.00026e+06
487	101066     	1.25679e+07	3.25765e+07	5.97557e+06
488	101066     	1.25408e+07	3.2723e+07 	6.03268e+06
489	101066     	1.25538e+07	3.73044e+07	6.12543e+06
490	101066     	1.25415e+07	3.51777e+07	6.10531e+06
491	100432     	1.25775e+07	3.3157e+07 	6.1982e+06 
492	100432     	1.25407e+07	3.75862e+07	6.22092e+06
493	100432     	1.25274e+07	3.76776e+07	6.09304e+06
494	100432     	1.25219e+07	3.46827e+07	6.10254e+06
495	100432     	1.25121e+07	3.45461e+07	6.10628e+06
496	100432     	1.24853e+07	3.28183e+07	6.03545e+06
497	100432     	1.25036e+07	3.28183e+07	5.98056e+06
498	100432     	1.24824e+07	3.69515e+07	5.94851e+06
499	100432     	1.24467e+07	3.66005e+07	5.95413e+06
-209.87999999
