gen	min    	avg    	max    	std    
0  	859.473	3094.94	7782.17	1183.46
1  	846.877	3091.36	7293.54	1176.23
2  	831.655	3089.79	7103.17	1160.8 
3  	831.655	3094.8 	7019.97	1159.96
4  	831.655	3085.59	7124.01	1162.68
5  	831.655	3081.86	7165.48	1155.57
6  	831.655	3079.38	7272.91	1179.41
7  	771.541	3077.94	7427.3 	1195.61
8  	771.541	3072.34	7268.15	1182.81
9  	771.541	3064.86	6662.1 	1169.16
10 	509.496	3063.98	6662.1 	1154.87
11 	485.037	3058.47	7357.49	1147.7 
12 	485.037	3056.76	7450.68	1122   
13 	485.037	3051.68	6877.64	1103.39
14 	441.688	3042.8 	6583.05	1108.8 
15 	441.688	3040.86	6771.77	1100.75
16 	438.658	3035.55	6771.77	1114.36
17 	438.658	3033.37	6647.44	1112.92
18 	438.658	3028   	7243.32	1114.9 
19 	438.658	3023.84	6996.24	1118.11
20 	431.444	3026.68	6855.3 	1146.69
21 	409.801	3024.43	6725.43	1136.44
22 	409.801	3017.48	6716.61	1116.75
23 	409.801	3007.37	6833.9 	1102.04
24 	409.801	3002.54	6592.86	1083.34
25 	335.001	2992.61	6588.99	1090.86
26 	335.001	2993.69	7174.84	1100.09
27 	335.001	2989.17	7516.94	1098.93
28 	335.001	2984.52	7565.68	1108.15
29 	335.001	2980.61	6684.69	1102.85
30 	335.001	2973.46	6564.06	1111.11
31 	335.001	2970.22	7172.12	1138.06
32 	335.001	2963.18	6710.69	1101.69
33 	335.001	2957.96	6445.17	1089.66
34 	335.001	2958.82	6519.21	1096.61
35 	335.001	2954.35	6494.11	1097.73
36 	335.001	2950.81	6803.95	1106.65
37 	335.001	2944.83	6818.37	1109.69
38 	333.761	2946.64	6607.39	1129.83
39 	333.761	2943.93	6681.47	1156.51
40 	333.761	2938.09	6849.3 	1155.99
41 	333.761	2942.05	7013.75	1158.89
42 	333.761	2939.36	7182.49	1162.69
43 	333.761	2943.2 	7502.08	1166.11
44 	333.761	2937.73	7015.89	1152.38
45 	333.761	2937.5 	7080.64	1169.4 
46 	333.761	2934.32	7149.11	1159.98
47 	333.761	2926.83	7105.52	1172.09
48 	333.761	2921.6 	7095.02	1159.55
49 	333.761	2919.31	6797.73	1170.82
50 	333.761	2917.31	6742.95	1135.96
51 	333.761	2914.83	6579.78	1141.89
52 	333.761	2907.67	6548.45	1149.5 
53 	324.134	2910.29	6311.28	1140.84
54 	324.134	2903.88	6886.92	1129.33
55 	324.134	2898.77	7258.87	1118.58
56 	324.134	2893.01	7097.63	1107.36
57 	324.134	2889.62	7097.63	1118.71
58 	288.141	2884.64	6815.05	1097.8 
59 	288.141	2882.39	6890.13	1093.21
60 	288.141	2877.74	6852.58	1088.59
61 	288.141	2875.88	6682.52	1061.24
62 	288.141	2873.12	6387.03	1052.44
63 	288.141	2864.33	6374.51	1051.18
64 	288.141	2857.92	7106.55	1076.39
65 	288.141	2856.32	7067.09	1085.17
66 	281.499	2853.15	6620.3 	1071.8 
67 	281.499	2851.21	6949.04	1098.64
68 	281.499	2849.81	6750.54	1101.88
69 	281.499	2848.23	6641.44	1092.81
70 	281.499	2841.34	6411.31	1099.01
71 	281.499	2839.42	6496.53	1088.69
72 	281.499	2841.52	6512.83	1099.26
73 	281.499	2836.04	6380.88	1115.23
74 	281.499	2833.84	7517.96	1120.92
75 	281.499	2828.31	6911.21	1093.57
76 	271.627	2821.16	7222.74	1096.31
77 	270.125	2814.41	7076.17	1094.38
78 	250.741	2810.01	6972.63	1089.72
79 	237.728	2812.11	6972.63	1102.94
80 	237.728	2814.33	6875.93	1113.58
81 	237.728	2809.7 	7059.39	1121.95
82 	237.728	2805.42	6953.88	1117.2 
83 	237.728	2802.92	7084.68	1100.13
84 	237.728	2801.01	7115.85	1120.59
85 	237.728	2793.98	7208.55	1091.6 
86 	237.728	2788.14	7113.22	1079.15
87 	237.728	2780.71	7330.82	1064.17
88 	237.728	2779.53	7135.52	1051.49
89 	237.728	2790.7 	6941.25	1078.74
90 	237.728	2791.64	7106.36	1105.32
91 	237.728	2792.82	7051.59	1107.6 
92 	237.728	2790.03	6945.83	1101.05
93 	237.728	2782.82	7134.59	1099.81
94 	237.728	2782.54	7938.41	1120.79
95 	225.91 	2776.01	7696.62	1113.31
96 	225.91 	2773.77	6666.19	1120.12
97 	203.644	2764.16	6293.3 	1114.32
98 	203.644	2762.25	6142.74	1096.28
99 	203.644	2762.71	6086.76	1094.07
100	203.644	2764.56	6478.84	1102.18
101	203.644	2764.03	7524.48	1098.57
102	203.644	2757.18	7167.24	1077.43
103	144.498	2756.56	7088.85	1052.62
104	144.498	2748.52	7000.09	1045.65
105	144.498	2740.77	6999.7 	1072.38
106	144.498	2734.56	6729.56	1075.23
107	144.498	2728.16	6768.77	1066.23
108	144.498	2722.36	7234.82	1095.09
109	144.498	2720.73	6802.1 	1105.2 
110	144.498	2719.57	6634.16	1110.86
111	144.498	2715.47	6888.76	1126.66
112	144.498	2715.72	6888.76	1115.21
113	88.3998	2709.52	6637.52	1102.12
114	88.3998	2702.64	6334.82	1074.17
115	88.3998	2702.53	6233.79	1052.58
116	88.3998	2697.81	6182.52	1059.15
117	88.3998	2695.04	6552.84	1070.02
118	88.3998	2696.46	6292.11	1080.85
119	86.1737	2692.72	6179.52	1070.56
120	86.1737	2692.52	6142.07	1061.72
121	86.1737	2687.33	6432.05	1054.64
122	86.1737	2683.7 	7720.31	1070.33
123	86.1737	2673.39	6574.48	1054.25
124	63.6753	2672.64	6753.27	1051.7 
125	63.6753	2662.8 	6757.97	1066.12
126	63.6753	2663.34	6739.59	1045.84
127	63.6753	2658.46	6189.46	1045.97
128	63.6753	2659.61	6801.19	1067.34
129	63.6753	2661.97	6759.69	1094.08
130	63.6753	2657.11	6899.08	1090.16
131	63.6753	2651.63	6510.36	1089.37
132	63.6753	2642.61	6678.55	1093.08
133	63.6753	2645.64	6664.13	1087.04
134	63.6753	2644.15	6748.84	1062.06
135	63.6753	2643.29	6824.69	1069.81
136	60.6912	2637.03	6805.23	1066.2 
137	60.6912	2631.47	6946.19	1066.1 
138	60.6912	2632.83	6828.88	1067.5 
139	60.6912	2628.55	6374.76	1059.81
140	60.6912	2624.48	5985.19	1028.76
141	60.6912	2622.57	5797.56	1026.82
142	60.6912	2617.04	5960.85	1030.14
143	60.6912	2619.78	6277.3 	1068.97
144	60.6912	2624.82	8603.6 	1089.19
145	60.6912	2620.26	7146.82	1067.76
146	60.6912	2620.83	6804.13	1082.96
147	60.6912	2613.74	6671.34	1063.61
148	60.6912	2610.42	6592.88	1047.48
149	60.6912	2604.58	6700.08	1053.01
150	60.6912	2592.94	6428.19	1034.67
151	60.6912	2592.87	6120.02	1042.36
152	60.6912	2592.25	6432.02	1064.5 
153	60.6912	2586.55	6389.67	1036.38
154	60.6912	2579.22	6472.89	1029.74
155	60.6912	2574.97	6366.13	1035.43
156	60.6912	2565.35	6363.84	1028.58
157	60.6912	2565   	6590.79	1060.22
158	60.6912	2559.79	6318   	1037.99
159	60.6912	2558.74	6217.63	1001.77
160	60.6912	2563.42	5679.26	1001.43
161	60.6912	2560.51	6247.86	1006.85
162	60.6912	2556.56	6467.6 	1032.46
163	60.6912	2549.59	5990.82	998.293
164	60.6912	2544.11	5856.49	993.003
165	60.6912	2540.1 	5759.85	983.638
166	60.6912	2537.69	5990.35	987.184
167	60.6912	2532.2 	6018.67	991.684
168	60.6912	2527.88	6318.51	990.219
169	60.6912	2524.05	6325.28	994.408
170	60.6912	2522.67	6081.69	993.732
171	60.6912	2519.43	5990.66	994.013
172	60.6912	2519.04	6000.08	998.021
173	60.6912	2512.41	6207.7 	989.91 
174	42.9003	2506.76	6636.08	1001.73
175	42.9003	2503.54	6833.81	987.882
176	42.9003	2500.48	6815.04	994.69 
177	42.9003	2499.22	6204.56	987.963
178	42.9003	2496.51	5867.59	967.162
179	42.9003	2493.68	5725.74	964.899
180	42.9003	2488.64	5755.03	965.465
181	42.9003	2482.02	5715.63	963.775
182	42.9003	2477.48	5739.96	960.701
183	42.9003	2478.81	6593.05	964.185
184	42.9003	2472.46	5927.34	955.675
185	42.9003	2474.42	5927.34	970.109
186	42.9003	2473.47	6569.52	979.443
187	42.9003	2468.52	5963.16	960.178
188	42.9003	2461.3 	5975.26	946.549
189	42.9003	2460.07	5979.01	955.652
190	42.9003	2457.91	5894.75	965.796
191	42.9003	2452.17	5978.16	970.079
192	29.9701	2453.1 	5962.55	967.037
193	29.9701	2446.34	5885.67	968.237
194	29.9701	2442.77	5895.67	952.29 
195	29.9701	2440.9 	5897.72	947.166
196	29.9701	2435.44	5928.58	927.313
197	21.9717	2431.97	6048.5 	933.929
198	21.9717	2424.42	5697.45	917.346
199	21.9717	2431.73	5707.59	953.632
200	21.9717	2432.38	6222.84	956.641
201	21.9717	2433.88	6222.84	960.761
202	21.9717	2431.05	5936.77	942.763
203	21.9717	2426.82	5905.15	928.823
204	21.9717	2425.77	5559.24	928.558
205	21.9717	2425.75	5559.24	932.338
206	21.9717	2420.38	5726.78	944.724
207	21.9717	2421.46	6342.45	947.226
208	21.9717	2426.47	6563.1 	959.198
209	21.9717	2422.97	5813.84	967.949
210	11.8275	2415.03	6178.43	947.58 
211	11.8275	2410.73	5472.14	941.219
212	11.8275	2406.87	5869.45	930.817
213	11.8275	2401.28	5917.31	924.635
214	11.8275	2395.76	5235.05	913.861
215	11.8275	2391.59	5441.23	926.745
216	11.8275	2387.68	5889.58	920.645
217	11.8275	2383.63	6081.95	939.786
218	11.8275	2384.33	6119.07	963.081
219	11.8275	2383.65	6237.77	976.014
220	11.8275	2379.59	6265.5 	981.645
221	11.8275	2377.54	6185.7 	945.731
222	11.8275	2376.6 	6067.55	944.537
223	11.8275	2376.76	5787.33	932.324
224	11.8275	2373.11	5630.58	925.065
225	11.8275	2367.39	5905.16	942.781
226	11.8275	2362.63	5481.18	936.474
227	11.8275	2354.82	5399.32	938.353
228	11.8275	2352.96	5459.81	948.449
229	11.8275	2349.8 	5278.39	952.952
230	11.8275	2347.7 	5345.03	938.675
231	11.8275	2341.94	5335.42	947.618
232	11.8275	2340.12	5792.59	959.555
233	11.8275	2335.2 	5511.27	944.066
234	11.8275	2331.93	5679.17	936.034
235	11.8275	2329.12	5567.65	941.802
236	11.8275	2328.66	5527.96	917.048
237	11.8275	2321.16	5504.76	917.124
238	11.8275	2322.13	5552   	926.906
239	11.8275	2321.14	5777.5 	933.228
240	11.8275	2318.71	5777.5 	939.338
241	11.8275	2315.35	6427.29	947.619
242	11.8275	2311.71	5714.35	929.281
243	11.8275	2305.27	5416.24	925.127
244	11.8275	2300.92	6661.35	934.693
245	11.8275	2300.35	5890.44	928.783
246	11.8275	2294.96	5905.48	907.699
247	11.8275	2294.14	5816.7 	907.703
248	11.8275	2287.95	5989.91	915.727
249	11.8275	2280.53	6005.19	901.217
250	11.8275	2280.59	5347.45	892.564
251	11.8275	2279.47	5514.41	903.779
252	11.8275	2277.98	6026.89	898.132
253	11.8275	2275.97	6151.76	906.626
254	11.8275	2278.98	6087.15	912.172
255	11.8275	2274.86	5975.92	913.293
256	11.8275	2275.1 	5787.23	907.262
257	11.8275	2275.25	5762.76	907.112
258	11.8275	2267.63	5535.04	868.241
259	11.8275	2271.54	5523.54	861.567
260	11.8275	2267.7 	6053.69	880.906
261	11.8275	2262.35	5705.26	886.288
262	11.8275	2258.27	5429.77	884.472
263	11.8275	2259.33	5433.76	869.356
264	11.8275	2257.97	6101.74	898.834
265	11.8275	2253.97	6276.07	897.548
266	11.8275	2251.52	6061.01	871.307
267	11.8275	2247.09	5512.08	866.065
268	11.8275	2244.47	5520.02	868.228
269	11.8275	2237.62	5339.18	858.531
270	11.8275	2234.08	5047.69	838.098
271	11.8275	2233.61	4848.88	845.331
272	11.8275	2228.98	5265.11	844.057
273	11.8275	2226.54	5369.93	844.877
274	-2.95234	2226.59	5566.06	849.118
275	-2.95234	2224.69	5134.1 	838.85 
276	-2.95234	2225.02	5207.51	837.25 
277	-2.95234	2227.23	5564.11	850.051
278	-2.95234	2226.47	5893.43	886.551
279	-2.95234	2220.98	5460.02	871.787
280	-2.95234	2218.71	5426.71	880.156
281	-2.95234	2217.81	5180.16	869.459
282	-45.8563	2217.85	5557.98	856.651
283	-45.8563	2216.49	5636.23	865.269
284	-45.8563	2211.58	6444.93	865.122
285	-45.8563	2209.15	5365.82	856.277
286	-45.8563	2205.08	5423.51	855.174
287	-45.8563	2204.56	6013.53	871.238
288	-45.8563	2203.86	5494.79	864.392
289	-45.8563	2201.07	5631.86	882.761
290	-45.8563	2196.78	5645.78	893.309
291	-45.8563	2191.35	5633.64	890.206
292	-45.8563	2186   	5640.77	895.706
293	-45.8563	2189.24	5768.3 	898.928
294	-45.8563	2186.04	5612.17	881.066
295	-45.8563	2184.7 	5573.72	866.429
296	-45.8563	2180.91	5424.04	849.465
297	-45.8563	2172.02	5451.95	875.631
298	-45.8563	2170.72	5262.43	867.156
299	-45.8563	2164.81	6196.91	887.9  
300	-45.8563	2160.05	5798.37	856.308
301	-45.8563	2156.73	5487.25	852.047
302	-45.8563	2153.74	5466.63	855.522
303	-45.8563	2147.66	5461.78	852.827
304	-62.8328	2140.8 	5025.99	854.824
305	-62.8328	2136.93	5843.57	859.062
306	-62.8328	2137.66	5392.53	855.826
307	-62.8328	2133.28	5387.87	831.749
308	-62.8328	2128.69	5117.91	818.22 
309	-62.8328	2124.06	5018.18	832.654
310	-62.8328	2123.03	4996.67	829.59 
311	-62.8328	2117.6 	4980.22	830.041
312	-62.8328	2115.01	4864.62	836.407
313	-62.8328	2117.2 	4881.24	834.968
314	-62.8328	2111.39	4974.07	835.135
315	-62.8328	2107.48	5060.89	839.289
316	-62.8328	2105.54	5177.89	845.555
317	-62.8328	2103.72	5075.2 	846.162
318	-62.8328	2098.34	5033.45	829.075
319	-62.8328	2093.91	5242.59	817.952
320	-62.8328	2091.63	5051.91	804.816
321	-62.8328	2093.08	5048.63	803.462
322	-62.8328	2087.47	5086.08	807.471
323	-62.8328	2085.19	5174.93	806.051
324	-62.8328	2082.36	4945.57	798.634
325	-62.8328	2079.8 	5279.01	805.117
326	-62.8328	2077.81	5448.67	796.896
327	-62.8328	2073.31	5270.77	786.331
328	-62.8328	2072.73	5334.07	781.96 
329	-62.8328	2071.02	5072.78	781.408
330	-62.8328	2066.8 	4781.42	791.933
331	-62.8328	2065.71	4569.28	781.483
332	-62.8328	2060.08	4671.74	793.615
333	-62.8328	2059.62	4801.65	785.171
334	-62.8328	2058.38	4918   	801.433
335	-62.8328	2055.42	4762.42	816.318
336	-62.8328	2050.81	4738.38	813.352
337	-62.8328	2046.73	4685.84	800.955
338	-62.8328	2045.1 	4984.31	800.067
339	-62.8328	2040.16	4843.01	818.591
340	-62.8328	2039.42	5016.35	838.123
341	-62.8328	2033.74	5039.73	828.129
342	-64.4296	2031.15	5233.89	829.797
343	-64.4296	2027.26	5011.35	809.608
344	-64.4296	2024.92	5011.35	809.762
345	-64.4296	2022.81	4906.37	797.699
346	-64.4296	2020   	4848.98	802.959
347	-64.4296	2020.04	5151.77	819.647
348	-64.4296	2016.67	5314.82	812.573
349	-64.4296	2014.17	4904   	809.248
350	-65.4938	2016.56	4813.01	804.724
351	-65.4938	2015.24	4800.4 	794.822
352	-65.4938	2012.73	4712.38	786.086
353	-65.4938	2011.18	4782.19	795.641
354	-65.4938	2009.6 	5374.56	802.08 
355	-67.3083	2007.58	4842.79	785.202
356	-71.6874	2008.39	4739.74	775.722
357	-71.6874	2007.16	5127.08	774.549
358	-84.5727	2004.66	4653.35	770.265
359	-84.5727	2001.58	4428.11	751.79 
360	-84.5727	1999.44	4368.52	759.696
361	-84.5727	1996.09	5217.48	768.072
362	-84.5727	1995.03	4537.57	760.836
363	-84.5727	1989.45	4489.41	756.05 
364	-84.5727	1987.48	4690.93	753.667
365	-84.5727	1982.67	4453.35	747.228
366	-84.5727	1977.96	4556.83	739.532
367	-102.301	1976.55	4665.3 	759.663
368	-102.301	1971.04	4709.98	766.69 
369	-102.301	1965.34	4832.65	763.326
370	-102.301	1964.28	4685.13	773.676
371	-102.301	1970.24	5921.39	805    
372	-102.301	1968.6 	5469.12	804.357
373	-102.301	1963.07	5305.83	798.146
374	-102.301	1960.08	5089.87	786.799
375	-102.301	1961.06	4878.42	786.879
376	-102.301	1964.07	4939.03	791.224
377	-102.301	1961.82	5103.32	797.428
378	-102.301	1961.15	5214.72	794.943
379	-102.301	1955.7 	5035.31	750.177
380	-102.301	1952.13	4818.52	739.91 
381	-102.301	1950.84	4586.23	734.576
382	-102.301	1950.82	4956.24	743.792
383	-102.301	1948.37	4645.08	733.85 
384	-102.301	1946.87	4414.87	733.772
385	-102.301	1943.2 	4486.04	734.765
386	-102.301	1942.44	4355.33	745.701
387	-102.301	1940.57	4355.33	738.804
388	-102.301	1939.85	4156.31	746.835
389	-102.301	1936.05	4541.55	732.977
390	-102.301	1937.68	4602.63	735.499
391	-102.301	1936.07	4262.34	729.647
392	-102.301	1934.91	4190.45	735.967
393	-102.301	1933.12	4175.51	733.324
394	-102.301	1929.69	4778.5 	737.812
395	-102.301	1928.36	4635.6 	740.883
396	-102.301	1926.59	5411.32	766.974
397	-102.301	1924.28	4793.04	773.427
398	-102.301	1922.68	4888.71	776.281
399	-102.301	1916.71	4642.6 	764.455
400	-102.301	1915.73	4678.26	764.104
401	-114.461	1921.76	4678.26	770.548
402	-114.461	1923.16	4678.26	782.548
403	-114.461	1926.11	4687.5 	788.339
404	-116.161	1921.68	4571.67	787.915
405	-116.161	1918.42	4758.62	781.467
406	-116.161	1918.98	4718.62	771.685
407	-116.161	1914.37	4696.87	763.922
408	-116.161	1910.62	4798.84	751.973
409	-116.161	1908.86	5022.01	734.319
410	-116.161	1910.24	4573.89	729.776
411	-116.161	1907.91	4498.59	735.705
412	-116.161	1903.45	4522.18	732.915
413	-116.161	1900.08	4652.3 	744.636
414	-116.161	1900.75	4578.29	759.433
415	-116.161	1896.75	4475.29	740.107
416	-116.161	1896.24	5081.21	747.78 
417	-116.161	1894.04	4446.11	729.529
418	-116.161	1891.29	4439.76	714.317
419	-116.161	1892.81	4358.99	729.24 
420	-116.161	1890.23	5222.38	729.043
421	-116.161	1886.5 	5297.07	727.002
422	-116.161	1880.86	5297.07	718.665
423	-116.161	1874.34	4739.68	711.001
424	-116.161	1875.58	4731.65	717.361
425	-116.161	1872.48	4767.22	727.857
426	-116.161	1871.49	4473.52	729.169
427	-116.161	1868.13	4783.72	728.256
428	-116.161	1865.23	4367.87	704.231
429	-116.161	1862.42	4222.11	703.044
430	-116.161	1858.65	3932.87	719.53 
431	-116.161	1857.27	4228.48	733.596
432	-116.161	1853.8 	4314.6 	714.331
433	-116.161	1850.2 	4405.25	722.592
434	-116.161	1851.55	4122.07	724.989
435	-116.161	1848.1 	4122.58	734.539
436	-116.161	1846.48	3942.54	719.57 
437	-116.161	1843.36	4611.54	723.387
438	-116.161	1840.56	4433.55	716.682
439	-116.161	1838.19	4419.06	727.538
440	-116.161	1837.16	4498.16	720.277
441	-116.161	1835.62	4320.46	701.985
442	-116.161	1832.55	4506.46	697.179
443	-116.161	1831.67	4319.14	709.903
444	-116.161	1831.62	4493.67	703.628
445	-116.161	1832.34	4527.23	712.112
446	-116.161	1832.92	4394.38	709.027
447	-116.161	1830.09	4701.06	721.991
448	-116.161	1828   	4508.74	729.065
449	-116.161	1824.66	4370.72	723.839
450	-116.161	1824.71	4471.55	726.668
451	-116.161	1822.07	4447.31	709.034
452	-127.842	1815.37	4459.51	702.156
453	-127.842	1813.23	4333.09	696.421
454	-127.842	1811.88	4330.18	685.913
455	-127.842	1809.35	4325.55	685.828
456	-127.842	1806.28	4326.86	691.366
457	-127.842	1803   	4333.45	687.276
458	-127.842	1798.41	4489.33	687.493
459	-127.842	1795.02	4044.41	667.439
460	-127.842	1790.68	4125.41	671.459
461	-127.842	1788.75	4040.39	662.645
462	-127.842	1787.88	4513.5 	678.778
463	-127.842	1784.45	4558.96	675.603
464	-127.842	1779.95	4612.21	679.992
465	-127.842	1777.61	4406.35	663.794
466	-127.842	1774.28	3778.36	678.877
467	-127.842	1774   	3935.97	672.134
468	-127.842	1771.96	4087   	660.638
469	-127.842	1769.74	4336.88	663.245
470	-127.842	1767.5 	4489.31	659.867
471	-127.842	1767.76	4222.93	667.832
472	-127.842	1764.98	4222.93	671.118
473	-127.842	1760.76	4325.46	670.521
474	-127.842	1758.98	4468.58	670.882
475	-127.842	1756.19	4539.06	684.405
476	-127.842	1755.11	4284.19	694.627
477	-127.842	1752.42	4157.25	686.547
478	-127.842	1750.92	4359.8 	684.04 
479	-127.842	1748.12	4071.14	671.388
480	-127.842	1744.75	4071.14	664.655
481	-127.842	1740.92	4057.24	671.673
482	-127.842	1739.45	3999.54	676.823
483	-127.842	1736.94	4041.6 	677.061
484	-127.842	1735.22	4334.44	677.326
485	-127.842	1732.9 	3996.95	675.865
486	-127.842	1738.53	3961.06	669.448
487	-127.842	1737.06	4305.11	659.842
488	-127.842	1736.07	4303.75	683.815
489	-127.842	1732.73	4303.75	682.538
490	-127.842	1731.28	4376.83	678.604
491	-127.842	1727.12	4230.8 	676.921
492	-127.842	1725.71	4012.65	674.353
493	-127.842	1725   	4377.74	684.243
494	-127.842	1723.17	4374.3 	678.745
495	-127.842	1719.8 	4578.27	662.828
496	-127.842	1717.7 	4126.97	667.275
497	-127.842	1714.72	4309.08	669.685
498	-127.842	1714.2 	4194.54	666.228
499	-127.842	1713.22	4189.53	667.001
-462.08999999
