/usr/lib/python2.7/site-packages/deap/tools/_hypervolume/pyhv.py:33: ImportWarning: Falling back to the python version of hypervolume module. Expect this to be very slow.
  "module. Expect this to be very slow.", ImportWarning)
gen	min    	avg    	max    	std   
0  	1335.38	7920.64	22956.2	3822.6
1  	1305.28	7929.01	24808.1	3885.92
2  	1258.49	7926.99	22356.7	3886.96
3  	1172.82	7926.2 	22476.7	3868.55
4  	1172.82	7925.01	20322.9	3870.12
5  	1172.82	7921.94	20486.2	3882.95
6  	1172.82	7947.67	20786.7	3902.86
7  	1163.85	7932.17	21573.2	3940.22
8  	1163.85	7907.92	21616.6	3913.74
9  	967.446	7892.13	20823.8	3908.24
10 	967.446	7878.67	20941.5	3812.06
11 	921.854	7861.84	20966.9	3866.7 
12 	921.854	7865.17	20944.6	3967.74
13 	874.541	7845.78	20955.1	3899.31
14 	874.541	7831.27	29183.2	3963.23
15 	874.541	7808.79	23321.9	3957.45
16 	874.541	7799.74	22051.9	3953.5 
17 	805.147	7828.16	20267.4	3976.07
18 	805.147	7818.91	19779  	4049.58
19 	805.147	7803.74	21090.7	3981.58
20 	805.147	7805.42	19796.5	3958.76
21 	805.147	7787.07	23726.5	3941.08
22 	805.147	7771.57	22969.6	3892.05
23 	805.147	7783.65	22723.8	3963.95
24 	805.147	7799.87	24199  	4077.43
25 	774.099	7758.92	22575.1	4003.1 
26 	757.964	7757.03	22553.5	3967.88
27 	695.771	7736.95	21345.9	3942.92
28 	695.771	7717.17	20949.5	3987.15
29 	695.771	7735.67	20776.4	3972.58
30 	695.771	7762.78	21269.4	4006.76
31 	695.771	7751.65	21601  	4027.06
32 	695.771	7747.55	20872.7	4100.18
33 	695.771	7758.2 	20780.4	4060.69
34 	684.217	7731.33	21214.4	4042.24
35 	684.217	7727.03	21933  	4086.83
36 	684.217	7714.96	21008.4	4050.12
37 	684.217	7712.64	20654.2	4030.27
38 	684.217	7691.7 	20618.3	4023.29
39 	684.217	7723.24	22955.3	4123.44
40 	637.275	7722.57	22341.1	4149.59
41 	637.275	7731.91	21173.6	4069.78
42 	637.275	7719.02	20928.1	4071.14
43 	637.275	7715.52	22053  	4154.16
44 	637.275	7713.85	21637.5	4106.37
45 	637.275	7723.92	21610.3	4051   
46 	602.438	7687.82	21303.4	4048.17
47 	602.438	7682.81	21303.4	4051.23
48 	602.438	7673.08	24035.7	4065.88
49 	602.438	7650.97	22032.3	4093.1 
50 	602.438	7614.52	21329.4	4034.63
51 	602.438	7626.95	22131.9	4123.62
52 	602.438	7611.14	22107.9	4112.94
53 	602.438	7590.23	24173.6	4105.01
54 	602.438	7603.72	22502  	4050.12
55 	601.086	7595.49	22484.9	4015.92
56 	601.086	7585.68	22534.4	4059.58
57 	601.086	7592.9 	21626.5	4056.98
58 	601.086	7626.81	21995  	4127.29
59 	601.086	7622.27	23200.8	4101.88
60 	601.086	7624.43	20683  	4138.74
61 	601.086	7611.5 	23225.9	4183.14
62 	601.086	7582.14	23060.1	4134.55
63 	539.282	7558.64	22131.2	4102.22
64 	539.282	7545.95	22331.7	4088.82
65 	539.08 	7535.68	22073.6	4085.88
66 	539.08 	7530.92	22073.6	4041.37
67 	539.08 	7520.96	23216.1	4001.64
68 	539.08 	7517.53	22106.9	4012.86
69 	539.08 	7503.11	20390.3	3873.1 
70 	539.08 	7491.72	20085.8	3859   
71 	539.08 	7486.54	24482.2	3982.68
72 	411.134	7478.79	21575.1	3972.8 
73 	411.134	7488.35	23005.6	4076.26
74 	411.134	7487.37	22915.1	4032.52
75 	411.134	7482.72	20983.9	3976.14
76 	411.134	7473.5 	22297.2	4036.96
77 	411.134	7478.82	22015.8	4032.01
78 	398.088	7473.61	23710.8	4080.95
79 	398.088	7458.88	21739.8	4005.94
80 	398.088	7459.13	23120.8	3916.82
81 	398.088	7430.83	21765.4	3886.83
82 	398.088	7447.68	20688.9	3894.7 
83 	398.088	7459.77	22835.3	3951.44
84 	398.088	7428.99	22891.8	3890.78
85 	398.088	7414.86	20549.6	3895.57
86 	398.088	7395.63	19546.3	3918.47
87 	398.088	7379.29	20921.9	3950.19
88 	398.088	7392.27	21801.1	3981.15
89 	398.088	7382.21	20821.2	3910.17
90 	398.088	7374.99	19357.1	3858.58
91 	398.088	7352.55	19467.9	3932.63
92 	398.088	7348.66	20435.2	3941.59
93 	352.732	7333.02	19069.8	3955.63
94 	352.732	7306.96	19568.8	3992.39
95 	352.732	7293.03	19585.1	4014.8 
96 	352.732	7288.01	19175.2	3987.84
97 	352.732	7296.34	20423.6	3975.63
98 	352.732	7297.24	20571.1	3938.89
99 	325.188	7295.97	19991.7	3974.34
100	325.188	7286.57	20742.1	3988.75
101	325.188	7297.87	20268  	3998.62
102	325.188	7274.47	20782.7	4015.88
103	325.188	7281.5 	21978.3	4001.52
104	325.188	7286.04	21891.2	4006.74
105	325.188	7271.41	23201.2	3997.28
106	325.188	7278.84	22164.3	4039.26
107	325.188	7249.86	23552.3	4030.61
108	325.188	7250.75	23426.1	4123.11
109	325.188	7255.77	22824.5	4016.9 
110	325.188	7253.99	23234  	4035.67
111	325.188	7264.56	23945.2	4081.5 
112	325.188	7259.06	22045.5	3982.2 
113	325.188	7288.71	22043.5	4074.48
114	325.188	7268.49	22043.5	4078.45
115	325.188	7237.11	25065.8	4036   
116	325.188	7240.34	22365.6	4027.09
117	325.188	7216.72	22033.5	4020.32
118	325.188	7230.51	25002.1	4163.14
119	325.188	7192.65	26071.4	4121.67
120	325.188	7175.55	22822.5	4061.34
121	325.188	7200.75	22616.4	4137.41
122	325.188	7206.93	22582.1	4141.64
123	325.188	7197.98	22555.9	4147.84
124	297.723	7189.96	24060.4	4149.23
125	293.975	7184.68	22457.6	4085.26
126	293.975	7155.13	22276.7	3962.07
127	293.975	7139.68	22592.3	3921.64
128	293.975	7112.65	23077.1	3935.72
129	293.975	7136.04	23314  	3977.56
130	293.975	7149.67	22350.4	3885.16
131	293.975	7135.64	22053.7	3852.64
132	293.975	7135   	21033.8	3827.79
133	293.975	7118.3 	23263.1	3941.42
134	293.975	7114.84	22937.6	3963.51
135	293.975	7110.33	22265.5	4048.1 
136	293.975	7104.08	21377.6	4021.85
137	293.975	7104.05	25358  	4098.55
138	293.975	7092.64	25822  	4077.81
139	293.975	7076.68	22174.9	4036.5 
140	293.975	7072.54	21495  	3996.47
141	293.975	7057.04	20939.1	3928.82
142	293.975	7054.48	22643.9	3947.6 
143	293.975	7066.36	21315.4	3875.87
144	293.975	7060.98	23432.3	3887.48
145	293.975	7059.58	21472.3	3985.39
146	293.975	7070.18	21005.5	4014.12
147	293.975	7057.44	22001.1	3976.53
148	293.975	7061.83	21913.6	4027.51
149	293.975	7045.83	22487.5	4052.9 
150	293.975	7056.69	22248.5	4066.52
151	293.975	7044.62	21906  	4129.94
152	293.975	7066.82	21858.7	4121.51
153	293.975	7038.83	21858.7	4042.93
154	293.975	7017.45	21998.2	3943.22
155	293.975	7011.02	21783.1	3938.42
156	293.975	7027.85	20776  	3972.36
157	293.975	7005.87	20257.8	3892.1 
158	293.975	6971.56	20591.1	3853.95
159	293.975	6970.3 	22738.5	3875.53
160	278.607	6955.96	23040.8	3834.69
161	278.607	6975.06	22581.1	3916.77
162	278.607	6984.67	21935.1	3954.06
163	274.79 	7008.47	24110.2	3955.34
164	274.79 	7011.99	23638.1	3996.87
165	274.79 	7028.1 	23646.6	4008.05
166	274.79 	7048.15	23512.4	4069.6 
167	274.79 	7047.01	23283.9	4112.65
168	274.79 	7055.19	23328.9	4133.76
169	274.79 	7039.11	22467  	4015.3 
170	274.79 	7024.22	22578.7	4062.11
171	274.79 	7019.87	20748  	4139.32
172	274.79 	7031.21	23908.9	4170.95
173	274.79 	6999.3 	21205.1	3997.83
174	274.79 	6994.32	20906.6	4006.65
175	274.79 	6996.76	22040.3	3999.65
176	274.79 	6970.46	22040.3	3990.09
177	274.79 	6954.15	21125  	4018.11
178	274.79 	6931.61	21095  	4027.4 
179	274.79 	6909.09	21036.1	3995.78
180	274.79 	6902.1 	20910.3	4002.22
181	274.79 	6881.29	22059.8	4002.92
182	268.766	6895.46	22047  	4041.93
183	268.766	6909.35	19972.1	3915.58
184	268.766	6904.31	19820  	3832.33
185	268.766	6911.48	23564.4	3858.41
186	268.766	6892.35	23564.4	3897.82
187	268.766	6880.73	21288.5	3847.48
188	268.766	6874.62	21115.8	3829.02
189	268.766	6877.12	23756.6	3842.63
190	268.766	6856.42	21035.6	3822.51
191	268.766	6849.97	21945.1	3798.85
192	268.766	6835.63	20115.4	3729.59
193	268.766	6831.98	19963  	3846.8 
194	268.766	6835.94	19963  	3844.48
195	268.766	6831.59	21908.7	3790.93
196	268.766	6853.68	19225.1	3756.06
197	268.766	6834.45	20179.1	3804.3 
198	268.766	6816.48	22445.1	3865.65
199	268.766	6803.22	21864.7	3882.33
200	268.766	6803.8 	22156.3	3972.76
201	268.766	6780.76	21544.1	3967.11
202	268.766	6802.78	24369  	4078.49
203	268.766	6780.62	21141.1	4022.2 
204	268.766	6785.6 	22277.1	4016.34
205	268.766	6788.27	21375  	3966.79
206	268.766	6793.41	23298.5	3946.68
207	268.766	6793.11	21178.6	3898.44
208	268.766	6827.83	21505.7	3938.56
209	268.766	6823.9 	20145.8	3861.52
210	268.766	6807.4 	22462  	3867.25
211	217.423	6791.55	20831.7	3776.24
212	217.423	6763.22	19682.9	3808.54
213	217.423	6759.66	20166.4	3822.52
214	217.423	6740.07	20369.4	3765.57
215	217.423	6739.4 	19008.3	3719.66
216	217.423	6749.5 	22184.3	3677.77
217	217.423	6741.08	19179.6	3735.53
218	214.253	6735.83	21411.6	3863.12
219	214.253	6730.69	19950.6	3857.15
220	214.253	6739.67	21549.3	3919.71
221	162.08 	6722.34	20598  	3849.36
222	162.08 	6694.66	20092  	3903.06
223	162.08 	6679.06	20094  	3914.47
224	162.08 	6678.61	20006.8	3896.49
225	162.08 	6674.01	20897.6	3863.66
226	162.08 	6670.8 	20897.6	3766.23
227	162.08 	6647.62	20046.9	3779.6 
228	162.08 	6642.53	21153.5	3781.09
229	162.08 	6629.82	20859.3	3814.33
230	162.08 	6622.53	21729.9	3823.03
231	162.08 	6616.08	21248.6	3864.58
232	162.08 	6620.16	21309.6	3802.69
233	162.08 	6604.36	20379.9	3736.33
234	162.08 	6593.09	20598.6	3703.08
235	162.08 	6613.29	22584.2	3706.64
236	162.08 	6594.15	20500.4	3711.78
237	162.08 	6604.34	21196.3	3730.04
238	162.08 	6606.63	21901.9	3849.2 
239	162.08 	6592.08	21901.9	3860.34
240	162.08 	6556.27	22325.8	3876.5 
241	162.08 	6552.22	21502.7	3840.63
242	162.08 	6549.04	21511.7	3859.39
243	162.08 	6543.07	20894.7	3877.91
244	162.08 	6543.86	20508.1	3901.2 
245	162.08 	6543.54	21865.1	3949.18
246	162.08 	6533.14	20744.1	3905.35
247	162.08 	6523.86	20243.2	3880.05
248	162.08 	6525.81	20223.7	3863.48
249	162.08 	6513.5 	21728.6	3807.78
250	162.08 	6508.56	21157.7	3877.54
251	140.367	6500.78	21528.7	3900.14
252	140.367	6498.53	21553.6	3915.75
253	140.367	6488.75	23540.9	3939.9 
254	140.367	6493.23	24459  	4001.75
255	140.367	6496.11	23670.2	3908.42
256	131.926	6493.74	21203.4	3863.97
257	131.926	6504.83	22066.4	3833.65
258	131.926	6506.83	21742.4	3862.56
259	94.5133	6502.59	22097.1	3879.48
260	94.5133	6493.51	21138.3	3820.48
261	94.5133	6519.67	20872.4	3915.14
262	94.5133	6530.72	20808.1	3875.67
263	94.5133	6518.13	20876.9	3900.26
264	94.5133	6531.86	20909.1	3889.12
265	94.5133	6513.1 	20077.6	3857.38
266	94.5133	6507.88	20077.6	3840.33
267	94.5133	6512.22	19513.6	3831.29
268	94.5133	6490.45	20068.6	3860.38
269	94.5133	6484.42	19966.3	3880.48
270	94.5133	6465.42	23247.6	3895.47
271	94.5133	6455.28	23203.1	3885.37
272	94.5133	6443.75	23189  	3938.35
273	94.5133	6432.74	21988.6	3892.7 
274	94.5133	6446.56	21588.5	3843.72
275	94.5133	6430.22	20801.7	3773.42
276	94.5133	6420.86	21986  	3705.07
277	94.5133	6418.38	21980.4	3662.04
278	94.5133	6399.77	21880.1	3666.2 
279	94.5133	6392.42	19189.4	3685.12
280	94.5133	6419.85	19287  	3722.38
281	94.5133	6428.25	20878.7	3667.86
282	94.5133	6436.92	20295.4	3642.04
283	94.5133	6444.46	19141.5	3607.54
284	94.5133	6454.7 	21796.3	3675.87
285	91.6606	6432.05	20366.3	3583.76
286	91.6606	6417.53	21937.8	3609.56
287	91.6606	6412.97	20988.4	3607.57
288	91.6606	6390.72	20050.8	3582.28
289	91.6606	6380.93	19925.6	3597.99
290	91.6606	6374.14	19550  	3595   
291	91.6606	6369.9 	19101.3	3610.63
292	91.6606	6354.98	19101.3	3610.57
293	91.6606	6351.71	20417.2	3580.32
294	91.6606	6348.78	18426  	3543.4 
295	91.6606	6346.23	17178.1	3456.69
296	91.6606	6315.63	19255.4	3455.2 
297	91.6606	6324.3 	17791.8	3461.11
298	91.6606	6310.79	17434.5	3406.79
299	91.6606	6289.31	17712  	3384.55
300	91.6606	6291.85	17421.2	3428.73
301	91.6606	6316.39	21357.7	3491   
302	91.6606	6329.49	19925.2	3510.29
303	91.6606	6323.39	19184.4	3519.05
304	91.6606	6319.83	18153  	3537.32
305	91.6606	6313.35	18131.8	3476.2 
306	91.6606	6334.43	18107.8	3502.89
307	91.6606	6339.15	19643.9	3525.44
308	91.6606	6320.11	19927  	3542.75
309	91.6606	6312.76	20256.4	3567.42
310	91.6606	6310.11	18290.2	3428.89
311	91.6606	6327.87	18157.6	3470.57
312	91.6606	6309.51	20373.8	3541.59
313	91.6606	6313.01	19338.6	3611.24
314	91.6606	6323.61	18769.8	3656.44
315	91.6606	6315.42	20386.2	3739.27
316	91.6606	6328.07	21731.8	3769.03
317	91.6606	6324.35	20924.8	3727.25
318	91.6606	6315.34	20914.1	3712.64
319	91.6606	6315.32	19437.2	3691.54
320	91.6606	6303.45	21095.5	3734.79
321	91.6606	6304.46	19700.4	3654.66
322	91.6606	6289.56	19732.3	3550.33
323	91.6606	6296.64	21790.2	3713.38
324	91.6606	6283.1 	21909.1	3655   
325	91.6606	6276.88	19997.7	3577.68
326	91.6606	6282.3 	20857.6	3626.35
327	91.6606	6263.93	19749.3	3563.64
328	91.6606	6256.32	22736.7	3592.22
329	91.6606	6269.87	20178.9	3503.33
330	91.6606	6256.4 	20178.9	3588.45
331	91.6606	6254.89	21803.3	3563.53
332	91.6606	6271.1 	21572.1	3609.95
333	91.6606	6250.34	21572.1	3611.19
334	91.6606	6234.41	21399  	3627.37
335	91.6606	6227.89	19983  	3569.84
336	91.6606	6219.43	20205.1	3605.44
337	91.6606	6214.67	19935.9	3620   
338	91.6606	6199.58	19935.9	3606.39
339	91.6606	6208.96	20628  	3599.35
340	91.6606	6225.49	19743.1	3618.15
341	91.6606	6207.15	18765.6	3548.17
342	91.6606	6212.62	18109.9	3525.82
343	91.6606	6212.88	19532.9	3526.84
344	91.6606	6206.49	18010.5	3576.74
345	91.6606	6195.92	17923.7	3555.08
346	91.6606	6185.3 	18168.5	3586.98
347	91.6606	6180.87	20478.1	3600.93
348	91.6606	6174.86	17890.2	3573.67
349	91.6606	6183.72	23176.3	3593.85
350	91.6606	6168.32	20879.4	3568.61
351	91.6606	6158.76	18190.7	3456.88
352	91.6606	6154.18	17945.8	3445.68
353	91.6606	6157.96	17491.9	3454.56
354	91.6606	6155.64	17262.9	3488.76
355	91.6606	6155.43	19226.2	3591.53
356	91.6606	6154.64	20219.8	3623.11
357	91.6606	6152.59	19196.8	3588.78
358	91.6606	6162.73	18515.1	3582   
359	91.6606	6164.74	18440.2	3528.73
360	91.6606	6192.06	20203.6	3612.01
361	91.6606	6180.68	18477.7	3653.13
362	91.6606	6166.41	19638.3	3629.6 
363	84.7696	6165.66	18502.3	3638.96
364	84.7696	6150.02	18401.5	3597.32
365	84.7696	6144.21	18796.7	3598.26
366	84.7696	6132.62	19095.7	3546.39
367	84.7696	6149.64	19908  	3590.04
368	84.7696	6156.11	19325.8	3548.34
369	84.7696	6174.21	18695.9	3518.77
370	84.7696	6168.66	18676.5	3546.52
371	84.7696	6178.01	18780.7	3585.24
372	84.7696	6181.88	18780.7	3531.93
373	84.7696	6185.98	22973.3	3471.42
374	84.7696	6174.82	22941.4	3472.44
375	84.7696	6188.32	21095.2	3468.28
376	84.7696	6186.99	20060  	3477.23
377	84.7696	6192.06	20082.4	3499.71
378	84.7696	6183.66	20082.4	3550.66
379	84.7696	6192.91	18773.1	3438.93
380	84.7696	6181.21	17376.2	3475   
381	84.7696	6186.75	17763.1	3412.32
382	84.7696	6196.76	18345.1	3471.91
383	84.7696	6181.57	17771  	3454.95
384	84.7696	6165.65	20324.5	3491.51
385	84.7696	6171.48	20969.7	3548.72
386	84.7696	6165.6 	19342.2	3558.68
387	84.7696	6184.3 	19342.2	3549.28
388	84.7696	6166.87	18658.7	3546.57
389	76.5446	6170.62	18731  	3624.58
390	76.5446	6170.57	19731.7	3571.99
391	76.5446	6185.65	20654.6	3528.56
392	76.5446	6184.43	20259.3	3579.86
393	76.5446	6166.78	19979.2	3540.06
394	76.5446	6163.25	18911.1	3507.57
395	76.5446	6167.99	19342.3	3518.91
396	76.5446	6156.03	19162.1	3484.98
397	76.5446	6144.29	20833.7	3485.5 
398	76.5446	6126.89	19168.9	3409.58
399	76.5446	6108.84	18464.6	3366.34
400	76.5446	6110.45	18362  	3309.69
401	76.5446	6159.27	21022  	3349.43
402	68.4078	6139.27	21083  	3415.42
403	68.4078	6114.51	20723.5	3390.84
404	68.4078	6111.67	20691.1	3440.16
405	68.4078	6109.82	20378.9	3413.06
406	68.4078	6102.74	18646.5	3453.44
407	68.4078	6111.79	19148  	3505.45
408	68.4078	6095.32	19069.5	3495.07
409	68.4078	6078.56	19632.2	3468.22
410	68.4078	6070.05	20103.2	3465.56
411	68.4078	6054.82	20088.8	3505.01
412	68.4078	6039.09	20088.8	3435.09
413	68.4078	6050.01	19513.6	3466.58
414	68.4078	6046.25	17364.9	3370.48
415	68.4078	6048.94	18005.5	3362.75
416	55.1431	6052.29	24162.6	3433.14
417	55.1431	6044.27	20682  	3481.22
418	55.1431	6063.01	21633.9	3519.88
419	55.1431	6045.38	20258  	3488.13
420	55.1431	6047.89	19473.9	3488.68
421	55.1431	6029.57	19473.9	3431.93
422	55.1431	6020.98	18859  	3455.15
423	55.1431	6012.68	18230.7	3368.84
424	55.1431	6017.09	17742.1	3295.23
425	55.1431	6019.51	17977.4	3378.07
426	55.1431	6008.78	18375.6	3332.54
427	55.1431	6006.48	17516.9	3341.81
428	55.1431	6014.53	18000.7	3338.85
429	55.1431	5988.52	17199.1	3359.22
430	55.1431	5964.87	20505.5	3418.49
431	55.1431	5952.55	20128.9	3344.03
432	55.1431	5952.38	19679.9	3351.5 
433	55.1431	5962.56	18061.3	3355.61
434	55.1431	5957.03	18988.8	3379.92
435	55.1431	5973.55	18575.5	3349.42
436	55.1431	5978.52	18088  	3365.87
437	55.1431	5987.04	17039.9	3305.07
438	55.1431	5992.73	17212.2	3366.15
439	55.1431	5980.05	16853.3	3381.75
440	55.1431	5986.24	16853.3	3374.12
441	55.1431	5976.43	20227.8	3413.67
442	55.1431	5976.26	18458.4	3383.52
443	55.1431	5979.13	17097.8	3296.56
444	55.1431	5981.59	19113.9	3291.99
445	55.1431	5972.14	21758.4	3301.37
446	55.1431	5973.5 	23646.5	3360.66
447	55.1431	5977.54	19888.6	3394.25
448	55.1431	5975.61	19513.4	3294.77
449	55.1431	5959.94	19325.8	3301.99
450	55.1431	5960.78	19036.2	3313.51
451	55.1431	5980.33	18258  	3316.75
452	49.021 	5980.25	17930.7	3277.77
453	49.021 	5969.91	19161.5	3244.65
454	49.021 	5982.26	19133.3	3316.61
455	49.021 	5993.22	18155.3	3298.65
456	49.021 	6014.7 	17392.9	3281.51
457	49.021 	6009.03	18333.4	3316.73
458	49.021 	6008.93	18324.9	3282.14
459	49.021 	6028.04	18605.9	3300.1 
460	49.021 	6048.07	18393.1	3270.28
461	49.021 	6038.66	18268.6	3345.14
462	49.021 	6027.16	17309.1	3327.85
463	49.021 	6025.42	17024.5	3306.87
464	49.021 	6044.27	18748.7	3293.64
465	49.021 	6026.05	17168.7	3322.95
466	49.021 	6026.5 	17205.5	3336.45
467	49.021 	6014.02	18686.8	3323.9 
468	29.7684	6007.39	19109.2	3358.68
469	29.7684	5992.43	18637.5	3380.89
470	29.7684	5997.04	16680.4	3373.04
471	-53.7156	5998.69	20987.5	3396.68
472	-53.7156	5992.08	18287.2	3359.48
473	-53.7156	5984.04	18996.8	3407.55
474	-53.7156	5976.79	16607.8	3274.21
475	-53.7156	5975.66	17818.5	3281.07
476	-53.7156	5973.86	16405.5	3250.27
477	-53.7156	5968.08	18622  	3261.72
478	-53.7156	5955.61	18622  	3265.07
479	-53.7156	5961.6 	18622  	3277.71
480	-53.7156	5972.88	18144.2	3271.59
481	-53.7156	5957.26	19256.7	3301.98
482	-53.7156	5938.35	18267.3	3214.99
483	-53.7156	5958.79	18765.3	3256.28
484	-53.7156	5950.41	18405.9	3279.02
485	-53.7156	5943.22	18491.1	3266.44
486	-53.7156	5939.67	19111.9	3284.61
487	-53.7156	5945.35	19132.3	3350.29
488	-53.7156	5934.62	20024.5	3412.92
489	-53.7156	5945.66	20619.6	3403.59
490	-53.7156	5957.36	18966.8	3431.12
491	-53.7156	5950.71	18941.4	3424.05
492	-53.7156	5955.69	21801.8	3498.39
493	-53.7156	5955.71	19326.6	3440.44
494	-53.7156	5971.41	19474.3	3526.46
495	-53.7156	5952.69	19300.1	3455.05
496	-53.7156	5946.98	18566.8	3487.07
497	-53.7156	5946.87	19315.3	3466.79
498	-53.7156	5934.23	18792.2	3453.78
499	-53.7156	5925.93	21440.5	3388.72
-462.08999999
