/usr/lib/python2.7/site-packages/deap/tools/_hypervolume/pyhv.py:33: ImportWarning: Falling back to the python version of hypervolume module. Expect this to be very slow.
  "module. Expect this to be very slow.", ImportWarning)
gen	min    	avg    	max    	std    
0  	566.427	776.293	965.101	68.6567
1  	536.157	775.747	955.103	70.3786
2  	536.157	774.934	982.068	69.6639
3  	531.946	774.45 	965.517	69.6393
4  	523.934	773.873	976.525	70.9002
5  	523.934	773.329	977.021	71.3092
6  	523.934	772.824	943.135	70.6928
7  	523.934	772.207	965.801	70.5976
8  	523.934	771.557	978.734	70.867 
9  	523.934	770.889	969.745	69.9914
10 	523.934	770.356	960.697	70.3069
11 	512.691	769.916	953.56 	71.3339
12 	512.691	769.401	951.82 	72.2022
13 	512.691	768.825	935.242	70.6999
14 	507.472	768.319	951.86 	71.0386
15 	507.472	767.634	956.376	71.754 
16 	507.472	767.081	966.738	72.552 
17 	507.472	766.546	963.453	73.1494
18 	507.472	766.012	946.982	71.3534
19 	507.472	765.282	948.198	71.0642
20 	506.589	764.8  	967.049	71.5678
21 	505.642	764.264	937.393	70.0197
22 	505.642	763.639	950.733	70.5058
23 	505.642	763.224	958.52 	70.8112
24 	505.642	762.597	958.52 	71.8534
25 	505.642	762.114	943.019	71.8274
26 	505.642	761.612	938.215	69.6709
27 	505.642	761.063	928.989	70.4623
28 	501.894	760.459	942.08 	71.6703
29 	501.894	759.956	959.728	70.3077
30 	501.894	759.457	955.357	70.9719
31 	501.894	758.897	945.908	70.2122
32 	478.359	758.131	975.138	71.8533
33 	462.749	757.507	962.361	71.8658
34 	462.749	756.959	969.04 	71.4481
35 	462.749	756.358	951.671	71.8737
36 	455.88 	755.911	931.891	71.3902
37 	455.88 	755.2  	934.621	71.9566
38 	455.88 	754.355	961.754	73.8468
39 	455.88 	753.664	936.504	74.3328
40 	455.88 	753.102	943.419	72.6428
41 	450.449	752.311	959.885	72.1898
42 	450.449	751.837	959.885	73.0995
43 	440.538	751.234	926.276	71.5695
44 	428.396	750.501	948.476	71.7156
45 	428.396	749.748	939.869	72.0693
46 	428.396	749.018	934.368	73.3978
47 	428.396	748.303	943.644	73.7226
48 	416.043	747.392	940.389	74.6806
49 	416.043	746.513	924.392	73.9297
50 	416.043	745.985	924.392	74.6326
51 	416.043	745.351	932.687	73.7207
52 	416.043	744.974	920.172	73.1374
53 	416.043	744.373	930.057	72.6752
54 	416.043	743.602	925.738	74.0604
55 	416.043	742.901	936.44 	74.3787
56 	416.043	742.171	937.96 	73.6896
57 	416.043	741.469	944.053	72.6646
58 	416.043	740.725	940.29 	74.0725
59 	416.043	739.817	946.235	74.1615
60 	416.043	739.156	953.87 	76.5227
61 	416.043	738.355	930.907	75.7236
62 	416.043	737.814	920.331	75.7112
63 	410.095	737.083	926.85 	76.2637
64 	410.095	736.519	931.183	74.908 
65 	405.93 	735.817	932.868	75.469 
66 	405.93 	735.22 	908.002	75.9252
67 	405.93 	734.618	917.754	75.0266
68 	405.93 	733.924	914.86 	75.9814
69 	405.93 	733.137	937.54 	76.6442
70 	402.615	732.449	915.281	77.8323
71 	402.615	731.772	941.514	77.5473
72 	402.615	731.11 	920.734	76.5972
73 	402.615	730.504	905.034	76.5286
74 	402.615	729.84 	920.853	77.5913
75 	402.615	729.105	934.14 	76.9113
76 	402.615	728.412	927.842	76.7808
77 	402.615	727.877	928.585	75.9161
78 	402.615	727.214	920.306	77.3885
79 	402.615	726.646	929.127	79.0131
80 	398.749	726.149	938.279	78.914 
81 	398.749	725.322	952.501	77.6864
82 	385.013	724.628	943.051	79.3259
83 	385.013	723.788	970.057	79.3238
84 	385.013	723.15 	950.345	79.5004
85 	377.858	722.595	933.317	79.4578
86 	377.858	721.894	920.449	78.8875
87 	377.858	721.179	935.705	79.4416
88 	377.858	720.53 	929.937	80.5966
89 	377.858	719.718	915.217	79.6657
90 	377.858	718.892	953.878	78.6658
91 	377.858	718.264	956.322	77.9198
92 	377.858	717.516	956.322	79.3614
93 	377.858	716.943	925.624	79.0147
94 	377.858	716.235	922.637	78.7896
95 	377.858	715.74 	919.453	77.6322
96 	377.858	715.088	909.108	75.9753
97 	377.858	714.255	905.668	76.1396
98 	377.858	713.437	899.005	76.2928
99 	377.858	712.673	888.764	76.0688
100	377.858	712.132	885.281	75.4839
101	377.858	711.614	916.55 	76.4491
102	377.858	710.979	916.783	76.4505
103	377.858	710.484	922.179	76.4776
104	373.471	709.729	914.307	75.8906
105	373.471	709.149	926.279	76.8687
106	373.471	708.325	912.048	77.0003
107	370.79 	707.554	899.824	77.7689
108	370.79 	706.897	912.869	77.1332
109	370.79 	706.174	934.693	76.6984
110	370.79 	705.461	899.526	77.885 
111	366.384	704.618	932.778	77.4675
112	366.384	703.945	934.042	77.4314
113	366.384	703.327	895.539	76.2486
114	366.384	702.495	888    	74.9049
115	366.384	701.71 	890.447	74.23  
116	366.384	701.139	907.101	75.8175
117	363.656	700.458	927.45 	77.2545
118	355.429	699.76 	916.454	77.2238
119	355.429	699.043	901.864	77.3208
120	355.429	698.459	891.779	77.2749
121	355.429	697.892	876.118	76.8688
122	352.603	697.077	906.338	76.6406
123	352.603	696.442	889.7  	76.8912
124	352.603	695.77 	894.265	77.6335
125	352.603	695.085	910.269	77.7989
126	352.603	694.508	897.789	76.856 
127	352.603	693.679	896.132	75.7465
128	352.603	692.918	906.999	76.9564
129	352.603	692.18 	908.361	77.7933
130	352.603	691.432	907.08 	77.926 
131	336.911	690.668	908.229	79.1313
132	336.911	690.005	896.836	79.1502
133	336.911	689.36 	872.063	79.4438
134	336.911	688.71 	902.547	80.0064
135	336.911	688.067	870.969	78.1183
136	336.911	687.485	886.011	78.9081
137	336.911	686.913	885.072	78.8782
138	336.911	686.162	884.211	79.498 
139	336.911	685.478	900.206	78.3644
140	336.911	684.666	895.828	77.6142
141	336.911	683.863	893.375	76.5421
142	336.911	683.153	899.228	76.3334
143	336.911	682.482	919.138	77.6542
144	336.911	681.797	892.068	77.445 
145	336.911	681.096	902.455	78.6722
146	336.911	680.494	902.455	79.9931
147	336.911	680.094	903.327	78.9041
148	336.911	679.478	908.624	78.969 
149	336.911	678.716	878.665	78.712 
150	336.911	677.841	879.975	78.5994
151	336.911	677.083	891.235	79.9459
152	336.911	676.212	891.23 	80.7965
153	336.911	675.405	893.994	80.2219
154	336.911	674.693	894.981	79.7631
155	336.911	673.867	875.921	77.8136
156	336.911	673.126	907.51 	79.3712
157	327.6  	672.322	889.865	80.7617
158	327.6  	671.708	895.171	81.417 
159	327.6  	670.945	893.519	80.9477
160	327.6  	670.25 	890.173	80.438 
161	327.6  	669.608	864.565	80.3655
162	327.6  	668.92 	873.847	80.5299
163	327.6  	668.282	873.021	81.141 
164	327.6  	667.557	897.668	81.5842
165	327.6  	666.935	864.384	80.6919
166	325.757	666.265	905.31 	79.0158
167	321.99 	665.699	873.96 	79.1589
168	321.99 	665.092	883.548	79.2531
169	321.99 	664.327	886.319	79.9547
170	321.99 	663.628	889.72 	80.3289
171	316.719	662.951	885.283	78.552 
172	316.719	662.297	874.058	77.4477
173	316.719	661.447	867.694	76.2235
174	316.719	660.758	865.471	76.2603
175	316.016	659.98 	876.336	78.4383
176	316.016	659.301	871.45 	78.7999
177	316.016	658.665	896.474	78.0875
178	313.283	658.018	891.896	79.0474
179	306.525	657.308	854.762	78.1877
180	306.525	656.741	863.096	78.8052
181	300.301	655.989	861.388	78.1193
182	293.824	655.24 	840.141	79.0624
183	291.889	654.378	875.51 	80.1031
184	291.889	653.394	858.086	78.7526
185	291.889	652.624	851.89 	77.9116
186	278.459	651.74 	855.822	78.689 
187	278.459	651.111	843.578	78.2776
188	278.459	650.391	854.807	78.2794
189	278.459	649.699	863.828	77.3326
190	278.459	649.032	833.359	77.7709
191	278.459	648.323	846.822	75.9076
192	273.339	647.732	829.702	77.0432
193	273.339	646.908	869.359	77.45  
194	273.339	646.118	846.082	76.4967
195	273.339	645.347	823.933	76.7913
196	273.339	644.945	827.923	76.4756
197	273.339	644.206	832.032	77.938 
198	273.339	643.667	815.361	77.3013
199	273.339	642.98 	834.264	79.236 
200	273.339	642.046	847.472	78.6708
201	273.339	641.279	827.429	78.3543
202	273.339	640.626	844.134	78.8148
203	273.339	640.01 	844.134	77.9963
204	273.339	639.526	853.22 	77.5879
205	273.339	638.793	828.425	78.6422
206	273.339	638.167	843.099	80.3321
207	273.339	637.455	837.577	80.8217
208	273.339	636.79 	839.631	80.4487
209	273.339	636.056	851.33 	79.7879
210	273.339	635.556	842.039	79.4196
211	273.339	634.805	842.362	80.5056
212	273.339	633.993	833.039	80.0761
213	273.339	633.364	840.374	79.3229
214	273.339	632.556	832.051	79.0965
215	273.339	631.854	831.254	79.3852
216	273.339	631.121	866.937	79.6286
217	273.339	630.395	840.689	78.6402
218	273.339	629.762	849.278	79.7878
219	273.339	629.003	842.142	79.7561
220	265.674	628.277	832.487	78.0201
221	265.674	627.526	826.29 	77.9268
222	265.674	626.865	823.838	78.8636
223	265.674	626.072	828.842	79.3769
224	265.674	625.5  	828.965	80.4225
225	265.674	624.714	822.693	81.2861
226	253.319	624.032	842.439	80.9992
227	253.319	623.28 	854.42 	80.4206
228	253.319	622.498	852.418	82.2509
229	253.319	621.75 	844.887	80.7528
230	253.319	621.03 	832.563	80.9532
231	253.319	620.424	847.22 	80.9521
232	250.421	619.664	824.591	81.2788
233	250.421	618.977	812.547	81.1138
234	250.421	618.316	827.257	81.9566
235	250.421	617.599	856.947	81.3206
236	250.421	617.178	838.405	82.4076
237	250.421	616.388	844.425	81.5569
238	250.421	615.633	834.026	81.9122
239	250.421	615.056	833.603	81.5845
240	250.421	614.464	824.669	81.6941
241	250.421	613.536	812.094	80.7844
242	250.421	612.775	818.05 	81.386 
243	250.421	612.091	818.785	81.47  
244	250.421	611.594	819.183	82.9467
245	245.844	610.82 	828.617	83.5109
246	245.844	610.264	826.941	83.5653
247	245.844	609.633	855.823	85.8421
248	245.844	608.999	843.822	85.8776
249	245.844	608.304	830.489	84.0656
250	245.844	607.558	830.489	83.6403
251	245.844	606.688	843.656	84.3072
252	245.844	605.936	845.488	83.5624
253	245.844	605.312	853.858	84.7149
254	245.844	604.507	833.169	83.8693
255	240.201	603.796	832.594	82.037 
256	240.201	603.151	814.633	79.4916
257	240.201	602.374	848.214	81.4465
258	240.201	601.674	836.985	83.4981
259	227.979	600.995	822.949	83.1017
260	218.18 	600.138	846.196	83.8933
261	218.18 	599.678	810.921	84.1063
262	218.18 	599.019	824.174	83.4423
263	218.18 	598.355	821.464	82.6149
264	218.18 	597.4  	821.464	82.4421
265	216.341	596.655	823.617	84.244 
266	216.341	595.937	846.037	84.9044
267	216.341	595.199	834.443	85.5882
268	216.341	594.43 	813.345	85.1512
269	216.341	593.708	810.471	83.9284
270	216.341	592.995	832.694	82.1301
271	216.341	592.166	817.56 	82.5715
272	216.341	591.184	802.929	83.1173
273	216.341	590.555	804.329	83.3446
274	216.341	589.771	798.665	81.479 
275	216.341	589.178	802.198	82.1135
276	213.906	588.475	810.473	81.5153
277	213.906	587.705	802.737	80.6144
278	213.906	587.132	798.615	81.0079
279	213.906	586.523	790.648	81.8907
280	213.906	585.854	808.395	82.8395
281	213.906	584.991	811.542	83.3854
282	213.906	584.161	802.241	82.4579
283	213.906	583.495	804.736	82.2283
284	213.906	582.731	780.149	80.7203
285	213.906	582.105	785.663	78.4422
286	213.906	581.438	786.75 	78.4178
287	213.906	580.792	797.987	79.7685
288	213.906	580.038	787.444	78.6195
289	213.906	579.318	774.515	78.3598
290	213.906	578.578	776.695	76.2359
291	213.906	577.74 	808.243	78.9765
292	213.906	577.328	805.251	79.9165
293	211.239	576.48 	782.363	79.6598
294	211.239	575.854	803.094	78.8634
295	211.239	575.233	778.668	78.3397
296	211.239	574.45 	772.65 	78.8559
297	196.089	573.61 	764.125	78.4608
298	196.089	572.9  	779.134	78.8747
299	196.089	572.22 	733.595	79.3128
300	196.089	571.607	784.892	78.7515
301	193.747	570.902	777.893	78.4018
302	193.747	570.209	764.018	80.0607
303	193.747	569.344	793.039	80.4   
304	184.96 	568.743	778.36 	80.9217
305	184.96 	568.238	774.695	81.9542
306	184.96 	567.509	792.361	81.8883
307	184.96 	566.753	787.414	78.9654
308	184.96 	566.288	774.72 	79.4443
309	184.96 	565.631	794.264	79.3627
310	184.96 	564.867	789.042	80.1605
311	184.96 	564.196	768.828	78.9349
312	184.96 	563.343	776.715	80.0371
313	184.96 	562.417	755.703	79.6891
314	184.96 	561.596	777.326	80.6375
315	184.96 	560.714	762.175	80.8832
316	184.96 	560.151	762.786	79.5785
317	184.96 	559.541	765.676	80.4626
318	184.96 	558.798	762.665	78.6181
319	184.96 	558.13 	738.436	77.2405
320	184.96 	557.523	747.147	79.5847
321	184.96 	556.85 	747.097	80.7334
322	184.96 	556.192	751.55 	81.0233
323	184.96 	555.441	751.53 	80.3293
324	184.96 	554.628	752.756	80.1551
325	184.96 	554.064	757.354	79.4763
326	184.96 	553.408	753.351	78.5785
327	184.96 	552.686	753.4  	79.8929
328	184.96 	551.979	778.074	79.2017
329	184.96 	551.299	786.536	80.4991
330	184.96 	550.686	771.173	78.7265
331	184.96 	550.036	767.185	79.9533
332	184.96 	549.351	754.028	80.5061
333	184.96 	548.623	764.906	81.3953
334	184.96 	547.9  	780.704	81.8758
335	184.96 	547.189	768.087	80.5379
336	184.96 	546.423	759.213	80.5233
337	184.96 	545.748	761.89 	81.8533
338	184.96 	544.972	761.949	81.6267
339	184.96 	544.215	752.193	80.114 
340	184.96 	543.54 	778.613	79.6347
341	184.96 	542.899	778.613	80.4868
342	184.96 	542.14 	774.33 	80.4214
343	184.96 	541.393	763.577	81.3498
344	184.96 	540.791	773.649	83.2024
345	184.96 	540.049	769.245	84.5523
346	184.96 	539.411	746.373	82.3576
347	184.96 	538.565	739.537	81.8752
348	184.96 	537.783	745.808	81.2066
349	184.96 	537.08 	751.666	78.1704
350	184.96 	536.449	747.68 	79.6221
351	184.96 	535.931	771.41 	81.5426
352	184.96 	535.226	754.411	81.756 
353	184.96 	534.353	790.246	83.1063
354	184.96 	533.596	787.042	83.3151
355	184.96 	532.759	787.042	82.1085
356	184.96 	532.016	765.447	81.058 
357	184.96 	531.386	785.413	80.6152
358	184.96 	530.495	776.346	82.2417
359	184.96 	529.776	737.903	81.0853
360	184.96 	529.09 	727.893	80.079 
361	184.96 	528.291	765.579	79.9538
362	184.96 	527.749	746.312	80.1641
363	184.96 	527.21 	739.277	80.0423
364	184.96 	526.725	731.616	78.1224
365	184.96 	526.019	740.534	78.8386
366	184.96 	525.324	771.476	79.5354
367	184.96 	524.647	774.339	80.1037
368	184.96 	523.866	774.339	79.7379
369	184.96 	523.109	751.555	79.2709
370	184.96 	522.411	739.386	79.5732
371	184.96 	521.824	739.037	80.2687
372	184.96 	521.182	771.551	80.5229
373	184.96 	520.46 	752.988	79.5785
374	184.96 	519.789	757.97 	80.2549
375	184.96 	519.223	761.537	80.5011
376	184.96 	518.713	734.19 	80.2666
377	184.96 	517.863	747.549	78.6462
378	184.96 	517.174	749.04 	78.9769
379	184.96 	516.611	746.251	79.8438
380	184.96 	515.951	749.406	78.9337
381	184.96 	515.287	745.009	80.2858
382	175.999	514.504	752.147	79.3149
383	175.999	513.832	754.664	80.2819
384	175.999	513.216	721.93 	78.2952
385	175.999	512.512	732.834	79.525 
386	175.999	511.954	734.186	78.914 
387	175.999	511.394	747.761	78.2984
388	167.612	510.818	717.333	76.9947
389	156.158	510.151	703.787	77.0081
390	156.158	509.512	703.958	77.9606
391	156.158	508.889	727.541	79.2534
392	156.158	507.923	724.146	78.3009
393	156.158	507.18 	711.93 	79.6642
394	156.158	506.549	715.21 	79.2292
395	152.544	505.982	706.004	78.1086
396	152.544	505.427	715.307	78.9051
397	152.544	504.875	698.869	79.0535
398	152.544	504.269	710.476	79.31  
399	152.544	503.542	720.39 	77.5394
400	152.544	502.853	721.406	79.0708
401	152.544	502.311	716.66 	78.7876
402	152.544	501.84 	711.331	77.4568
403	152.544	501.295	703.424	78.2946
404	152.544	500.524	709.907	78.996 
405	152.544	499.721	710.365	80.331 
406	152.544	499.137	705.248	80.9182
407	152.544	498.463	712.74 	80.7804
408	152.544	497.866	717.615	80.8543
409	152.544	497.212	713.447	80.3504
410	152.544	496.673	711.314	79.0831
411	152.544	496.121	717.396	78.9378
412	152.544	495.515	726.642	80.2372
413	152.544	494.807	726.642	79.8191
414	152.544	494.145	751.339	79.7318
415	152.544	493.443	739.341	78.0759
416	152.544	492.893	725.617	77.0154
417	152.544	491.992	717.54 	77.4368
418	152.544	491.288	710.215	77.9566
419	152.035	490.806	711.611	75.2666
420	152.035	490    	692.087	74.4718
421	152.035	489.359	704.959	75.5892
422	152.035	488.688	674.042	75.6311
423	152.035	488.22 	683.13 	76.0307
424	152.035	487.694	699.416	76.4448
425	152.035	487.093	703.186	76.137 
426	152.035	486.504	712.85 	77.3253
427	152.035	485.919	688.716	78.3489
428	152.035	485.217	686.891	79.5153
429	152.035	484.556	696.805	80.098 
430	152.035	483.979	696.678	82.7531
431	152.035	483.173	696.678	82.6418
432	152.035	482.701	715.156	81.8995
433	152.035	482.094	695.691	81.2656
434	152.035	481.393	687.396	80.5693
435	152.035	481.028	699.358	79.014 
436	152.035	480.447	731.331	80.6347
437	152.035	479.92 	702.824	79.572 
438	152.035	479.306	720.43 	79.0719
439	152.035	478.806	688.393	78.8354
440	152.035	478.071	711.268	78.6996
441	152.035	477.701	711.268	78.5556
442	152.035	477.026	724.763	78.9844
443	152.035	476.35 	677.079	79.4819
444	152.035	475.91 	690.759	80.6808
445	152.035	475.136	685.111	79.4119
446	152.035	474.576	705.201	80.3415
447	146.687	473.935	713.148	79.5625
448	146.687	473.125	692.954	78.2884
449	146.687	472.598	673.518	79.5928
450	146.687	471.971	707.281	78.8903
451	146.687	471.362	669.999	78.1553
452	146.687	470.66 	691.012	78.0269
453	146.687	470.066	686.841	77.0066
454	146.687	469.446	683.916	76.357 
455	146.687	468.639	675.981	75.1385
456	146.687	467.999	674.449	76.7628
457	146.687	467.294	701.726	77.6679
458	146.687	466.541	662.196	78.341 
459	146.687	466.18 	657.798	76.8085
460	146.687	465.675	653.432	76.1685
461	146.687	465.096	668.386	76.9948
462	146.687	464.592	660.06 	75.9129
463	146.687	463.915	665.948	74.0196
464	146.687	463.284	653.458	74.0336
465	146.687	462.692	678.962	74.6618
466	146.687	462.185	663.143	74.8724
467	146.687	461.56 	667.182	76.0162
468	146.687	460.981	672.464	76.3649
469	146.687	460.487	677.263	75.8698
470	143.285	459.99 	657.489	76.2035
471	143.285	459.422	651.125	76.9206
472	143.285	458.8  	643.919	74.9581
473	143.285	458.134	681.551	72.716 
474	143.285	457.578	645.85 	72.4859
475	143.285	456.989	667.461	74.9824
476	143.285	456.366	667.461	76.2182
477	143.285	455.743	674.003	75.9944
478	143.285	455.246	673.028	77.8886
479	143.285	454.612	668.257	77.362 
480	143.285	454.06 	642.063	78.0724
481	143.285	453.375	695.5  	77.3996
482	143.285	452.783	690.05 	78.0585
483	143.285	452.241	682.35 	79.8775
484	139.488	451.689	662.372	79.5034
485	139.488	451.088	678.038	79.6332
486	139.488	450.388	686.947	79.4989
487	139.488	449.645	682.514	78.9513
488	139.488	449.08 	680.159	77.3154
489	139.488	448.454	669.772	76.7403
490	139.488	447.758	648.802	75.4335
491	139.488	447.3  	645.205	74.2782
492	139.488	446.723	660.977	74.3085
493	139.488	446.187	640.92 	75.4729
494	139.488	445.665	649.472	75.0917
495	136.575	445.254	659.491	75.8496
496	136.575	444.725	653.567	75.1355
497	136.575	444.041	646.27 	75.1033
498	136.575	443.424	658.798	73.983 
499	136.575	442.934	638.307	73.8887
-9.20999999
