/usr/lib/python2.7/site-packages/deap/tools/_hypervolume/pyhv.py:33: ImportWarning: Falling back to the python version of hypervolume module. Expect this to be very slow.
  "module. Expect this to be very slow.", ImportWarning)
gen	min    	avg    	max    	std    
0  	573.784	782.842	960.812	66.3551
1  	573.784	782.512	951.109	66.2073
2  	554.07 	781.835	954.887	66.9833
3  	554.07 	781.284	966.196	66.5984
4  	554.07 	780.892	958.502	65.5458
5  	554.07 	780.341	982.319	65.3755
6  	554.07 	779.846	953.214	64.6193
7  	554.07 	779.327	960.78 	64.7476
8  	554.07 	778.758	968.613	67.4694
9  	554.07 	778.413	949.545	66.5985
10 	551.686	778.034	934.207	67.1596
11 	551.686	777.535	954.502	67.037 
12 	543.555	777.329	974.423	68.0228
13 	532.081	776.805	936.491	68.0141
14 	532.081	776.292	975.001	69.7073
15 	530.588	775.805	947.524	70.2818
16 	527.765	775.254	965.156	70.2097
17 	525.434	774.565	926.847	69.3496
18 	525.434	774.098	957.03 	69.3821
19 	525.434	773.518	954.771	70.3599
20 	525.434	772.979	951.055	70.4722
21 	525.434	772.407	981.432	68.7965
22 	524.986	772.068	959.909	71.4446
23 	524.986	771.365	976.726	71.9816
24 	507.88 	770.792	966.587	71.7602
25 	507.88 	770.205	950.597	70.0357
26 	507.88 	769.516	954.229	71.5459
27 	507.88 	768.965	966.966	72.7339
28 	507.88 	768.397	965.003	74.477 
29 	494.943	767.837	956.333	74.3899
30 	494.943	767.308	959.074	72.8761
31 	484.566	766.721	971.144	73.2134
32 	484.566	766.175	972.753	74.1416
33 	484.566	765.47 	962.87 	72.811 
34 	484.566	764.769	947.429	71.9031
35 	484.566	763.973	956.782	71.4394
36 	484.566	763.312	959.339	73.0635
37 	484.297	762.71 	954.745	71.7255
38 	484.297	762.165	949.119	72.1032
39 	484.297	761.683	942.496	74.0857
40 	484.297	761.061	941.206	75.7934
41 	477.571	760.579	944.54 	76.132 
42 	477.571	760.229	948.932	76.2905
43 	477.571	759.595	951.964	75.7372
44 	477.571	758.982	956.86 	74.4202
45 	477.571	758.326	953.059	74.9886
46 	466.037	757.648	955.575	74.2584
47 	466.037	756.863	960.445	73.3548
48 	466.037	756.368	945.558	74.2753
49 	466.037	755.701	962.89 	72.8799
50 	466.037	755.344	970.09 	72.6609
51 	466.037	754.745	955.312	71.3617
52 	466.037	754.154	946.447	71.796 
53 	466.037	753.545	958.016	71.4779
54 	466.037	752.941	946.893	71.3488
55 	466.037	752.311	949.026	71.7055
56 	466.037	751.694	960.072	72.5794
57 	466.037	751.098	968.919	72.3731
58 	459.619	750.438	938.816	75.0812
59 	459.619	749.854	940.249	74.925 
60 	459.619	749.286	953.243	75.1472
61 	459.619	748.907	926.643	74.8921
62 	442.65 	748.391	932.164	75.2474
63 	442.65 	747.98 	930.29 	76.3682
64 	442.65 	747.384	947.147	75.5117
65 	435.61 	746.81 	937.506	77.4724
66 	435.61 	746.015	955.703	77.0932
67 	431.962	745.444	952.959	77.1041
68 	431.962	744.756	939.8  	79.092 
69 	413.114	743.922	935.948	78.158 
70 	398.984	743.297	974.567	78.8314
71 	398.984	742.664	950.367	78.716 
72 	398.984	742.049	944.787	79.135 
73 	380.551	741.456	953.214	78.1943
74 	376.623	740.719	936.095	76.7789
75 	376.623	740.178	937.13 	76.587 
76 	376.623	739.35 	948.542	78.9203
77 	376.623	738.628	951.481	79.9198
78 	376.623	737.961	948.446	81.161 
79 	370.116	737.138	923.499	82.5177
80 	370.116	736.586	938.513	82.8372
81 	370.116	735.892	933.41 	80.8211
82 	370.116	735.164	924.238	79.9273
83 	370.116	734.137	939.197	79.9803
84 	370.116	733.556	932.015	81.2994
85 	370.116	732.821	932.29 	82.32  
86 	370.116	732.301	942.649	83.496 
87 	370.116	731.553	938.427	81.2987
88 	370.116	730.814	919.775	82.1181
89 	370.116	730.037	931.367	81.2709
90 	368.966	729.276	925.592	81.3249
91 	366.709	728.423	929.919	81.4637
92 	366.709	727.607	928.573	80.4913
93 	366.709	727.007	926.614	80.591 
94 	366.709	726.289	916.349	80.4559
95 	366.709	725.454	912.079	78.7683
96 	366.709	724.743	906.657	78.4881
97 	366.709	724.009	969.996	80.5232
98 	366.709	723.175	955.712	80.2019
99 	366.709	722.092	946.679	80.0934
100	366.709	721.228	935.25 	79.5595
101	366.709	720.598	915.376	76.8743
102	366.709	719.84 	930.209	78.4564
103	366.709	718.964	929.661	78.3026
104	366.709	718.396	919.141	77.2793
105	366.709	717.694	935.939	78.4458
106	366.709	716.879	914.241	78.2891
107	366.709	716.324	921.403	78.7662
108	366.709	715.514	919.498	79.4263
109	366.709	714.737	939.036	79.3234
110	346.185	713.952	918.772	78.4186
111	336.679	713.403	909.82 	79.5175
112	336.679	712.838	918.62 	80.2689
113	336.679	712.141	944.706	80.2527
114	336.679	711.473	912.495	81.5166
115	336.679	710.748	923.473	81.0273
116	328.657	709.857	928.562	80.3094
117	328.657	709.239	918.917	80.582 
118	328.657	708.603	922.343	80.5036
119	328.657	707.634	942.032	81.0158
120	328.657	706.685	904.637	79.9247
121	328.657	705.83 	923.034	81.2819
122	328.657	705.08 	892.199	79.6772
123	328.657	704.283	897.158	79.211 
124	328.657	703.612	903.963	79.3519
125	328.657	702.825	911.62 	80.0528
126	328.657	702.053	898.055	80.3581
127	328.657	701.149	902.871	80.0182
128	328.657	700.486	919.662	80.4576
129	328.657	699.84 	905.277	78.8024
130	328.657	699.182	925.596	78.6718
131	328.657	698.397	901.257	79.4155
132	328.657	697.769	895.822	81.4944
133	328.657	697.204	897.399	82.7229
134	326.918	696.563	907.23 	83.1321
135	326.918	695.822	907.23 	82.9382
136	326.918	695.175	904.419	82.1726
137	326.918	694.404	914.135	82.2456
138	326.918	693.534	907.621	81.7972
139	326.918	692.899	874.738	77.131 
140	326.918	692.393	875.285	76.2189
141	326.918	691.721	910.966	77.1645
142	326.918	691.073	905.805	76.6411
143	326.918	690.385	890.173	78.7471
144	326.918	689.766	892.469	78.7927
145	297.858	688.837	902.252	79.2012
146	297.858	688.123	896.997	79.754 
147	297.858	687.321	878.201	80.2775
148	297.858	686.754	866.972	80.0833
149	297.858	686.036	862.73 	78.1384
150	297.858	685.402	877.834	78.8205
151	297.858	684.369	873.571	78.8816
152	297.858	683.662	868.842	80.1577
153	297.858	683.204	884.739	80.0362
154	297.858	682.536	883.179	79.5728
155	297.858	681.667	883.98 	77.4862
156	297.858	680.853	872.525	76.8089
157	297.502	680.292	866.115	76.8424
158	297.502	679.686	869.218	77.2715
159	297.502	679.011	888.894	78.7704
160	297.502	678.357	879.519	78.9523
161	295.197	677.698	864.804	79.1855
162	295.197	676.992	868.617	80.4759
163	295.197	676.285	864.508	80.0894
164	295.197	675.804	892.451	80.6025
165	295.197	675.126	874.095	80.4786
166	295.197	674.503	880.232	79.6602
167	295.197	673.803	884.876	80.4059
168	295.197	672.948	866.96 	80.2469
169	295.197	672.25 	870.795	81.9228
170	295.197	671.469	875.039	81.7475
171	295.197	670.74 	899.837	82.1276
172	295.197	670.015	883.335	82.6263
173	295.197	669.506	883.526	81.5111
174	295.197	668.712	876.422	81.4396
175	295.197	668.134	886.349	83.2852
176	286.019	667.412	883.303	83.1398
177	286.019	666.736	873.731	82.5136
178	286.019	665.893	857.598	82.309 
179	286.019	665.233	861.939	82.1738
180	286.019	664.36 	868.137	79.4252
181	286.019	663.635	877.42 	79.8113
182	279.078	662.922	848.665	79.5334
183	279.078	662.02 	872.679	81.0702
184	279.078	661.328	863.928	79.8891
185	279.078	660.628	875.217	78.984 
186	274.85 	660.02 	875.197	80.2979
187	274.85 	659.321	866.249	81.953 
188	274.85 	658.416	846.857	83.4102
189	274.85 	657.785	871.962	83.6035
190	274.85 	657.014	843.757	82.5212
191	274.85 	656.352	851.486	82.5918
192	274.85 	655.847	851.628	82.173 
193	274.85 	655.167	872.463	81.2978
194	274.85 	654.446	857.843	80.9298
195	274.85 	653.509	867.648	81.416 
196	274.85 	652.901	889.391	83.7706
197	274.85 	652.102	889.391	83.2004
198	274.85 	651.359	872.452	84.6258
199	274.85 	650.516	866.803	83.586 
200	274.85 	649.745	858.656	83.7006
201	274.85 	648.933	868.464	84.4649
202	274.85 	648.227	883.077	85.9442
203	274.85 	647.742	864.989	84.9225
204	274.85 	647.173	842.201	82.7986
205	274.85 	646.583	836.046	83.5584
206	274.85 	645.919	845.707	81.8411
207	274.85 	645.232	846.961	82.3934
208	274.85 	644.55 	857.753	84.2481
209	274.85 	643.902	850.117	82.7922
210	270.79 	643.172	862.451	83.5974
211	270.79 	642.32 	851.96 	84.0064
212	270.79 	641.742	854.464	84.4664
213	270.79 	641.205	854.464	85.1606
214	270.79 	640.456	857.124	84.5141
215	270.79 	639.632	841.079	83.8414
216	267.223	638.973	877.661	83.9791
217	267.223	638.19 	849.183	84.0636
218	267.223	637.455	847.259	84.8965
219	267.223	636.805	849.473	86.3623
220	267.223	635.987	868.994	85.7198
221	267.223	635.452	867.29 	84.8733
222	265.938	634.686	875.409	82.9369
223	265.938	633.863	896.938	81.2818
224	265.938	633.112	864.126	81.9388
225	255.38 	632.625	844.496	82.9683
226	255.38 	631.935	866.266	83.0795
227	255.38 	631.198	866.879	82.3766
228	255.38 	630.321	851.919	81.8634
229	255.38 	629.61 	828.623	82.4709
230	255.38 	628.862	827.295	82.5262
231	255.38 	628.219	847.606	81.2841
232	255.38 	627.566	845.722	82.4478
233	255.38 	626.995	834.937	81.122 
234	255.38 	626.266	828.732	81.4202
235	255.38 	625.587	830.639	81.5759
236	255.38 	624.864	860.019	79.9157
237	245.84 	624.226	834.596	79.648 
238	245.84 	623.415	834.525	80.0416
239	245.84 	622.611	822.056	79.8262
240	245.84 	621.894	832.381	81.3127
241	245.84 	621.246	814.255	80.5712
242	245.84 	620.558	822.702	83.2132
243	245.84 	619.8  	836.712	83.5086
244	245.84 	618.941	824.501	84.3331
245	233.445	618.275	822.458	84.7654
246	233.445	617.623	831.198	84.2894
247	233.445	616.868	827.549	84.0735
248	233.445	616.145	841.42 	83.2705
249	233.445	615.331	851.935	83.3973
250	233.445	614.835	828.704	82.8667
251	233.445	614.136	818.284	82.3119
252	233.445	613.342	815.017	80.0329
253	233.445	612.77 	834.892	81.4174
254	233.445	611.852	825.727	81.3859
255	233.445	611.344	808.384	81.8214
256	233.445	610.571	815.161	81.4306
257	233.445	609.8  	837.39 	81.7211
258	233.445	609.223	821.37 	83.2873
259	233.445	608.499	829.78 	83.2569
260	233.445	607.953	820.296	83.3771
261	233.445	607.26 	847.439	84.2608
262	233.445	606.318	824.848	82.5708
263	233.445	605.348	844.417	81.9866
264	233.445	604.645	841.678	82.6632
265	233.445	603.572	822.827	83.7911
266	233.445	602.937	823.923	86.5772
267	233.445	602.159	838.071	87.0883
268	233.445	601.293	834.884	85.9546
269	233.445	600.497	832.525	85.541 
270	233.445	599.728	818.293	86.0447
271	233.445	598.924	834.446	85.6193
272	233.445	598.107	805.6  	86.4263
273	233.445	597.562	824.819	86.2772
274	212.082	596.709	824.559	86.1806
275	212.082	595.82 	816.979	84.6504
276	212.082	595.022	828.031	82.9085
277	212.082	594.084	806.844	81.5269
278	212.082	593.299	806.844	80.7332
279	212.082	592.591	824.54 	80.0671
280	212.082	591.959	810.477	81.6391
281	212.082	591.172	826.618	80.4654
282	212.082	590.441	805.684	79.6129
283	212.082	589.652	815.077	80.3279
284	212.082	589.114	794.805	79.8069
285	212.082	588.418	779.397	80.1902
286	212.082	587.727	791.372	82.039 
287	211.282	587.106	787.872	81.947 
288	211.282	586.449	805.571	82.7045
289	211.282	585.745	787.87 	82.3059
290	211.282	585.239	784.567	82.6563
291	211.282	584.719	798.791	82.5731
292	211.282	584.001	815.281	82.8425
293	211.282	583.26 	806.908	82.448 
294	211.282	582.465	821.254	82.9795
295	211.282	581.66 	798.814	81.0853
296	211.282	581.032	796.684	80.3123
297	211.282	580.545	807.102	81.0244
298	211.282	579.889	769.152	79.7799
299	211.282	579.265	775.579	80.5735
300	211.282	578.645	775.579	81.6528
301	211.282	577.97 	822.156	82.3693
302	211.282	577.167	816.687	83.0586
303	211.282	576.435	801.596	82.1774
304	211.282	575.67 	816.773	82.2151
305	211.282	574.843	813.764	81.2152
306	211.282	574.316	781.116	80.5082
307	211.282	573.72 	771.966	80.1488
308	211.282	573.013	798.157	79.8576
309	211.282	572.33 	793.574	78.8478
310	203.883	571.783	792.117	80.5203
311	203.883	571.167	788.957	80.8939
312	203.883	570.567	772.123	79.7697
313	203.883	569.816	776.826	80.6547
314	203.883	568.965	802.185	81.3158
315	203.883	568.258	813.633	81.371 
316	203.883	567.67 	782.143	80.7775
317	203.883	567.021	787.369	82.5892
318	197.886	566.282	764.084	80.1317
319	197.886	565.492	785.754	80.7821
320	187.582	564.709	787.522	81.2534
321	187.582	564.069	780.739	83.213 
322	187.582	563.29 	761.231	82.5323
323	187.582	562.507	773.699	82.9026
324	187.582	561.962	759.02 	81.4328
325	187.582	561.297	768.958	80.7242
326	187.582	560.545	787.667	81.9738
327	187.582	559.89 	781.928	82.7054
328	187.582	559.212	758.018	81.6967
329	187.582	558.623	750.877	79.6354
330	187.582	557.943	764.06 	80.4001
331	187.582	557.019	773.571	80.108 
332	183.515	556.286	783.685	81.8521
333	183.515	555.588	778.889	79.7292
334	183.515	554.973	807.699	79.9007
335	183.515	554.259	776.663	80.7687
336	183.515	553.523	760.429	81.29  
337	183.515	552.913	764.806	80.7884
338	183.515	552.268	759.741	81.2473
339	183.515	551.342	793.709	81.4798
340	183.515	550.684	790.429	82.37  
341	183.515	549.882	795.89 	81.149 
342	183.515	549.08 	795.656	81.4662
343	183.515	548.43 	777.129	81.8902
344	183.515	547.886	771.239	82.7093
345	183.515	547.207	766.72 	81.5833
346	183.515	546.532	749.663	79.092 
347	183.515	545.811	783.122	78.467 
348	183.515	545.32 	774.083	80.758 
349	183.515	544.615	773.285	81.1598
350	183.515	543.976	773.285	80.5437
351	183.515	543.109	773.285	80.9267
352	183.515	542.491	773.429	81.7475
353	183.515	541.668	750.898	81.3738
354	183.515	540.929	757.985	81.3386
355	183.515	540.296	745.488	80.637 
356	183.515	539.617	746.62 	80.2778
357	183.515	539.058	742.334	80.5973
358	183.515	538.47 	757.45 	81.0293
359	183.515	537.743	757.45 	81.0564
360	183.515	537.118	746.619	81.9486
361	173.981	536.465	746.028	82.8782
362	173.92 	535.854	765.839	82.1923
363	173.92 	535.201	747.78 	81.763 
364	173.92 	534.449	741.056	81.1857
365	173.92 	533.716	752.879	81.2952
366	173.92 	532.887	731.281	79.7167
367	173.92 	532.237	759.733	80.6722
368	173.92 	531.571	744.616	81.3231
369	173.92 	530.839	770.331	81.9896
370	161.182	530.184	784.317	80.5944
371	161.182	529.396	765.791	82.2181
372	161.182	528.583	767.233	82.9046
373	161.182	527.94 	751.95 	83.6975
374	160.788	527.336	743.362	82.7096
375	160.788	526.653	780.899	83.7034
376	160.788	525.956	780.464	81.3872
377	160.788	525.233	738.743	80.0615
378	160.788	524.537	750.066	80.2428
379	160.788	523.586	764.195	81.1858
380	156.63 	522.833	768.02 	80.4277
381	156.63 	522.062	720.81 	80.1806
382	156.63 	521.44 	722.024	79.5552
383	156.63 	520.97 	729.031	79.5016
384	156.63 	520.212	734.461	79.2316
385	156.63 	519.498	734.461	79.8297
386	156.63 	518.875	733.748	81.2971
387	156.63 	518.146	736.126	82.0937
388	156.63 	517.506	761.545	83.2817
389	156.63 	516.805	747.289	82.4686
390	149.716	516.388	731.088	81.1146
391	149.716	515.682	730.528	79.5007
392	149.716	514.972	741.97 	79.722 
393	149.716	514.362	726.49 	79.3908
394	149.716	513.684	739.148	79.6944
395	149.716	512.936	750.819	79.9636
396	149.716	512.192	756.396	80.1914
397	149.716	511.626	730.908	79.4206
398	149.716	510.869	732.006	79.3602
399	149.716	510.155	723.067	80.2156
400	149.716	509.494	715.842	80.4086
401	149.716	508.722	732.743	79.1162
402	149.716	508.037	727.936	78.1184
403	149.716	507.297	725.192	79.8314
404	149.716	506.522	718.664	79.0492
405	149.716	505.764	735.559	78.8294
406	149.716	505.192	719.83 	78.3086
407	147.561	504.616	758.719	81.1213
408	147.561	503.974	721.923	79.1578
409	139.315	503.173	721.083	78.1079
410	137.072	502.639	708.383	79.1532
411	137.072	501.936	737.979	80.5763
412	137.072	501.297	724.037	79.6784
413	134.925	500.857	736.487	80.5358
414	134.925	500.302	721.358	79.2066
415	134.004	499.664	733.138	80.0955
416	134.004	498.8  	740.919	79.9312
417	134.004	498.124	724.055	78.3767
418	134.004	497.414	709.044	79.5682
419	134.004	496.813	707.622	80.5585
420	134.004	496.017	758.939	81.4739
421	134.004	495.2  	743.13 	79.0087
422	134.004	494.226	733.678	79.906 
423	134.004	493.436	696.913	77.9716
424	134.004	492.791	730.191	76.9271
425	134.004	492.111	701.792	77.2733
426	134.004	491.519	710.004	77.096 
427	134.004	490.971	735.698	76.5184
428	134.004	490.302	720.005	77.3435
429	134.004	489.547	730.26 	77.2643
430	134.004	488.839	713.487	78.8233
431	134.004	488.104	725.535	78.3415
432	134.004	487.339	725.851	78.986 
433	134.004	486.751	689.691	79.05  
434	134.004	486.021	703.653	78.116 
435	134.004	485.438	668.108	75.9577
436	134.004	484.82 	668.108	75.7976
437	134.004	484.085	699.874	76.3212
438	134.004	483.38 	696.342	77.1695
439	134.004	482.528	703.909	78.5915
440	134.004	481.854	711.567	80.3757
441	134.004	481.228	691.581	80.7724
442	134.004	480.7  	695.066	81.2527
443	134.004	480.14 	714.234	80.725 
444	134.004	479.403	723.817	79.9764
445	134.004	478.631	710.192	80.8066
446	134.004	477.957	703.493	82.4498
447	134.004	477.545	681.049	81.0785
448	132.087	476.938	701.114	80.5678
449	132.087	476.336	683.082	79.7126
450	132.087	475.612	686.719	78.6482
451	132.087	474.938	709.873	79.2644
452	132.087	474.355	685.37 	79.5149
453	132.087	473.843	682.602	79.8861
454	132.087	473.189	682.602	78.6424
455	132.087	472.584	688.316	79.375 
456	132.087	471.856	700.452	79.8553
457	132.087	471.244	671.905	79.4342
458	132.087	470.69 	670.906	79.6418
459	132.087	470.024	671.593	80.7367
460	132.087	469.275	692.749	79.4524
461	132.087	468.543	694.824	79.6046
462	132.087	467.961	702.416	78.1041
463	132.087	467.38 	702.416	79.3695
464	132.087	466.653	709.371	79.4902
465	132.087	465.9  	708.548	79.8355
466	132.087	465.406	684.214	80.1735
467	132.087	464.826	687.089	79.6552
468	132.087	464.175	716.394	79.6891
469	119.511	463.796	693.215	80.4932
470	113.613	463.148	690.85 	79.2128
471	113.613	462.502	685.68 	79.8718
472	113.613	461.869	697.963	80.5976
473	100.519	461.123	678.557	80.2481
474	96.8432	460.514	690.053	80.0531
475	96.8432	459.791	679.275	81.716 
476	96.8432	459.063	691.431	81.7928
477	96.8432	458.282	669.469	81.1624
478	96.8432	457.663	673.761	80.3867
479	96.8432	457.071	684.697	79.0734
480	94.937 	456.519	673.008	78.502 
481	94.937 	455.75 	673.421	79.0358
482	94.937 	455.038	658.459	79.7497
483	90.4679	454.202	673.951	80.2363
484	90.4679	453.474	666.344	80.182 
485	90.4679	452.695	666.304	79.9297
486	90.4679	452.073	665.15 	77.635 
487	90.4679	451.325	645.284	78.6407
488	90.4679	450.707	677.321	80.0943
489	90.4679	450.066	676.6  	79.871 
490	90.4679	449.436	670.175	78.8733
491	90.4679	448.91 	670.175	79.1451
492	90.4679	448.314	669.114	77.5712
493	90.4679	447.714	677.266	78.4547
494	90.4679	446.865	710.624	80.2165
495	90.4679	446.272	655.644	78.739 
496	90.4679	445.75 	641.991	78.408 
497	90.4679	445.095	657.967	78.6125
498	90.4679	444.435	674.031	78.6573
499	90.4679	443.72 	674.031	78.115 
-9.20999999
