/usr/lib/python2.7/site-packages/deap/tools/_hypervolume/pyhv.py:33: ImportWarning: Falling back to the python version of hypervolume module. Expect this to be very slow.
  "module. Expect this to be very slow.", ImportWarning)
gen	min   	avg        	max        	std   
0  	569770	1.73199e+06	3.16777e+06	451092
1  	569770	1.73662e+06	3.24002e+06	450723
2  	413962	1.73519e+06	3.36555e+06	447181
3  	413962	1.73434e+06	3.18957e+06	445146
4  	413962	1.73619e+06	3.13213e+06	462223
5  	413962	1.73596e+06	3.16339e+06	458746
6  	413962	1.73256e+06	3.19092e+06	463978
7  	413962	1.73091e+06	3.11237e+06	462007
8  	413962	1.72861e+06	3.12715e+06	462762
9  	387886	1.72712e+06	3.19532e+06	470103
10 	387886	1.72813e+06	3.08774e+06	469799
11 	387886	1.73454e+06	3.15563e+06	486270
12 	387886	1.7321e+06 	3.23291e+06	474244
13 	387886	1.72551e+06	3.43003e+06	485091
14 	387886	1.72237e+06	3.07726e+06	475334
15 	387886	1.71734e+06	3.1792e+06 	466586
16 	387886	1.71917e+06	3.05911e+06	466010
17 	330921	1.72128e+06	3.037e+06  	467264
18 	330921	1.71395e+06	3.17129e+06	470321
19 	320902	1.70681e+06	3.14359e+06	474773
20 	311645	1.70632e+06	3.14359e+06	475953
21 	264536	1.69819e+06	2.96785e+06	468630
22 	264536	1.70132e+06	2.95994e+06	466582
23 	264536	1.69455e+06	2.83885e+06	464403
24 	208923	1.68948e+06	2.84206e+06	461325
25 	208923	1.69705e+06	2.92247e+06	459234
26 	208923	1.69368e+06	2.83866e+06	466902
27 	208923	1.69592e+06	3.04325e+06	469842
28 	208923	1.69335e+06	3.14264e+06	476234
29 	208923	1.68857e+06	3.30951e+06	468325
30 	200900	1.68276e+06	2.98579e+06	457526
31 	200900	1.68067e+06	3.00823e+06	455705
32 	200900	1.68272e+06	2.87622e+06	455081
33 	200900	1.67901e+06	3.02078e+06	466206
34 	200900	1.67698e+06	3.15675e+06	478155
35 	200900	1.66819e+06	3.165e+06  	474406
36 	200900	1.66933e+06	3.17524e+06	474751
37 	200900	1.67038e+06	3.09879e+06	485523
38 	200900	1.67433e+06	3.16105e+06	493246
39 	200900	1.67692e+06	3.26805e+06	493289
40 	200900	1.66861e+06	3.20941e+06	491197
41 	200900	1.66557e+06	3.05975e+06	481716
42 	200900	1.66172e+06	3.12348e+06	479797
43 	200900	1.66066e+06	2.98069e+06	477988
44 	200900	1.66303e+06	3.23585e+06	485318
45 	200900	1.66209e+06	3.22019e+06	473547
46 	200900	1.66583e+06	2.98847e+06	478056
47 	200900	1.67074e+06	3.06975e+06	474628
48 	200900	1.66674e+06	3.19832e+06	475111
49 	200900	1.66335e+06	3.04056e+06	478032
50 	200900	1.65682e+06	2.9428e+06 	477957
51 	200900	1.64612e+06	2.86479e+06	467916
52 	199903	1.64777e+06	2.85059e+06	458239
53 	199903	1.64864e+06	2.98079e+06	464905
54 	199903	1.65016e+06	2.94543e+06	464519
55 	199903	1.64555e+06	3.03959e+06	460684
56 	163319	1.64182e+06	3.00481e+06	469504
57 	163319	1.64667e+06	2.93765e+06	469430
58 	160051	1.63893e+06	2.9351e+06 	468317
59 	135442	1.63719e+06	2.94182e+06	475760
60 	135442	1.63927e+06	2.97074e+06	476279
61 	135442	1.64177e+06	2.97946e+06	479071
62 	135442	1.64318e+06	3.03248e+06	477246
63 	135442	1.63528e+06	3.09795e+06	477568
64 	135442	1.63359e+06	3.00568e+06	482438
65 	135442	1.63615e+06	2.97251e+06	478737
66 	135442	1.64029e+06	2.98675e+06	482189
67 	126271	1.63017e+06	2.93621e+06	475699
68 	126271	1.62537e+06	2.93621e+06	471729
69 	126271	1.62136e+06	3.05777e+06	468226
70 	126271	1.62069e+06	3.05777e+06	477453
71 	126271	1.61602e+06	2.93628e+06	470180
72 	126271	1.61221e+06	2.89415e+06	467240
73 	126271	1.60198e+06	2.89722e+06	458648
74 	126271	1.59767e+06	3.06632e+06	464328
75 	126271	1.58876e+06	3.12217e+06	451723
76 	124495	1.59189e+06	3.06763e+06	460412
77 	124495	1.59071e+06	3.06763e+06	458571
78 	124495	1.59203e+06	3.04854e+06	469530
79 	123319	1.58569e+06	3.01602e+06	470394
80 	123319	1.58095e+06	3.06361e+06	474101
81 	123319	1.5798e+06 	3.03558e+06	473983
82 	106232	1.57092e+06	2.9037e+06 	465308
83 	106232	1.57465e+06	2.88413e+06	455095
84 	106232	1.5758e+06 	2.92409e+06	457768
85 	106232	1.57876e+06	3.09811e+06	466623
86 	106232	1.5777e+06 	3.03882e+06	464277
87 	106232	1.57295e+06	3.03882e+06	459551
88 	106232	1.56169e+06	2.99881e+06	463174
89 	106232	1.55445e+06	2.94414e+06	465554
90 	106232	1.55228e+06	2.82569e+06	461797
91 	106232	1.55422e+06	2.81072e+06	454983
92 	106232	1.55154e+06	3.16008e+06	459120
93 	106232	1.54777e+06	2.97472e+06	458207
94 	106232	1.5523e+06 	3.03005e+06	461710
95 	106232	1.55124e+06	2.88833e+06	453205
96 	106232	1.54674e+06	3.06615e+06	461840
97 	97708.6	1.54603e+06	2.94003e+06	462293
98 	97708.6	1.55383e+06	2.92399e+06	470633
99 	97708.6	1.54466e+06	2.86105e+06	459184
100	97708.6	1.54733e+06	2.83427e+06	471320
101	97708.6	1.54055e+06	2.94141e+06	455547
102	93481  	1.53591e+06	2.71762e+06	460937
103	93481  	1.53614e+06	2.95936e+06	458164
104	93481  	1.53726e+06	2.96154e+06	450662
105	93481  	1.5384e+06 	3.01052e+06	456953
106	93481  	1.53844e+06	3.0517e+06 	450286
107	93481  	1.53363e+06	2.73888e+06	448076
108	93481  	1.52946e+06	2.85532e+06	445416
109	93481  	1.51915e+06	2.77428e+06	446680
110	93481  	1.51439e+06	2.96273e+06	448782
111	93481  	1.514e+06  	2.79236e+06	445424
112	93481  	1.51896e+06	2.99056e+06	445751
113	93481  	1.52332e+06	2.97191e+06	452409
114	93481  	1.51271e+06	2.77471e+06	453965
115	93481  	1.51228e+06	2.74776e+06	455699
116	93481  	1.51274e+06	2.90414e+06	455601
117	89056.3	1.5142e+06 	2.77491e+06	450643
118	89056.3	1.51021e+06	2.77491e+06	445702
119	89056.3	1.5019e+06 	3.0721e+06 	440575
120	89056.3	1.49287e+06	2.91716e+06	454476
121	89056.3	1.48786e+06	2.78815e+06	445965
122	89056.3	1.49309e+06	2.79116e+06	449412
123	89056.3	1.49283e+06	2.79165e+06	457580
124	89056.3	1.49523e+06	2.9494e+06 	458701
125	89056.3	1.49264e+06	2.73913e+06	459275
126	89056.3	1.49058e+06	2.89042e+06	458976
127	89056.3	1.48504e+06	2.78325e+06	458814
128	89056.3	1.47757e+06	3.02155e+06	459029
129	89056.3	1.47852e+06	2.78895e+06	447028
130	89056.3	1.48441e+06	2.86121e+06	454252
131	89056.3	1.47912e+06	3.07028e+06	461841
132	89056.3	1.47766e+06	2.88664e+06	457829
133	89056.3	1.48015e+06	2.86609e+06	462918
134	89056.3	1.47214e+06	2.97975e+06	461342
135	89056.3	1.47242e+06	2.96478e+06	465508
136	89056.3	1.47278e+06	3.28041e+06	457634
137	89056.3	1.46662e+06	3.21639e+06	460649
138	89056.3	1.46161e+06	2.97757e+06	465395
139	89056.3	1.46041e+06	2.86097e+06	473161
140	89056.3	1.45934e+06	2.9419e+06 	474826
141	89056.3	1.45745e+06	2.94491e+06	475529
142	89056.3	1.45218e+06	2.84965e+06	473039
143	89056.3	1.44628e+06	2.96629e+06	473027
144	63301.8	1.45343e+06	2.82112e+06	469286
145	63301.8	1.44833e+06	3.00196e+06	465512
146	63301.8	1.4483e+06 	3.04614e+06	470721
147	51817.9	1.44792e+06	2.84964e+06	467283
148	51817.9	1.44632e+06	2.83875e+06	469773
149	51817.9	1.43765e+06	2.95344e+06	469638
150	51817.9	1.44355e+06	2.89271e+06	474540
151	51817.9	1.44156e+06	3.01775e+06	469981
152	48351.4	1.44214e+06	3.06869e+06	470975
153	48351.4	1.43837e+06	3.05863e+06	469682
154	48351.4	1.43042e+06	2.9387e+06 	460628
155	48351.4	1.42913e+06	2.91738e+06	464388
156	48351.4	1.42576e+06	2.93144e+06	451991
157	48351.4	1.4223e+06 	2.6895e+06 	451066
158	48351.4	1.42086e+06	2.78091e+06	445031
159	48351.4	1.41981e+06	2.85044e+06	434708
160	48351.4	1.42476e+06	2.87114e+06	441316
161	48351.4	1.41767e+06	2.75136e+06	441790
162	48351.4	1.41729e+06	2.9106e+06 	446126
163	48351.4	1.42015e+06	2.7921e+06 	458876
164	48351.4	1.41402e+06	2.93008e+06	450408
165	48351.4	1.41354e+06	2.89365e+06	453614
166	48351.4	1.4083e+06 	2.89412e+06	453711
167	48351.4	1.40597e+06	2.81458e+06	455968
168	41785.7	1.39971e+06	2.90297e+06	460274
169	41785.7	1.4017e+06 	2.77869e+06	465872
170	41785.7	1.4039e+06 	2.83775e+06	459110
171	41785.7	1.40316e+06	2.86116e+06	465568
172	41785.7	1.40641e+06	3.04764e+06	465029
173	41785.7	1.40265e+06	2.77803e+06	465948
174	41785.7	1.40254e+06	2.93808e+06	466202
175	41785.7	1.40331e+06	2.93808e+06	469453
176	41785.7	1.39746e+06	2.83096e+06	467140
177	41785.7	1.39327e+06	2.93307e+06	465172
178	41785.7	1.39638e+06	2.88293e+06	463927
179	41785.7	1.38947e+06	2.84571e+06	461246
180	41785.7	1.38801e+06	2.81197e+06	460771
181	41785.7	1.39044e+06	2.87135e+06	457869
182	41785.7	1.39298e+06	2.85918e+06	460103
183	41785.7	1.38429e+06	2.81427e+06	462019
184	41785.7	1.38182e+06	2.90085e+06	456610
185	41785.7	1.37851e+06	2.88794e+06	467380
186	41785.7	1.37514e+06	2.85371e+06	469992
187	41785.7	1.37682e+06	2.74695e+06	467597
188	41785.7	1.37453e+06	2.83367e+06	472067
189	41785.7	1.36907e+06	2.87174e+06	474030
190	41785.7	1.37355e+06	2.79407e+06	478125
191	41785.7	1.37505e+06	2.86987e+06	471870
192	41785.7	1.37596e+06	2.86987e+06	472044
193	41785.7	1.37002e+06	2.98959e+06	473417
194	41785.7	1.37003e+06	2.89473e+06	463562
195	41785.7	1.36244e+06	2.92771e+06	473027
196	41785.7	1.36022e+06	2.81719e+06	464409
197	41785.7	1.36397e+06	2.99741e+06	466269
198	41785.7	1.36522e+06	2.94483e+06	469213
199	41785.7	1.35055e+06	2.84685e+06	459359
200	41785.7	1.34588e+06	2.84435e+06	459772
201	41785.7	1.34362e+06	2.92314e+06	457516
202	41785.7	1.34816e+06	2.71438e+06	445537
203	41785.7	1.34556e+06	2.71438e+06	436430
204	41785.7	1.34745e+06	2.90156e+06	435668
205	41785.7	1.3387e+06 	2.82959e+06	439692
206	41785.7	1.34065e+06	2.73907e+06	447985
207	41785.7	1.3396e+06 	2.65863e+06	444689
208	41785.7	1.34271e+06	2.91889e+06	447718
209	25027.1	1.33053e+06	2.64288e+06	453275
210	25027.1	1.33048e+06	3.00839e+06	447187
211	25027.1	1.32457e+06	2.90892e+06	444187
212	25027.1	1.32554e+06	2.7602e+06 	444018
213	25027.1	1.32146e+06	2.61155e+06	444916
214	25027.1	1.31385e+06	2.82281e+06	448158
215	25027.1	1.31307e+06	2.8783e+06 	446001
216	25027.1	1.31227e+06	2.83757e+06	446491
217	25027.1	1.30935e+06	2.77829e+06	443868
218	25027.1	1.31049e+06	2.67563e+06	440329
219	25027.1	1.31065e+06	2.64529e+06	429324
220	25027.1	1.30584e+06	2.64285e+06	428040
221	25027.1	1.29821e+06	2.82941e+06	424574
222	25027.1	1.30262e+06	2.77503e+06	429224
223	25027.1	1.30147e+06	3.07109e+06	435688
224	21319.4	1.2927e+06 	2.84088e+06	415544
225	21319.4	1.28995e+06	2.67863e+06	423321
226	21319.4	1.28802e+06	2.70515e+06	425010
227	21319.4	1.28562e+06	2.70515e+06	420119
228	21319.4	1.28677e+06	2.67815e+06	418101
229	21319.4	1.28143e+06	2.55918e+06	422020
230	21319.4	1.27929e+06	2.57886e+06	419922
231	21319.4	1.27949e+06	2.74354e+06	429988
232	21319.4	1.27742e+06	2.70403e+06	420165
233	21319.4	1.26838e+06	2.76503e+06	423101
234	21319.4	1.26639e+06	2.71976e+06	421477
235	21319.4	1.26147e+06	2.61861e+06	421032
236	21319.4	1.26583e+06	2.53166e+06	423085
237	21319.4	1.27194e+06	2.6944e+06 	426297
238	21319.4	1.26639e+06	2.66488e+06	427341
239	21319.4	1.26483e+06	2.58776e+06	425752
240	21319.4	1.26647e+06	2.627e+06  	432607
241	21319.4	1.26398e+06	2.61906e+06	425024
242	21319.4	1.26771e+06	2.58344e+06	433432
243	21319.4	1.26449e+06	2.50799e+06	427764
244	21319.4	1.2498e+06 	2.46433e+06	424237
245	21319.4	1.25e+06   	2.59714e+06	434818
246	21319.4	1.24973e+06	2.60827e+06	434596
247	21319.4	1.25088e+06	2.67711e+06	449727
248	21319.4	1.25488e+06	2.55949e+06	458414
249	21319.4	1.25468e+06	2.8375e+06 	455712
250	21319.4	1.25419e+06	2.64865e+06	452028
251	21319.4	1.24905e+06	3.03804e+06	453984
252	20514.9	1.24429e+06	2.84607e+06	439514
253	20514.9	1.245e+06  	2.67963e+06	438207
254	20514.9	1.23795e+06	2.8422e+06 	435458
255	20514.9	1.23304e+06	2.61208e+06	425507
256	20514.9	1.23147e+06	2.64993e+06	425951
257	20514.9	1.22617e+06	2.6073e+06 	414891
258	20514.9	1.23323e+06	2.5607e+06 	424904
259	19870.7	1.23543e+06	2.82692e+06	426814
260	19157  	1.23452e+06	2.88062e+06	429576
261	19157  	1.23384e+06	2.53904e+06	421434
262	19157  	1.23346e+06	2.54942e+06	421908
263	19157  	1.23461e+06	2.54942e+06	423433
264	19157  	1.228e+06  	2.66128e+06	428752
265	19157  	1.22846e+06	2.55125e+06	424673
266	19157  	1.22975e+06	2.49798e+06	425990
267	19157  	1.22568e+06	2.82159e+06	426173
268	19157  	1.22034e+06	2.6059e+06 	423597
269	19157  	1.21241e+06	2.74338e+06	431697
270	19157  	1.21084e+06	2.47121e+06	433087
271	19157  	1.21543e+06	2.48961e+06	423501
272	19157  	1.21278e+06	2.39903e+06	420703
273	19157  	1.21482e+06	2.44547e+06	410123
274	19157  	1.20645e+06	2.52435e+06	409379
275	19157  	1.19465e+06	2.70417e+06	419382
276	19157  	1.19486e+06	2.58369e+06	419175
277	19157  	1.1947e+06 	2.51325e+06	420200
278	19157  	1.19843e+06	2.69767e+06	423264
279	19157  	1.19865e+06	2.44392e+06	425557
280	19157  	1.19419e+06	2.4142e+06 	415825
281	19157  	1.19746e+06	2.43368e+06	418570
282	19157  	1.19348e+06	2.62767e+06	421938
283	19157  	1.19325e+06	2.70602e+06	425974
284	19157  	1.1824e+06 	2.47584e+06	418205
285	19157  	1.18275e+06	2.40315e+06	410935
286	19157  	1.1739e+06 	2.34903e+06	401677
287	19157  	1.17766e+06	2.60282e+06	408659
288	18698.8	1.17331e+06	2.45745e+06	409143
289	18698.8	1.16879e+06	2.48986e+06	415326
290	18698.8	1.17738e+06	2.68291e+06	424051
291	18698.8	1.17523e+06	2.65043e+06	424649
292	18698.8	1.18362e+06	2.42119e+06	425387
293	18698.8	1.17134e+06	2.52404e+06	415677
294	18698.8	1.17545e+06	2.38276e+06	395648
295	18698.8	1.16598e+06	2.85037e+06	404062
296	18698.8	1.16373e+06	2.62546e+06	410685
297	18698.8	1.15675e+06	2.71241e+06	414696
298	18698.8	1.15145e+06	2.36055e+06	405874
299	18698.8	1.14681e+06	2.51983e+06	416010
300	18698.8	1.15091e+06	2.84292e+06	424522
301	18698.8	1.14819e+06	2.53343e+06	423204
302	18698.8	1.14202e+06	2.42137e+06	416054
303	18698.8	1.14224e+06	2.54728e+06	424101
304	18698.8	1.14246e+06	2.53129e+06	418341
305	18698.8	1.15109e+06	2.53129e+06	419868
306	18698.8	1.14796e+06	2.74049e+06	431246
307	18698.8	1.14567e+06	2.48608e+06	429667
308	18698.8	1.14971e+06	2.35963e+06	419843
309	18698.8	1.15109e+06	2.35085e+06	407091
310	18698.8	1.14564e+06	2.59813e+06	406983
311	18698.8	1.14244e+06	2.49211e+06	406189
312	18698.8	1.13841e+06	2.64525e+06	402996
313	18698.8	1.13385e+06	2.63456e+06	403909
314	18698.8	1.13624e+06	2.6847e+06 	406989
315	18698.8	1.13174e+06	2.40252e+06	396521
316	18698.8	1.13775e+06	2.50676e+06	400912
317	18698.8	1.1336e+06 	2.43808e+06	406337
318	18698.8	1.13078e+06	2.36559e+06	402741
319	18698.8	1.12551e+06	2.36559e+06	404838
320	18698.8	1.12901e+06	2.32699e+06	401840
321	18698.8	1.12258e+06	2.35859e+06	407247
322	18698.8	1.1244e+06 	2.37276e+06	409099
323	18698.8	1.12728e+06	2.69123e+06	413109
324	18698.8	1.12501e+06	2.44699e+06	410577
325	18698.8	1.12599e+06	2.44699e+06	406126
326	18698.8	1.12113e+06	2.36461e+06	403455
327	18698.8	1.11805e+06	2.25554e+06	400917
328	18698.8	1.11852e+06	2.24151e+06	400642
329	18698.8	1.11866e+06	2.47861e+06	409597
330	18508.1	1.11369e+06	2.45051e+06	407421
331	18508.1	1.1196e+06 	2.33562e+06	410075
332	18508.1	1.11302e+06	2.42947e+06	407805
333	14023.9	1.11826e+06	2.43247e+06	409732
334	14023.9	1.11795e+06	2.33219e+06	410958
335	13979  	1.12264e+06	2.21213e+06	410886
336	13979  	1.11592e+06	2.34962e+06	407536
337	13979  	1.10862e+06	2.44138e+06	403585
338	13979  	1.1087e+06 	2.38727e+06	405551
339	13979  	1.10793e+06	2.24683e+06	393589
340	13979  	1.10883e+06	2.32063e+06	394542
341	13979  	1.10013e+06	2.59319e+06	387925
342	13979  	1.09161e+06	2.29782e+06	401783
343	13979  	1.10138e+06	2.27645e+06	411132
344	13979  	1.10154e+06	2.27645e+06	412946
345	13979  	1.10026e+06	2.2336e+06 	407928
346	13979  	1.09425e+06	2.27656e+06	405241
347	13979  	1.08539e+06	2.3892e+06 	407279
348	13979  	1.08663e+06	2.28323e+06	415323
349	13979  	1.07892e+06	2.30616e+06	412193
350	13979  	1.09118e+06	2.19157e+06	412485
351	13979  	1.09061e+06	2.4622e+06 	406914
352	13979  	1.09306e+06	2.40148e+06	412094
353	13979  	1.09145e+06	2.57403e+06	402717
354	13979  	1.0873e+06 	2.52961e+06	409499
355	13979  	1.08785e+06	2.41249e+06	406916
356	13979  	1.0885e+06 	2.58568e+06	408428
357	13979  	1.08949e+06	2.44094e+06	414423
358	13979  	1.08418e+06	2.53999e+06	419079
359	13979  	1.08432e+06	2.44614e+06	417132
360	13979  	1.07942e+06	2.39658e+06	402055
361	13979  	1.08063e+06	2.56018e+06	394824
362	13979  	1.07761e+06	2.44053e+06	406667
363	13979  	1.07783e+06	2.38291e+06	408282
364	13979  	1.07566e+06	2.2688e+06 	400411
365	13979  	1.07564e+06	2.34165e+06	391726
366	13979  	1.07529e+06	2.29083e+06	395453
367	13979  	1.07451e+06	2.16825e+06	408136
368	13979  	1.07001e+06	2.18923e+06	406561
369	13979  	1.07171e+06	2.60268e+06	410898
370	13979  	1.071e+06  	2.53481e+06	400130
371	13979  	1.06554e+06	2.48121e+06	397557
372	13979  	1.06126e+06	2.48121e+06	400141
373	13979  	1.06068e+06	2.27575e+06	399051
374	13979  	1.062e+06  	2.22817e+06	403719
375	13979  	1.05561e+06	2.21092e+06	393525
376	13979  	1.06381e+06	2.32276e+06	390279
377	13979  	1.06368e+06	2.32276e+06	392893
378	13979  	1.06601e+06	2.24112e+06	395645
379	13979  	1.05913e+06	2.2628e+06 	392553
380	13979  	1.05776e+06	2.52078e+06	393845
381	13979  	1.0555e+06 	2.52416e+06	405699
382	13979  	1.05674e+06	2.45235e+06	400177
383	13979  	1.05294e+06	2.44891e+06	394618
384	13979  	1.04897e+06	2.19415e+06	391736
385	13979  	1.04409e+06	2.30865e+06	387328
386	13979  	1.03879e+06	2.23312e+06	399440
387	13979  	1.0309e+06 	2.37504e+06	397302
388	13979  	1.03004e+06	2.50693e+06	401419
389	13979  	1.03044e+06	2.25032e+06	405824
390	13979  	1.02593e+06	2.29075e+06	393386
391	13979  	1.02681e+06	2.20803e+06	384298
392	13979  	1.03445e+06	2.62979e+06	402294
393	13979  	1.02564e+06	2.59678e+06	392824
394	13979  	1.02728e+06	2.64704e+06	394738
395	13979  	1.02682e+06	2.55031e+06	392419
396	13979  	1.01716e+06	2.14364e+06	386411
397	13979  	1.01829e+06	2.20316e+06	385170
398	13979  	1.01957e+06	2.38601e+06	375461
399	13979  	1.02015e+06	2.29251e+06	373163
400	13979  	1.01782e+06	2.20725e+06	368786
401	13979  	1.0179e+06 	2.19879e+06	367652
402	13979  	1.01611e+06	2.15765e+06	377298
403	13979  	1.01717e+06	2.157e+06  	376381
404	13979  	1.01878e+06	2.24509e+06	376160
405	13979  	1.01684e+06	2.2497e+06 	378383
406	13979  	1.00454e+06	2.24959e+06	372165
407	13979  	1.00719e+06	2.37147e+06	385332
408	13979  	1.00377e+06	2.21806e+06	374392
409	13979  	1.00311e+06	2.28411e+06	378076
410	13979  	1.00335e+06	2.2964e+06 	386621
411	13979  	999647     	2.41702e+06	385596
412	11448.7	994019     	2.23157e+06	382648
413	11448.7	1.00057e+06	2.19462e+06	381417
414	11448.7	1.00064e+06	2.29063e+06	381551
415	11448.7	997802     	2.10963e+06	375745
416	11448.7	994833     	2.22725e+06	379347
417	11448.7	990556     	2.24057e+06	389027
418	11448.7	988626     	2.11387e+06	377901
419	11448.7	985856     	2.16413e+06	384153
420	11448.7	991207     	2.29971e+06	377642
421	11448.7	984441     	2.2007e+06 	377030
422	11448.7	983714     	2.15865e+06	382448
423	11448.7	977675     	2.06747e+06	385472
424	11448.7	976698     	2.0792e+06 	383017
425	11448.7	977810     	2.04899e+06	385446
426	11448.7	977225     	2.37251e+06	391512
427	11448.7	974306     	2.28244e+06	387257
428	11448.7	967296     	2.14195e+06	384903
429	11448.7	969217     	2.33339e+06	380573
430	11448.7	971594     	2.27397e+06	385754
431	11448.7	972317     	2.31039e+06	383939
432	11448.7	975962     	2.24284e+06	384665
433	11448.7	971247     	2.18147e+06	384131
434	11448.7	970060     	2.24929e+06	380395
435	11448.7	965887     	2.44944e+06	378268
436	11448.7	970346     	2.24704e+06	380581
437	11448.7	968580     	2.24568e+06	377176
438	11448.7	968006     	2.19633e+06	377544
439	11448.7	963989     	2.15438e+06	379283
440	11448.7	966309     	2.38585e+06	377174
441	11448.7	958783     	2.06523e+06	374388
442	11448.7	957460     	2.18163e+06	373647
443	11448.7	956214     	2.11031e+06	369176
444	11448.7	955311     	2.04657e+06	376535
445	11448.7	951471     	2.06381e+06	372512
446	9404.16	946678     	2.02931e+06	374882
447	9404.16	953488     	2.20077e+06	377650
448	9404.16	950517     	2.37465e+06	375050
449	9404.16	948515     	2.26596e+06	371706
450	9404.16	944983     	2.10444e+06	367787
451	9404.16	945848     	2.10725e+06	377844
452	9404.16	947743     	2.10725e+06	372690
453	9404.16	945725     	2.09877e+06	370777
454	9404.16	939556     	2.18418e+06	371391
455	9404.16	944743     	2.16201e+06	378789
456	9404.16	942403     	2.18916e+06	364280
457	9404.16	945227     	2.12848e+06	378308
458	9404.16	944882     	2.2284e+06 	377934
459	9404.16	941608     	2.12472e+06	374599
460	9404.16	936997     	2.18481e+06	380601
461	9404.16	932498     	2.19206e+06	378794
462	9404.16	930082     	2.09428e+06	369544
463	9404.16	934761     	2.2321e+06 	374774
464	9404.16	939515     	2.07217e+06	369741
465	9404.16	936572     	2.04346e+06	360263
466	9404.16	937736     	2.0472e+06 	367375
467	9404.16	938423     	2.12899e+06	358523
468	9361.67	935488     	2.07341e+06	358491
469	9361.67	929603     	2.08278e+06	357658
470	9361.67	932694     	2.04525e+06	357642
471	9361.67	927109     	2.13426e+06	363882
472	9361.67	935788     	2.03944e+06	357087
473	9361.67	933131     	2.291e+06  	371714
474	9361.67	931544     	2.27304e+06	364661
475	9361.67	928497     	2.26127e+06	359143
476	9361.67	928808     	2.18497e+06	361833
477	9361.67	924879     	2.07255e+06	361131
478	9361.67	921666     	2.10416e+06	362354
479	9361.67	915420     	2.18851e+06	361097
480	9361.67	906353     	2.17297e+06	360884
481	9361.67	909957     	2.1488e+06 	366801
482	9361.67	908700     	2.01918e+06	363273
483	9361.67	911053     	2.01926e+06	365749
484	9361.67	916304     	2.08424e+06	371764
485	9361.67	913303     	2.33003e+06	374363
486	9361.67	917835     	2.20738e+06	369336
487	9361.67	910924     	2.35852e+06	370423
488	9361.67	907796     	2.25291e+06	366995
489	9361.67	907885     	2.50266e+06	371029
490	9361.67	902556     	2.08671e+06	363819
491	9361.67	904708     	2.15434e+06	362940
492	9361.67	897166     	2.15717e+06	366435
493	9361.67	903954     	2.24907e+06	365751
494	9361.67	905870     	2.23059e+06	371251
495	9361.67	905924     	2.29646e+06	368297
496	9361.67	907538     	2.25201e+06	378723
497	9361.67	901412     	2.2132e+06 	370861
498	9361.67	898777     	2.21879e+06	364723
499	9361.67	906485     	2.0984e+06 	369112
35.90000001
