/usr/lib/python2.7/site-packages/deap/tools/_hypervolume/pyhv.py:33: ImportWarning: Falling back to the python version of hypervolume module. Expect this to be very slow.
  "module. Expect this to be very slow.", ImportWarning)
gen	min   	avg        	max        	std   
0  	572929	1.79123e+06	3.24291e+06	471457
1  	572929	1.78597e+06	3.14637e+06	472137
2  	510646	1.78798e+06	3.1132e+06 	464265
3  	510646	1.78541e+06	3.24551e+06	475300
4  	510646	1.78495e+06	3.47296e+06	477714
5  	334205	1.78624e+06	3.54977e+06	491605
6  	203888	1.78797e+06	3.19524e+06	478994
7  	203888	1.78529e+06	3.36052e+06	480342
8  	203888	1.78048e+06	3.30321e+06	470133
9  	203888	1.77067e+06	3.0794e+06 	470833
10 	168544	1.76786e+06	3.26281e+06	462507
11 	168544	1.76487e+06	3.15134e+06	458007
12 	168544	1.76216e+06	3.27662e+06	466619
13 	168544	1.76417e+06	3.25255e+06	484911
14 	168544	1.7566e+06 	3.05883e+06	483412
15 	168544	1.75326e+06	3.14225e+06	476290
16 	141215	1.75457e+06	3.11132e+06	474981
17 	141215	1.7539e+06 	3.08018e+06	465421
18 	141215	1.74923e+06	3.17076e+06	480543
19 	141215	1.74466e+06	3.08459e+06	478769
20 	141215	1.73465e+06	3.07926e+06	483107
21 	141215	1.73252e+06	3.07965e+06	488964
22 	141215	1.73956e+06	3.19245e+06	486904
23 	141215	1.73684e+06	3.17352e+06	485341
24 	141215	1.74008e+06	3.15036e+06	483458
25 	141215	1.74065e+06	3.28206e+06	485416
26 	141215	1.73743e+06	3.25429e+06	482191
27 	116150	1.73747e+06	3.00161e+06	469952
28 	116150	1.73417e+06	3.00954e+06	473678
29 	116150	1.72879e+06	3.08701e+06	482083
30 	116150	1.72938e+06	2.91387e+06	472232
31 	116150	1.72801e+06	3.03836e+06	468234
32 	116150	1.72121e+06	3.09031e+06	471186
33 	116150	1.71551e+06	3.07565e+06	472837
34 	116150	1.71164e+06	2.93233e+06	479364
35 	115416	1.71289e+06	2.93056e+06	482008
36 	115416	1.70909e+06	3.10817e+06	474893
37 	115416	1.70647e+06	3.19359e+06	480842
38 	115416	1.70195e+06	2.98769e+06	480721
39 	115416	1.69874e+06	3.06574e+06	478305
40 	115416	1.70142e+06	3.04844e+06	479163
41 	115416	1.70579e+06	2.95123e+06	474246
42 	115416	1.70276e+06	2.91681e+06	474753
43 	115416	1.69917e+06	2.95513e+06	468534
44 	115416	1.69901e+06	3.10325e+06	474596
45 	115416	1.69669e+06	3.00557e+06	476648
46 	115416	1.69355e+06	3.02189e+06	478258
47 	115416	1.69128e+06	3.12839e+06	471850
48 	114271	1.69228e+06	3.17705e+06	472316
49 	114271	1.69092e+06	3.07862e+06	475386
50 	114271	1.68898e+06	2.94564e+06	474643
51 	114271	1.69243e+06	3.0111e+06 	467568
52 	114271	1.68872e+06	2.9591e+06 	466502
53 	114271	1.68271e+06	3.00965e+06	472698
54 	114196	1.67818e+06	2.99639e+06	461724
55 	114196	1.68099e+06	2.99225e+06	465183
56 	114196	1.68198e+06	3.1665e+06 	473065
57 	114196	1.68139e+06	3.04469e+06	470168
58 	114196	1.67603e+06	3.13347e+06	477993
59 	114196	1.67788e+06	3.20513e+06	473714
60 	114196	1.67705e+06	3.1553e+06 	488468
61 	114196	1.66766e+06	3.13467e+06	487677
62 	114196	1.67239e+06	3.2012e+06 	494218
63 	94841 	1.66642e+06	2.9488e+06 	490767
64 	94841 	1.67431e+06	2.93294e+06	491257
65 	94841 	1.67124e+06	3.06985e+06	487079
66 	94841 	1.66768e+06	3.11406e+06	490686
67 	94841 	1.65999e+06	3.11138e+06	478128
68 	94841 	1.658e+06  	3.15664e+06	481253
69 	94841 	1.65091e+06	3.06246e+06	465411
70 	94841 	1.648e+06  	3.00983e+06	466311
71 	94841 	1.64391e+06	3.25309e+06	480334
72 	94841 	1.64143e+06	3.01959e+06	480533
73 	94841 	1.63355e+06	3.04124e+06	482845
74 	94841 	1.6313e+06 	3.10196e+06	476111
75 	94841 	1.62756e+06	3.00338e+06	463417
76 	94841 	1.62639e+06	3.17965e+06	467638
77 	94841 	1.62268e+06	3.11306e+06	471704
78 	94841 	1.62352e+06	3.13647e+06	468806
79 	94841 	1.63077e+06	2.99399e+06	469107
80 	94841 	1.6291e+06 	3.02968e+06	474796
81 	94841 	1.6257e+06 	2.99609e+06	471666
82 	94841 	1.61804e+06	3.06534e+06	479593
83 	94841 	1.62386e+06	3.09968e+06	484463
84 	94841 	1.62688e+06	3.11246e+06	492933
85 	94841 	1.62312e+06	3.02932e+06	496368
86 	94841 	1.61721e+06	3.26693e+06	498967
87 	94841 	1.62319e+06	3.21361e+06	506269
88 	94841 	1.62055e+06	3.34709e+06	500596
89 	94841 	1.61507e+06	3.21561e+06	502488
90 	89553.1	1.61139e+06	3.33684e+06	509840
91 	89553.1	1.60819e+06	3.21317e+06	511220
92 	89553.1	1.59859e+06	3.15248e+06	513467
93 	89553.1	1.59626e+06	3.12718e+06	497155
94 	89553.1	1.59511e+06	2.99316e+06	492839
95 	78190.3	1.59632e+06	3.09761e+06	490807
96 	76142.6	1.59658e+06	3.20645e+06	483942
97 	76142.6	1.59228e+06	3.18054e+06	477495
98 	76142.6	1.59806e+06	3.18054e+06	473215
99 	76142.6	1.59543e+06	3.20342e+06	470768
100	76142.6	1.59465e+06	2.90509e+06	473638
101	76142.6	1.59e+06   	2.87736e+06	471513
102	76142.6	1.57807e+06	3.14822e+06	475189
103	76142.6	1.57664e+06	2.92235e+06	474739
104	68527.8	1.57494e+06	3.03194e+06	474389
105	68527.8	1.57364e+06	3.1642e+06 	468323
106	68527.8	1.56956e+06	2.98838e+06	470865
107	59025.5	1.5757e+06 	3.04639e+06	476085
108	59025.5	1.57635e+06	3.21038e+06	478234
109	59025.5	1.57302e+06	2.93516e+06	471383
110	59025.5	1.56953e+06	3.00675e+06	485085
111	59025.5	1.56882e+06	2.99814e+06	487345
112	59025.5	1.5663e+06 	2.94344e+06	478756
113	59025.5	1.5587e+06 	2.99003e+06	475434
114	58682.8	1.55504e+06	2.86554e+06	476559
115	58682.8	1.55473e+06	2.99829e+06	484791
116	58682.8	1.55426e+06	2.77363e+06	484628
117	58682.8	1.55114e+06	2.98543e+06	493012
118	58682.8	1.54853e+06	3.04054e+06	483230
119	58682.8	1.5479e+06 	2.95955e+06	475785
120	58682.8	1.54132e+06	2.89567e+06	476398
121	46617.5	1.54641e+06	2.87924e+06	475690
122	46617.5	1.54024e+06	2.92667e+06	483869
123	46617.5	1.53197e+06	3.00104e+06	472102
124	46617.5	1.53286e+06	2.89856e+06	473072
125	46617.5	1.53437e+06	2.96857e+06	470639
126	46617.5	1.53169e+06	3.20351e+06	472825
127	46617.5	1.53625e+06	3.0861e+06 	481045
128	46617.5	1.5341e+06 	2.95898e+06	488488
129	46617.5	1.53554e+06	3.01246e+06	485744
130	46617.5	1.53244e+06	3.17544e+06	488492
131	46617.5	1.52095e+06	3.42691e+06	481254
132	33330  	1.52329e+06	2.98687e+06	483166
133	33330  	1.51175e+06	2.88899e+06	476863
134	33330  	1.51396e+06	2.92334e+06	478576
135	33330  	1.50861e+06	2.88899e+06	473074
136	33330  	1.50186e+06	2.92602e+06	467928
137	33330  	1.49995e+06	3.12318e+06	477070
138	33330  	1.49777e+06	3.07531e+06	479770
139	33330  	1.49989e+06	3.02862e+06	476977
140	20287.6	1.49638e+06	2.81796e+06	464684
141	20287.6	1.50194e+06	2.99367e+06	469422
142	19621.6	1.49994e+06	2.95017e+06	469301
143	19621.6	1.49495e+06	2.98622e+06	471239
144	19621.6	1.48807e+06	3.10146e+06	477504
145	19621.6	1.48454e+06	2.973e+06  	470783
146	19621.6	1.48311e+06	3.10854e+06	477626
147	19621.6	1.47524e+06	3.0508e+06 	483184
148	19621.6	1.47591e+06	3.07296e+06	489450
149	19621.6	1.47333e+06	2.93759e+06	476951
150	19621.6	1.47338e+06	3.14163e+06	471772
151	19621.6	1.47512e+06	2.91647e+06	473929
152	19621.6	1.46603e+06	2.79644e+06	466057
153	19621.6	1.45966e+06	2.85908e+06	461137
154	19621.6	1.45824e+06	3.01866e+06	462474
155	19621.6	1.46461e+06	2.92606e+06	465142
156	19621.6	1.46337e+06	2.91289e+06	466424
157	19621.6	1.46599e+06	2.75681e+06	469615
158	19621.6	1.4577e+06 	2.82929e+06	465957
159	19621.6	1.45783e+06	2.83916e+06	464028
160	19621.6	1.44991e+06	2.72156e+06	464090
161	19621.6	1.45109e+06	2.80525e+06	466076
162	19621.6	1.44998e+06	2.84687e+06	468962
163	19621.6	1.4487e+06 	2.94398e+06	477291
164	19621.6	1.44619e+06	2.93768e+06	477438
165	19621.6	1.44618e+06	2.83549e+06	473243
166	19621.6	1.44997e+06	2.82394e+06	471634
167	19621.6	1.44318e+06	2.86114e+06	473338
168	19621.6	1.44665e+06	2.84275e+06	478853
169	19621.6	1.44934e+06	2.90217e+06	475721
170	19621.6	1.45163e+06	2.92617e+06	490155
171	19621.6	1.45027e+06	3.29489e+06	493185
172	19621.6	1.44648e+06	3.28646e+06	488541
173	19621.6	1.44218e+06	2.93297e+06	482404
174	19621.6	1.44125e+06	2.92437e+06	474089
175	19621.6	1.43487e+06	2.90564e+06	465115
176	19621.6	1.43447e+06	2.82939e+06	474193
177	19621.6	1.43509e+06	3.01318e+06	463279
178	19621.6	1.43322e+06	3.03902e+06	466779
179	19621.6	1.42443e+06	2.95122e+06	466193
180	19621.6	1.42007e+06	2.82106e+06	467440
181	19621.6	1.41699e+06	2.8094e+06 	473565
182	19621.6	1.41228e+06	2.77789e+06	474861
183	19621.6	1.41052e+06	2.77431e+06	462432
184	19621.6	1.40513e+06	2.91301e+06	462045
185	19621.6	1.40904e+06	2.94654e+06	481199
186	19621.6	1.40802e+06	3.08927e+06	486679
187	19621.6	1.41218e+06	2.93158e+06	486365
188	19621.6	1.407e+06  	2.96206e+06	490210
189	19621.6	1.40273e+06	2.96206e+06	494026
190	19621.6	1.40258e+06	2.97326e+06	482410
191	19621.6	1.39362e+06	3.05109e+06	477094
192	19621.6	1.39658e+06	3.00524e+06	484889
193	19621.6	1.38957e+06	2.90327e+06	471800
194	19621.6	1.39677e+06	2.88505e+06	466130
195	19621.6	1.39007e+06	3.043e+06  	467560
196	19621.6	1.38074e+06	2.88753e+06	468736
197	19621.6	1.37371e+06	3.08748e+06	474066
198	19621.6	1.36882e+06	2.71e+06   	464364
199	19621.6	1.36855e+06	2.90524e+06	467897
200	19621.6	1.3673e+06 	2.81926e+06	462848
201	19621.6	1.36713e+06	2.78845e+06	457390
202	19621.6	1.36549e+06	2.70619e+06	454171
203	19621.6	1.36133e+06	2.68174e+06	457784
204	19621.6	1.36657e+06	2.80765e+06	464743
205	19621.6	1.36561e+06	2.76422e+06	460444
206	19621.6	1.36252e+06	2.77157e+06	462571
207	19621.6	1.35925e+06	2.71601e+06	454676
208	19621.6	1.36221e+06	3.08805e+06	455480
209	19621.6	1.36612e+06	2.71162e+06	472267
210	19621.6	1.36293e+06	2.85511e+06	467491
211	19621.6	1.35611e+06	2.86294e+06	466923
212	19621.6	1.36364e+06	2.92727e+06	467703
213	19621.6	1.36116e+06	2.83844e+06	468951
214	19621.6	1.35332e+06	2.89464e+06	465531
215	19621.6	1.35205e+06	2.96849e+06	471286
216	19621.6	1.34834e+06	2.75371e+06	453986
217	19621.6	1.34257e+06	2.91717e+06	464592
218	19621.6	1.33991e+06	2.87902e+06	460622
219	19621.6	1.34682e+06	2.96668e+06	451088
220	19621.6	1.3523e+06 	2.89502e+06	462494
221	19621.6	1.35341e+06	3.07325e+06	471061
222	19621.6	1.34512e+06	2.99211e+06	464611
223	19621.6	1.33787e+06	3.06095e+06	460288
224	19621.6	1.3321e+06 	2.82478e+06	452935
225	19621.6	1.32568e+06	2.73306e+06	464435
226	19621.6	1.32734e+06	2.7833e+06 	460627
227	19621.6	1.33198e+06	2.66446e+06	460345
228	19621.6	1.32857e+06	2.74339e+06	454781
229	19621.6	1.32016e+06	2.74339e+06	448940
230	19621.6	1.31589e+06	2.75175e+06	449480
231	19621.6	1.31377e+06	3.0893e+06 	441618
232	19621.6	1.31723e+06	2.84597e+06	448559
233	19621.6	1.31664e+06	2.8733e+06 	453583
234	19621.6	1.31887e+06	2.8733e+06 	454004
235	19621.6	1.31518e+06	2.91317e+06	457662
236	19621.6	1.31583e+06	2.87847e+06	463363
237	19621.6	1.31434e+06	2.87351e+06	471168
238	18918.7	1.30445e+06	2.73664e+06	463814
239	18918.7	1.3032e+06 	2.75375e+06	456639
240	18918.7	1.29819e+06	2.79116e+06	452719
241	18918.7	1.29192e+06	2.79116e+06	454075
242	18918.7	1.29928e+06	2.63538e+06	455278
243	18918.7	1.29815e+06	2.66633e+06	462232
244	18918.7	1.29859e+06	2.76135e+06	463020
245	18918.7	1.29766e+06	2.7224e+06 	453707
246	18918.7	1.2949e+06 	2.54922e+06	453578
247	18883.4	1.30335e+06	2.61598e+06	460917
248	18883.4	1.30059e+06	2.69429e+06	460489
249	18883.4	1.29112e+06	2.58376e+06	444351
250	17168.7	1.28611e+06	2.58376e+06	444172
251	17168.7	1.2939e+06 	2.61329e+06	447923
252	17168.7	1.28487e+06	2.54313e+06	448318
253	17168.7	1.28472e+06	2.73841e+06	450692
254	17168.7	1.28315e+06	2.45341e+06	441102
255	17168.7	1.27968e+06	2.41208e+06	441874
256	17168.7	1.27542e+06	2.86656e+06	443428
257	17168.7	1.26625e+06	2.75638e+06	433124
258	17168.7	1.27012e+06	2.544e+06  	442202
259	17168.7	1.27338e+06	2.81709e+06	448774
260	17168.7	1.27576e+06	2.75207e+06	448449
261	17168.7	1.27001e+06	2.64941e+06	456094
262	17168.7	1.27241e+06	2.6896e+06 	445550
263	17168.7	1.27688e+06	2.6215e+06 	441443
264	17168.7	1.275e+06  	2.56448e+06	453413
265	17168.7	1.27145e+06	2.7241e+06 	449150
266	17168.7	1.26776e+06	2.86855e+06	450371
267	17168.7	1.26427e+06	2.74143e+06	453939
268	17168.7	1.267e+06  	2.74776e+06	443238
269	17168.7	1.26547e+06	2.65313e+06	441048
270	17168.7	1.25474e+06	2.70189e+06	438475
271	17168.7	1.25343e+06	2.74159e+06	439980
272	17168.7	1.25258e+06	2.68623e+06	452254
273	17168.7	1.2474e+06 	2.61186e+06	457793
274	17168.7	1.24343e+06	2.63936e+06	457693
275	17168.7	1.24311e+06	2.80135e+06	465198
276	17168.7	1.24558e+06	2.87359e+06	464280
277	17168.7	1.23897e+06	2.81324e+06	464218
278	17168.7	1.23027e+06	2.72221e+06	447552
279	17168.7	1.22914e+06	2.67821e+06	438839
280	17168.7	1.22241e+06	2.83302e+06	435335
281	17168.7	1.22397e+06	2.82353e+06	433443
282	17168.7	1.22258e+06	2.89106e+06	425475
283	17168.7	1.23005e+06	2.86988e+06	427883
284	17168.7	1.23628e+06	2.73385e+06	441809
285	17168.7	1.2289e+06 	2.63194e+06	440593
286	17168.7	1.22162e+06	2.70393e+06	438333
287	17168.7	1.21875e+06	2.56981e+06	437035
288	17168.7	1.21686e+06	2.94793e+06	446574
289	17168.7	1.21451e+06	2.76481e+06	446994
290	17168.7	1.20553e+06	2.88266e+06	443336
291	17168.7	1.20128e+06	2.52881e+06	439790
292	17168.7	1.20491e+06	2.71615e+06	440801
293	17168.7	1.20366e+06	2.63889e+06	442770
294	17168.7	1.20404e+06	2.60775e+06	435852
295	17168.7	1.20764e+06	2.67677e+06	431535
296	17168.7	1.20184e+06	2.72708e+06	443608
297	17168.7	1.20305e+06	2.72708e+06	443744
298	17168.7	1.20502e+06	2.72424e+06	449506
299	17168.7	1.20159e+06	2.3414e+06 	427448
300	17168.7	1.20144e+06	2.44868e+06	429438
301	17168.7	1.20628e+06	2.51965e+06	435375
302	17168.7	1.20241e+06	2.72136e+06	432363
303	17168.7	1.19236e+06	2.52337e+06	440226
304	17168.7	1.19752e+06	2.7352e+06 	454258
305	17168.7	1.1931e+06 	2.80947e+06	466946
306	17168.7	1.18883e+06	2.57313e+06	446395
307	17168.7	1.18981e+06	2.57534e+06	453342
308	17168.7	1.18228e+06	2.40831e+06	442200
309	17168.7	1.18009e+06	2.42445e+06	452188
310	17168.7	1.1859e+06 	2.43285e+06	454289
311	17168.7	1.18213e+06	2.47949e+06	452173
312	17168.7	1.18324e+06	2.53674e+06	441179
313	17168.7	1.18042e+06	2.50695e+06	430402
314	13782  	1.1841e+06 	2.54605e+06	434018
315	13782  	1.18615e+06	2.5235e+06 	426361
316	13782  	1.18802e+06	2.55424e+06	434289
317	13782  	1.1843e+06 	2.55369e+06	435806
318	13782  	1.17971e+06	2.83459e+06	421313
319	13782  	1.17631e+06	2.69773e+06	415504
320	13782  	1.17831e+06	2.71526e+06	421621
321	13782  	1.1666e+06 	2.53701e+06	415968
322	13782  	1.15997e+06	2.94984e+06	424136
323	13782  	1.16133e+06	2.51093e+06	408803
324	13782  	1.15224e+06	2.51093e+06	401479
325	13782  	1.14676e+06	2.58574e+06	399454
326	13782  	1.16042e+06	2.67188e+06	413272
327	13782  	1.15614e+06	2.59342e+06	408375
328	13782  	1.1539e+06 	2.76621e+06	411305
329	13782  	1.15748e+06	2.59069e+06	422048
330	13782  	1.1589e+06 	2.53405e+06	422784
331	13782  	1.1579e+06 	2.38511e+06	435288
332	12039.6	1.15221e+06	2.41244e+06	427946
333	12039.6	1.14426e+06	2.4739e+06 	424760
334	12039.6	1.14475e+06	2.34201e+06	424679
335	12039.6	1.13707e+06	2.65087e+06	417460
336	12039.6	1.12923e+06	2.6559e+06 	416260
337	12039.6	1.13093e+06	2.59083e+06	407935
338	12039.6	1.13812e+06	2.59083e+06	420851
339	12039.6	1.13766e+06	2.52583e+06	409386
340	12039.6	1.13021e+06	2.39586e+06	410641
341	12039.6	1.13685e+06	2.59623e+06	424576
342	12039.6	1.13406e+06	2.23507e+06	412985
343	12039.6	1.13216e+06	2.26292e+06	421641
344	12039.6	1.13317e+06	2.65499e+06	416065
345	12039.6	1.12485e+06	2.45376e+06	414538
346	12039.6	1.12836e+06	2.35957e+06	424354
347	12039.6	1.12703e+06	2.43242e+06	423036
348	12039.6	1.1261e+06 	2.36799e+06	411088
349	12039.6	1.12119e+06	2.33239e+06	410178
350	12039.6	1.11958e+06	2.32969e+06	410530
351	12039.6	1.1219e+06 	2.3455e+06 	418398
352	12039.6	1.11711e+06	2.44342e+06	416355
353	12039.6	1.1171e+06 	2.49061e+06	421969
354	12039.6	1.11958e+06	2.90904e+06	424782
355	12039.6	1.11319e+06	2.57911e+06	415475
356	12039.6	1.10839e+06	2.31654e+06	412273
357	12039.6	1.10307e+06	2.34537e+06	413116
358	12039.6	1.10381e+06	2.44058e+06	411523
359	12039.6	1.09991e+06	2.43764e+06	406557
360	11075.9	1.10719e+06	2.44806e+06	414814
361	11075.9	1.09901e+06	2.472e+06  	415895
362	11075.9	1.09892e+06	2.49143e+06	419780
363	11075.9	1.09919e+06	2.59935e+06	411260
364	11075.9	1.09492e+06	2.53594e+06	410656
365	11075.9	1.09994e+06	2.53607e+06	416018
366	11075.9	1.10584e+06	2.61705e+06	412906
367	11075.9	1.11901e+06	2.7111e+06 	425951
368	11075.9	1.11609e+06	2.33785e+06	420103
369	11075.9	1.10779e+06	2.57531e+06	423916
370	11075.9	1.09747e+06	2.52458e+06	412671
371	11075.9	1.10007e+06	2.47205e+06	406516
372	11075.9	1.09573e+06	2.34317e+06	413865
373	11075.9	1.08415e+06	2.33976e+06	419953
374	11075.9	1.08381e+06	2.43211e+06	427514
375	11075.9	1.0898e+06 	2.45088e+06	416735
376	11075.9	1.08575e+06	2.29388e+06	411002
377	11075.9	1.08324e+06	2.34351e+06	408061
378	11075.9	1.07902e+06	2.39065e+06	408827
379	11075.9	1.07681e+06	2.29234e+06	410255
380	11075.9	1.07466e+06	2.3333e+06 	413208
381	11075.9	1.07394e+06	2.38986e+06	415122
382	11075.9	1.08599e+06	2.37377e+06	420627
383	11075.9	1.08207e+06	2.47216e+06	432451
384	11075.9	1.08094e+06	2.46006e+06	432567
385	11075.9	1.08212e+06	2.39707e+06	423506
386	11075.9	1.07582e+06	2.59377e+06	428744
387	11075.9	1.06991e+06	2.45553e+06	415069
388	11075.9	1.06623e+06	2.4538e+06 	412593
389	11075.9	1.06308e+06	2.2965e+06 	413982
390	11075.9	1.06102e+06	2.34483e+06	408094
391	11075.9	1.05888e+06	2.19296e+06	406789
392	11075.9	1.05556e+06	2.19307e+06	412140
393	11075.9	1.05346e+06	2.34242e+06	403844
394	11075.9	1.04152e+06	2.2458e+06 	401949
395	11075.9	1.04465e+06	2.20135e+06	398487
396	11075.9	1.04092e+06	2.3951e+06 	402202
397	7381.55	1.03668e+06	2.43665e+06	393670
398	7381.55	1.04587e+06	2.24593e+06	399402
399	7381.55	1.04824e+06	2.41503e+06	407505
400	7381.55	1.04498e+06	2.45117e+06	421266
401	7381.55	1.04391e+06	2.37762e+06	421746
402	7381.55	1.03803e+06	2.34095e+06	407194
403	7381.55	1.03464e+06	2.45903e+06	397971
404	7381.55	1.02996e+06	2.30571e+06	398883
405	7381.55	1.03075e+06	2.21451e+06	404444
406	7381.55	1.03125e+06	2.21451e+06	406821
407	7381.55	1.03487e+06	2.69911e+06	405421
408	7381.55	1.04022e+06	2.63567e+06	404568
409	7381.55	1.0384e+06 	2.49245e+06	405198
410	7381.55	1.02783e+06	2.49126e+06	400707
411	7381.55	1.03261e+06	2.49126e+06	411151
412	7381.55	1.03007e+06	2.49971e+06	405471
413	7381.55	1.02748e+06	2.33433e+06	405777
414	7381.55	1.03445e+06	2.39288e+06	404257
415	7381.55	1.02864e+06	2.39288e+06	388578
416	7381.55	1.02456e+06	2.22411e+06	388816
417	7381.55	1.02655e+06	2.17394e+06	395355
418	7381.55	1.03082e+06	2.23818e+06	397428
419	7381.55	1.02306e+06	2.30019e+06	403912
420	7381.55	1.02176e+06	2.3346e+06 	419534
421	7381.55	1.02277e+06	2.29253e+06	410275
422	7381.55	1.02203e+06	2.26303e+06	409254
423	7381.55	1.02117e+06	2.32138e+06	412802
424	7381.55	1.01599e+06	2.36141e+06	401014
425	6959.77	1.01134e+06	2.32112e+06	394398
426	6959.77	1.01154e+06	2.43289e+06	393320
427	6959.77	1.00829e+06	2.6811e+06 	394804
428	6959.77	1.01301e+06	2.4492e+06 	397297
429	6959.77	1.00883e+06	2.4043e+06 	400989
430	6959.77	1.00966e+06	2.41076e+06	392580
431	6959.77	1.00903e+06	2.22117e+06	385165
432	6959.77	1.00915e+06	2.19357e+06	388843
433	6959.77	1.00874e+06	2.30422e+06	392148
434	6959.77	999012     	2.30422e+06	386207
435	6959.77	1.00082e+06	2.21611e+06	386604
436	6959.77	1.00423e+06	2.3649e+06 	393867
437	6959.77	1.00186e+06	2.32684e+06	395239
438	6959.77	992441     	2.27953e+06	398675
439	6959.77	986027     	2.47662e+06	385216
440	6959.77	982106     	2.14427e+06	375030
441	6959.77	985047     	2.16873e+06	373942
442	6959.77	987827     	2.38241e+06	373801
443	6959.77	986828     	2.27754e+06	375637
444	6959.77	976193     	2.20654e+06	370327
445	6959.77	979877     	2.20866e+06	379466
446	6959.77	973620     	2.22303e+06	369012
447	6959.77	979223     	2.30264e+06	375027
448	6959.77	978026     	2.11752e+06	374303
449	6959.77	975611     	2.39219e+06	388255
450	6959.77	974951     	2.30067e+06	391141
451	6959.77	974247     	2.3604e+06 	386128
452	6959.77	972981     	2.21642e+06	388263
453	6959.77	970869     	2.42873e+06	393528
454	6959.77	977241     	2.15822e+06	391044
455	6959.77	973869     	2.23486e+06	381005
456	6959.77	973436     	2.14183e+06	385223
457	6959.77	968505     	2.1423e+06 	386203
458	6959.77	969486     	2.10424e+06	397171
459	6959.77	966522     	2.41559e+06	399917
460	6959.77	967222     	2.4234e+06 	395673
461	6959.77	965723     	2.27516e+06	389148
462	6959.77	961491     	2.22999e+06	385969
463	6959.77	952640     	2.26561e+06	387074
464	6959.77	951989     	2.26561e+06	383574
465	6959.77	953310     	2.11664e+06	381396
466	6959.77	958151     	2.16262e+06	382517
467	6959.77	955695     	2.13055e+06	383013
468	6959.77	961389     	2.15762e+06	384508
469	6959.77	958760     	2.12458e+06	386234
470	6959.77	955313     	2.32384e+06	396421
471	6959.77	953873     	2.32578e+06	376723
472	6959.77	951460     	2.28905e+06	383826
473	6959.77	943350     	2.42419e+06	385510
474	6959.77	941355     	2.18601e+06	381606
475	6959.77	939019     	2.27316e+06	375625
476	6959.77	939741     	2.22169e+06	378800
477	6959.77	937970     	2.15008e+06	374547
478	6959.77	936940     	2.16287e+06	364838
479	6959.77	941627     	2.28049e+06	383198
480	6959.77	940708     	2.45062e+06	388551
481	6959.77	941036     	2.42133e+06	393646
482	6959.77	947864     	2.43577e+06	398928
483	6959.77	942226     	2.33245e+06	396539
484	3734.96	931033     	2.34249e+06	394190
485	3734.96	927250     	2.29177e+06	392852
486	3734.96	930297     	2.16767e+06	378865
487	3734.96	922647     	2.07506e+06	368981
488	3734.96	917406     	2.07506e+06	363716
489	3734.96	917902     	2.01587e+06	360102
490	3734.96	917028     	2.05127e+06	355229
491	3549.91	918157     	2.12693e+06	354671
492	3549.91	920997     	2.07796e+06	353076
493	3549.91	921873     	2.12489e+06	366144
494	3549.91	916827     	2.09075e+06	374006
495	3549.91	915699     	2.11773e+06	375919
496	3549.91	911294     	2.12572e+06	369567
497	3549.91	917139     	2.29952e+06	383360
498	3549.91	918443     	2.37881e+06	386268
499	3549.91	924135     	2.12193e+06	391090
35.90000001
