/usr/lib/python2.7/site-packages/deap/tools/_hypervolume/pyhv.py:33: ImportWarning: Falling back to the python version of hypervolume module. Expect this to be very slow.
  "module. Expect this to be very slow.", ImportWarning)
gen	min    	avg    	max    	std    
0  	917.704	3373.53	7053.53	1075.26
1  	917.704	3385.58	7130.45	1062.19
2  	917.704	3391.19	6974.52	1058.95
3  	917.704	3415.27	6863.23	1062.74
4  	917.704	3402.8 	6641.85	1054.98
5  	917.704	3391.07	6954.23	1051.58
6  	917.704	3399.86	7399.12	1045.56
7  	917.704	3385.63	7342.88	1063.15
8  	917.704	3405.59	7342.88	1066.94
9  	917.704	3388.67	6567.28	1041.47
10 	917.704	3372.03	6997.5 	1054.82
11 	917.704	3377.35	7240.53	1050.4 
12 	917.704	3372.18	7240.53	1029.91
13 	917.704	3374.31	6812.36	1049.34
14 	917.704	3359.63	7188.46	1017.52
15 	917.704	3352.4 	6918.17	1030.44
16 	917.704	3358.55	7364.48	1041.43
17 	917.704	3360.53	6671.55	1035.8 
18 	917.704	3357.87	7115.38	1054.57
19 	917.704	3387.03	7023.84	1086.55
20 	917.704	3374.01	7554.44	1100.83
21 	917.704	3363.07	6729.98	1057.1 
22 	917.704	3343.2 	7086.33	1083.06
23 	917.704	3333.36	7574.36	1065.99
24 	917.704	3328.66	7091.98	1062.38
25 	917.704	3336.04	7484.82	1070.75
26 	917.704	3325.88	7473.75	1090.26
27 	917.704	3304.08	7357.13	1090.64
28 	917.704	3313.48	7727.15	1116.77
29 	917.704	3320.31	7505.46	1095.78
30 	917.704	3313.91	7061.73	1077.29
31 	917.704	3331.31	6864.77	1080.08
32 	917.704	3323.4 	7359.87	1058.49
33 	917.704	3320.95	7186.42	1046.33
34 	785.471	3302.95	6965.63	1023.28
35 	785.471	3296.5 	7129.74	1026.79
36 	785.471	3299.82	6970.89	1020.15
37 	785.471	3301.93	6918.66	1024.73
38 	785.471	3322.86	6904.53	1042.9 
39 	785.471	3333.18	6892.24	1048.92
40 	785.471	3338.82	7307.29	1047.4 
41 	785.471	3335.72	7317.1 	1052.53
42 	785.471	3321.06	7226.7 	1052.31
43 	785.471	3320.33	7066.32	1050.17
44 	785.471	3323.35	7316.45	1032.5 
45 	785.471	3333.79	6601.13	1040.85
46 	785.471	3328.7 	6444.13	1030.8 
47 	785.471	3346.04	8099.33	1053.12
48 	785.471	3354.25	7138.08	1066.94
49 	785.471	3337.11	7071.69	1036.07
50 	785.471	3320.47	7003.05	1052.98
51 	785.471	3328.42	7218.71	1074.64
52 	785.471	3306.38	6674.69	1079.2 
53 	785.471	3305.36	7005.95	1084.56
54 	785.471	3307.18	6910.02	1082.38
55 	785.471	3294.26	6644.46	1043.29
56 	785.471	3284.37	7303.43	1043.85
57 	785.471	3306.57	7418.93	1061.11
58 	785.471	3285.58	6860.66	1047.24
59 	785.471	3286.85	6931.12	1015.71
60 	785.471	3301.4 	6654.45	1059.82
61 	785.471	3298.33	7328.08	1072.35
62 	785.471	3304.47	6794.86	1046.69
63 	785.471	3302.98	6818.21	1055.09
64 	785.471	3308.92	7243.29	1048.29
65 	785.471	3300.81	7599.22	1079.8 
66 	766.972	3296.93	7150.87	1062.07
67 	766.972	3299.16	7801.76	1073.84
68 	766.972	3294.08	8052.87	1088.72
69 	766.972	3273.28	7347.58	1086.9 
70 	766.972	3289.42	7096.55	1084.53
71 	716.987	3295.53	6996.93	1081.63
72 	716.987	3305.64	7016.34	1104.03
73 	698.798	3313.4 	7804.47	1114.77
74 	698.798	3305.88	6996.93	1070.69
75 	698.798	3320.21	7070.88	1079.11
76 	698.798	3293.22	7783.36	1082.77
77 	698.798	3288.41	7334   	1061.27
78 	698.798	3284.08	7108.62	1095.31
79 	683.291	3289.21	6826.7 	1108.76
80 	683.291	3294.19	6938.96	1097.33
81 	683.291	3281.87	7046.42	1093.56
82 	683.291	3264.72	7226.96	1084.57
83 	683.291	3266.6 	7268.7 	1089.38
84 	683.291	3274.93	7240.85	1095.94
85 	683.291	3281.17	7015.69	1087.5 
86 	683.291	3253.6 	6911.68	1090.87
87 	678.204	3267.3 	7073.89	1094.67
88 	678.204	3286.03	7773.4 	1109.43
89 	678.204	3288.48	7569.99	1113.64
90 	678.204	3268.43	7317   	1092.6 
91 	678.204	3280.88	7210.84	1070.83
92 	678.204	3265.3 	7210.84	1050.11
93 	678.204	3243.84	6733.96	1058.37
94 	678.204	3250.08	7295.18	1044.2 
95 	678.204	3243.67	7271.44	1054.7 
96 	678.204	3227.84	7271.44	1017.87
97 	678.204	3229.59	7103.79	1050.71
98 	678.204	3207.37	7181.4 	1023.42
99 	678.204	3244.48	7494.02	1036.68
100	678.204	3239.86	7494.02	1062.14
101	678.204	3246.18	7481.99	1041.46
102	678.204	3253.87	7290.31	1051.09
103	678.204	3248.69	6651.48	1039.28
104	678.204	3251.84	6618.88	1053.15
105	678.204	3264.33	7076.46	1068.05
106	678.204	3267.91	7449.73	1072.4 
107	678.204	3242.98	7058.05	1061.7 
108	678.204	3208.21	7860.92	1046.35
109	667.607	3222.14	7844.06	1074.28
110	667.607	3221.49	7371.75	1045.91
111	667.607	3212.21	7028.74	1055.6 
112	667.607	3211.68	7028.74	1040.31
113	667.607	3203.73	6689.94	1017.65
114	667.607	3218.5 	6784.85	1005.61
115	667.607	3224.99	6720.31	1020.82
116	667.607	3232.93	6653.58	1033.43
117	667.607	3228.18	6868.26	1035.3 
118	667.607	3239.85	7221.58	1051.59
119	667.607	3233.98	7221.58	1049.14
120	667.607	3231.98	6946.42	1059.34
121	619.23 	3243.95	7102.74	1082.39
122	619.23 	3249   	6948.55	1069.34
123	619.23 	3252.1 	8335.78	1057.47
124	619.23 	3237.5 	7371.83	1040.66
125	619.23 	3234.76	7435.87	1033.57
126	619.23 	3251.61	6970.62	1033.35
127	588.659	3228.41	7925.64	1044.04
128	588.659	3204.18	7594.53	1049.96
129	588.659	3188.46	7005.32	1026.71
130	588.659	3204.76	6839.49	1052.17
131	588.659	3203.68	7223.94	1052.04
132	588.659	3201.3 	7403.58	1063.99
133	588.659	3219.59	6686.72	1031.04
134	588.659	3228.01	6511.92	1024.87
135	588.659	3237.59	7236.74	1045.04
136	588.659	3195.84	7066   	1055.45
137	588.659	3200.55	6783.49	1046.42
138	588.659	3202.93	6890.58	1022.74
139	588.659	3195.91	7103.51	1029.48
140	588.659	3221.69	7406.96	1024.55
141	588.659	3235.91	6734.85	1027.12
142	588.659	3268.74	6734.85	1033.04
143	588.659	3246.02	6505.05	1061.73
144	588.659	3230.79	6343.41	1043.73
145	588.659	3256.65	7319.88	1055.44
146	573.696	3266.56	6925.58	1057.64
147	573.696	3272.94	6745.78	1085.29
148	573.696	3265.33	6881.22	1073.32
149	553.912	3278.95	6547.07	1053.71
150	553.912	3264.62	6608.59	1052.94
151	553.912	3256.01	6694.66	1015.6 
152	553.912	3246.52	6282.42	1006.53
153	553.912	3249.67	7420.25	1025.58
154	553.912	3236.7 	7290.29	1009.24
155	475.562	3220.8 	6598.46	1018.72
156	463.832	3223.56	7539.73	1049.84
157	463.832	3227.17	7192.11	1046.13
158	463.832	3219.26	7426.16	1043.4 
159	463.832	3224.74	6721.02	1051.82
160	463.832	3252.31	6591.8 	1048.51
161	463.832	3255.41	7075.07	1060.81
162	463.832	3260.49	7650.93	1109.41
163	463.832	3247.99	8379.49	1089.52
164	463.832	3257.03	8557.71	1098.68
165	463.832	3237.25	8109.82	1084.69
166	463.832	3237.86	7490   	1070.33
167	463.832	3198.24	7383.68	1070.29
168	463.832	3185.98	7451.28	1069.03
169	463.832	3186.76	7531.44	1099.69
170	463.832	3178.2 	6546.98	1028.57
171	463.832	3164.33	6812.57	1026   
172	463.832	3181.43	7245.52	1072.49
173	463.832	3200.11	7245.52	1101.47
174	463.832	3181.52	7173.8 	1100.69
175	463.832	3189.9 	7173.6 	1080.8 
176	463.832	3186.92	7591.14	1091.06
177	463.832	3191.35	6836.6 	1101.93
178	463.832	3196.87	6725.26	1071.57
179	463.832	3183.21	6671.68	1071.39
180	463.832	3176.85	7072.05	1070.46
181	463.832	3179.51	6945.67	1061.22
182	463.832	3198.39	7322.83	1073.57
183	463.832	3183.38	7531.86	1032.65
184	463.832	3200.37	7808.49	1017.07
185	463.832	3198.86	7216.54	1050.13
186	463.832	3193.5 	7063.14	1060.39
187	463.832	3182.76	7063.14	1063.15
188	463.832	3170.3 	6908.44	1071.98
189	463.832	3155.84	6908.44	1048.29
190	463.832	3174.36	6214.45	1045.79
191	463.832	3159.02	6551.05	1037.76
192	450.712	3162.5 	6682.13	1035.39
193	450.712	3148.13	6890.93	1040.18
194	450.712	3150.18	7694.25	1078.25
195	450.712	3152.72	7968.01	1086.54
196	450.712	3151.15	7480.97	1113.17
197	450.712	3158.16	7677.07	1122.51
198	450.712	3141.88	7229.84	1080.26
199	450.712	3160.69	6995.42	1032.83
200	450.712	3156.71	6521.1 	1015.35
201	450.712	3153.61	7119.26	1042.9 
202	450.712	3163.16	6564.07	1070.18
203	450.712	3164.3 	7115.91	1090.75
204	450.712	3183.32	6713.04	1095.93
205	450.712	3179.21	6974.34	1067   
206	450.712	3176.55	6743.09	1034.3 
207	450.712	3166.96	6528.76	1058.29
208	450.712	3149.28	7186.14	1028.48
209	450.712	3153.45	7100.78	1050.94
210	450.712	3146.23	6751.48	1021.18
211	450.712	3112.62	6767.52	998.185
212	450.712	3121.76	6681.71	1003.15
213	450.712	3124.98	6681.71	1008.96
214	450.712	3150.99	6581.15	1018.29
215	450.712	3147.43	6564.25	1025.9 
216	450.712	3145.44	6757.67	1062.33
217	450.712	3128.22	6949.82	1057.52
218	450.712	3128.05	7369.9 	1054.13
219	450.712	3130.61	7211.46	1036.15
220	450.712	3135.94	8772.02	1047.14
221	450.712	3122.65	7984.42	1036.42
222	450.712	3139.34	7874.56	1051.34
223	450.712	3139.66	7883.82	1059.1 
224	450.712	3137.87	6786.62	1064.15
225	450.712	3132.52	6467.8 	1047.2 
226	450.712	3133.36	6701.65	1022.98
227	450.712	3133.41	7453.18	1040.9 
228	450.712	3115.74	7048.1 	1052.2 
229	450.065	3127.22	6950.37	1039.2 
230	450.065	3149.83	7263.4 	1043.46
231	450.065	3154.42	7263.4 	1023.38
232	450.065	3169.15	6836.51	1053.6 
233	450.065	3162.05	6881.3 	1055.52
234	450.065	3165.3 	7497.64	1065.3 
235	450.065	3163.61	6918.23	1077.09
236	450.065	3168.34	7735.61	1060.98
237	450.065	3160.94	7855.39	1092.02
238	450.065	3138.67	6975.81	1069.54
239	450.065	3122.69	6837.43	1050.79
240	450.065	3128.99	6483.03	1055.32
241	450.065	3133.53	7046.68	1061.57
242	450.065	3161.36	6566.89	1060.83
243	450.065	3145.17	6793.74	1062.44
244	450.065	3146.88	7223.14	1028.94
245	450.065	3138.15	6498.7 	1015.42
246	450.065	3124.37	6941.09	998.539
247	450.065	3099.28	7581.89	1016.14
248	450.065	3115.77	7196.87	1012.9 
249	450.065	3120.32	7271.95	1046.18
250	450.065	3135.59	6714.7 	1037.15
251	450.065	3116.78	7203.83	1054.06
252	450.065	3113.07	6673.81	1048   
253	450.065	3100.84	6523.15	1003.78
254	450.065	3096.32	7061.53	1010.07
255	450.065	3086.36	7373.13	1045.59
256	450.065	3080   	7112.48	1039.24
257	408.787	3110.31	7307.09	1044.15
258	408.787	3112.09	7055.29	1060.68
259	408.787	3084.97	7218.37	1045.01
260	383.933	3091.24	7409.56	1056.09
261	383.933	3100.91	7231.47	1046.66
262	383.933	3091.14	6827.32	1011.66
263	383.933	3076.17	6548.83	1025.61
264	383.933	3075.03	6502.16	1029.87
265	383.933	3072.26	6491.03	1019.38
266	383.933	3099.07	6828.87	1043.18
267	383.933	3107.54	6828.87	1073.03
268	383.933	3110.09	6473.47	1022.88
269	383.933	3113.87	6551.88	1055.14
270	383.933	3117.02	6691.8 	1078.19
271	383.933	3077.82	6687.75	1054.41
272	383.933	3069.61	7344.24	1039.59
273	383.933	3091.08	7235.45	1035.63
274	383.933	3073.57	7443.66	1040.73
275	383.933	3071.1 	6913.51	1048.5 
276	383.933	3059.18	6719.04	1009.54
277	375.892	3066   	6523.78	1019.58
278	375.892	3092.47	6465.43	1042.72
279	375.892	3064.65	7089.92	1034.12
280	375.892	3062.64	7149.87	1067.61
281	375.892	3061.61	6599.29	1055.02
282	375.892	3077.58	6906.63	1083.98
283	375.892	3099.82	7346.8 	1067.5 
284	375.892	3116.16	7561.28	1057.23
285	375.892	3117.38	7088.04	1037.16
286	375.892	3093.94	6707.62	1014   
287	375.892	3101.62	7254.46	1058.88
288	375.892	3083.79	6270.74	1020   
289	375.892	3063.48	6953.57	1027.72
290	375.892	3070.49	6768.61	1029.1 
291	375.892	3065.28	6976.41	1020.92
292	375.892	3061.86	7053.57	1035.86
293	375.892	3051.22	6866.98	1034.04
294	375.892	3037.5 	6807.11	1037.24
295	375.892	3040.73	6986.5 	1067.39
296	375.892	3039.09	6794.53	1049.73
297	375.892	3034.59	7104.89	1037.17
298	375.892	3044.17	7187.6 	1036.33
299	375.892	3065.87	6986.65	1046.47
300	375.892	3079.83	6573.95	1054.11
301	375.892	3080.26	7096.9 	1091.31
302	375.892	3061.82	6395.12	1051.04
303	375.892	3090.22	7244.11	1067.49
304	375.892	3087.33	6717.54	1048.46
305	375.892	3062.48	6536.92	973.234
306	375.892	3088.74	7322.8 	1016.88
307	375.892	3064.68	7334.04	995.022
308	375.892	3084.93	7543.24	1021.09
309	375.892	3086.65	6775.34	1000.97
310	375.892	3093.34	7112.55	1006.58
311	375.892	3104.16	6754.14	1038.72
312	375.892	3073.19	6918.91	1012.85
313	375.892	3096.68	7032.26	1041.79
314	375.892	3079.68	6533.01	1027.2 
315	375.892	3061.96	7074.57	1034.8 
316	375.892	3082.66	7632.05	1032.04
317	351.507	3098.73	7179.79	1099.15
318	351.507	3089.71	7922   	1085.08
319	351.507	3100.13	7067.46	1096.1 
320	351.507	3087.91	7169.8 	1094.23
321	351.507	3108.11	6995.26	1059.57
322	351.507	3072.1 	6957.48	1069.93
323	351.507	3107.52	6956.78	1085.97
324	351.507	3117.13	6894.11	1121.07
325	351.507	3112.36	7340.04	1105.92
326	351.507	3089.29	6867.85	1057.24
327	351.507	3091.84	6399.31	1042.75
328	351.507	3068.57	7197.89	1049.59
329	351.507	3049.28	7187.96	1073.39
330	351.507	3041.34	6650.73	1057.97
331	351.507	3038.79	6738.27	1040.51
332	351.507	3015.12	6707.47	1024.29
333	351.507	3002.79	6492.56	992.359
334	351.507	2997.09	6505.84	977.539
335	351.507	3001.32	6071.49	973.392
336	351.507	3044.74	6206.3 	977.124
337	351.507	3000.66	6758.09	954.083
338	351.507	3035.42	6758.09	1001.16
339	351.507	3033.48	6677.3 	995.368
340	351.507	3052.61	6389.8 	1014.19
341	351.507	3049.25	6079.7 	1003.12
342	351.507	3049.26	6497.99	986.866
343	351.507	3060.08	6557.78	992.71 
344	351.507	3066.94	6712.12	1036.12
345	351.507	3067.61	7229.91	1084.21
346	351.507	3051.73	7482.83	1097.76
347	323.043	3081.4 	7547.78	1120.84
348	323.043	3067.27	7496.15	1122.1 
349	323.043	3036.47	7379.59	1137.01
350	323.043	3036.83	7825.07	1122.44
351	323.043	3033.1 	8037.05	1129.73
352	312.301	2985.18	7402.29	1093.4 
353	312.301	2967.16	7426.09	1080.88
354	312.301	2983.99	6836.18	1064.9 
355	312.301	2990.7 	6570.25	1023.84
356	312.301	2966.03	7294.03	1035.44
357	312.301	2989.17	6876.87	1046.03
358	312.301	2984.94	6671.76	1050.71
359	312.301	2995.24	6568.4 	1051.61
360	312.301	3031.66	6232.39	1062.81
361	312.301	3054.83	7059.23	1066.35
362	312.301	3010.74	6888.45	1043.28
363	312.301	3062.05	6894.9 	1081.73
364	312.301	3060.85	6807.09	1067.26
365	312.301	3032.99	7745.74	1037.13
366	312.301	2986.67	7309.36	1025.16
367	312.301	2993.43	6751.49	1033.17
368	312.301	3016.74	7405.42	1051.78
369	312.301	3007.49	7203.05	1036.93
370	312.301	3018.39	7069.74	1076.72
371	312.301	3025.93	6597.62	1034.86
372	312.301	3029.79	6386.05	1023.46
373	312.301	3024.46	7310.15	1027.92
374	312.301	3013.77	7138.73	1039.38
375	312.301	3009.07	7503.21	1046.83
376	312.301	3005.61	6613.92	1044.71
377	312.301	3000.65	7395.64	1033.5 
378	312.301	3019.3 	6843.37	1062.38
379	312.301	2995.6 	7153.22	1063.27
380	312.301	2973.95	6817.53	1037.1 
381	312.301	2954.99	7319.84	1021.09
382	312.301	2936.42	6346.14	1013.75
383	312.301	2959.42	6600.7 	1023.74
384	312.301	2960.01	6486.69	979.49 
385	312.301	2936.06	6497.72	982.294
386	312.301	2950.71	7214.93	1002.82
387	312.301	2947.42	6977.5 	977.884
388	312.301	2970.3 	7248.6 	1021.4 
389	312.301	2990.46	6917.85	1046.12
390	312.301	2996.03	7003.27	1045.86
391	312.301	2983.28	6984.05	995.509
392	312.301	2976.93	7077.75	1030.99
393	312.301	2976.7 	6580.93	1018.22
394	312.301	2966.72	6486.18	1006.17
395	312.301	2986.41	7616.23	1062.11
396	312.301	3000.61	7294.72	1091.31
397	312.301	2972.51	6935.24	1074.15
398	312.301	2964.45	6698.93	1053.02
399	312.301	2971.19	7259.37	1070.28
400	312.301	2965.59	6914.83	1096.4 
401	312.301	2924.28	7096.38	1065.01
402	312.301	2964.44	7192.27	1081.87
403	312.301	2948.46	6208.32	1054.25
404	312.301	2945.44	6244.77	1056.5 
405	312.301	2967.88	7368.02	1089.93
406	312.301	2971.99	7577.22	1119.42
407	312.301	2991.35	6899.56	1087.61
408	312.301	2997.24	7306.82	1110.85
409	312.301	2982.88	6852.46	1068.17
410	312.301	2995.86	6719.47	1067.76
411	312.301	2976.79	6911.46	1049.03
412	312.301	3002.64	7115.07	1058.99
413	312.301	3016.75	7691.12	1081.64
414	312.301	3020.89	7949.7 	1109.05
415	312.301	3023.7 	7056.92	1066.99
416	312.301	3018.93	7106.63	1049.34
417	312.301	3013.33	6624.5 	1040.48
418	312.301	3003.27	7215.51	1066.03
419	312.301	2989.86	7040.06	1027.22
420	312.301	2962.81	6879.15	1021.14
421	312.301	2966.53	6879.15	1019.09
422	312.301	2953.97	7088.91	1000.71
423	312.301	2954.49	7518.94	1019.63
424	312.301	2928.32	7617.49	1008.33
425	312.301	2936.53	8041.47	1023.75
426	312.301	2930.52	7590.84	1032.2 
427	312.301	2918.99	7294.66	1028.59
428	312.301	2904.24	6896.15	1036.17
429	312.301	2935.92	7010.94	1074.38
430	312.301	2950.09	6774.09	1080.11
431	312.301	2931.19	7208.69	1057.45
432	312.301	2941.18	7479.06	1062.93
433	312.301	2953.34	6996.33	1052.21
434	312.301	2953.41	6275.91	1054.54
435	312.301	2974.96	7476.53	1076.82
436	312.301	2968.14	7440.54	1051.06
437	312.301	2957.5 	6582.51	1032.45
438	312.301	2957.23	6597.69	1063.33
439	312.301	2961.79	7547.46	1083.01
440	312.301	2949.65	8488.71	1093.13
441	312.301	2946.32	8405.95	1081.95
442	312.301	2928.87	8174.01	1069.41
443	312.301	2915.53	7679.11	1050.76
444	312.301	2898.22	7626.03	1071.19
445	312.301	2913.86	6400.08	1042.8 
446	312.301	2899.84	6559.61	1058.86
447	312.301	2890.3 	6674.39	1069.4 
448	312.301	2881.61	7151.01	1069.9 
449	312.301	2854.06	7198.92	1066.66
450	312.301	2873.28	7217.75	1073.65
451	312.301	2887.05	7441.69	1055.33
452	312.301	2879.37	6990.96	1017.04
453	312.301	2886.69	7160.05	1026.62
454	312.301	2887.29	7195.52	1035.36
455	312.301	2899.4 	6972.52	1043.56
456	312.301	2909.29	7076.8 	1028.05
457	312.301	2924.09	7355.73	1066.93
458	312.301	2930.36	7355.73	1069.37
459	312.301	2935.28	8052.18	1082.88
460	312.301	2937.61	7773.91	1086.91
461	312.301	2927.7 	7531.7 	1064.15
462	312.301	2964.31	6831.09	1084.43
463	312.301	2962.81	6940.9 	1103.45
464	312.301	2916.01	6940.77	1072.74
465	312.301	2934.38	6863.34	1083.27
466	312.301	2935.39	6863.34	1091.71
467	312.301	2936.66	6825.27	1077.74
468	312.301	2929.9 	6867.03	1055.94
469	312.301	2919.07	6867.03	1065.65
470	312.301	2933.8 	6258.8 	1057.92
471	312.301	2944.58	6342.27	1064.62
472	312.301	2949.28	6474.73	1037.7 
473	310.039	2958.05	6877.12	1069.09
474	310.039	2960.31	6798.33	1072.8 
475	310.039	2930.12	7091.77	1066.23
476	310.039	2915.05	6597.37	1067.42
477	310.039	2918.45	7263.31	1090.04
478	310.039	2903.12	7293.22	1032.56
479	310.039	2883.55	7315.37	1051.51
480	310.039	2842.43	6400.53	980.594
481	310.039	2869.45	6532.05	1022.04
482	310.039	2871.64	6724.96	1013.25
483	310.039	2864.29	7306.42	1027.51
484	310.039	2859.43	6905.92	1033.66
485	310.039	2879.16	6916.66	1044.07
486	310.039	2899.38	6750.37	1037.02
487	310.039	2885.62	6138.39	1040.88
488	310.039	2867.1 	6098.08	1030.45
489	310.039	2886.53	7926.27	1049.02
490	310.039	2862.61	7950.78	1027.12
491	310.039	2858.22	7149.42	1027.23
492	310.039	2872.83	6704.34	1015.07
493	310.039	2868.86	7047.03	1020.48
494	310.039	2876.11	6757.29	1039.75
495	310.039	2907.51	6746.75	1069.36
496	310.039	2924.75	6889.07	1083.45
497	310.039	2917.6 	6813.72	1042.35
498	310.039	2930.21	6777.69	1062.6 
499	310.039	2919.79	7144.93	1048.7 
92.94000001
