/usr/lib/python2.7/site-packages/deap/tools/_hypervolume/pyhv.py:33: ImportWarning: Falling back to the python version of hypervolume module. Expect this to be very slow.
  "module. Expect this to be very slow.", ImportWarning)
gen	min   	avg   	max        	std   
0  	225207	868658	1.59523e+06	254207
1  	225207	867397	1.58467e+06	255927
2  	225207	870110	1.71413e+06	257801
3  	225207	871873	1.69585e+06	260608
4  	225207	872282	1.69585e+06	264519
5  	211430	872496	1.62926e+06	257406
6  	211430	872803	1.65189e+06	261739
7  	211430	873688	1.69768e+06	265259
8  	205650	874612	1.68102e+06	267695
9  	205650	873237	1.72906e+06	270653
10 	205650	875685	2.26221e+06	269399
11 	205650	876446	1.90268e+06	272145
12 	205650	875175	1.90992e+06	276096
13 	205650	874024	1.82158e+06	276236
14 	205650	876206	1.78777e+06	276150
15 	120914	878057	1.8416e+06 	276475
16 	100920	879730	1.86126e+06	278839
17 	87131.2	879630	1.78281e+06	270175
18 	87131.2	880676	1.7191e+06 	272600
19 	87131.2	880786	1.78763e+06	274023
20 	87131.2	881277	1.7595e+06 	270207
21 	87131.2	881955	1.85424e+06	273713
22 	87131.2	881897	1.80337e+06	274305
23 	87131.2	882291	1.73537e+06	275817
24 	87131.2	881963	1.76553e+06	279663
25 	85911  	882144	1.77587e+06	277465
26 	85911  	882624	1.69858e+06	274256
27 	85911  	881131	1.81374e+06	274922
28 	85911  	882149	1.78345e+06	276447
29 	52883.9	879888	1.65518e+06	278390
30 	52883.9	878860	1.74957e+06	277404
31 	52883.9	878363	1.74267e+06	277229
32 	52883.9	881400	1.69295e+06	288861
33 	52883.9	881208	1.67001e+06	295679
34 	52883.9	880605	1.72658e+06	294111
35 	52883.9	879668	1.81164e+06	295019
36 	51610.1	881828	1.94611e+06	303134
37 	50288.7	882619	1.92333e+06	304102
38 	49462.4	884348	1.74805e+06	299917
39 	49462.4	882193	1.93171e+06	300325
40 	49462.4	881246	1.80801e+06	302639
41 	49462.4	880272	1.88019e+06	303802
42 	49462.4	881679	1.76379e+06	295835
43 	49462.4	883328	1.90303e+06	297672
44 	49462.4	883599	1.88786e+06	303853
45 	49462.4	883837	1.96249e+06	307551
46 	49462.4	884317	1.88537e+06	309359
47 	48455.8	881586	1.77812e+06	300455
48 	48455.8	880483	1.95549e+06	310081
49 	48455.8	881410	1.82727e+06	307900
50 	48455.8	882116	1.89074e+06	312277
51 	48455.8	880468	1.86211e+06	306863
52 	48455.8	883790	1.81221e+06	298693
53 	48455.8	884174	1.87885e+06	296959
54 	48455.8	885180	1.89425e+06	301301
55 	48455.8	885047	1.91006e+06	306794
56 	48455.8	884662	1.91006e+06	308168
57 	48455.8	884316	2.02343e+06	306389
58 	48455.8	885074	1.96123e+06	308699
59 	48455.8	884263	1.91485e+06	312948
60 	48455.8	883389	1.86882e+06	308178
61 	48455.8	882617	1.79358e+06	303078
62 	48455.8	884619	2.0023e+06 	307686
63 	48455.8	884764	2.01224e+06	308636
64 	45699.6	884165	1.97208e+06	307585
65 	45699.6	884738	1.97655e+06	303358
66 	45699.6	884252	1.91924e+06	306941
67 	45699.6	883821	1.9296e+06 	307043
68 	45699.6	884643	1.96018e+06	312291
69 	45699.6	884266	2.03642e+06	312208
70 	42648.6	883564	2.12983e+06	310894
71 	42648.6	883521	1.85825e+06	307041
72 	42648.6	883212	1.82615e+06	306738
73 	42648.6	882551	1.9343e+06 	306846
74 	27139.8	881109	1.83185e+06	309515
75 	27139.8	882176	1.92782e+06	311586
76 	25945  	882159	2.02031e+06	316950
77 	25945  	884466	1.93743e+06	322431
78 	25945  	887013	1.99371e+06	323435
79 	21612.7	886356	1.98978e+06	325719
80 	21612.7	885518	1.88383e+06	321743
81 	21612.7	885470	1.89395e+06	324922
82 	21612.7	885453	1.95835e+06	320682
83 	21612.7	885667	1.97165e+06	318589
84 	21612.7	883818	1.99983e+06	315189
85 	21612.7	883651	2.23193e+06	316563
86 	21612.7	884476	2.14931e+06	322834
87 	21612.7	883350	2.07741e+06	326415
88 	21612.7	882021	2.14184e+06	328176
89 	21612.7	882053	1.92592e+06	325203
90 	21612.7	882112	1.84845e+06	320939
91 	21612.7	882761	1.94205e+06	318976
92 	20815.6	881913	1.96817e+06	315701
93 	20815.6	881932	1.95007e+06	322952
94 	20815.6	881925	1.88037e+06	324615
95 	20815.6	883339	1.85262e+06	320093
96 	20815.6	883020	1.93778e+06	323716
97 	20815.6	883244	1.844e+06  	322093
98 	20815.6	881161	1.82823e+06	315315
99 	20815.6	882026	1.82334e+06	315058
100	20815.6	882046	1.93784e+06	319855
101	20815.6	878633	1.92747e+06	314778
102	19258.1	879314	1.78525e+06	321332
103	19258.1	877845	1.7976e+06 	323585
104	19258.1	876882	1.94662e+06	322446
105	19258.1	877089	1.89135e+06	328446
106	19258.1	880413	1.9419e+06 	319654
107	19258.1	882816	1.88642e+06	330948
108	19258.1	882922	2.09691e+06	339803
109	19003.3	885740	2.07956e+06	342302
110	19003.3	886355	2.07956e+06	346092
111	19003.3	885701	2.07018e+06	344048
112	19003.3	884045	2.09869e+06	342711
113	19003.3	884023	2.15366e+06	339466
114	19003.3	883071	2.16053e+06	332177
115	19003.3	881790	2.0228e+06 	333085
116	19003.3	882119	2.19554e+06	329591
117	19003.3	881375	1.92225e+06	325539
118	19003.3	881722	2.20168e+06	326970
119	19003.3	881962	2.17905e+06	326892
120	19003.3	882113	2.00305e+06	324685
121	19003.3	880952	1.97344e+06	332523
122	19003.3	880032	2.01955e+06	330424
123	19003.3	879211	1.89872e+06	324183
124	19003.3	879480	2.16315e+06	327968
125	19003.3	876957	2.06917e+06	331645
126	19003.3	874599	1.93477e+06	328411
127	19003.3	875852	1.93477e+06	328357
128	19003.3	874252	1.9052e+06 	333654
129	19003.3	871966	2.05809e+06	335158
130	19003.3	873612	2.06804e+06	329422
131	19003.3	875483	2.03681e+06	337093
132	19003.3	877028	2.14021e+06	344281
133	19003.3	876481	2.09562e+06	336217
134	19003.3	878081	2.05377e+06	331788
135	19003.3	876826	2.05377e+06	332321
136	19003.3	876523	2.05455e+06	338285
137	19003.3	875644	2.21864e+06	336093
138	19003.3	875112	2.27664e+06	335919
139	19003.3	874903	2.03707e+06	338312
140	19003.3	876502	2.03707e+06	345985
141	19003.3	878235	1.99806e+06	343456
142	19003.3	878814	1.97709e+06	340018
143	19003.3	877894	1.98765e+06	337202
144	19003.3	877949	1.98782e+06	339370
145	19003.3	875200	2.12372e+06	341838
146	19003.3	873352	2.10241e+06	347256
147	19003.3	873573	2.00893e+06	348029
148	19003.3	871717	1.9718e+06 	343169
149	19003.3	871934	1.98068e+06	338097
150	19003.3	873728	2.05974e+06	338157
151	19003.3	874629	2.09926e+06	340993
152	19003.3	874115	2.02327e+06	343801
153	19003.3	873727	2.05485e+06	339849
154	19003.3	872941	2.09816e+06	331547
155	19003.3	871659	1.99329e+06	334016
156	19003.3	870077	1.97052e+06	321805
157	19003.3	870275	1.98401e+06	324019
158	19003.3	869535	2.0083e+06 	323140
159	19003.3	871354	2.01063e+06	319971
160	19003.3	870341	2.02699e+06	329362
161	19003.3	870455	1.89685e+06	329727
162	19003.3	870428	1.92623e+06	326257
163	19003.3	867989	1.94375e+06	328520
164	19003.3	869196	1.95544e+06	334221
165	19003.3	866254	1.95544e+06	331380
166	19003.3	866343	1.86605e+06	336743
167	19003.3	868100	1.98485e+06	332166
168	19003.3	865004	1.97663e+06	327523
169	19003.3	863581	1.96771e+06	324799
170	19003.3	862593	1.90968e+06	330503
171	19003.3	862156	1.89605e+06	333048
172	19003.3	863007	2.06187e+06	337673
173	19003.3	863822	2.1206e+06 	335223
174	19003.3	862713	2.1206e+06 	334337
175	19003.3	861140	2.11058e+06	332593
176	19003.3	860688	2.04514e+06	333168
177	19003.3	858976	2.1376e+06 	330732
178	19003.3	858032	2.08077e+06	334012
179	19003.3	857315	2.04754e+06	339125
180	19003.3	856766	2.02815e+06	336441
181	19003.3	857079	1.9464e+06 	335354
182	19003.3	855996	1.93129e+06	342237
183	19003.3	856184	1.93129e+06	345636
184	19003.3	857095	2.07284e+06	342574
185	19003.3	856894	2.0468e+06 	339071
186	18891.5	858022	2.07194e+06	346951
187	18891.5	857358	2.00046e+06	349505
188	18891.5	856826	2.19162e+06	345329
189	18891.5	857979	2.04595e+06	343848
190	18891.5	858686	2.00586e+06	333733
191	18891.5	858980	1.89582e+06	336809
192	18891.5	859281	1.89447e+06	341536
193	18891.5	856337	2.22585e+06	353375
194	18891.5	855314	2.19045e+06	352507
195	18891.5	855291	2.19045e+06	347454
196	18891.5	854363	2.07599e+06	344492
197	18781.5	851345	2.18567e+06	345831
198	18781.5	851181	2.05449e+06	336565
199	18781.5	848978	2.05552e+06	335323
200	18781.5	846211	2.05552e+06	337802
201	18781.5	844988	1.93036e+06	336036
202	18781.5	845494	1.98954e+06	340572
203	18781.5	844000	2.09403e+06	347227
204	18781.5	841556	2.08099e+06	342704
205	18781.5	841550	2.13522e+06	340609
206	18781.5	840012	2.23958e+06	332996
207	18781.5	838531	2.13312e+06	330535
208	18781.5	839598	2.29247e+06	334654
209	18781.5	839200	2.05573e+06	333870
210	18781.5	839787	1.98249e+06	334591
211	17849.8	839069	2.17623e+06	340321
212	17035.4	839448	2.08946e+06	341332
213	17035.4	838904	2.10659e+06	344354
214	17035.4	840754	2.04364e+06	350150
215	17035.4	839918	1.99915e+06	352478
216	17035.4	839215	2.07441e+06	346498
217	17035.4	839315	1.98811e+06	346135
218	17035.4	840126	1.98851e+06	342379
219	17035.4	841222	2.00759e+06	340646
220	17035.4	839860	1.97536e+06	338629
221	17035.4	840756	2.03019e+06	340347
222	17035.4	839241	1.98857e+06	340916
223	17035.4	838807	2.00106e+06	338957
224	17035.4	838080	1.98659e+06	336402
225	17035.4	837565	1.98499e+06	347817
226	17035.4	839096	2.22519e+06	351823
227	17035.4	839964	2.10193e+06	352350
228	17035.4	838315	2.13662e+06	347437
229	16513.8	837666	1.93272e+06	346141
230	16164.8	837934	2.01817e+06	342914
231	15711.8	836716	2.03179e+06	347531
232	15711.8	835328	2.14504e+06	344220
233	15711.8	833252	2.08885e+06	334729
234	15485  	832472	2.14256e+06	344871
235	15485  	832615	2.11488e+06	341628
236	15485  	832938	2.03804e+06	337872
237	15485  	829680	2.02065e+06	339516
238	15485  	831957	2.16649e+06	339316
239	15485  	832834	1.99856e+06	337217
240	15485  	832126	2.02384e+06	336846
241	15485  	833221	2.02987e+06	339059
242	15485  	833691	2.04e+06   	334134
243	15485  	832231	2.01123e+06	330093
244	15485  	830846	2.00455e+06	334036
245	15485  	829715	2.05902e+06	339715
246	15485  	829404	2.00849e+06	343465
247	15485  	828806	2.08708e+06	341368
248	15485  	828003	2.08311e+06	343283
249	15485  	828037	2.14809e+06	342985
250	15485  	828191	2.14809e+06	340444
251	15485  	827935	1.9832e+06 	333813
252	15485  	828986	1.97354e+06	335191
253	15485  	829754	1.97354e+06	323549
254	15485  	827634	1.84999e+06	327125
255	15485  	827952	1.84999e+06	331465
256	15485  	826136	1.99256e+06	342204
257	15485  	823729	1.97978e+06	341493
258	15485  	824036	1.9275e+06 	343588
259	15485  	822073	2.07442e+06	349957
260	15485  	823743	2.2875e+06 	352954
261	15485  	820582	2.04528e+06	354509
262	15193.9	820468	2.17297e+06	358505
263	15193.9	821026	2.1311e+06 	356485
264	15193.9	822494	2.18994e+06	356916
265	14287.4	821476	2.18196e+06	352368
266	14287.4	822783	2.31782e+06	345769
267	14287.4	823326	2.23672e+06	346051
268	14287.4	824169	2.11852e+06	346292
269	14287.4	825598	2.07279e+06	350557
270	14009.8	822168	2.04666e+06	343072
271	14009.8	819584	2.05638e+06	342999
272	14009.8	821891	1.95754e+06	337375
273	14009.8	821406	2.06313e+06	337005
274	14009.8	820274	2.03027e+06	336304
275	14009.8	821110	2.03639e+06	334076
276	14009.8	820084	2.03191e+06	343156
277	13784.8	820198	2.26012e+06	352752
278	13784.8	818633	2.26012e+06	351919
279	13030.1	818227	2.18151e+06	346404
280	12903.8	816165	2.07005e+06	342370
281	12903.8	815035	1.99568e+06	334453
282	12903.8	814821	1.91973e+06	326686
283	12903.8	814063	1.90551e+06	327700
284	12903.8	813248	1.90551e+06	330809
285	12903.8	812291	2.01393e+06	339199
286	12903.8	812399	1.94385e+06	342735
287	12903.8	811773	1.98778e+06	334644
288	12903.8	810938	2.00483e+06	339899
289	12903.8	810545	1.93652e+06	344707
290	12903.8	809771	1.97206e+06	343840
291	12903.8	810783	2.15843e+06	339802
292	12903.8	809716	2.09123e+06	336185
293	12903.8	809033	2.12779e+06	334919
294	12903.8	808321	1.91935e+06	336485
295	12903.8	807174	2.03139e+06	333475
296	12903.8	808238	1.88779e+06	330879
297	12903.8	809347	1.90167e+06	329830
298	12903.8	807893	2.05845e+06	324438
299	12903.8	807767	1.90167e+06	322925
300	12903.8	806701	1.90209e+06	324381
301	12903.8	804648	1.95748e+06	329871
302	12903.8	803702	1.99575e+06	333530
303	12903.8	802571	1.98339e+06	336752
304	12903.8	803464	1.96273e+06	336193
305	12903.8	801855	2.05375e+06	339110
306	12903.8	801171	2.1396e+06 	346556
307	12903.8	799531	2.11033e+06	347435
308	12903.8	798087	2.00877e+06	348074
309	12903.8	796770	2.43572e+06	349614
310	12903.8	798030	2.10015e+06	353866
311	12903.8	796363	2.10015e+06	349679
312	12903.8	796194	1.9857e+06 	348372
313	12903.8	796746	1.95665e+06	346624
314	12903.8	796919	1.93762e+06	348261
315	12903.8	796112	2.06686e+06	347352
316	12502.5	797029	1.96433e+06	345818
317	12502.5	797275	1.96364e+06	345075
318	12502.5	795093	1.95021e+06	343843
319	12502.5	794078	1.94764e+06	333999
320	12502.5	794977	2.06838e+06	326799
321	12502.5	792072	1.93578e+06	331940
322	12502.5	791805	1.91441e+06	338097
323	12502.5	791030	2.03901e+06	336120
324	12502.5	792263	1.97906e+06	337760
325	12502.5	792313	2.01953e+06	344946
326	12502.5	792209	1.9435e+06 	340002
327	12502.5	790459	1.955e+06  	334332
328	12502.5	791016	1.92878e+06	334955
329	12502.5	787790	1.89758e+06	336168
330	12502.5	788028	1.8794e+06 	337908
331	12502.5	788502	1.81291e+06	333880
332	12502.5	790554	1.81291e+06	334393
333	12502.5	792336	2.08299e+06	332768
334	12502.5	791758	2.02187e+06	337118
335	12502.5	791635	1.96133e+06	339969
336	12502.5	790622	1.9999e+06 	345132
337	12502.5	790176	2.05124e+06	348721
338	12502.5	790111	2.1081e+06 	342468
339	12502.5	789495	2.02144e+06	339682
340	12502.5	787903	2.04523e+06	335892
341	12502.5	789883	1.94288e+06	339815
342	12502.5	790445	1.98653e+06	336027
343	12502.5	791034	2.0951e+06 	345740
344	12502.5	788970	2.24729e+06	351001
345	12502.5	788979	2.08341e+06	352783
346	12502.5	789037	1.96472e+06	350673
347	12502.5	787437	1.91936e+06	345571
348	12502.5	786852	2.11409e+06	341634
349	12502.5	785645	1.94494e+06	336044
350	12502.5	782370	2.04254e+06	334433
351	12502.5	782397	1.91643e+06	333993
352	12502.5	783503	1.92228e+06	336129
353	12502.5	782344	1.91949e+06	335564
354	12502.5	782872	1.96117e+06	333107
355	12502.5	783009	1.98415e+06	332264
356	12502.5	781376	2.04261e+06	322181
357	12502.5	780667	1.77232e+06	323813
358	12502.5	779936	1.6882e+06 	322416
359	12502.5	780092	1.92706e+06	324880
360	12502.5	780168	1.8344e+06 	324542
361	12502.5	780204	1.91174e+06	326894
362	12502.5	778305	1.94468e+06	321630
363	12367.9	776638	1.96252e+06	329137
364	12367.9	775616	1.97745e+06	323065
365	12367.9	774179	2.11903e+06	330645
366	12367.9	775429	2.11903e+06	334664
367	12367.9	776505	2.24889e+06	336684
368	12367.9	775664	2.06681e+06	328873
369	12367.9	775680	1.95828e+06	319194
370	12367.9	775044	1.92646e+06	323561
371	12367.9	774185	2.12598e+06	335193
372	12367.9	774475	1.94038e+06	339295
373	12367.9	774932	1.91921e+06	338177
374	12367.9	775019	1.96182e+06	342165
375	12367.9	773926	2.07193e+06	340798
376	12367.9	771953	2.0382e+06 	344286
377	12367.9	772580	1.89218e+06	341698
378	12367.9	770607	1.90585e+06	341128
379	12367.9	771404	1.89379e+06	332993
380	12367.9	769163	2.38232e+06	338852
381	12367.9	767547	2.10152e+06	331196
382	12367.9	766929	2.21763e+06	332617
383	12367.9	765427	2.05702e+06	333102
384	12367.9	765701	1.9288e+06 	324480
385	12367.9	767602	2.31515e+06	329286
386	12367.9	765507	2.15986e+06	330740
387	12367.9	764082	1.90403e+06	330833
388	12367.9	764284	1.78757e+06	327885
389	12367.9	763104	1.88367e+06	325870
390	12367.9	761134	1.82579e+06	327316
391	12367.9	760491	1.78413e+06	332080
392	12367.9	759402	1.90352e+06	338702
393	12367.9	759870	2.18544e+06	341777
394	12367.9	759139	1.9138e+06 	336804
395	12367.9	758991	1.89721e+06	336909
396	12367.9	759695	1.93232e+06	333018
397	12367.9	757719	2.18477e+06	332721
398	12367.9	755835	1.86825e+06	336632
399	12367.9	757474	1.81411e+06	335713
400	12367.9	757629	2.03745e+06	339915
401	12367.9	756533	2.06822e+06	334987
402	12367.9	755001	1.92134e+06	326874
403	12073.4	755781	1.9409e+06 	329914
404	12073.4	755554	1.79051e+06	325748
405	12073.4	756292	1.69532e+06	323068
406	12073.4	757314	1.77513e+06	326873
407	12073.4	757518	1.92315e+06	328808
408	12073.4	758556	1.86364e+06	338278
409	12073.4	757525	1.87082e+06	335429
410	12073.4	757779	1.89609e+06	335639
411	12073.4	758176	1.90279e+06	330463
412	12073.4	756455	1.883e+06  	334083
413	12073.4	756275	2.06268e+06	346328
414	12073.4	758618	1.97262e+06	350190
415	12073.4	759149	2.04979e+06	352437
416	12073.4	755916	1.93497e+06	347834
417	12073.4	753356	2.17236e+06	351190
418	12073.4	754006	2.11345e+06	338571
419	12073.4	753074	1.92921e+06	333523
420	12073.4	753074	1.81566e+06	333468
421	12073.4	753883	1.96615e+06	330138
422	12073.4	754294	1.84189e+06	330637
423	12073.4	754514	1.8397e+06 	326144
424	12073.4	756686	1.87821e+06	336051
425	11886  	756037	1.90173e+06	337408
426	11886  	755243	1.91041e+06	340235
427	11886  	753128	1.86487e+06	335952
428	11886  	752960	1.89125e+06	336420
429	11886  	752446	2.03891e+06	339803
430	11886  	751315	1.97824e+06	343342
431	11886  	751921	1.94031e+06	344086
432	11886  	750918	1.80459e+06	346952
433	11886  	751961	1.88381e+06	346329
434	11673.3	751372	1.96963e+06	345988
435	11673.3	750421	1.99201e+06	351507
436	11673.3	748729	1.99119e+06	358921
437	11673.3	747965	2.37207e+06	358859
438	11673.3	748887	2.30046e+06	355442
439	7699.45	750283	2.08221e+06	350795
440	7699.45	749115	1.98311e+06	351156
441	7114.38	748110	1.95776e+06	347028
442	7114.38	749517	1.98453e+06	346541
443	7114.38	747761	1.97657e+06	340636
444	7114.38	746941	1.94806e+06	340385
445	7114.38	747531	2.16543e+06	338254
446	7114.38	744893	2.157e+06  	337418
447	7114.38	744245	1.90768e+06	332967
448	7114.38	741187	1.9857e+06 	329670
449	7114.38	741266	1.78796e+06	330905
450	7114.38	742448	1.82503e+06	336986
451	7114.38	740988	1.97183e+06	337464
452	7114.38	739623	1.98781e+06	338794
453	7114.38	738514	1.97865e+06	335954
454	7114.38	737818	1.97676e+06	334440
455	7114.38	736274	1.97676e+06	332685
456	7114.38	734221	1.97836e+06	327873
457	7114.38	735080	2.04353e+06	328371
458	7114.38	735759	2.0033e+06 	329434
459	7114.38	735041	1.8432e+06 	331609
460	7114.38	733458	1.7932e+06 	323751
461	6768.25	731066	1.82287e+06	323780
462	6768.25	729817	1.75947e+06	327889
463	6768.25	729168	1.73677e+06	329247
464	6248.65	727809	1.85038e+06	331117
465	6248.65	727663	1.96837e+06	331370
466	6248.65	727986	2.03116e+06	337572
467	6248.65	726933	2.03116e+06	336341
468	6248.65	727028	1.85344e+06	333329
469	6248.65	726359	1.91819e+06	336595
470	6248.65	725617	1.9131e+06 	330953
471	6248.65	725717	1.85145e+06	331453
472	6248.65	724512	1.96718e+06	335360
473	6248.65	720833	1.96683e+06	335855
474	6248.65	718924	1.94353e+06	340402
475	6248.65	718296	1.8881e+06 	335625
476	6248.65	717828	1.90444e+06	336841
477	6248.65	717602	1.92219e+06	327292
478	6248.65	717371	1.89312e+06	328981
479	6248.65	714909	1.87926e+06	328046
480	6248.65	714466	2.16777e+06	338128
481	6248.65	714969	1.87228e+06	328440
482	6248.65	714272	1.92706e+06	327665
483	5965.51	714578	1.93425e+06	325028
484	5965.51	712340	1.89158e+06	324114
485	5965.51	712866	1.86236e+06	325327
486	5965.51	712775	1.7316e+06 	323258
487	5965.51	713514	1.95109e+06	323718
488	5965.51	713466	1.97374e+06	333008
489	5965.51	713096	1.9885e+06 	334280
490	5965.51	714813	2.1819e+06 	340787
491	5965.51	714451	2.10689e+06	336982
492	5965.51	713042	2.09786e+06	334247
493	5934.32	712626	2.00838e+06	327563
494	5934.32	710825	1.91794e+06	328778
495	5934.32	709702	1.93789e+06	330557
496	5934.32	708574	1.86504e+06	326510
497	5934.32	709758	1.80759e+06	319698
498	5805.9 	709432	1.76881e+06	316917
499	5773.03	707038	1.81406e+06	325739
149.15000001
