/usr/lib/python2.7/site-packages/deap/tools/_hypervolume/pyhv.py:33: ImportWarning: Falling back to the python version of hypervolume module. Expect this to be very slow.
  "module. Expect this to be very slow.", ImportWarning)
gen	min   	avg   	max        	std   
0  	222302	878030	1.70237e+06	257915
1  	222302	878180	1.74028e+06	259789
2  	222302	880673	1.72612e+06	257714
3  	222302	880747	1.71751e+06	255548
4  	222302	882350	1.86566e+06	259622
5  	222302	883060	1.86566e+06	257833
6  	220277	885068	1.86566e+06	264912
7  	220277	883510	2.08692e+06	266064
8  	220277	881870	1.92745e+06	268169
9  	220277	881304	1.79134e+06	264933
10 	180873	883084	1.67548e+06	263015
11 	180873	882222	1.66173e+06	258653
12 	180873	883429	1.74672e+06	261628
13 	180873	884967	1.66833e+06	260050
14 	180873	884651	1.66833e+06	261212
15 	180873	885482	1.69556e+06	265947
16 	180873	886135	1.82775e+06	279081
17 	180873	887339	1.89672e+06	272682
18 	169328	886547	1.84395e+06	277577
19 	169328	885503	1.80538e+06	270154
20 	169328	885792	1.80538e+06	274917
21 	169328	884799	1.84098e+06	274091
22 	169328	884985	1.76511e+06	281179
23 	157544	885570	1.97266e+06	284124
24 	144526	885636	2.09345e+06	285206
25 	116362	886797	1.87577e+06	282127
26 	116362	889887	1.80096e+06	283317
27 	102692	889654	1.84168e+06	284267
28 	102692	889208	2.12892e+06	287964
29 	102692	887581	1.83413e+06	290665
30 	102692	887647	1.83279e+06	292394
31 	102692	887738	1.8529e+06 	289143
32 	102692	888416	1.81201e+06	286977
33 	102692	888008	1.78258e+06	287779
34 	102692	885329	1.7867e+06 	290242
35 	102692	882694	1.94547e+06	296357
36 	102692	882805	1.81204e+06	295189
37 	102692	884093	1.81758e+06	291942
38 	102692	884264	1.89444e+06	288290
39 	102692	883491	1.85539e+06	294955
40 	102692	886447	1.80378e+06	295571
41 	102692	884973	1.80714e+06	294649
42 	102692	886441	1.81722e+06	294587
43 	100423	885500	1.79148e+06	293621
44 	100423	885511	1.85577e+06	295415
45 	99584.2	885257	1.72407e+06	298758
46 	82426.7	885948	1.78088e+06	300551
47 	82426.7	883853	1.79991e+06	305388
48 	82426.7	884131	1.8032e+06 	306134
49 	82426.7	883720	1.85988e+06	311188
50 	82426.7	883145	1.89845e+06	307180
51 	82426.7	882185	1.84748e+06	305244
52 	82426.7	880332	1.77207e+06	307536
53 	82426.7	880331	1.84771e+06	305067
54 	82426.7	878484	1.80609e+06	296556
55 	82426.7	880240	1.80965e+06	293839
56 	82426.7	879757	1.79411e+06	293285
57 	82426.7	877898	1.79544e+06	289981
58 	82426.7	877034	1.76365e+06	285649
59 	82426.7	874774	1.70938e+06	285457
60 	82426.7	874509	1.75506e+06	289210
61 	79597.3	875030	1.77254e+06	288618
62 	79597.3	874087	1.80843e+06	285409
63 	79597.3	871870	1.83113e+06	288747
64 	79597.3	871217	1.90312e+06	292687
65 	79597.3	870165	2.13077e+06	292643
66 	74475.9	870600	2.09469e+06	289738
67 	74475.9	872195	1.79328e+06	285913
68 	74475.9	870637	1.86257e+06	286721
69 	74003.5	871111	1.96814e+06	285846
70 	73856.9	870518	1.88156e+06	287212
71 	73856.9	870863	1.85158e+06	286525
72 	73856.9	871911	1.84789e+06	283517
73 	73856.9	872789	1.81594e+06	293193
74 	73856.9	873868	1.8089e+06 	297225
75 	73856.9	871674	1.91431e+06	291068
76 	73856.9	870814	1.92608e+06	299251
77 	73856.9	870482	1.84446e+06	294646
78 	73856.9	871845	1.89408e+06	296165
79 	73856.9	871045	1.85118e+06	290937
80 	73856.9	872954	1.91716e+06	294284
81 	73856.9	873958	1.97098e+06	298932
82 	73856.9	873538	1.80439e+06	295082
83 	54309.3	871028	1.73071e+06	293231
84 	54309.3	871698	1.88439e+06	293121
85 	54309.3	872030	1.86629e+06	296479
86 	54309.3	871301	1.86586e+06	298280
87 	54309.3	870347	2.03806e+06	297962
88 	54309.3	869873	1.77562e+06	297591
89 	54309.3	870445	1.73534e+06	294188
90 	54309.3	867878	1.73062e+06	294060
91 	54309.3	867153	1.70863e+06	294325
92 	54309.3	868088	1.7439e+06 	290998
93 	54309.3	867220	1.74137e+06	295400
94 	54309.3	866222	1.78128e+06	294864
95 	54309.3	865957	1.81517e+06	298778
96 	54309.3	864018	1.76497e+06	300395
97 	54309.3	864344	1.89422e+06	302056
98 	54309.3	867327	1.75077e+06	300189
99 	54309.3	864701	1.77715e+06	302258
100	54309.3	866265	1.76596e+06	301024
101	54309.3	865507	1.83361e+06	306164
102	54309.3	864294	1.91024e+06	305574
103	54309.3	864792	1.97244e+06	305415
104	54309.3	865277	1.79989e+06	307263
105	54309.3	863926	1.85114e+06	303711
106	54309.3	863479	1.88742e+06	306080
107	54309.3	863692	1.88742e+06	301678
108	54309.3	863471	1.89343e+06	298596
109	54309.3	864436	1.788e+06  	296186
110	54309.3	864986	1.90117e+06	305975
111	54309.3	862968	1.90593e+06	308272
112	54309.3	862829	2.02925e+06	307917
113	53440.8	863245	1.98876e+06	315635
114	53440.8	863972	1.97115e+06	323390
115	53440.8	862951	1.92208e+06	326984
116	53440.8	861680	1.94178e+06	330156
117	53440.8	862130	1.90961e+06	326513
118	53440.8	862986	1.94468e+06	319470
119	53440.8	862650	1.90791e+06	316566
120	46765.6	862604	1.82211e+06	314171
121	46765.6	862754	1.86618e+06	305849
122	46765.6	862600	1.83044e+06	305892
123	46765.6	862772	1.87719e+06	311243
124	46765.6	860653	1.94328e+06	308982
125	46765.6	860018	1.89305e+06	303899
126	46765.6	858220	1.86848e+06	303638
127	46765.6	858037	1.90338e+06	308879
128	46765.6	858527	1.88038e+06	313011
129	46765.6	856904	2.02001e+06	316815
130	46765.6	860081	2.01438e+06	317287
131	40798.3	861624	2.08199e+06	322340
132	40798.3	861758	2.07304e+06	329478
133	40798.3	860587	2.065e+06  	327124
134	40798.3	860900	1.99001e+06	325967
135	40798.3	860507	1.91342e+06	320289
136	40798.3	859454	1.87257e+06	321333
137	40798.3	858423	2.06444e+06	324299
138	40798.3	857011	1.9479e+06 	318433
139	40798.3	858177	1.81768e+06	316063
140	40798.3	857453	1.85499e+06	320563
141	40798.3	857199	1.99331e+06	325959
142	40798.3	858740	1.97049e+06	322964
143	40798.3	858674	1.88911e+06	319239
144	40798.3	857587	1.83223e+06	322068
145	40798.3	856803	1.94945e+06	325967
146	40798.3	856715	1.90793e+06	332341
147	39011.6	858305	1.85945e+06	326917
148	36551.3	858532	1.85979e+06	323595
149	36551.3	857488	1.95101e+06	331005
150	36551.3	858103	1.88167e+06	324633
151	36551.3	857246	1.79705e+06	330359
152	36551.3	858481	1.82768e+06	326644
153	36551.3	857040	1.85111e+06	327103
154	36551.3	858366	1.86236e+06	329356
155	36551.3	857773	1.95848e+06	330455
156	36551.3	858631	2.11948e+06	328572
157	36551.3	857836	1.90703e+06	326071
158	36551.3	857228	1.87145e+06	319620
159	36551.3	856649	1.93652e+06	321440
160	36551.3	857270	1.93749e+06	320931
161	36551.3	855151	1.93043e+06	317303
162	36551.3	854285	2.10239e+06	319312
163	36551.3	852635	2.03279e+06	320577
164	36551.3	851038	2.03744e+06	326497
165	29554.6	849878	2.07617e+06	329073
166	29554.6	850542	1.98147e+06	331870
167	29554.6	849843	2.3249e+06 	336668
168	25100.7	851752	2.15042e+06	331850
169	25100.7	850434	2.12995e+06	334252
170	25100.7	847389	2.34435e+06	340190
171	25100.7	847469	1.95219e+06	333963
172	25100.7	847174	1.93134e+06	333227
173	25100.7	848263	1.91718e+06	335642
174	25100.7	847530	2.02379e+06	332540
175	25100.7	845997	2.01865e+06	338922
176	25100.7	845446	1.97079e+06	336743
177	25100.7	844479	1.99272e+06	334061
178	25100.7	843992	1.97436e+06	335920
179	25100.7	844898	1.81238e+06	337898
180	25100.7	845317	2.05184e+06	337682
181	25100.7	844357	2.06264e+06	335451
182	25100.7	843903	2.01803e+06	337980
183	25100.7	844498	2.01655e+06	339201
184	25100.7	844869	2.04871e+06	344276
185	25100.7	846726	1.9716e+06 	340742
186	25100.7	847526	1.95716e+06	341700
187	25100.7	846978	2.22439e+06	340760
188	25100.7	846863	2.27297e+06	337161
189	25100.7	843995	1.86636e+06	334872
190	25100.7	844036	1.88575e+06	331581
191	25100.7	844141	1.93477e+06	331861
192	25100.7	843007	2.17046e+06	335431
193	25100.7	842693	1.91629e+06	330346
194	25100.7	843149	2.06148e+06	323141
195	25100.7	842654	1.88898e+06	321609
196	25100.7	842082	1.90538e+06	320409
197	25100.7	841362	1.98384e+06	319474
198	25100.7	838840	2.07637e+06	322152
199	25100.7	836577	2.12314e+06	323228
200	25100.7	837171	1.93625e+06	320364
201	25100.7	839701	2.08405e+06	323481
202	25100.7	840986	2.0318e+06 	325566
203	25100.7	839905	1.86793e+06	323004
204	25100.7	839344	1.83466e+06	321448
205	25100.7	838629	1.92477e+06	325082
206	25100.7	837836	2.00729e+06	328233
207	25100.7	837275	1.92628e+06	332358
208	25100.7	839071	1.91976e+06	331476
209	25100.7	838436	2.08654e+06	336257
210	25100.7	838900	1.97921e+06	331493
211	25100.7	840025	1.95029e+06	331028
212	25100.7	840656	1.89663e+06	334203
213	25100.7	841075	1.82213e+06	337900
214	23175.1	840564	1.91931e+06	343027
215	23175.1	839384	2.16453e+06	353674
216	23175.1	837207	2.14116e+06	357654
217	19078  	836777	2.06921e+06	358686
218	19078  	835510	1.98934e+06	353619
219	19078  	834797	2.22459e+06	361609
220	19078  	835603	2.10773e+06	354933
221	19078  	835794	2.13864e+06	351122
222	19078  	834451	2.15701e+06	344106
223	18816  	834946	2.00762e+06	339900
224	18816  	836498	2.00762e+06	340588
225	18816  	836358	2.11296e+06	346776
226	18816  	835531	2.10148e+06	351833
227	18816  	836688	2.16111e+06	352583
228	18816  	835840	2.0976e+06 	352481
229	18816  	835284	2.09649e+06	347130
230	18816  	834183	2.09912e+06	343280
231	18816  	834838	2.1681e+06 	337973
232	18816  	835054	2.13631e+06	337539
233	18816  	834456	1.92273e+06	338548
234	15362  	836054	2.05566e+06	342524
235	15362  	834946	2.01052e+06	341887
236	15362  	833298	2.00058e+06	343572
237	15362  	830626	2.54814e+06	343519
238	15362  	828108	2.08704e+06	341982
239	15362  	827330	2.13629e+06	337473
240	15362  	827177	1.97453e+06	332595
241	15362  	826801	1.97019e+06	329523
242	13777.4	825301	1.88278e+06	335275
243	13777.4	824511	2.06696e+06	336056
244	13777.4	822159	1.93705e+06	332175
245	13777.4	822716	2.10469e+06	333523
246	13777.4	822084	2.0937e+06 	338754
247	13777.4	821481	2.00299e+06	335068
248	13777.4	821436	1.98045e+06	337294
249	13777.4	821898	2.01779e+06	338691
250	13777.4	821121	2.04078e+06	341755
251	13777.4	821313	1.8697e+06 	339573
252	13777.4	821484	1.99996e+06	344321
253	13777.4	821399	1.96059e+06	343186
254	13777.4	822251	1.84128e+06	339451
255	13777.4	823549	2.43999e+06	346891
256	13777.4	824112	2.00557e+06	346035
257	13777.4	825350	1.94991e+06	344254
258	13777.4	824807	1.97442e+06	340088
259	13777.4	826334	1.97442e+06	339559
260	13777.4	827319	1.9754e+06 	342820
261	13777.4	826568	1.95007e+06	342326
262	13777.4	828357	1.92336e+06	344594
263	13777.4	828103	1.96774e+06	348706
264	13777.4	827015	2.13439e+06	355845
265	13777.4	827888	2.07756e+06	358373
266	13777.4	828436	2.0715e+06 	355866
267	13777.4	825996	2.06681e+06	354968
268	13777.4	825790	2.08833e+06	351246
269	13777.4	825152	1.95775e+06	346634
270	13777.4	826821	1.79828e+06	349867
271	13777.4	825859	1.88192e+06	343677
272	13777.4	824126	1.96293e+06	344530
273	13777.4	824103	2.24711e+06	342818
274	13777.4	823245	2.17722e+06	339798
275	13777.4	824374	1.94723e+06	333521
276	13777.4	824596	2.41699e+06	338679
277	13777.4	821580	2.23002e+06	341444
278	13777.4	820439	2.02198e+06	340051
279	13777.4	819468	1.95132e+06	338333
280	13777.4	819734	1.90211e+06	337699
281	13777.4	819374	1.99363e+06	336142
282	13777.4	818550	1.85097e+06	328781
283	13777.4	818550	1.82439e+06	325921
284	13777.4	817225	1.84344e+06	331408
285	13777.4	815247	2.14877e+06	333454
286	13777.4	815748	1.99549e+06	332312
287	13777.4	815336	1.97271e+06	333157
288	13777.4	815427	1.92363e+06	331503
289	13777.4	816264	2.04393e+06	338978
290	13777.4	813619	2.24789e+06	336417
291	13777.4	813183	2.12931e+06	334915
292	13777.4	814290	2.09967e+06	333632
293	13777.4	812843	1.92662e+06	325010
294	13777.4	811199	2.12186e+06	330964
295	13777.4	809136	1.87281e+06	320542
296	13777.4	807677	1.94326e+06	328079
297	13777.4	806015	1.97402e+06	329573
298	13777.4	804549	2.1499e+06 	332031
299	13777.4	805106	1.82482e+06	342387
300	13777.4	803115	1.81481e+06	336628
301	13777.4	802256	1.92272e+06	341303
302	13777.4	800887	2.00984e+06	341149
303	13777.4	800581	2.01167e+06	339194
304	13777.4	799868	1.9689e+06 	336487
305	13777.4	797942	1.9816e+06 	333365
306	13777.4	798338	1.84447e+06	324680
307	13777.4	797240	1.8898e+06 	322777
308	13777.4	797335	1.84883e+06	328213
309	13777.4	798031	1.89562e+06	323963
310	13777.4	796225	1.82629e+06	330031
311	13777.4	797191	1.86057e+06	329743
312	13777.4	796474	1.94203e+06	336906
313	13777.4	797123	1.96864e+06	334021
314	13777.4	797628	1.94045e+06	338566
315	13777.4	795864	1.95669e+06	340252
316	13777.4	794163	1.89902e+06	339344
317	13777.4	790867	2.1131e+06 	340830
318	13777.4	789027	1.90206e+06	338255
319	13777.4	788432	1.89209e+06	344221
320	13777.4	787739	2.02456e+06	342821
321	13777.4	786234	1.97591e+06	339442
322	13777.4	786402	1.93563e+06	333912
323	13777.4	786029	1.91393e+06	326079
324	13777.4	783757	1.86077e+06	332170
325	13777.4	781447	2.20191e+06	327942
326	13777.4	783104	2.10376e+06	321532
327	13777.4	783597	2.05411e+06	326125
328	13777.4	783153	1.76472e+06	324236
329	13777.4	782207	1.8125e+06 	323663
330	13777.4	781136	1.84509e+06	326802
331	13777.4	780216	1.96965e+06	327917
332	13777.4	780342	1.90678e+06	320602
333	13777.4	778909	1.72811e+06	316334
334	13777.4	778405	1.74464e+06	320035
335	13777.4	777594	2.03936e+06	323731
336	13777.4	776314	1.95748e+06	318954
337	13777.4	776493	1.83918e+06	319539
338	13777.4	776603	1.82695e+06	315282
339	13777.4	775276	1.69501e+06	318424
340	13777.4	773140	1.79328e+06	319620
341	13777.4	771718	1.84339e+06	322801
342	13777.4	773240	1.80482e+06	321925
343	13777.4	771937	1.80911e+06	318530
344	13777.4	772650	1.8194e+06 	319751
345	13777.4	771111	1.89213e+06	323711
346	13777.4	769523	2.07595e+06	322562
347	13777.4	768087	1.9949e+06 	324971
348	13777.4	767464	1.84947e+06	326820
349	13777.4	767840	1.90748e+06	317736
350	13777.4	770027	1.85572e+06	321609
351	13777.4	769945	1.87538e+06	330286
352	13777.4	769187	1.81143e+06	326394
353	13777.4	767643	1.81337e+06	326785
354	13704.8	769063	1.93328e+06	334853
355	13704.8	768196	1.79075e+06	326113
356	13704.8	767626	2.09751e+06	327921
357	13704.8	767012	2.00642e+06	332103
358	13704.8	765973	1.96223e+06	339756
359	13704.8	766302	1.82321e+06	337770
360	13704.8	766461	1.89013e+06	333588
361	13704.8	763810	1.90566e+06	337057
362	13704.8	762111	1.97227e+06	333874
363	13704.8	762094	1.86724e+06	331725
364	13704.8	762694	1.93563e+06	335724
365	13688.7	762210	1.94517e+06	340024
366	13688.7	761256	1.91959e+06	337200
367	13688.7	761271	1.99454e+06	336163
368	13688.7	758993	1.96206e+06	336551
369	13688.7	760641	2.01986e+06	335632
370	13688.7	758954	1.98874e+06	336549
371	13688.7	757971	2.40492e+06	341860
372	13688.7	757268	1.97625e+06	334314
373	13688.7	755259	1.83401e+06	333253
374	13688.7	755630	1.85698e+06	329117
375	13688.7	755661	1.77425e+06	325842
376	13688.7	755155	1.95707e+06	329881
377	13688.7	756218	2.04316e+06	328670
378	13688.7	755449	2.14172e+06	327270
379	13688.7	755301	2.05042e+06	319269
380	13688.7	755942	1.84983e+06	323283
381	13688.7	755993	1.82499e+06	330231
382	13688.7	757043	1.83587e+06	321868
383	13688.7	756678	1.82824e+06	330263
384	13688.7	755567	1.92265e+06	331329
385	13688.7	757049	1.95682e+06	331098
386	13688.7	757188	1.92316e+06	324595
387	13688.7	755618	1.80573e+06	318771
388	13215.8	754795	1.84517e+06	321488
389	13215.8	753767	1.7899e+06 	323786
390	13215.8	753777	1.83182e+06	327521
391	13215.8	755260	1.88423e+06	331442
392	13215.8	754400	1.80351e+06	320127
393	13215.8	752553	2.08305e+06	327018
394	13215.8	751573	1.90251e+06	325536
395	13215.8	750884	1.88693e+06	326183
396	13215.8	749069	1.94889e+06	325152
397	13215.8	750275	1.91635e+06	323553
398	13215.8	749794	2.1106e+06 	329567
399	13215.8	748184	2.03415e+06	324316
400	13215.8	748321	2.37031e+06	324417
401	13215.8	748287	1.96382e+06	318616
402	13215.8	747377	1.84492e+06	312137
403	13215.8	747330	1.79129e+06	322137
404	13215.8	746993	1.80702e+06	325943
405	13215.8	745616	1.93169e+06	325898
406	13215.8	745124	2.0575e+06 	322609
407	13184.1	744004	1.90826e+06	326418
408	13184.1	744011	1.9105e+06 	324910
409	13184.1	742503	1.82259e+06	322691
410	13184.1	741187	1.99462e+06	326864
411	13184.1	738841	1.87224e+06	319930
412	13184.1	738644	1.72243e+06	316047
413	13184.1	736725	1.86027e+06	317733
414	13184.1	738192	1.85759e+06	321254
415	13184.1	737213	1.80917e+06	321480
416	11338.7	736508	1.8958e+06 	321020
417	11338.7	735951	1.88803e+06	318253
418	11338.7	736086	1.80613e+06	322564
419	11338.7	734324	1.7915e+06 	325196
420	9507.55	734279	1.81409e+06	328971
421	9507.55	734477	1.81643e+06	321724
422	9507.55	733284	1.85049e+06	323295
423	9507.55	734238	2.00806e+06	317608
424	9507.55	732063	2.01351e+06	319463
425	9507.55	733315	2.00266e+06	320527
426	9507.55	733631	1.81479e+06	321736
427	9507.55	733784	1.82225e+06	323053
428	9507.55	733511	1.81486e+06	322306
429	9507.55	731053	1.77768e+06	318704
430	9507.55	730525	1.75079e+06	319470
431	9507.55	730636	1.81465e+06	319091
432	9507.55	729803	1.91374e+06	319142
433	9507.55	729147	1.99689e+06	315657
434	9417.51	730414	1.84583e+06	318376
435	9417.51	731175	1.9277e+06 	323270
436	9417.51	729546	1.87412e+06	315638
437	9417.51	728962	1.86509e+06	314457
438	9417.51	728741	1.83581e+06	313000
439	9417.51	726228	1.83822e+06	308153
440	9417.51	726293	1.8083e+06 	309560
441	9417.51	723979	1.62773e+06	306519
442	9417.51	722792	1.59854e+06	308598
443	9417.51	721403	1.80992e+06	307627
444	9417.51	721812	1.78555e+06	307903
445	9417.51	722511	1.81502e+06	313457
446	9417.51	721624	1.80645e+06	309126
447	9417.51	721087	1.80645e+06	314418
448	9417.51	720624	1.79739e+06	310466
449	9417.51	721123	1.77809e+06	314065
450	9417.51	719445	1.88489e+06	317720
451	9417.51	718771	1.85148e+06	314351
452	9417.51	719726	2.0127e+06 	319694
453	9417.51	718496	1.98357e+06	322629
454	9417.51	717430	1.8153e+06 	318109
455	9417.51	715775	1.78938e+06	321005
456	9417.51	715457	2.00058e+06	323774
457	9417.51	714153	2.10152e+06	322640
458	9417.51	715246	1.90543e+06	324665
459	8752.97	714374	1.98095e+06	322829
460	8752.97	714482	1.84225e+06	321471
461	8752.97	713780	1.88262e+06	321292
462	8752.97	715498	1.91828e+06	325006
463	8752.97	716363	1.78407e+06	329996
464	8752.97	714512	1.86252e+06	331165
465	8752.97	713443	1.86025e+06	331132
466	8752.97	712164	1.97532e+06	327977
467	8752.97	712483	1.89468e+06	333646
468	8752.97	711426	1.86921e+06	331881
469	8752.97	709960	1.74399e+06	329161
470	8752.97	709937	1.72705e+06	323497
471	8752.97	709996	1.69799e+06	326591
472	8752.97	709688	1.72358e+06	333889
473	8752.97	710236	2.10578e+06	337837
474	8573.54	710720	1.98689e+06	337890
475	8573.54	711149	1.97325e+06	331532
476	8573.54	709751	1.83739e+06	338792
477	8573.54	710088	1.8756e+06 	341516
478	8573.54	709205	1.84727e+06	338527
479	8573.54	708465	1.83224e+06	333542
480	8573.54	705573	1.91644e+06	329497
481	8573.54	706335	1.86512e+06	330913
482	8573.54	706570	2.06437e+06	330447
483	8573.54	703948	2.04286e+06	328585
484	7752.64	704569	2.00622e+06	326331
485	7752.64	703075	1.91642e+06	323715
486	7752.64	702275	1.78782e+06	322359
487	7752.64	699201	1.8519e+06 	317536
488	7752.64	699189	1.80096e+06	314038
489	7752.64	698245	1.70138e+06	311198
490	7752.64	700568	1.70354e+06	316913
491	7469.42	700233	1.78641e+06	316957
492	7469.42	699650	1.9e+06    	325692
493	7469.42	699576	1.71327e+06	322494
494	7469.42	699390	1.7127e+06 	323189
495	7469.42	699333	1.87425e+06	320662
496	7469.42	698829	1.82153e+06	319165
497	7469.42	699795	2.02233e+06	318249
498	7469.42	698990	1.82045e+06	314652
499	7469.42	699269	1.83432e+06	309696
149.15000001
