/usr/lib/python2.7/site-packages/deap/tools/_hypervolume/pyhv.py:33: ImportWarning: Falling back to the python version of hypervolume module. Expect this to be very slow.
  "module. Expect this to be very slow.", ImportWarning)
gen	min    	avg   	max   	std   
0  	83950.8	352774	990948	133787
1  	83950.8	351804	854657	128191
2  	83950.8	350468	886570	124976
3  	82977.2	351803	830075	124987
4  	82977.2	353145	940132	129765
5  	82977.2	358314	880031	128355
6  	82977.2	358477	977145	133460
7  	82977.2	359537	887685	134933
8  	82977.2	358774	851284	129058
9  	82977.2	357496	851880	132238
10 	82977.2	358005	999995	132202
11 	82977.2	361260	1.00423e+06	138348
12 	82977.2	361578	952939     	137859
13 	82977.2	362659	1.01871e+06	138114
14 	82977.2	363410	939308     	139089
15 	82977.2	364451	896047     	138509
16 	82977.2	361671	934305     	140152
17 	82977.2	362921	1.00424e+06	139225
18 	82977.2	367499	997820     	148484
19 	79210.1	366768	1.1907e+06 	153754
20 	79210.1	368476	1.05946e+06	149684
21 	79210.1	365672	991708     	149893
22 	63032.3	367629	1.05657e+06	146144
23 	63032.3	367439	1.27404e+06	148565
24 	63032.3	368896	988428     	142369
25 	63032.3	370254	1.07195e+06	142981
26 	63032.3	369339	1.0395e+06 	142635
27 	63032.3	368120	994009     	138731
28 	63032.3	368546	951572     	139266
29 	63032.3	370113	938177     	139198
30 	63032.3	368954	842519     	136051
31 	63032.3	373421	894269     	142152
32 	63032.3	374622	879462     	143021
33 	63032.3	376439	979119     	144808
34 	63032.3	372273	955163     	143543
35 	63032.3	374482	953932     	146585
36 	63032.3	372527	842353     	137150
37 	63032.3	375389	961356     	148002
38 	58456.5	378689	1.09153e+06	155082
39 	58456.5	384589	1.07702e+06	155441
40 	58456.5	385835	1.06505e+06	157436
41 	58456.5	389560	1.1439e+06 	161797
42 	58456.5	387618	1.0351e+06 	157770
43 	58456.5	386208	1.0084e+06 	153725
44 	58456.5	383823	1.03988e+06	144356
45 	58456.5	383115	1.04642e+06	148821
46 	58456.5	385776	1.09975e+06	150713
47 	58456.5	379141	1.02206e+06	146616
48 	58456.5	381663	958490     	147752
49 	58456.5	383852	989665     	148719
50 	58456.5	388808	1.01473e+06	153707
51 	58456.5	386358	1.07978e+06	155962
52 	58456.5	384508	1.13428e+06	157720
53 	58456.5	385479	1.11653e+06	152281
54 	58456.5	388088	1.12987e+06	154238
55 	58456.5	389357	1.11371e+06	152121
56 	58456.5	390958	1.05e+06   	155484
57 	58456.5	392728	985125     	154058
58 	58456.5	395711	1.13838e+06	156484
59 	58456.5	397752	1.04236e+06	158646
60 	58456.5	400170	1.25129e+06	169428
61 	58456.5	399771	1.14456e+06	169961
62 	58456.5	398895	1.02589e+06	169408
63 	58456.5	400221	1.0569e+06 	160955
64 	58456.5	405445	1.15133e+06	162870
65 	58456.5	399387	966198     	153928
66 	58456.5	399359	1.02816e+06	158028
67 	58456.5	400943	1.08598e+06	161113
68 	58456.5	398000	1.07456e+06	155995
69 	58456.5	399546	1.18961e+06	160268
70 	58456.5	403759	1.31243e+06	165490
71 	58456.5	400627	1.12594e+06	158774
72 	58456.5	401539	1.28008e+06	169152
73 	57360  	408025	1.19843e+06	175068
74 	57360  	411552	1.22145e+06	180189
75 	57360  	415230	1.28935e+06	182118
76 	57360  	413352	1.39733e+06	181764
77 	57360  	411365	1.37921e+06	180557
78 	51223.1	408613	1.45421e+06	176718
79 	51223.1	410662	1.31481e+06	177799
80 	51223.1	406602	1.31304e+06	174968
81 	51223.1	408142	1.13075e+06	171378
82 	51223.1	410239	1.19151e+06	173498
83 	51223.1	409106	1.49302e+06	179681
84 	51223.1	410133	1.16964e+06	174279
85 	51223.1	415595	1.1619e+06 	179908
86 	51223.1	414904	1.2283e+06 	182415
87 	51223.1	415225	1.16926e+06	180581
88 	51223.1	410359	1.09754e+06	175850
89 	51223.1	409025	1.0641e+06 	177359
90 	51223.1	406924	1.40146e+06	180042
91 	45645.7	405767	1.23237e+06	174429
92 	45645.7	406067	1.17409e+06	170465
93 	45645.7	405261	1.22964e+06	169851
94 	45171.3	404788	1.24174e+06	161417
95 	36824.9	405255	983911     	154170
96 	36824.9	409516	997218     	159177
97 	36824.9	410674	994200     	160222
98 	31838.3	414503	1.11083e+06	167187
99 	28260.5	414406	1.11083e+06	174529
100	28260.5	412988	1.02028e+06	171757
101	28260.5	409015	1.02028e+06	172499
102	28260.5	413499	1.12891e+06	178805
103	28260.5	410835	1.15562e+06	175360
104	28260.5	412987	1.27369e+06	179932
105	28260.5	415330	1.33076e+06	180993
106	28260.5	415209	1.1586e+06 	179860
107	28260.5	414613	1.44729e+06	179031
108	28260.5	415264	1.14576e+06	177214
109	28260.5	416962	1.16776e+06	181199
110	28260.5	418253	1.04863e+06	181230
111	28260.5	421230	1.12209e+06	179957
112	28260.5	421061	1.21453e+06	182780
113	28260.5	422851	1.31286e+06	193627
114	28260.5	419957	1.38272e+06	187159
115	28260.5	417323	1.25846e+06	179408
116	28260.5	415335	1.04331e+06	171876
117	28260.5	421208	1.04233e+06	177972
118	28260.5	419270	1.2231e+06 	178009
119	26899.3	420138	1.1251e+06 	177820
120	26899.3	420104	1.29147e+06	182019
121	26899.3	415491	1.42603e+06	177571
122	26899.3	425172	1.17081e+06	183172
123	26899.3	428636	1.18042e+06	188401
124	26899.3	427537	1.34352e+06	182841
125	26899.3	425282	1.34878e+06	181683
126	26899.3	428113	1.43886e+06	184392
127	26899.3	424370	1.23176e+06	179685
128	26899.3	421616	1.1459e+06 	172083
129	26899.3	423430	1.24723e+06	187830
130	26899.3	421700	1.19872e+06	178912
131	26899.3	423589	1.20416e+06	176848
132	24718.7	425182	1.00457e+06	176464
133	24718.7	425462	1.03422e+06	182770
134	23719.5	429818	1.1201e+06 	185187
135	23363.2	431599	1.39026e+06	188751
136	23363.2	428386	1.56977e+06	195212
137	23363.2	422576	1.32979e+06	186857
138	23363.2	426364	1.20957e+06	190784
139	23363.2	429524	1.19355e+06	189475
140	23363.2	425986	1.34999e+06	182787
141	23363.2	426726	1.02633e+06	182373
142	23363.2	429707	1.24719e+06	184494
143	21988  	430089	1.17312e+06	189457
144	21988  	430563	1.1849e+06 	186346
145	21988  	424227	1.51636e+06	181582
146	21988  	428337	1.21987e+06	179641
147	21988  	426629	1.36277e+06	184272
148	21988  	432570	1.33402e+06	190364
149	21988  	434559	1.46452e+06	192382
150	21988  	432107	1.24728e+06	191210
151	21988  	435995	1.40154e+06	188265
152	21988  	435672	1.23231e+06	191306
153	21988  	435722	1.25508e+06	186233
154	21988  	434880	1.34006e+06	190190
155	21988  	433605	1.11873e+06	183231
156	21988  	433118	1.17715e+06	187377
157	21988  	435069	1.32927e+06	194404
158	21988  	432849	1.21529e+06	194881
159	21988  	435059	1.23946e+06	194868
160	21988  	433269	1.11026e+06	187048
161	21988  	433479	1.13676e+06	191444
162	21988  	432080	1.21699e+06	191724
163	21988  	428179	1.20522e+06	182784
164	21988  	426433	1.18555e+06	181824
165	21988  	427789	1.14516e+06	182980
166	21988  	428101	1.13337e+06	187012
167	21988  	433907	1.15483e+06	195574
168	21988  	437135	1.30887e+06	195096
169	21988  	436907	1.38589e+06	198308
170	21988  	434217	1.45034e+06	196296
171	21988  	434902	1.38192e+06	193322
172	21988  	436218	1.51079e+06	202497
173	21988  	432237	1.3422e+06 	192312
174	21988  	435946	1.36657e+06	194640
175	21988  	436729	1.24845e+06	198039
176	21988  	437818	1.40563e+06	198301
177	21988  	435878	1.29661e+06	196270
178	21988  	442496	1.22117e+06	201019
179	21988  	439130	1.51412e+06	196661
180	21988  	440115	1.37448e+06	195869
181	21988  	440167	1.184e+06  	191853
182	21988  	440262	1.31728e+06	199515
183	21988  	440196	1.34476e+06	201873
184	21988  	439842	1.67287e+06	202551
185	21988  	437316	1.67287e+06	197401
186	21988  	438784	1.25081e+06	199216
187	21988  	438535	1.44389e+06	203967
188	21988  	437563	1.36608e+06	199295
189	21988  	437062	1.39619e+06	197980
190	21988  	434036	1.4222e+06 	194602
191	21988  	431369	1.35821e+06	195868
192	21988  	434880	1.29963e+06	199593
193	21988  	431137	1.26692e+06	191611
194	21140.2	432069	1.15037e+06	192695
195	21140.2	435297	1.28594e+06	198683
196	21140.2	436317	1.40753e+06	198852
197	21140.2	439160	1.31024e+06	201198
198	21140.2	444927	1.42778e+06	211473
199	21140.2	442340	1.47309e+06	209655
200	21140.2	437374	1.34365e+06	206619
201	21140.2	446490	1.27122e+06	206326
202	21140.2	446394	1.27122e+06	205333
203	21140.2	447014	1.28475e+06	204302
204	21140.2	446189	1.31336e+06	204738
205	21140.2	442628	1.28546e+06	202981
206	21140.2	443451	1.27266e+06	195553
207	21140.2	442503	1.27266e+06	199741
208	21140.2	441519	1.26022e+06	200279
209	21140.2	438820	1.28535e+06	199013
210	21140.2	441180	1.26781e+06	199759
211	21140.2	441121	1.32616e+06	197787
212	21140.2	443787	1.30693e+06	200162
213	21140.2	447135	1.21747e+06	204143
214	21140.2	449957	1.27887e+06	210004
215	21140.2	448591	1.70908e+06	217442
216	21140.2	453040	1.51558e+06	222032
217	21140.2	452854	1.44917e+06	220816
218	21140.2	451581	1.48266e+06	218643
219	21140.2	445654	1.45268e+06	206585
220	21140.2	439984	1.24174e+06	203011
221	21140.2	446726	1.45986e+06	211827
222	21140.2	447359	1.38524e+06	207051
223	21140.2	447673	1.37933e+06	206783
224	20927.3	449819	1.33192e+06	206198
225	20927.3	451183	1.33251e+06	210570
226	20927.3	453828	1.3812e+06 	220242
227	20927.3	452749	1.3728e+06 	217427
228	20927.3	454583	1.38326e+06	218072
229	20927.3	452424	1.35208e+06	214772
230	20927.3	450529	1.34524e+06	215963
231	20927.3	451019	1.48912e+06	217413
232	18350.3	450154	1.42138e+06	208991
233	18350.3	448187	1.35636e+06	207255
234	18350.3	457604	1.51778e+06	223752
235	18350.3	456109	1.29905e+06	215176
236	18350.3	457113	1.56069e+06	222054
237	18350.3	455065	1.47253e+06	225002
238	18350.3	449228	1.58299e+06	222461
239	18350.3	448768	1.29848e+06	211042
240	18350.3	447401	1.41289e+06	213974
241	18350.3	443215	1.55133e+06	216058
242	18350.3	440368	1.53016e+06	207874
243	18350.3	442505	1.40794e+06	210261
244	18350.3	450691	1.50687e+06	211976
245	18350.3	450532	1.36933e+06	213816
246	18350.3	447840	1.43932e+06	212819
247	18087.3	449659	1.41256e+06	217107
248	18087.3	451536	1.42529e+06	214787
249	18087.3	450331	1.43331e+06	219876
250	18087.3	447364	1.3986e+06 	213681
251	18087.3	446014	1.34649e+06	214238
252	18087.3	448463	1.33735e+06	210828
253	18087.3	448673	1.31276e+06	208725
254	18087.3	448285	1.28593e+06	206278
255	18087.3	445070	1.22027e+06	194375
256	18087.3	448552	1.20689e+06	198712
257	18087.3	449018	1.20689e+06	203226
258	18087.3	449491	1.30683e+06	204819
259	18087.3	448214	1.40684e+06	212528
260	18087.3	446019	1.26535e+06	209769
261	18087.3	445188	1.14496e+06	204738
262	18087.3	447917	1.23346e+06	209803
263	18087.3	448277	1.61606e+06	209916
264	18087.3	448446	1.25741e+06	207659
265	18087.3	447490	1.35369e+06	212157
266	18087.3	450022	1.36721e+06	213407
267	18087.3	448581	1.35373e+06	207435
268	18087.3	450295	1.54944e+06	214695
269	18087.3	452970	1.4833e+06 	218264
270	18087.3	447834	1.23533e+06	207997
271	18087.3	449234	1.43685e+06	213461
272	18087.3	447030	1.43758e+06	213400
273	18087.3	446695	1.30794e+06	213863
274	18087.3	445891	1.33751e+06	209824
275	18087.3	451958	1.53689e+06	224866
276	18087.3	454653	1.46565e+06	229684
277	18087.3	458063	1.44794e+06	231022
278	18087.3	455553	1.80336e+06	235808
279	18087.3	459207	1.67431e+06	233865
280	15519.3	450919	1.4585e+06 	217604
281	15519.3	455507	1.72776e+06	221412
282	15519.3	454879	1.72776e+06	216621
283	15519.3	445209	1.20657e+06	203554
284	15519.3	443790	1.36341e+06	200289
285	15519.3	447892	1.41629e+06	204966
286	15519.3	447232	1.50266e+06	210818
287	15519.3	451840	1.45384e+06	210866
288	15519.3	457630	1.47638e+06	226024
289	15519.3	458347	1.31468e+06	225569
290	15519.3	459473	1.49794e+06	230772
291	15519.3	454033	1.37369e+06	219626
292	15519.3	453121	1.90685e+06	222576
293	15519.3	453430	1.57436e+06	217937
294	15519.3	449013	1.36266e+06	211595
295	15458.4	448700	1.32487e+06	205726
296	15458.4	449859	1.38854e+06	210210
297	15458.4	450175	1.40886e+06	205638
298	15458.4	450777	1.48308e+06	212259
299	15458.4	452483	1.49855e+06	218504
300	15458.4	447045	1.33327e+06	207238
301	15101.1	447265	1.28499e+06	204181
302	15101.1	449265	1.40273e+06	214162
303	15101.1	448877	1.37256e+06	217921
304	15101.1	450179	1.54332e+06	223480
305	15101.1	448885	1.54332e+06	225143
306	15101.1	444849	1.29743e+06	219687
307	15101.1	444056	1.33831e+06	214699
308	15101.1	445589	1.43434e+06	218319
309	15101.1	448624	1.41988e+06	219377
310	14202  	448808	1.1834e+06 	219639
311	14202  	447096	1.45518e+06	220046
312	14202  	446241	1.46899e+06	217795
313	14202  	446389	1.34628e+06	218372
314	14202  	447100	1.26458e+06	217917
315	14202  	444027	1.52156e+06	225865
316	14202  	440567	1.42506e+06	212877
317	14202  	444143	1.38162e+06	219057
318	14202  	446233	1.5782e+06 	227735
319	14202  	448216	1.55014e+06	231242
320	14202  	448456	1.49002e+06	230298
321	14202  	445129	1.42913e+06	220317
322	12877.8	445721	1.62052e+06	218687
323	12877.8	452377	1.4926e+06 	224638
324	12877.8	450453	1.39601e+06	221682
325	12877.8	447463	1.28609e+06	212319
326	12877.8	446120	1.29984e+06	216922
327	12877.8	448039	1.40429e+06	218998
328	12877.8	447017	1.42263e+06	215789
329	12877.8	450983	1.45209e+06	222368
330	12877.8	452706	1.70388e+06	230330
331	12479.9	449544	1.65002e+06	227039
332	12479.9	443143	1.46177e+06	212170
333	12372.8	445458	1.51385e+06	218720
334	12372.8	450590	1.52755e+06	221981
335	12372.8	451116	1.37777e+06	221920
336	12372.8	448134	1.47369e+06	215098
337	12372.8	450697	1.3081e+06 	219216
338	12372.8	452521	1.52875e+06	223152
339	12372.8	451164	1.442e+06  	222129
340	12372.8	448000	1.4271e+06 	218582
341	12030.7	449795	1.31041e+06	215097
342	12030.7	442617	1.43711e+06	214457
343	12030.7	440856	1.34404e+06	213850
344	12030.7	442111	1.41845e+06	214107
345	12030.7	441212	1.49464e+06	221221
346	10786.9	441893	1.38648e+06	223302
347	10786.9	434426	1.41691e+06	214947
348	10786.9	440514	1.56333e+06	221770
349	10786.9	446986	1.60467e+06	231758
350	10786.9	447622	1.60467e+06	229890
351	10016.2	448491	1.47091e+06	229315
352	10016.2	451815	1.44791e+06	232680
353	10016.2	451378	1.44791e+06	228277
354	10016.2	447113	1.32797e+06	219546
355	10016.2	448299	1.61171e+06	220468
356	10016.2	441273	1.7281e+06 	216816
357	10016.2	439359	1.59357e+06	218315
358	10016.2	438754	1.31373e+06	217344
359	10016.2	442278	1.36264e+06	222542
360	10016.2	442876	1.75747e+06	222587
361	10016.2	443518	1.506e+06  	228860
362	10016.2	444270	1.41464e+06	227836
363	10016.2	444164	1.49992e+06	232668
364	10016.2	443232	1.49992e+06	232934
365	10016.2	444079	1.50111e+06	233246
366	10016.2	446063	1.43955e+06	234682
367	10016.2	443553	1.67595e+06	232511
368	10016.2	446814	1.44428e+06	230119
369	10016.2	449421	1.62005e+06	239956
370	10016.2	448256	1.57635e+06	237515
371	10016.2	448675	1.50697e+06	230950
372	10016.2	446352	1.33739e+06	230036
373	10016.2	443884	1.50722e+06	227217
374	10016.2	442460	1.44378e+06	216881
375	10016.2	441100	1.50965e+06	223723
376	9471.32	443818	1.53621e+06	233507
377	9471.32	442673	1.53621e+06	228678
378	9471.32	444018	1.69702e+06	235967
379	9471.32	442793	1.47531e+06	234392
380	9471.32	439112	1.37117e+06	224163
381	9471.32	437633	1.25181e+06	219259
382	9471.32	436964	1.50203e+06	221995
383	9471.32	438986	1.43637e+06	220507
384	9471.32	445259	1.46689e+06	226792
385	9471.32	439030	1.35759e+06	220189
386	9471.32	439799	1.43304e+06	216942
387	9471.32	437057	1.39603e+06	217179
388	9471.32	434958	1.41954e+06	215429
389	9471.32	436601	1.51708e+06	217419
390	8977.96	442104	1.34177e+06	219734
391	8977.96	443814	1.50288e+06	224198
392	8977.96	443786	1.57865e+06	232324
393	8977.96	441388	1.3936e+06 	231484
394	8977.96	438514	1.32761e+06	222703
395	8977.96	441227	1.46624e+06	230705
396	8977.96	435352	1.33042e+06	219724
397	8977.96	436818	1.32225e+06	227408
398	8977.96	439905	1.43508e+06	228519
399	8977.96	444106	1.46008e+06	228889
400	8977.96	446441	1.36875e+06	231536
401	8977.96	441518	1.33308e+06	230257
402	8977.96	438502	1.42374e+06	227875
403	8977.96	444248	1.39099e+06	233273
404	8977.96	439800	1.37326e+06	230915
405	8977.96	439240	1.57172e+06	229591
406	8977.96	437768	1.5006e+06 	226573
407	8977.96	445064	1.47993e+06	233874
408	8977.96	443807	1.48277e+06	231142
409	8977.96	446544	1.55911e+06	233489
410	8977.96	450057	1.5268e+06 	235665
411	8977.96	446849	1.42502e+06	228296
412	8977.96	450141	1.76012e+06	238594
413	8977.96	445383	1.54801e+06	231613
414	8977.96	446813	1.75864e+06	232066
415	8977.96	441956	1.30071e+06	221011
416	8977.96	444325	1.37878e+06	228416
417	8977.96	445715	1.54674e+06	240248
418	8977.96	445188	1.50992e+06	240574
419	8977.96	443009	1.51671e+06	235307
420	8977.96	441034	1.70001e+06	229906
421	8977.96	440703	1.56468e+06	230626
422	8977.96	439924	1.6635e+06 	227144
423	8977.96	435959	1.57982e+06	230769
424	8977.96	434490	1.64686e+06	226192
425	8977.96	435312	1.4588e+06 	218277
426	8977.96	433283	1.35211e+06	214850
427	8977.96	433788	1.4047e+06 	219800
428	8977.96	433568	1.37091e+06	222036
429	8977.96	429986	1.3366e+06 	216388
430	8977.96	431971	1.39964e+06	219703
431	8977.96	427476	1.29354e+06	213682
432	8977.96	438083	1.30466e+06	221032
433	8977.96	433227	1.4684e+06 	214033
434	8977.96	432503	1.40134e+06	215493
435	8977.96	435645	1.4589e+06 	228804
436	8977.96	433822	1.31816e+06	219372
437	8977.96	433078	1.26782e+06	218497
438	8977.96	438228	1.39789e+06	225994
439	8977.96	442725	1.43291e+06	233062
440	8977.96	440020	1.34837e+06	227466
441	8977.96	437559	1.28146e+06	216997
442	8977.96	435267	1.47355e+06	226227
443	8977.96	435253	1.45928e+06	231724
444	8977.96	436618	1.35571e+06	228813
445	8977.96	440175	2.0053e+06 	239550
446	8977.96	437188	1.56406e+06	234293
447	8977.96	436618	1.56406e+06	232973
448	8977.96	435352	1.80225e+06	230453
449	8977.96	434690	2.17719e+06	241966
450	8977.96	435835	1.83426e+06	236302
451	8977.96	432639	1.51188e+06	225993
452	8977.96	436249	1.57936e+06	239981
453	8977.96	435457	1.51941e+06	233187
454	8977.96	440430	1.41225e+06	244394
455	8977.96	441720	1.40337e+06	242239
456	8977.96	440265	1.42158e+06	234437
457	8971.2 	435611	1.37892e+06	234104
458	8971.2 	430384	1.41579e+06	226087
459	8971.2 	433067	1.46033e+06	229585
460	8971.2 	437455	1.50329e+06	229908
461	8971.2 	439018	1.61866e+06	225709
462	8971.2 	438639	1.72139e+06	232849
463	8971.2 	439442	1.62267e+06	234315
464	8971.2 	436320	1.69974e+06	233443
465	8971.2 	437016	1.51108e+06	232057
466	8971.2 	431475	1.50255e+06	225335
467	8971.2 	431681	1.65974e+06	232058
468	8971.2 	431853	1.66806e+06	235568
469	8971.2 	425776	1.66806e+06	232483
470	8971.2 	428623	1.59886e+06	228919
471	8971.2 	430667	1.38457e+06	232605
472	8971.2 	430515	1.48502e+06	240433
473	8971.2 	430829	1.57188e+06	236418
474	8971.2 	425703	2.14923e+06	239467
475	8971.2 	425391	1.72623e+06	232777
476	8971.2 	425602	1.57667e+06	231463
477	8971.2 	421323	1.52581e+06	220633
478	8971.2 	425630	1.44797e+06	221313
479	8971.2 	425328	1.44758e+06	225840
480	8971.2 	427102	1.40485e+06	225596
481	8971.2 	431856	1.49712e+06	234129
482	8971.2 	431074	1.73625e+06	233583
483	8971.2 	427705	1.58882e+06	230908
484	8971.2 	427445	1.48238e+06	227813
485	8971.2 	426628	1.62314e+06	231770
486	8971.2 	422594	1.7871e+06 	227312
487	8971.2 	426930	1.65725e+06	227482
488	8971.2 	425091	1.63205e+06	228701
489	8971.2 	422005	1.44619e+06	222822
490	8971.2 	425441	1.39377e+06	222732
491	8971.2 	427071	1.37441e+06	218224
492	8533.11	429590	1.44059e+06	225586
493	7697.32	429673	1.44059e+06	222276
494	7697.32	426659	1.42613e+06	217800
495	7697.32	429731	1.43982e+06	222392
496	7697.32	430016	1.54125e+06	225455
497	7697.32	427675	1.47857e+06	223254
498	7697.32	426245	1.431e+06  	221893
499	7697.32	431823	1.49733e+06	229673
123.83000001
