/usr/lib/python2.7/site-packages/deap/tools/_hypervolume/pyhv.py:33: ImportWarning: Falling back to the python version of hypervolume module. Expect this to be very slow.
  "module. Expect this to be very slow.", ImportWarning)
gen	min    	avg   	max   	std   
0  	78927.1	347464	878748	129208
1  	78927.1	349153	949882	131406
2  	78927.1	346898	921001	128586
3  	78927.1	350357	1.05311e+06	133184
4  	78927.1	354610	869370     	132616
5  	78927.1	354601	974223     	135499
6  	78927.1	359019	1.16017e+06	143207
7  	78927.1	356884	994364     	139525
8  	72255.3	354060	883296     	136111
9  	72255.3	356082	902293     	136003
10 	67920.8	357324	969249     	133507
11 	64674.3	355440	913064     	130203
12 	64674.3	358462	959158     	132782
13 	64674.3	361641	1.04133e+06	135430
14 	64674.3	359139	1.01518e+06	133064
15 	64674.3	357064	922736     	133235
16 	64674.3	357837	870924     	133259
17 	64674.3	358422	892639     	132082
18 	64674.3	357955	1.16962e+06	137019
19 	64674.3	360558	995241     	137908
20 	64674.3	364183	1.02887e+06	138915
21 	64674.3	364447	1.14516e+06	138020
22 	64674.3	363259	942956     	135962
23 	64674.3	365383	1.30039e+06	140990
24 	64674.3	363532	921513     	138349
25 	64674.3	362270	1.04088e+06	139377
26 	64674.3	363762	1.0157e+06 	141599
27 	64674.3	365733	970176     	143391
28 	64674.3	364934	1.03092e+06	144750
29 	55309.7	363928	973667     	141530
30 	55309.7	367355	1.05508e+06	148957
31 	55309.7	370606	1.04507e+06	150855
32 	55309.7	370150	945541     	147180
33 	55309.7	372548	1.01417e+06	152203
34 	55309.7	376096	930831     	150499
35 	49750.5	376378	976405     	154630
36 	49750.5	379668	974116     	154114
37 	49750.5	379876	1.07538e+06	156784
38 	49750.5	378588	1.03591e+06	155946
39 	49750.5	382467	1.03591e+06	161353
40 	49750.5	384103	1.12243e+06	161880
41 	49750.5	383217	1.1195e+06 	161754
42 	49750.5	379242	1.27169e+06	159867
43 	44395.3	383696	1.25078e+06	169348
44 	44395.3	380834	1.04101e+06	161444
45 	44395.3	384689	1.01399e+06	161229
46 	44395.3	386559	1.22309e+06	166046
47 	44395.3	386686	1.12094e+06	166148
48 	44395.3	386495	1.14073e+06	165852
49 	44395.3	381740	1.10353e+06	154009
50 	44395.3	381008	984122     	154989
51 	44395.3	379677	1.01317e+06	156403
52 	41844.4	383285	1.15342e+06	159059
53 	41844.4	384110	980497     	156476
54 	41844.4	385515	1.00894e+06	156844
55 	41844.4	387530	957397     	156406
56 	40481.5	385048	998055     	158878
57 	40481.5	385046	1.1319e+06 	160248
58 	40481.5	386654	1.04254e+06	157651
59 	40481.5	383850	962649     	149157
60 	34697.9	386928	1.02118e+06	157905
61 	34697.9	387869	1.15527e+06	164401
62 	34697.9	385205	1.13797e+06	164130
63 	34697.9	387618	1.14488e+06	168619
64 	34697.9	390727	1.10321e+06	167795
65 	34697.9	389764	1.06329e+06	169630
66 	34697.9	392284	1.14203e+06	165923
67 	34697.9	392878	1.10446e+06	166343
68 	34697.9	395797	1.25644e+06	168365
69 	34697.9	394438	1.46821e+06	167927
70 	34697.9	393086	1.30063e+06	163561
71 	32463.1	392861	1.14005e+06	163682
72 	32463.1	390194	1.05411e+06	158350
73 	32463.1	391075	1.03121e+06	160249
74 	32463.1	389033	968681     	160370
75 	32463.1	388630	1.03922e+06	161608
76 	30922.1	390338	1.27128e+06	165134
77 	30922.1	393390	1.01387e+06	159967
78 	30922.1	397597	1.1191e+06 	165703
79 	29552.8	399926	1.17117e+06	169631
80 	29552.8	391669	1.10733e+06	158542
81 	29552.8	395003	1.12282e+06	166397
82 	29552.8	398095	1.22013e+06	168802
83 	29552.8	397883	1.20333e+06	168963
84 	29552.8	400468	1.22273e+06	177253
85 	29552.8	399839	1.26299e+06	178964
86 	29552.8	406872	1.15195e+06	175153
87 	29552.8	405898	1.10804e+06	174440
88 	29552.8	404471	1.03167e+06	166063
89 	29552.8	403645	1.1297e+06 	173105
90 	29552.8	403126	1.10503e+06	171693
91 	29552.8	403623	1.09994e+06	170264
92 	29552.8	404059	1.16998e+06	169360
93 	29552.8	409088	1.19212e+06	175627
94 	29552.8	407137	1.32425e+06	173958
95 	29552.8	409635	1.13135e+06	178824
96 	29552.8	403897	1.17166e+06	172654
97 	29552.8	404353	1.11613e+06	170622
98 	29552.8	404011	1.29524e+06	172445
99 	29552.8	402287	1.12344e+06	168063
100	29552.8	396878	1.24089e+06	174334
101	29552.8	397024	1.24731e+06	167904
102	29552.8	401131	1.14091e+06	175878
103	29552.8	404748	1.06948e+06	180146
104	29552.8	408056	1.19238e+06	180678
105	29552.8	410978	1.18966e+06	185103
106	25898.6	408564	1.17589e+06	184436
107	25898.6	403352	1.11083e+06	178059
108	25898.6	406256	1.21205e+06	180161
109	25898.6	404031	1.05906e+06	173350
110	24571.5	402650	1.14396e+06	175489
111	24571.5	406487	1.17305e+06	179168
112	24571.5	408890	1.45118e+06	187836
113	24571.5	406832	1.13881e+06	184287
114	24571.5	409992	1.18493e+06	185924
115	24571.5	408328	1.18329e+06	181867
116	24571.5	413489	1.11488e+06	183298
117	24571.5	414795	1.13271e+06	186776
118	24571.5	415791	1.33435e+06	191540
119	24571.5	416945	1.42772e+06	196753
120	21699.8	415888	1.4728e+06 	194320
121	21411.4	413972	1.3401e+06 	196913
122	21411.4	413924	1.49241e+06	196850
123	21411.4	419236	1.41449e+06	203375
124	21124.9	419505	1.24678e+06	196690
125	21124.9	420485	1.2021e+06 	190828
126	21124.9	418427	1.45282e+06	192628
127	21124.9	420383	1.45403e+06	197403
128	21124.9	418985	1.45214e+06	197469
129	21124.9	418416	1.43929e+06	193627
130	21124.9	418009	1.37934e+06	190388
131	21124.9	409016	1.2601e+06 	182564
132	21124.9	408824	1.2404e+06 	183288
133	21124.9	408772	1.18169e+06	178157
134	21124.9	407223	1.26256e+06	180112
135	21124.9	413497	1.13576e+06	182643
136	21124.9	413036	1.21649e+06	180765
137	21124.9	416087	1.24742e+06	184040
138	21124.9	416650	1.21172e+06	184595
139	21124.9	417470	1.27353e+06	183612
140	21124.9	414103	1.27124e+06	181762
141	21124.9	416060	1.39241e+06	190104
142	21124.9	415553	1.1669e+06 	189977
143	21124.9	416749	1.23359e+06	192576
144	21124.9	414646	1.3322e+06 	187462
145	21124.9	416929	1.41287e+06	197265
146	21124.9	418307	1.34066e+06	197110
147	21124.9	419578	1.31136e+06	193899
148	21124.9	419371	1.41212e+06	194367
149	21124.9	418234	1.17303e+06	188442
150	21124.9	416084	1.22026e+06	191356
151	21124.9	415552	1.33096e+06	193073
152	21124.9	421666	1.29567e+06	194152
153	21124.9	421632	1.29704e+06	187362
154	21124.9	423527	1.43981e+06	193214
155	21124.9	422179	1.28512e+06	191905
156	21124.9	419225	1.38753e+06	195059
157	19961.2	422764	1.40826e+06	198572
158	19961.2	422742	1.29769e+06	191057
159	19961.2	420282	1.37874e+06	189226
160	15083.9	423155	1.18223e+06	187888
161	15083.9	423570	1.42313e+06	196234
162	15083.9	428024	1.45677e+06	199877
163	15083.9	427145	1.28676e+06	196185
164	15083.9	425387	1.15579e+06	195302
165	15083.9	420861	1.14908e+06	191364
166	14281  	424386	1.1658e+06 	188387
167	14281  	424404	1.18624e+06	193373
168	14281  	420891	1.31952e+06	188209
169	14281  	421121	1.07215e+06	185536
170	14281  	420736	1.32987e+06	191522
171	14281  	420159	1.23764e+06	185626
172	14281  	421776	1.21716e+06	185075
173	14281  	424561	1.25182e+06	190491
174	14281  	428019	1.38877e+06	198494
175	14281  	430862	1.3371e+06 	202371
176	14281  	428437	1.20836e+06	196509
177	14281  	429984	1.38237e+06	198142
178	14281  	429796	1.21994e+06	195336
179	14281  	431231	1.42949e+06	207946
180	14281  	432929	1.80224e+06	215346
181	14281  	432186	1.54801e+06	202047
182	14281  	432778	1.55475e+06	203114
183	14281  	431243	1.51745e+06	196501
184	14281  	432999	1.49026e+06	198977
185	14281  	435108	1.5184e+06 	200943
186	14281  	434070	1.2188e+06 	196842
187	14281  	432398	1.29144e+06	197245
188	14281  	428979	1.31921e+06	191329
189	14281  	429028	1.37094e+06	193782
190	14281  	426401	1.35327e+06	198666
191	14281  	424285	1.32119e+06	197791
192	14281  	425979	1.31419e+06	196396
193	14281  	427546	1.35105e+06	196805
194	14281  	426815	1.43328e+06	200044
195	14281  	430894	1.30435e+06	203571
196	14281  	427722	1.41057e+06	201309
197	14281  	435434	1.53964e+06	209195
198	14281  	433934	1.27302e+06	203177
199	14281  	431996	1.22204e+06	195043
200	14281  	431639	1.24332e+06	201478
201	14281  	434595	1.27273e+06	205090
202	14199.9	436206	1.54875e+06	205753
203	14199.9	435274	1.36513e+06	200175
204	14199.9	434717	1.36421e+06	205163
205	14199.9	433355	1.29563e+06	202144
206	14199.9	428934	1.4257e+06 	198059
207	14199.9	431985	1.45131e+06	204835
208	14199.9	436000	1.29557e+06	207444
209	14199.9	437398	1.52227e+06	215088
210	14199.9	436573	1.48937e+06	214113
211	14128.1	433121	1.443e+06  	208984
212	14128.1	434987	1.40121e+06	212793
213	14128.1	434567	1.30225e+06	208190
214	14128.1	433215	1.41418e+06	208378
215	14128.1	436639	1.40207e+06	214461
216	14128.1	436992	1.53563e+06	217301
217	14128.1	438224	1.60995e+06	223989
218	14128.1	434959	1.9307e+06 	218265
219	14128.1	435198	1.79822e+06	218145
220	14128.1	429928	1.53088e+06	210424
221	14128.1	431075	1.62194e+06	212125
222	14128.1	432391	1.62194e+06	204694
223	14128.1	436169	1.42702e+06	206649
224	14128.1	440059	1.36437e+06	208827
225	14128.1	443012	1.33459e+06	214462
226	14128.1	440632	1.22713e+06	207261
227	14128.1	438334	1.26824e+06	202584
228	14128.1	438376	1.35258e+06	205041
229	14128.1	439283	1.39475e+06	207599
230	14128.1	433229	1.22686e+06	202047
231	14128.1	432155	1.234e+06  	204916
232	14128.1	435842	1.68569e+06	215143
233	14128.1	436979	1.48003e+06	215462
234	14128.1	434711	1.46693e+06	215075
235	14128.1	431778	1.49734e+06	217552
236	14128.1	432512	1.44746e+06	222612
237	14128.1	433994	1.60678e+06	222508
238	14128.1	435306	1.53532e+06	216961
239	14128.1	431797	1.38864e+06	212476
240	14128.1	433662	1.6133e+06 	211126
241	14128.1	434551	1.33968e+06	213263
242	14128.1	437322	1.33342e+06	215910
243	14128.1	437039	1.53618e+06	212870
244	14128.1	436090	1.31506e+06	209440
245	14128.1	434606	1.28631e+06	211310
246	14128.1	436229	1.30812e+06	214451
247	14128.1	431615	1.29005e+06	211235
248	14128.1	435560	1.30361e+06	210520
249	14128.1	433298	1.27588e+06	209900
250	14128.1	440508	1.32977e+06	220848
251	14128.1	435350	1.31205e+06	209023
252	14128.1	435498	1.30614e+06	209168
253	14128.1	435966	1.44568e+06	212084
254	14128.1	436748	1.50867e+06	215467
255	14128.1	433348	1.16854e+06	206730
256	14128.1	433200	1.43956e+06	207123
257	14128.1	430994	1.13389e+06	200904
258	13541.1	429531	1.08648e+06	193392
259	13541.1	433783	1.4183e+06 	205437
260	13541.1	437341	1.43443e+06	214529
261	13541.1	436395	1.3566e+06 	217048
262	13541.1	433255	1.41188e+06	214094
263	13541.1	430636	1.34313e+06	214805
264	13541.1	428304	1.30639e+06	206495
265	13541.1	430171	1.39541e+06	206841
266	13541.1	431148	1.3327e+06 	209618
267	13541.1	430352	1.30272e+06	207395
268	13541.1	434958	1.29933e+06	207876
269	13541.1	438358	1.36725e+06	212078
270	13541.1	438668	1.40317e+06	210694
271	13541.1	436045	1.29802e+06	209479
272	13541.1	434688	1.41821e+06	210168
273	13541.1	438528	1.51529e+06	217035
274	13541.1	437175	1.54131e+06	220952
275	13541.1	436699	1.39578e+06	219259
276	13541.1	439665	1.39253e+06	219620
277	13541.1	443609	1.39257e+06	229935
278	13541.1	439654	1.68937e+06	220468
279	13541.1	439411	1.38048e+06	218530
280	13541.1	436397	1.30375e+06	218093
281	13541.1	438331	1.36512e+06	220578
282	13541.1	439020	1.46405e+06	218816
283	13541.1	437619	1.46194e+06	218042
284	13541.1	434972	1.66306e+06	219392
285	13541.1	433441	1.68471e+06	214281
286	13541.1	437980	1.45202e+06	209675
287	13541.1	436641	1.44268e+06	206819
288	13541.1	434212	1.31134e+06	208651
289	13541.1	438879	1.50502e+06	216277
290	13541.1	433754	1.47404e+06	214978
291	13541.1	425085	1.64895e+06	206132
292	13541.1	424854	1.32938e+06	205194
293	13541.1	422138	1.23002e+06	204941
294	13541.1	422193	1.38506e+06	205696
295	13541.1	424777	1.31313e+06	209335
296	13541.1	428452	1.30906e+06	211054
297	13541.1	426063	1.30906e+06	208327
298	13541.1	430959	1.71834e+06	221352
299	13541.1	431933	1.75694e+06	226234
300	13541.1	435179	1.75001e+06	230580
301	13541.1	436479	1.55841e+06	230974
302	13541.1	437289	1.50427e+06	226274
303	13541.1	434465	1.32871e+06	220767
304	13541.1	436524	1.50363e+06	225190
305	13541.1	436060	1.34996e+06	218845
306	13541.1	442810	1.56215e+06	230781
307	13541.1	438603	1.82011e+06	225540
308	13541.1	440130	1.44785e+06	225287
309	13541.1	440381	1.8079e+06 	230018
310	13541.1	438624	1.60051e+06	221791
311	13541.1	438572	1.64771e+06	222430
312	13541.1	437189	1.38698e+06	216029
313	13541.1	440294	1.54775e+06	225098
314	13541.1	440366	1.50703e+06	219739
315	13541.1	443592	1.33377e+06	217833
316	13541.1	441016	1.35997e+06	214998
317	13541.1	442925	1.35997e+06	222224
318	13541.1	444894	1.41867e+06	221988
319	13541.1	440984	1.5141e+06 	222647
320	13541.1	439813	1.41488e+06	224616
321	13541.1	439105	1.35118e+06	220555
322	13541.1	440187	1.56347e+06	228604
323	13503.1	443386	1.68622e+06	231324
324	13503.1	442780	1.72449e+06	229895
325	13503.1	438800	1.44452e+06	224402
326	13503.1	440349	1.63589e+06	222969
327	13503.1	441666	1.22655e+06	214716
328	13503.1	436764	1.42387e+06	213599
329	13503.1	439932	1.3744e+06 	207393
330	12237.2	441818	1.21133e+06	214636
331	12237.2	437350	1.17717e+06	209112
332	12237.2	435746	1.42479e+06	205383
333	12237.2	437661	1.36476e+06	212294
334	12237.2	434888	1.24598e+06	204690
335	12237.2	436496	1.28208e+06	210978
336	12237.2	437563	1.35406e+06	216504
337	12237.2	435516	1.47837e+06	218377
338	12237.2	435774	1.5216e+06 	215615
339	11986.7	439210	1.42135e+06	220563
340	11986.7	439574	1.33694e+06	217060
341	11986.7	440776	1.4006e+06 	224334
342	11986.7	434023	1.58766e+06	215744
343	11986.7	430506	1.60248e+06	217812
344	11986.7	431587	1.767e+06  	223775
345	11986.7	434753	1.55125e+06	227935
346	11986.7	431135	1.46605e+06	222092
347	11986.7	432011	1.29822e+06	214253
348	11986.7	431316	1.33727e+06	215338
349	11986.7	435581	1.38202e+06	220044
350	11986.7	430730	1.40288e+06	216766
351	11986.7	429004	1.37862e+06	208946
352	11986.7	429514	1.55753e+06	211261
353	11986.7	430784	1.43129e+06	212850
354	11986.7	432938	1.43129e+06	227016
355	11986.7	433322	1.4011e+06 	229578
356	11986.7	428757	1.46997e+06	221953
357	11986.7	426342	1.30414e+06	212976
358	11986.7	430277	1.21742e+06	213330
359	11986.7	431891	1.20421e+06	216437
360	11986.7	432496	1.47634e+06	219814
361	11986.7	432933	1.31686e+06	225371
362	11986.7	431175	1.35957e+06	232332
363	11986.7	435812	1.64964e+06	233434
364	11986.7	437622	1.83887e+06	245995
365	11986.7	428799	1.61367e+06	227974
366	11986.7	426311	1.56839e+06	217926
367	11986.7	427700	1.48363e+06	219611
368	11986.7	430525	1.32925e+06	220388
369	11986.7	429715	1.55966e+06	220699
370	11986.7	430018	1.48204e+06	215438
371	10769.6	427295	1.35222e+06	214431
372	10769.6	427116	1.37911e+06	221937
373	10769.6	433969	1.37911e+06	227350
374	10769.6	437281	1.59647e+06	224507
375	10769.6	437057	1.54682e+06	226001
376	10769.6	435308	1.54682e+06	224530
377	10769.6	431786	1.54682e+06	212738
378	10769.6	431650	1.36093e+06	211715
379	10769.6	434151	1.47625e+06	214850
380	10769.6	434309	1.28423e+06	218494
381	10769.6	434328	1.48877e+06	221250
382	10769.6	435371	1.48689e+06	227102
383	10769.6	435530	1.53483e+06	226580
384	10769.6	434872	1.52842e+06	225633
385	10769.6	438460	1.41607e+06	226810
386	10769.6	438735	1.45427e+06	231951
387	10769.6	444140	1.55251e+06	241290
388	10769.6	438565	1.6794e+06 	233701
389	10769.6	434554	1.63683e+06	227638
390	10769.6	431238	1.50923e+06	221119
391	10769.6	439188	1.47204e+06	236278
392	10769.6	435021	1.5216e+06 	230089
393	10769.6	434168	1.48573e+06	227604
394	10769.6	437522	1.26828e+06	231115
395	10769.6	432310	1.47557e+06	228514
396	10769.6	433451	1.54138e+06	226605
397	10769.6	434770	1.46406e+06	232395
398	10769.6	433373	1.4009e+06 	224592
399	10684.1	431479	1.50175e+06	234641
400	10684.1	431941	1.44084e+06	226288
401	10684.1	437915	1.44084e+06	236654
402	10684.1	441194	1.39818e+06	231347
403	10684.1	437209	1.33241e+06	225449
404	10684.1	441575	1.48918e+06	232352
405	10684.1	438032	1.38796e+06	226015
406	10684.1	436051	1.2458e+06 	220635
407	10684.1	433083	1.35635e+06	222708
408	10684.1	434455	1.41121e+06	221988
409	10684.1	432116	1.3675e+06 	221925
410	10684.1	432626	1.37307e+06	222489
411	10684.1	434230	1.39827e+06	223687
412	10684.1	436652	1.35994e+06	226190
413	10684.1	441152	1.34521e+06	231895
414	10684.1	441834	1.47941e+06	235698
415	10684.1	439099	1.38994e+06	232131
416	10684.1	437063	1.38994e+06	233622
417	10684.1	436211	1.70378e+06	241222
418	10684.1	436816	1.53233e+06	236429
419	10684.1	438333	1.53877e+06	238228
420	10684.1	440898	1.41328e+06	236878
421	10684.1	438288	1.56164e+06	232343
422	10684.1	435276	1.40054e+06	228914
423	10684.1	439076	1.36818e+06	235171
424	10684.1	432652	1.40045e+06	232836
425	10684.1	427105	1.34156e+06	227480
426	10684.1	432440	1.71067e+06	233306
427	10684.1	432089	1.76052e+06	235217
428	10684.1	429176	1.35898e+06	221789
429	10684.1	428739	1.46251e+06	222316
430	10684.1	428303	1.37665e+06	224785
431	10684.1	430005	1.35206e+06	229341
432	10684.1	431440	1.36935e+06	227040
433	10684.1	435094	1.47222e+06	223364
434	10684.1	434438	1.29336e+06	221983
435	10684.1	435805	1.51545e+06	229077
436	10684.1	436566	1.37025e+06	232620
437	10684.1	440307	1.68392e+06	238633
438	10684.1	436014	1.63161e+06	239368
439	10684.1	429517	1.50633e+06	226637
440	10684.1	428649	1.31739e+06	225120
441	10684.1	431637	1.28054e+06	227729
442	10684.1	434334	1.43907e+06	227765
443	10626.7	431581	1.32735e+06	225770
444	10625.3	432071	1.44207e+06	230112
445	10625.3	434077	1.59268e+06	225966
446	10625.3	431008	1.46779e+06	221272
447	10625.3	430877	1.46336e+06	222239
448	10625.3	426327	1.38375e+06	222263
449	10625.3	425537	1.64031e+06	222824
450	10625.3	427703	1.28739e+06	220104
451	10625.3	428488	1.34619e+06	228681
452	9988.98	423314	1.47906e+06	223444
453	9988.98	420388	1.29638e+06	220646
454	9988.98	424370	1.5833e+06 	225237
455	9988.98	427067	1.22756e+06	222487
456	9988.98	428513	1.35978e+06	228713
457	9988.98	426449	1.47619e+06	226470
458	9988.98	426092	1.42244e+06	224998
459	9988.98	427188	1.45971e+06	225369
460	9988.98	423797	1.35497e+06	219753
461	9988.98	427486	1.45352e+06	221110
462	9988.98	426455	1.31536e+06	217473
463	9988.98	425066	1.49504e+06	220400
464	9988.98	423546	1.50519e+06	227414
465	9988.98	422534	1.46545e+06	230243
466	9988.98	418639	1.37174e+06	215066
467	9988.98	423310	1.32873e+06	223189
468	9988.98	420229	1.32873e+06	219993
469	9988.98	419384	1.40346e+06	216088
470	9988.98	424990	1.52675e+06	225632
471	9988.98	424051	1.47625e+06	213579
472	9988.98	421538	1.32265e+06	211886
473	9988.98	423781	1.50587e+06	216557
474	9988.98	425315	1.32437e+06	220880
475	9988.98	433837	1.30917e+06	232027
476	9988.98	433212	1.45698e+06	234037
477	9988.98	432847	1.4847e+06 	237339
478	9988.98	427516	1.45698e+06	227575
479	9988.98	427447	1.51165e+06	229159
480	9988.98	425263	1.39452e+06	219396
481	9988.98	426320	1.45098e+06	224455
482	9988.98	428261	1.51867e+06	230182
483	9988.98	431249	1.5373e+06 	232389
484	9988.98	424902	1.40286e+06	224668
485	9988.98	422144	1.22214e+06	218165
486	9464.92	420653	1.20546e+06	216783
487	9464.92	422373	1.46337e+06	220038
488	9464.92	421357	1.52495e+06	221057
489	9464.92	419824	1.42599e+06	218922
490	9464.92	422529	1.40911e+06	218252
491	8917.56	420663	1.40732e+06	214325
492	8917.56	423546	1.55136e+06	222993
493	8917.56	424135	1.41454e+06	220332
494	8917.56	422672	1.41298e+06	223533
495	8917.56	413274	1.19043e+06	211428
496	8917.56	411491	1.13187e+06	202576
497	8917.56	410252	1.3481e+06 	205050
498	8917.56	413607	1.19044e+06	203585
499	8917.56	415409	1.21129e+06	208304
123.83000001
