/usr/lib/python2.7/site-packages/deap/tools/_hypervolume/pyhv.py:33: ImportWarning: Falling back to the python version of hypervolume module. Expect this to be very slow.
  "module. Expect this to be very slow.", ImportWarning)
gen	min    	avg   	max   	std   
0  	99757.6	354801	938653	134688
1  	99757.6	353340	897172	128010
2  	91649.4	353656	933880	134497
3  	83616.3	354707	990252	134288
4  	66110.1	356472	1.04082e+06	133002
5  	66110.1	357413	1.01719e+06	136126
6  	66110.1	359563	1.01839e+06	139373
7  	66110.1	359756	950073     	134598
8  	66110.1	362863	994014     	139721
9  	57688.8	364493	1.20998e+06	146739
10 	57688.8	366310	1.01435e+06	143642
11 	57688.8	363986	1.07233e+06	142299
12 	57688.8	367941	1.05738e+06	145032
13 	57688.8	367417	1.05607e+06	146528
14 	57688.8	370689	1.03127e+06	147291
15 	57688.8	369721	926813     	144683
16 	57688.8	374590	934919     	147307
17 	52886.9	376093	907744     	150820
18 	52886.9	377992	1.097e+06  	152725
19 	52886.9	373333	1.08242e+06	149284
20 	52886.9	373667	1.03041e+06	147792
21 	52886.9	372545	1.09859e+06	155262
22 	52886.9	370888	1.22137e+06	152182
23 	52886.9	368885	1.2273e+06 	148046
24 	52886.9	367863	1.12673e+06	142809
25 	52886.9	366905	1.13284e+06	144681
26 	52886.9	367939	974353     	145446
27 	52886.9	367550	1.02073e+06	145433
28 	52886.9	370157	1.1672e+06 	144793
29 	52886.9	368553	934430     	141366
30 	52886.9	370150	930082     	141144
31 	52886.9	370927	1.02782e+06	147263
32 	52886.9	367058	1.13112e+06	147775
33 	52886.9	369536	1.10242e+06	147320
34 	45479.8	372751	1.0351e+06 	143819
35 	45479.8	373772	1.06835e+06	144156
36 	45479.8	374224	1.06115e+06	145459
37 	45479.8	374244	1.05847e+06	145851
38 	45426.2	375132	1.08232e+06	152129
39 	45426.2	376358	1.06985e+06	153165
40 	45426.2	380284	987481     	150866
41 	45037.2	381721	1.20928e+06	153942
42 	45037.2	380663	1.31617e+06	151691
43 	45037.2	378628	1.10134e+06	151788
44 	45037.2	378373	1.00386e+06	148068
45 	44684  	381223	985565     	151095
46 	44684  	383886	985565     	154759
47 	44684  	381024	1.1207e+06 	152535
48 	44684  	381621	1.09987e+06	152198
49 	44684  	379198	973678     	150176
50 	44684  	380170	1.03199e+06	154197
51 	44684  	381752	1.04381e+06	154182
52 	44684  	382362	1.15832e+06	153919
53 	44684  	383152	1.02484e+06	156933
54 	44684  	387050	1.05895e+06	157753
55 	44684  	385498	1.08682e+06	154572
56 	44684  	390997	1.00725e+06	156920
57 	42564.2	390413	1.14898e+06	161894
58 	36368.3	386186	1.20232e+06	157421
59 	36368.3	388482	1.11754e+06	157853
60 	36368.3	389408	1.10007e+06	159899
61 	36368.3	391906	1.10775e+06	168698
62 	36368.3	390558	1.16716e+06	163410
63 	36368.3	387316	1.03738e+06	158251
64 	36368.3	387397	1.0992e+06 	158397
65 	36368.3	390190	1.05312e+06	160741
66 	36368.3	393194	1.11247e+06	168812
67 	36368.3	389247	1.1974e+06 	164550
68 	36105.9	390441	1.1892e+06 	162547
69 	36105.9	389882	1.22342e+06	165457
70 	36105.9	396480	1.21099e+06	171811
71 	36105.9	396120	1.26699e+06	168958
72 	36105.9	398588	1.0878e+06 	169170
73 	36105.9	400603	1.04769e+06	170560
74 	36105.9	395542	1.15214e+06	169628
75 	36105.9	393627	1.34772e+06	168584
76 	36105.9	397033	1.44886e+06	169116
77 	36105.9	395652	1.07888e+06	166914
78 	36105.9	392906	1.12487e+06	168059
79 	36105.9	393786	1.15925e+06	173120
80 	36105.9	395160	1.06625e+06	174263
81 	36105.9	395744	1.05169e+06	171609
82 	36105.9	394723	1.12978e+06	171425
83 	36105.9	401136	1.18209e+06	173123
84 	36105.9	399323	1.10606e+06	175814
85 	31411.1	394408	1.15323e+06	173108
86 	31411.1	398061	1.21789e+06	174291
87 	31411.1	393168	1.12995e+06	165564
88 	25293.1	398114	1.14257e+06	178021
89 	25293.1	395256	1.32846e+06	178577
90 	25293.1	394344	1.20152e+06	170484
91 	25293.1	390103	1.16503e+06	160613
92 	25293.1	393844	1.16069e+06	163480
93 	25293.1	395962	1.06069e+06	165684
94 	25293.1	395692	1.10932e+06	172704
95 	25293.1	395551	1.22179e+06	174203
96 	25293.1	389875	1.18803e+06	164860
97 	25293.1	393347	1.23315e+06	166372
98 	25293.1	394558	1.07492e+06	165471
99 	25293.1	395046	1.12882e+06	166415
100	25293.1	400915	1.12882e+06	169612
101	25293.1	399136	1.17988e+06	170728
102	24106.1	402769	1.06233e+06	173722
103	24106.1	402232	1.09699e+06	175004
104	24106.1	407317	1.54588e+06	194251
105	24106.1	401657	1.45437e+06	179980
106	24106.1	401879	1.23491e+06	176682
107	24106.1	396752	1.21914e+06	172915
108	24106.1	403200	1.35463e+06	180173
109	24106.1	405493	1.19905e+06	179815
110	24106.1	406286	1.24656e+06	182277
111	24106.1	409277	1.2492e+06 	185741
112	24106.1	409219	1.08036e+06	182184
113	19231  	403539	1.11833e+06	179119
114	19231  	402029	1.15446e+06	180064
115	19231  	401786	1.16493e+06	173466
116	19231  	402680	1.25603e+06	181342
117	18863.5	400245	1.23883e+06	175863
118	18863.5	403569	1.15595e+06	176989
119	18863.5	410854	1.34825e+06	186132
120	18863.5	408995	1.3017e+06 	179021
121	18863.5	403209	1.09329e+06	167982
122	18863.5	403300	1.1174e+06 	172300
123	18863.5	404391	1.12452e+06	175354
124	18863.5	401950	1.13668e+06	179198
125	18863.5	404982	1.19868e+06	178059
126	18863.5	402155	1.10637e+06	172852
127	18863.5	408049	1.29378e+06	190096
128	18078  	406313	1.21458e+06	183870
129	18078  	407111	1.21458e+06	185758
130	18078  	405450	1.24921e+06	187027
131	18078  	409363	1.28436e+06	189239
132	18078  	409367	1.41223e+06	190387
133	18078  	406737	1.24245e+06	186056
134	18078  	408248	1.19157e+06	185663
135	18078  	412722	1.22445e+06	191899
136	17376.8	418843	1.36712e+06	204280
137	17376.8	419325	1.24305e+06	206588
138	17376.8	419799	1.66995e+06	204518
139	17376.8	415842	1.69823e+06	197458
140	17376.8	413754	1.67437e+06	191695
141	17376.8	412582	1.21545e+06	189105
142	17376.8	405947	1.1032e+06 	180269
143	17376.8	411205	1.32794e+06	194204
144	17265.3	406612	1.45184e+06	192469
145	17265.3	407347	1.45184e+06	194427
146	17265.3	407027	1.28152e+06	187965
147	17265.3	406183	1.22993e+06	183391
148	17265.3	406803	1.25126e+06	182576
149	17265.3	410014	1.11526e+06	179852
150	17265.3	412936	1.1379e+06 	185478
151	17265.3	412470	1.16894e+06	188208
152	17265.3	417901	1.23591e+06	201007
153	17265.3	417738	1.22817e+06	196351
154	17265.3	413350	1.16206e+06	187891
155	17265.3	417917	1.20629e+06	189658
156	17045.6	421759	1.19667e+06	195420
157	17045.6	422659	1.36998e+06	196553
158	17045.6	424463	1.39251e+06	198686
159	17045.6	425484	1.22605e+06	200651
160	17045.6	420204	1.23932e+06	200238
161	17045.6	419740	1.24329e+06	193891
162	17045.6	422125	1.32943e+06	202574
163	17045.6	416639	1.08879e+06	182436
164	16727.1	418184	1.13376e+06	185308
165	16727.1	417630	1.1267e+06 	188019
166	16727.1	421601	1.52941e+06	193074
167	16727.1	422747	1.3478e+06 	198114
168	16727.1	421861	1.41268e+06	202952
169	16727.1	426215	1.54008e+06	206779
170	16727.1	424840	1.38971e+06	204753
171	16727.1	425635	1.26051e+06	197754
172	16727.1	419708	1.34034e+06	197667
173	16727.1	419730	1.3241e+06 	199895
174	16727.1	423214	1.29887e+06	198561
175	16727.1	421968	1.43145e+06	194857
176	16727.1	423779	1.34748e+06	201234
177	16727.1	423661	1.37308e+06	200621
178	16727.1	422846	1.2782e+06 	203306
179	14222  	424101	1.20562e+06	200555
180	14222  	425085	1.28896e+06	201825
181	14222  	423443	1.28896e+06	202176
182	14222  	420608	1.34067e+06	195911
183	14222  	420720	1.16245e+06	200784
184	14222  	420921	1.3254e+06 	193820
185	14222  	418009	1.28245e+06	194238
186	14222  	418883	1.12631e+06	187590
187	14222  	424678	1.31616e+06	193202
188	14222  	425148	1.25541e+06	194315
189	12970.7	425918	1.26071e+06	199795
190	12970.7	422151	1.31782e+06	195521
191	12970.7	422713	1.68711e+06	202855
192	12970.7	423364	1.39471e+06	203659
193	12970.7	427596	1.39471e+06	210418
194	12970.7	429706	1.47732e+06	209544
195	12970.7	429403	1.47732e+06	209275
196	12970.7	429716	1.27366e+06	206308
197	12970.7	426173	1.21475e+06	199414
198	12970.7	426695	1.23226e+06	200621
199	12970.7	431464	1.29153e+06	210095
200	12970.7	425218	1.23913e+06	198498
201	12970.7	423938	1.42934e+06	203113
202	12970.7	424416	1.24643e+06	197634
203	12970.7	423503	1.1633e+06 	192249
204	12970.7	426361	1.40528e+06	197071
205	12970.7	428241	1.41468e+06	205374
206	12970.7	427689	1.31948e+06	208065
207	12970.7	428738	1.32922e+06	205348
208	12970.7	426000	1.32161e+06	199120
209	12970.7	424883	1.15572e+06	191434
210	12970.7	427756	1.34921e+06	198857
211	12970.7	426187	1.34796e+06	200721
212	12970.7	427622	1.35583e+06	206657
213	12970.7	427257	1.20074e+06	204363
214	12970.7	429231	1.36613e+06	210524
215	12970.7	431351	1.3872e+06 	208078
216	12970.7	426382	1.41419e+06	202173
217	12970.7	427335	1.2028e+06 	202259
218	12970.7	427360	1.30955e+06	206412
219	12970.7	425330	1.27573e+06	202119
220	12970.7	427822	1.36279e+06	208841
221	11247.8	424107	1.27697e+06	202483
222	11247.8	428467	1.18539e+06	204445
223	11247.8	427107	1.41244e+06	208478
224	11247.8	432042	1.93207e+06	220368
225	11247.8	426127	1.39584e+06	202108
226	11247.8	425980	1.55641e+06	203831
227	11247.8	428027	1.39257e+06	202655
228	11247.8	424725	1.18773e+06	199052
229	11247.8	421256	1.28116e+06	197411
230	11247.8	421928	1.14026e+06	195259
231	11247.8	418834	1.11741e+06	196850
232	11247.8	417635	1.47179e+06	204647
233	11247.8	418552	1.33451e+06	200698
234	11247.8	416749	1.08463e+06	191994
235	11247.8	417441	1.38025e+06	198280
236	11247.8	420832	1.33843e+06	202983
237	11247.8	422344	1.37401e+06	201192
238	11247.8	420228	1.50444e+06	203549
239	11247.8	423608	1.46944e+06	209684
240	10881.2	426437	1.74989e+06	223223
241	10881.2	429144	1.49617e+06	215127
242	10881.2	431752	1.35765e+06	212618
243	10881.2	437478	1.43823e+06	228447
244	10881.2	435927	1.43507e+06	225747
245	10881.2	437185	1.23451e+06	225077
246	10881.2	438499	1.23078e+06	223666
247	10881.2	435361	1.37744e+06	221505
248	10881.2	435011	1.43965e+06	225188
249	10881.2	432492	1.30419e+06	214935
250	10881.2	429664	1.39537e+06	211455
251	10881.2	427909	1.49684e+06	214015
252	10881.2	429553	1.25002e+06	206943
253	10881.2	432527	1.36538e+06	208741
254	10881.2	436678	1.36538e+06	214579
255	10881.2	435576	1.29195e+06	215873
256	10881.2	434056	1.28587e+06	209794
257	10881.2	431744	1.25355e+06	213643
258	10881.2	431175	1.60389e+06	214299
259	10881.2	431662	1.58091e+06	214624
260	10881.2	433046	1.58849e+06	217737
261	10881.2	431663	1.25392e+06	207360
262	10881.2	431547	1.27226e+06	207715
263	10881.2	432760	1.42191e+06	206093
264	10881.2	432260	1.33206e+06	202934
265	10881.2	435303	1.33762e+06	211721
266	10881.2	436335	1.46514e+06	218814
267	10881.2	437156	1.63912e+06	226779
268	10881.2	436204	1.69794e+06	225929
269	10881.2	430783	1.50256e+06	209423
270	10881.2	430035	1.56634e+06	205138
271	10881.2	431891	1.28856e+06	207123
272	10881.2	430549	1.30793e+06	206586
273	10881.2	430004	1.38353e+06	206480
274	10881.2	429773	1.24031e+06	204537
275	10881.2	430712	1.27471e+06	207660
276	10881.2	431898	1.30208e+06	217981
277	10881.2	434674	1.94504e+06	229923
278	10881.2	434915	1.89428e+06	228636
279	10881.2	430986	1.63852e+06	214472
280	10881.2	423948	1.429e+06  	204809
281	10881.2	432238	1.43315e+06	212994
282	10881.2	436334	1.4675e+06 	221437
283	10881.2	433674	1.4675e+06 	220440
284	10881.2	433196	1.37668e+06	210027
285	10881.2	434728	1.46174e+06	213319
286	10881.2	436000	1.46408e+06	221665
287	10881.2	438327	1.46623e+06	230151
288	10881.2	433598	1.66897e+06	228876
289	10881.2	438172	1.56083e+06	227601
290	10881.2	438947	1.53972e+06	224085
291	10881.2	433248	1.50472e+06	219813
292	10881.2	431513	1.28724e+06	215732
293	10881.2	433182	1.4323e+06 	215763
294	10881.2	433290	1.35956e+06	215617
295	10881.2	436166	1.41805e+06	214362
296	10881.2	434536	1.2725e+06 	210255
297	10881.2	430652	1.21777e+06	206395
298	10566.5	429991	1.36407e+06	210703
299	10566.5	425919	1.30579e+06	201305
300	10534.5	430265	1.28354e+06	208539
301	10534.5	429544	1.16071e+06	200316
302	10534.5	432234	1.27753e+06	206585
303	10534.5	430056	1.39735e+06	204005
304	10534.5	429616	1.61814e+06	210975
305	10534.5	430036	1.44266e+06	207409
306	10534.5	436308	1.57255e+06	225650
307	10534.5	434037	1.49719e+06	225198
308	10534.5	435800	1.46264e+06	225401
309	10534.5	437821	1.44262e+06	223853
310	10534.5	434568	1.19468e+06	212804
311	10534.5	428886	1.22275e+06	208794
312	9548.71	426157	1.21546e+06	201795
313	9548.71	428882	1.27874e+06	205225
314	9548.71	431520	1.342e+06  	210515
315	9548.71	431007	1.31965e+06	210918
316	9548.71	433062	1.58234e+06	225037
317	9548.71	431613	1.41243e+06	219607
318	9548.71	435259	1.34885e+06	217556
319	9548.71	432224	1.25615e+06	211465
320	9548.71	439682	1.59769e+06	229617
321	9548.71	438260	1.46196e+06	231541
322	9548.71	427878	1.33755e+06	214435
323	9548.71	424604	1.8171e+06 	211344
324	9548.71	428078	1.50238e+06	222241
325	9548.71	428582	1.71261e+06	228061
326	9548.71	431358	1.74858e+06	223537
327	9548.71	431013	1.46446e+06	224411
328	9548.71	430853	1.52865e+06	224170
329	9548.71	427559	1.36441e+06	212483
330	9548.71	425980	1.41272e+06	211031
331	9037.59	425203	1.54978e+06	211275
332	9037.59	428709	1.55279e+06	223014
333	9037.59	429507	1.9128e+06 	226016
334	9037.59	429898	1.64332e+06	228056
335	9037.59	430324	2.17878e+06	230580
336	9037.59	433511	1.74716e+06	230400
337	9037.59	434953	1.55024e+06	226394
338	9037.59	432962	1.49149e+06	222038
339	9037.59	428999	1.41013e+06	208774
340	9037.59	429940	1.524e+06  	216697
341	9037.59	427047	1.5225e+06 	216094
342	9037.59	428703	1.39599e+06	214800
343	9037.59	429867	1.28215e+06	214460
344	9037.59	425288	1.24135e+06	208457
345	9037.59	428875	1.44243e+06	219715
346	9037.59	430091	1.5749e+06 	220546
347	9037.59	432574	1.56724e+06	226258
348	9037.59	425341	1.41624e+06	210674
349	9037.59	430314	1.39503e+06	218706
350	9037.59	421622	1.62124e+06	208484
351	9037.59	423378	1.23005e+06	210157
352	9037.59	426908	1.39147e+06	213820
353	9037.59	421340	1.35342e+06	205025
354	9037.59	418747	1.44099e+06	204498
355	9037.59	423963	1.40629e+06	219151
356	9037.59	424730	1.56724e+06	222105
357	9037.59	424760	1.57068e+06	226350
358	9037.59	432113	1.52871e+06	234181
359	9037.59	424218	1.53429e+06	225462
360	9037.59	426097	1.7482e+06 	231319
361	9037.59	429898	1.65639e+06	237940
362	9037.59	430417	1.63722e+06	233880
363	9037.59	426663	1.57905e+06	229959
364	9037.59	422514	1.3763e+06 	230938
365	9037.59	423578	1.43999e+06	225315
366	9037.59	423983	1.37968e+06	220960
367	9037.59	422223	1.42623e+06	213472
368	9037.59	423896	1.62535e+06	224379
369	9037.59	423779	1.594e+06  	229687
370	9037.59	421884	1.47466e+06	218470
371	9037.59	422850	1.45502e+06	222448
372	9037.59	420669	1.33387e+06	215428
373	9037.59	420402	1.25698e+06	218879
374	9037.59	422842	1.85135e+06	223067
375	9037.59	425589	1.35361e+06	215887
376	9037.59	424254	1.21923e+06	211253
377	9037.59	423209	1.24657e+06	212410
378	9037.59	421835	1.29858e+06	210699
379	9037.59	420070	1.33518e+06	213512
380	9037.59	423705	1.31566e+06	224362
381	9037.59	423286	1.28281e+06	222948
382	9037.59	423318	1.32118e+06	221817
383	8820.14	416916	1.31468e+06	216248
384	8820.14	416282	1.36349e+06	214429
385	8820.14	417723	1.44847e+06	215814
386	8820.14	415991	1.57626e+06	222657
387	8820.14	415446	1.46076e+06	217226
388	8820.14	415097	1.50367e+06	222017
389	8820.14	417366	1.38925e+06	222539
390	8820.14	423118	1.40003e+06	225527
391	8820.14	424749	1.65784e+06	223407
392	8820.14	422947	1.42829e+06	214748
393	8820.14	424003	1.23999e+06	211576
394	8820.14	422851	1.41786e+06	209394
395	8820.14	429407	1.50797e+06	217521
396	8820.14	428460	1.41786e+06	217976
397	8820.14	424330	1.5141e+06 	218404
398	8486.91	424883	1.44424e+06	216224
399	8486.91	424201	1.44424e+06	223770
400	8486.91	425635	1.48871e+06	226277
401	8486.91	425358	1.36875e+06	222749
402	8486.91	425600	1.50404e+06	219457
403	8486.91	426589	1.31128e+06	216599
404	8486.91	424074	1.56395e+06	215817
405	8486.91	423590	1.50646e+06	213407
406	8486.91	423892	1.32087e+06	206757
407	8486.91	426601	1.50238e+06	219869
408	8486.91	418247	1.51607e+06	206015
409	8486.91	420427	1.41963e+06	211030
410	8486.91	417982	1.30621e+06	210842
411	8486.91	419877	1.44157e+06	214658
412	8486.91	419283	1.39153e+06	211766
413	8486.91	417092	1.28884e+06	200911
414	8486.91	417323	1.44032e+06	206871
415	8486.91	417264	1.41713e+06	211638
416	8486.91	421221	1.4469e+06 	216266
417	8486.91	418693	1.63152e+06	209464
418	8486.91	416953	1.59102e+06	211219
419	8486.91	422273	1.66322e+06	218385
420	8486.91	425956	1.20894e+06	216551
421	8486.91	427359	1.40769e+06	220434
422	8486.91	424895	1.39258e+06	212101
423	8486.91	421781	1.5294e+06 	209708
424	8486.91	423462	1.53985e+06	216218
425	8486.91	429635	1.77967e+06	231413
426	8486.91	427325	1.55434e+06	226491
427	8486.91	423420	1.44901e+06	216082
428	8486.91	424723	1.35109e+06	218986
429	8486.91	426861	1.44309e+06	218567
430	8486.91	429740	1.44309e+06	223171
431	8486.91	426850	1.21942e+06	218114
432	8486.91	424410	1.69072e+06	225030
433	8486.91	419076	1.37087e+06	224263
434	8486.91	419099	1.57254e+06	224119
435	8486.91	415718	1.5201e+06 	214930
436	8486.91	419704	1.27488e+06	216008
437	8486.91	420737	1.61625e+06	224734
438	8486.91	423134	1.61625e+06	226741
439	8486.91	425167	1.33877e+06	220102
440	8486.91	419271	1.39473e+06	221201
441	8147.9 	423411	1.35286e+06	221269
442	8147.9 	420334	1.35286e+06	213681
443	8147.9 	424726	1.22651e+06	217629
444	8147.9 	426471	1.23454e+06	218800
445	8147.9 	426505	1.30006e+06	213603
446	8147.9 	423007	1.26275e+06	214989
447	8147.9 	426997	1.39398e+06	216257
448	8147.9 	426974	1.66844e+06	222927
449	8147.9 	424438	1.36405e+06	222216
450	8147.9 	421666	1.24662e+06	220213
451	8147.9 	420158	1.28251e+06	215769
452	8147.9 	420526	1.32581e+06	212600
453	8147.9 	422683	1.47157e+06	220859
454	8147.9 	421350	1.39317e+06	213818
455	8147.9 	421950	1.31871e+06	216166
456	8147.9 	421332	1.21413e+06	215765
457	8147.9 	422467	1.43315e+06	222567
458	8147.9 	422763	1.49402e+06	224707
459	8147.9 	414359	1.35269e+06	215408
460	8147.9 	413739	1.269e+06  	211287
461	8147.9 	411104	1.27591e+06	208098
462	8147.9 	410985	1.47099e+06	212441
463	8147.9 	416096	1.37247e+06	219318
464	8147.9 	416473	1.2658e+06 	213027
465	8147.9 	418977	1.22987e+06	216356
466	8147.9 	417111	1.55504e+06	220698
467	8147.9 	417141	1.32487e+06	210964
468	8147.9 	418451	1.34127e+06	209420
469	8147.9 	417336	1.33625e+06	206100
470	8147.9 	416913	1.47572e+06	206977
471	8147.9 	416413	1.26956e+06	205241
472	8147.9 	420830	1.52943e+06	209068
473	8147.9 	421134	1.48145e+06	216151
474	8147.9 	418349	1.5269e+06 	217537
475	8147.9 	417908	1.64739e+06	223199
476	8147.9 	418685	1.59996e+06	229349
477	8147.9 	419416	1.58773e+06	225435
478	8147.9 	420480	1.43965e+06	223304
479	8147.9 	414220	1.33728e+06	217705
480	8147.9 	416962	1.30907e+06	219895
481	8147.9 	416846	1.39069e+06	217836
482	8147.9 	418398	1.77471e+06	217515
483	8147.9 	415568	1.39759e+06	210299
484	8147.9 	414244	1.37042e+06	207748
485	8147.9 	413454	1.32513e+06	205473
486	8147.9 	414870	1.25933e+06	208508
487	8147.9 	414949	1.23892e+06	207530
488	8147.9 	412480	1.41907e+06	207575
489	8147.9 	414735	1.40907e+06	211347
490	8147.9 	409937	1.58902e+06	200573
491	8147.9 	412387	1.51152e+06	208711
492	8147.9 	415672	1.34854e+06	206772
493	8147.9 	418086	1.37375e+06	210404
494	8147.9 	412332	1.3896e+06 	206597
495	8147.9 	416110	1.43669e+06	215052
496	8147.9 	409119	1.6332e+06 	209050
497	8147.9 	414858	1.4153e+06 	216065
498	8147.9 	414630	1.38317e+06	214365
499	8147.9 	413424	1.40658e+06	212744
123.83000001
