/usr/lib/python2.7/site-packages/deap/tools/_hypervolume/pyhv.py:33: ImportWarning: Falling back to the python version of hypervolume module. Expect this to be very slow.
  "module. Expect this to be very slow.", ImportWarning)
gen	min    	avg        	max        	std       
0  	310.514	5.60997e+06	4.14547e+07	7.3321e+06
1  	310.514	5.67406e+06	4.14547e+07	7.27254e+06
2  	281.799	5.66214e+06	4.44264e+07	7.09567e+06
3  	203.524	5.4066e+06 	4.50368e+07	6.94628e+06
4  	203.524	5.23739e+06	4.18911e+07	6.69507e+06
5  	203.524	5.3866e+06 	3.70288e+07	6.88162e+06
6  	194.645	5.49643e+06	3.40618e+07	6.7882e+06 
7  	194.645	5.48156e+06	3.95818e+07	6.74454e+06
8  	194.645	5.3197e+06 	3.82154e+07	6.7511e+06 
9  	194.645	5.23333e+06	4.19014e+07	6.67506e+06
10 	194.645	5.0659e+06 	3.98363e+07	6.44242e+06
11 	194.645	5.18569e+06	3.77985e+07	6.31448e+06
12 	194.645	5.26986e+06	4.60846e+07	6.5761e+06 
13 	194.645	5.31066e+06	4.10051e+07	6.56023e+06
14 	194.645	5.27124e+06	3.85281e+07	6.63248e+06
15 	194.645	5.3868e+06 	3.85281e+07	6.80678e+06
16 	194.645	5.368e+06  	3.47792e+07	6.6379e+06 
17 	191.709	5.28832e+06	3.67582e+07	6.48416e+06
18 	191.709	5.30269e+06	3.51573e+07	6.527e+06  
19 	191.709	5.45684e+06	4.042e+07  	6.64046e+06
20 	153.526	5.4485e+06 	3.60718e+07	6.32805e+06
21 	153.526	5.59955e+06	3.52806e+07	6.63562e+06
22 	153.526	5.5397e+06 	3.52806e+07	6.49415e+06
23 	153.526	5.4475e+06 	3.34415e+07	6.50386e+06
24 	153.526	5.19257e+06	3.5976e+07 	6.35832e+06
25 	153.526	5.27443e+06	3.21775e+07	6.23092e+06
26 	153.526	5.44597e+06	3.31355e+07	6.6928e+06 
27 	153.526	5.42142e+06	3.87052e+07	6.78858e+06
28 	153.526	5.52055e+06	3.76774e+07	6.97373e+06
29 	153.526	5.48481e+06	4.27094e+07	7.05672e+06
30 	153.526	5.53027e+06	4.30636e+07	7.16909e+06
31 	153.526	5.44754e+06	4.25682e+07	7.14177e+06
32 	153.526	5.47493e+06	3.71781e+07	7.01423e+06
33 	153.526	5.43449e+06	4.08956e+07	6.93868e+06
34 	153.526	5.39571e+06	3.93645e+07	6.77445e+06
35 	153.526	5.47567e+06	3.78164e+07	6.79649e+06
36 	153.526	5.58884e+06	3.53225e+07	7.00762e+06
37 	153.526	5.6715e+06 	5.06091e+07	7.40499e+06
38 	153.526	5.5188e+06 	4.72599e+07	7.34652e+06
39 	153.526	5.20298e+06	4.17747e+07	6.8747e+06 
40 	153.526	4.9478e+06 	3.66448e+07	6.35963e+06
41 	153.526	5.21249e+06	4.43015e+07	6.77271e+06
42 	153.526	5.2339e+06 	3.91647e+07	6.81251e+06
43 	153.526	5.20195e+06	3.31472e+07	6.50493e+06
44 	153.526	5.1741e+06 	3.82306e+07	6.83599e+06
45 	153.526	5.20139e+06	3.89539e+07	6.86394e+06
46 	153.526	5.17236e+06	4.18197e+07	6.7411e+06 
47 	153.526	5.38259e+06	3.7568e+07 	6.72016e+06
48 	153.526	5.46171e+06	3.70342e+07	6.72352e+06
49 	153.526	5.34952e+06	3.62136e+07	6.3854e+06 
50 	153.526	5.24557e+06	4.80219e+07	6.4665e+06 
51 	153.526	5.30366e+06	3.65551e+07	6.49396e+06
52 	153.526	5.48654e+06	3.79709e+07	6.70486e+06
53 	153.526	5.35085e+06	3.99285e+07	6.86992e+06
54 	153.526	5.34376e+06	4.30182e+07	6.83855e+06
55 	153.526	5.38801e+06	4.36488e+07	6.73102e+06
56 	153.526	5.27465e+06	4.85142e+07	6.70238e+06
57 	153.526	5.30772e+06	4.02808e+07	6.79339e+06
58 	153.526	5.18184e+06	4.67189e+07	6.82014e+06
59 	153.526	5.30334e+06	5.76101e+07	7.10316e+06
60 	153.526	5.27293e+06	5.7853e+07 	7.02302e+06
61 	153.526	5.04143e+06	3.86774e+07	6.67804e+06
62 	153.526	4.95637e+06	3.60534e+07	6.51672e+06
63 	153.526	5.06616e+06	3.77783e+07	6.66311e+06
64 	153.526	4.9833e+06 	3.77502e+07	6.44478e+06
65 	153.526	4.88038e+06	3.701e+07  	6.38024e+06
66 	153.526	4.94138e+06	4.22957e+07	6.39682e+06
67 	153.526	5.03834e+06	4.22957e+07	6.38863e+06
68 	153.526	5.08451e+06	4.11728e+07	6.4288e+06 
69 	153.526	4.95455e+06	3.80834e+07	6.19201e+06
70 	153.526	5.02228e+06	3.71906e+07	6.18743e+06
71 	153.526	5.02257e+06	3.51874e+07	6.16158e+06
72 	153.526	5.20335e+06	3.71414e+07	6.40726e+06
73 	153.526	5.15524e+06	3.69986e+07	6.54848e+06
74 	153.526	5.30249e+06	4.28564e+07	6.83765e+06
75 	153.526	5.20122e+06	3.99849e+07	6.53461e+06
76 	153.526	5.33396e+06	4.65468e+07	6.98133e+06
77 	153.526	5.25092e+06	4.65468e+07	6.85408e+06
78 	153.526	5.33202e+06	4.2859e+07 	6.85909e+06
79 	153.526	5.40073e+06	4.20435e+07	6.86934e+06
80 	153.526	5.19196e+06	3.44377e+07	6.46604e+06
81 	153.526	5.288e+06  	4.32888e+07	6.61879e+06
82 	153.526	5.25718e+06	4.27359e+07	6.80629e+06
83 	153.526	5.23418e+06	3.86394e+07	6.82671e+06
84 	153.526	5.2316e+06 	4.71299e+07	6.94287e+06
85 	153.526	4.97123e+06	4.87307e+07	6.80767e+06
86 	153.526	5.01548e+06	4.02852e+07	6.42152e+06
87 	153.526	4.97853e+06	3.78205e+07	6.52359e+06
88 	153.526	4.92796e+06	3.28906e+07	6.28522e+06
89 	153.526	4.87791e+06	3.96195e+07	6.39606e+06
90 	153.526	4.77367e+06	3.82278e+07	6.24714e+06
91 	153.526	4.80305e+06	4.10931e+07	6.23893e+06
92 	153.526	4.93972e+06	3.7698e+07 	6.37066e+06
93 	153.526	4.9988e+06 	3.87404e+07	6.56928e+06
94 	153.526	4.80912e+06	3.77987e+07	6.38043e+06
95 	153.526	4.76569e+06	3.96338e+07	6.45006e+06
96 	153.526	4.66688e+06	3.97486e+07	6.30413e+06
97 	153.526	4.76614e+06	3.87234e+07	6.1535e+06 
98 	153.526	4.89329e+06	4.67803e+07	6.28589e+06
99 	153.526	4.74657e+06	3.81472e+07	6.0414e+06 
100	153.526	4.96453e+06	3.62631e+07	6.33989e+06
101	153.526	5.0618e+06 	3.91878e+07	6.72319e+06
102	153.526	5.019e+06  	3.97544e+07	6.46644e+06
103	153.526	5.20723e+06	3.66673e+07	6.50914e+06
104	153.526	4.96681e+06	3.74999e+07	6.22743e+06
105	153.526	4.81694e+06	3.51257e+07	6.08362e+06
106	153.526	4.67769e+06	3.35552e+07	5.93295e+06
107	153.526	4.65998e+06	3.67153e+07	5.99347e+06
108	153.526	4.73695e+06	3.63025e+07	6.16862e+06
109	153.526	4.8309e+06 	3.66992e+07	6.21606e+06
110	153.526	4.72319e+06	3.97609e+07	6.17405e+06
111	153.526	4.87461e+06	3.73049e+07	6.4289e+06 
112	153.526	4.68012e+06	3.31181e+07	6.05718e+06
113	153.526	4.80116e+06	4.06533e+07	6.12322e+06
114	153.526	4.78396e+06	3.54405e+07	6.18724e+06
115	153.526	4.91493e+06	3.96389e+07	6.42657e+06
116	153.526	4.8763e+06 	3.90799e+07	6.21116e+06
117	153.526	4.82034e+06	3.69623e+07	6.13482e+06
118	153.526	4.66631e+06	3.29213e+07	6.05518e+06
119	153.526	4.82033e+06	3.41609e+07	6.10372e+06
120	153.526	4.98498e+06	5.17758e+07	6.74256e+06
121	153.526	5.07606e+06	4.23894e+07	6.55199e+06
122	153.526	5.18766e+06	4.81733e+07	6.70849e+06
123	153.526	5.04898e+06	3.6494e+07 	6.50104e+06
124	153.526	5.06519e+06	3.40258e+07	6.32348e+06
125	153.526	5.06622e+06	4.88488e+07	6.47835e+06
126	153.526	4.98149e+06	3.7474e+07 	6.04451e+06
127	153.526	5.09224e+06	3.5405e+07 	6.19111e+06
128	153.526	4.99655e+06	3.44596e+07	6.22649e+06
129	153.526	4.84415e+06	3.27061e+07	5.94035e+06
130	153.526	4.75551e+06	3.11665e+07	5.90579e+06
131	153.526	4.79868e+06	3.289e+07  	5.99498e+06
132	153.526	4.62947e+06	2.94678e+07	5.61731e+06
133	153.526	4.62821e+06	3.77392e+07	5.81488e+06
134	153.526	4.71194e+06	4.09752e+07	6.25029e+06
135	153.526	4.79528e+06	4.28225e+07	6.18408e+06
136	153.526	4.84613e+06	4.30413e+07	6.11096e+06
137	153.526	4.76135e+06	4.30413e+07	6.13516e+06
138	153.526	4.83021e+06	3.96897e+07	6.08408e+06
139	153.526	4.74133e+06	3.65772e+07	5.92294e+06
140	153.526	4.88238e+06	3.67668e+07	5.90549e+06
141	153.526	4.76573e+06	3.80742e+07	6.14362e+06
142	153.526	4.85295e+06	4.12769e+07	6.1487e+06 
143	153.526	4.9173e+06 	3.29996e+07	6.27552e+06
144	153.526	4.86574e+06	3.59565e+07	6.18743e+06
145	153.526	5.10189e+06	4.90565e+07	6.6689e+06 
146	153.526	4.92388e+06	4.48151e+07	6.69234e+06
147	153.526	4.92269e+06	4.26733e+07	6.59721e+06
148	153.526	4.95533e+06	4.26426e+07	6.93233e+06
149	153.526	4.93369e+06	3.75789e+07	6.86773e+06
150	153.526	4.96624e+06	3.97019e+07	6.55554e+06
151	153.526	4.9668e+06 	3.99276e+07	6.5947e+06 
152	153.526	4.76534e+06	3.91866e+07	6.51273e+06
153	153.526	5.00615e+06	3.99035e+07	6.61081e+06
154	153.526	5.22836e+06	4.39919e+07	6.95285e+06
155	153.526	5.18247e+06	4.61573e+07	6.90309e+06
156	153.526	5.00862e+06	4.04991e+07	6.69438e+06
157	153.526	5.22831e+06	4.45118e+07	6.91793e+06
158	153.526	5.23538e+06	3.55298e+07	6.80978e+06
159	153.526	4.87462e+06	3.93582e+07	6.71377e+06
160	153.526	5.08394e+06	3.6396e+07 	6.62362e+06
161	153.526	4.92888e+06	3.88903e+07	6.33471e+06
162	153.526	4.8158e+06 	3.55222e+07	6.25961e+06
163	153.526	4.93179e+06	3.50526e+07	6.12408e+06
164	153.526	5.12394e+06	3.55503e+07	6.30094e+06
165	153.526	4.93056e+06	4.53002e+07	6.15402e+06
166	153.526	4.79634e+06	3.7118e+07 	5.89853e+06
167	153.526	4.82944e+06	3.73925e+07	5.97302e+06
168	153.526	4.8476e+06 	3.73925e+07	6.04695e+06
169	153.526	4.82075e+06	3.73925e+07	6.03587e+06
170	153.526	4.96454e+06	3.85037e+07	6.42671e+06
171	153.526	4.99937e+06	3.52928e+07	6.26331e+06
172	153.526	4.96887e+06	3.61604e+07	6.37882e+06
173	153.526	5.09408e+06	3.35668e+07	6.53734e+06
174	153.526	5.07055e+06	3.95691e+07	6.73996e+06
175	153.526	4.86946e+06	3.82637e+07	6.58936e+06
176	153.526	5.04622e+06	3.65972e+07	6.57427e+06
177	153.526	5.00327e+06	3.33581e+07	6.13511e+06
178	153.526	5.18429e+06	3.91533e+07	6.5234e+06 
179	153.526	4.94019e+06	4.87899e+07	6.32253e+06
180	153.526	4.84791e+06	3.7042e+07 	6.10266e+06
181	153.526	4.90296e+06	3.86425e+07	6.33905e+06
182	143.259	5.03332e+06	3.37112e+07	6.48481e+06
183	143.259	5.04026e+06	4.19706e+07	6.91319e+06
184	143.259	5.12754e+06	4.06876e+07	6.82141e+06
185	143.259	5.13162e+06	5.04745e+07	6.95344e+06
186	143.259	4.9053e+06 	5.40408e+07	6.80453e+06
187	143.259	4.99641e+06	4.32831e+07	6.67948e+06
188	143.259	4.78862e+06	3.62201e+07	6.42825e+06
189	143.259	4.7744e+06 	3.98702e+07	6.47642e+06
190	143.259	4.82793e+06	4.02729e+07	6.44367e+06
191	143.259	4.60017e+06	3.6432e+07 	6.14712e+06
192	143.259	4.54244e+06	3.56255e+07	5.783e+06  
193	143.259	4.78577e+06	3.74521e+07	6.07603e+06
194	143.259	4.92831e+06	3.5509e+07 	6.441e+06  
195	143.259	4.93989e+06	3.89376e+07	6.25579e+06
196	143.259	4.92572e+06	3.85553e+07	6.33889e+06
197	143.259	4.83708e+06	3.54547e+07	6.20595e+06
198	143.259	4.91426e+06	3.89816e+07	6.3171e+06 
199	143.259	4.80593e+06	3.98319e+07	6.15695e+06
200	143.259	4.75528e+06	4.5174e+07 	6.00146e+06
201	143.259	4.87967e+06	4.0232e+07 	6.18263e+06
202	143.259	4.61875e+06	3.2644e+07 	5.7872e+06 
203	143.259	4.571e+06  	3.17548e+07	5.57458e+06
204	143.259	4.67964e+06	3.16395e+07	5.60273e+06
205	143.259	4.68892e+06	3.16395e+07	5.95714e+06
206	143.259	4.85538e+06	3.09287e+07	6.17591e+06
207	143.259	4.73254e+06	3.45447e+07	6.21814e+06
208	143.259	4.81075e+06	3.78763e+07	6.34286e+06
209	143.259	4.84851e+06	4.1555e+07 	6.32022e+06
210	143.259	4.72285e+06	3.62462e+07	6.25754e+06
211	143.259	4.61184e+06	3.52905e+07	6.03775e+06
212	143.259	4.53069e+06	3.35711e+07	5.92053e+06
213	143.259	4.48939e+06	3.49744e+07	5.70048e+06
214	143.259	4.51121e+06	3.45012e+07	5.6923e+06 
215	143.259	4.56872e+06	3.45012e+07	5.86077e+06
216	143.259	4.68402e+06	3.45012e+07	5.94878e+06
217	143.259	4.69939e+06	3.33759e+07	5.90205e+06
218	143.259	4.91455e+06	3.33759e+07	6.04096e+06
219	143.259	4.91029e+06	3.89729e+07	6.40738e+06
220	143.259	5.00879e+06	3.78086e+07	6.49108e+06
221	143.259	4.96342e+06	4.03156e+07	6.40449e+06
222	143.259	5.08375e+06	4.33623e+07	6.84615e+06
223	143.259	4.91031e+06	4.44536e+07	6.50207e+06
224	143.259	5.06651e+06	4.00434e+07	6.44636e+06
225	143.259	5.02853e+06	3.64876e+07	6.47879e+06
226	143.259	5.10547e+06	3.4855e+07 	6.60926e+06
227	143.259	5.12653e+06	4.13533e+07	6.86158e+06
228	143.259	5.03615e+06	4.39925e+07	6.87961e+06
229	143.259	4.92669e+06	4.68857e+07	6.80056e+06
230	143.259	4.99764e+06	4.90498e+07	6.76234e+06
231	143.259	4.80802e+06	5.25977e+07	6.86995e+06
232	143.259	4.85862e+06	5.44005e+07	6.93132e+06
233	143.259	4.95102e+06	4.78321e+07	6.64849e+06
234	143.259	4.8566e+06 	4.27791e+07	6.42432e+06
235	143.259	4.9367e+06 	3.32431e+07	6.51273e+06
236	143.259	4.86695e+06	4.36933e+07	6.64e+06   
237	143.259	5.1103e+06 	4.35057e+07	6.51686e+06
238	143.259	4.96208e+06	3.823e+07  	6.22422e+06
239	143.259	5.03413e+06	4.24527e+07	6.55989e+06
240	143.259	4.9265e+06 	4.2602e+07 	6.49151e+06
241	143.259	5.10998e+06	4.40111e+07	6.65052e+06
242	143.259	5.12519e+06	3.70492e+07	6.6588e+06 
243	143.259	5.00485e+06	4.05472e+07	6.62456e+06
244	143.259	4.88276e+06	3.65348e+07	6.38871e+06
245	143.259	4.52613e+06	3.51491e+07	6.05331e+06
246	143.259	4.5282e+06 	3.52996e+07	5.98836e+06
247	143.259	4.62299e+06	3.67548e+07	6.26939e+06
248	143.259	4.71142e+06	4.54623e+07	6.46053e+06
249	143.259	4.63615e+06	3.96385e+07	6.3929e+06 
250	143.259	4.73952e+06	3.98434e+07	6.64977e+06
251	143.259	4.77586e+06	4.39008e+07	6.64579e+06
252	143.259	4.6296e+06 	3.5416e+07 	6.21015e+06
253	143.259	4.64139e+06	3.595e+07  	6.08353e+06
254	143.259	4.63222e+06	3.40101e+07	6.05996e+06
255	143.259	4.5544e+06 	3.16698e+07	5.8169e+06 
256	143.259	4.39161e+06	3.45758e+07	5.58125e+06
257	143.259	4.34529e+06	3.51328e+07	5.68047e+06
258	143.259	4.35382e+06	3.45185e+07	5.85684e+06
259	143.259	4.34529e+06	3.61237e+07	5.81082e+06
260	143.259	4.58784e+06	3.61114e+07	5.99127e+06
261	143.259	4.47688e+06	4.02788e+07	5.96461e+06
262	143.259	4.49974e+06	3.4172e+07 	5.66922e+06
263	143.259	4.60044e+06	2.97952e+07	5.67737e+06
264	143.259	4.56361e+06	3.02311e+07	5.68223e+06
265	143.259	4.6299e+06 	3.79566e+07	5.76588e+06
266	143.259	4.78454e+06	3.79566e+07	6.08839e+06
267	143.259	4.65614e+06	3.72379e+07	5.95777e+06
268	143.259	4.61462e+06	3.77838e+07	6.04777e+06
269	143.259	4.50351e+06	3.56361e+07	5.84914e+06
270	143.259	4.44214e+06	2.99426e+07	5.74348e+06
271	143.259	4.52764e+06	5.13129e+07	5.99999e+06
272	143.259	4.45976e+06	4.26993e+07	5.81363e+06
273	143.259	4.59935e+06	4.9405e+07 	6.19088e+06
274	143.259	4.74101e+06	5.35502e+07	6.33563e+06
275	143.259	4.59955e+06	3.40208e+07	5.87298e+06
276	143.259	4.75679e+06	4.20925e+07	6.37505e+06
277	143.259	4.69179e+06	4.35733e+07	6.22699e+06
278	143.259	4.76421e+06	4.45946e+07	6.27927e+06
279	143.259	4.59844e+06	3.25206e+07	5.91065e+06
280	143.259	4.75028e+06	3.31612e+07	6.1725e+06 
281	143.259	4.75176e+06	3.21636e+07	6.16764e+06
282	143.259	4.62609e+06	3.10948e+07	5.74636e+06
283	143.259	4.7044e+06 	5.25738e+07	6.02301e+06
284	143.259	4.92905e+06	5.34252e+07	6.1955e+06 
285	143.259	4.75152e+06	4.68739e+07	5.92741e+06
286	143.259	4.8399e+06 	3.57772e+07	6.075e+06  
287	143.259	5.07704e+06	4.5815e+07 	6.71203e+06
288	143.259	5.00382e+06	5.19152e+07	6.75343e+06
289	143.259	4.85112e+06	4.97277e+07	6.56882e+06
290	143.259	4.95969e+06	4.98643e+07	6.70217e+06
291	143.259	4.86102e+06	4.23188e+07	6.57655e+06
292	143.259	4.83542e+06	3.57546e+07	6.29447e+06
293	143.259	4.81355e+06	3.12141e+07	6.01818e+06
294	143.259	4.8759e+06 	3.46425e+07	6.09168e+06
295	143.259	4.84824e+06	3.22732e+07	6.24013e+06
296	143.259	4.76521e+06	3.62863e+07	6.03504e+06
297	143.259	4.74789e+06	4.95496e+07	6.15934e+06
298	143.259	4.79819e+06	4.4478e+07 	6.21472e+06
299	143.259	4.80963e+06	3.99892e+07	6.14752e+06
300	143.259	4.80818e+06	3.48304e+07	6.20141e+06
301	143.259	4.84568e+06	4.41525e+07	6.4148e+06 
302	143.259	5.04897e+06	3.61212e+07	6.62617e+06
303	143.259	5.20245e+06	4.02887e+07	6.65429e+06
304	143.259	5.15487e+06	4.38764e+07	6.66149e+06
305	143.259	4.87326e+06	2.98488e+07	6.00356e+06
306	143.259	4.82287e+06	3.5244e+07 	6.05658e+06
307	143.259	4.71778e+06	3.34374e+07	5.99824e+06
308	143.259	4.86345e+06	3.75744e+07	6.24672e+06
309	143.259	4.84066e+06	3.75284e+07	6.40976e+06
310	143.259	4.67155e+06	3.34096e+07	6.06711e+06
311	143.259	4.67642e+06	3.53899e+07	5.9481e+06 
312	143.259	4.46465e+06	3.53899e+07	5.65418e+06
313	143.259	4.60568e+06	3.13659e+07	5.95857e+06
314	143.259	4.92004e+06	6.68467e+07	6.81492e+06
315	143.259	4.7153e+06 	3.88619e+07	6.33002e+06
316	143.259	4.60178e+06	4.42133e+07	6.38714e+06
317	143.259	4.50253e+06	3.63671e+07	6.03248e+06
318	143.259	4.53322e+06	4.15398e+07	6.25044e+06
319	143.259	4.3889e+06 	3.79143e+07	6.08675e+06
320	143.259	4.44659e+06	3.30577e+07	5.84652e+06
321	143.259	4.55589e+06	4.38939e+07	6.12568e+06
322	143.259	4.70401e+06	4.21737e+07	6.24288e+06
323	132.971	4.69624e+06	4.1407e+07 	6.1702e+06 
324	132.971	4.5359e+06 	4.12908e+07	5.98794e+06
325	132.971	4.52334e+06	2.90819e+07	5.61583e+06
326	132.971	4.29904e+06	2.8273e+07 	5.41273e+06
327	132.971	4.33549e+06	3.03288e+07	5.43247e+06
328	132.971	4.28249e+06	3.28026e+07	5.45587e+06
329	132.971	4.34439e+06	3.07769e+07	5.75972e+06
330	132.971	4.48159e+06	3.21381e+07	5.97881e+06
331	132.971	4.40173e+06	3.61875e+07	5.90982e+06
332	132.971	4.50591e+06	4.08783e+07	6.14946e+06
333	132.971	4.67318e+06	3.95489e+07	6.4478e+06 
334	132.971	4.78138e+06	3.95489e+07	6.56889e+06
335	132.971	4.63356e+06	3.51519e+07	6.21826e+06
336	132.971	4.60505e+06	3.36659e+07	6.13396e+06
337	132.971	4.67757e+06	3.48154e+07	6.35165e+06
338	132.971	4.73174e+06	4.49821e+07	6.36362e+06
339	132.971	4.58593e+06	4.47704e+07	6.08203e+06
340	132.971	4.58637e+06	3.48154e+07	5.79822e+06
341	132.971	4.68682e+06	3.70762e+07	6.19509e+06
342	132.971	4.58121e+06	3.94968e+07	6.12641e+06
343	132.971	4.47109e+06	3.78908e+07	5.77748e+06
344	132.971	4.73603e+06	4.65564e+07	6.25476e+06
345	132.971	4.70781e+06	3.54249e+07	6.16846e+06
346	132.971	4.74016e+06	4.36931e+07	6.45838e+06
347	132.971	4.70979e+06	4.66036e+07	6.3731e+06 
348	132.971	4.38304e+06	4.25352e+07	5.73116e+06
349	132.971	4.41481e+06	3.96651e+07	5.6479e+06 
350	132.971	4.46724e+06	3.96154e+07	5.86296e+06
351	132.971	4.71685e+06	3.85852e+07	6.10189e+06
352	132.971	4.78965e+06	3.44673e+07	6.31624e+06
353	132.971	4.7235e+06 	3.57938e+07	6.08298e+06
354	132.971	4.52724e+06	3.77106e+07	5.88762e+06
355	132.971	4.71526e+06	3.84884e+07	5.94949e+06
356	132.971	4.72713e+06	4.92797e+07	6.17925e+06
357	132.971	4.74207e+06	4.85939e+07	6.15177e+06
358	132.971	4.75828e+06	3.97213e+07	6.1061e+06 
359	132.971	4.66074e+06	3.94207e+07	6.26932e+06
360	132.971	4.59796e+06	3.95977e+07	6.20171e+06
361	132.971	4.53388e+06	3.20357e+07	6.04515e+06
362	132.971	4.5631e+06 	3.34747e+07	6.01814e+06
363	132.971	4.68741e+06	3.22274e+07	6.04242e+06
364	132.971	4.65173e+06	3.38715e+07	5.94302e+06
365	132.971	4.60608e+06	3.69504e+07	6.12357e+06
366	132.971	4.4871e+06 	3.60649e+07	5.85113e+06
367	132.971	4.57782e+06	4.01116e+07	6.257e+06  
368	132.971	4.7755e+06 	4.40822e+07	6.51856e+06
369	132.971	4.86106e+06	3.78629e+07	6.57983e+06
370	132.971	4.79186e+06	3.50378e+07	6.47576e+06
371	132.971	4.9029e+06 	5.32978e+07	7.0737e+06 
372	132.971	4.94726e+06	4.88776e+07	6.88453e+06
373	132.971	4.7447e+06 	4.88776e+07	6.29205e+06
374	132.971	4.73031e+06	4.09496e+07	6.01925e+06
375	132.971	4.48986e+06	3.17806e+07	5.72823e+06
376	132.971	4.65964e+06	3.52045e+07	6.01307e+06
377	132.971	4.61159e+06	4.03315e+07	5.86797e+06
378	132.971	4.37001e+06	3.70371e+07	5.49419e+06
379	132.971	4.29983e+06	3.09673e+07	5.45464e+06
380	132.971	4.34059e+06	3.58798e+07	5.62681e+06
381	132.971	4.32294e+06	3.69039e+07	5.74521e+06
382	132.971	4.31671e+06	3.9288e+07 	5.76662e+06
383	132.971	4.33636e+06	3.5339e+07 	5.36822e+06
384	132.971	4.30094e+06	3.2343e+07 	5.49647e+06
385	132.971	4.17415e+06	3.56842e+07	5.45776e+06
386	132.971	4.53789e+06	3.62296e+07	5.86951e+06
387	132.971	4.5093e+06 	3.58819e+07	5.8795e+06 
388	132.971	4.4456e+06 	3.6324e+07 	5.61705e+06
389	132.971	4.26624e+06	3.70622e+07	5.61144e+06
390	132.971	4.47123e+06	3.70622e+07	5.85069e+06
391	132.971	4.76783e+06	3.70622e+07	6.11535e+06
392	132.971	4.94185e+06	3.46943e+07	6.1596e+06 
393	132.971	4.86719e+06	3.32124e+07	6.06001e+06
394	132.971	4.83374e+06	3.72745e+07	6.20336e+06
395	132.971	4.76728e+06	3.97502e+07	6.1676e+06 
396	132.971	4.884e+06  	3.97502e+07	6.4641e+06 
397	132.971	4.92936e+06	3.97502e+07	6.4113e+06 
398	132.971	4.9735e+06 	3.97502e+07	6.36566e+06
399	132.971	4.91785e+06	3.34183e+07	6.08726e+06
400	132.971	4.9e+06    	3.34183e+07	6.0829e+06 
401	132.971	5.06187e+06	4.09263e+07	6.44554e+06
402	132.971	5.00844e+06	4.09263e+07	6.36406e+06
403	132.971	4.90578e+06	5.22305e+07	6.42212e+06
404	132.971	4.82401e+06	4.09263e+07	6.00653e+06
405	132.971	4.7598e+06 	3.49816e+07	5.94878e+06
406	132.971	4.82801e+06	4.0824e+07 	6.10159e+06
407	132.971	4.76477e+06	3.8717e+07 	6.20236e+06
408	132.971	4.60651e+06	3.56289e+07	5.74157e+06
409	132.971	4.55276e+06	3.33112e+07	5.65735e+06
410	132.971	4.59766e+06	3.1566e+07 	5.76309e+06
411	132.971	4.52312e+06	3.25519e+07	5.77059e+06
412	132.971	4.57303e+06	3.40389e+07	5.93838e+06
413	132.971	4.61103e+06	3.39672e+07	5.98954e+06
414	132.971	4.46773e+06	4.04212e+07	5.94484e+06
415	132.971	4.45137e+06	2.86026e+07	5.71932e+06
416	132.971	4.57018e+06	3.44604e+07	5.8361e+06 
417	132.971	4.76298e+06	3.54664e+07	5.92909e+06
418	132.971	4.69352e+06	3.22538e+07	6.04037e+06
419	132.971	4.70096e+06	3.5573e+07 	6.2059e+06 
420	132.971	4.62364e+06	4.34682e+07	6.37727e+06
421	132.971	4.60773e+06	4.33606e+07	6.48932e+06
422	132.971	4.63608e+06	4.39515e+07	6.63806e+06
423	132.971	4.61633e+06	4.39515e+07	6.60968e+06
424	132.971	4.81856e+06	4.29876e+07	6.747e+06  
425	132.971	4.83047e+06	3.96307e+07	6.29995e+06
426	132.971	4.80947e+06	4.56437e+07	6.31846e+06
427	132.971	5.0073e+06 	4.56437e+07	6.59796e+06
428	132.971	4.96736e+06	3.67211e+07	6.52048e+06
429	132.971	4.79156e+06	3.43821e+07	6.27744e+06
430	132.971	4.82376e+06	3.30303e+07	6.28077e+06
431	132.971	4.76348e+06	3.88338e+07	6.26886e+06
432	132.971	4.61922e+06	3.32856e+07	6.05233e+06
433	132.971	4.76172e+06	4.29402e+07	6.24827e+06
434	132.971	4.79019e+06	3.23454e+07	6.13004e+06
435	132.971	4.81973e+06	3.19356e+07	6.22432e+06
436	132.971	4.90784e+06	3.68998e+07	6.301e+06  
437	132.971	4.6995e+06 	4.01444e+07	5.96587e+06
438	132.971	4.58464e+06	3.76758e+07	5.74452e+06
439	132.971	4.67521e+06	3.3383e+07 	5.85632e+06
440	132.971	4.80294e+06	3.53869e+07	6.11484e+06
441	132.971	4.8569e+06 	5.49671e+07	6.46993e+06
442	132.971	4.64681e+06	3.56912e+07	6.02776e+06
443	132.971	4.55794e+06	3.4379e+07 	5.92692e+06
444	132.971	4.89452e+06	4.82438e+07	6.57773e+06
445	132.971	4.92938e+06	4.0707e+07 	6.60237e+06
446	132.971	4.91221e+06	5.51451e+07	6.81636e+06
447	132.971	4.73996e+06	5.51451e+07	6.38899e+06
448	132.971	4.48907e+06	3.4839e+07 	5.97138e+06
449	132.971	4.59319e+06	3.19044e+07	5.93551e+06
450	132.971	4.72321e+06	3.56482e+07	6.23104e+06
451	132.971	4.75861e+06	3.29343e+07	6.3535e+06 
452	132.971	4.70333e+06	4.48369e+07	6.3465e+06 
453	132.971	4.64636e+06	3.11007e+07	5.92183e+06
454	132.971	4.73181e+06	3.92799e+07	6.07994e+06
455	132.971	4.65538e+06	3.62026e+07	6.28676e+06
456	132.971	4.62589e+06	3.48493e+07	6.19675e+06
457	132.971	4.70555e+06	3.16747e+07	6.27754e+06
458	132.971	4.47478e+06	4.05623e+07	6.10068e+06
459	132.971	4.49827e+06	3.99213e+07	5.90576e+06
460	132.971	4.54242e+06	3.50113e+07	6.08161e+06
461	132.971	4.64643e+06	3.72692e+07	6.13317e+06
462	132.971	4.69664e+06	3.70217e+07	6.1359e+06 
463	132.971	4.45154e+06	5.33413e+07	5.93168e+06
464	132.971	4.47723e+06	4.78796e+07	5.9758e+06 
465	132.971	4.38096e+06	3.8652e+07 	5.77136e+06
466	132.971	4.38317e+06	3.05528e+07	5.68885e+06
467	132.971	4.44122e+06	3.09762e+07	5.81235e+06
468	128.442	4.32951e+06	3.10807e+07	5.73144e+06
469	128.442	4.31373e+06	4.9522e+07 	5.97202e+06
470	128.442	4.35391e+06	4.9522e+07 	6.19348e+06
471	128.442	4.22312e+06	3.97309e+07	6.01125e+06
472	128.442	4.44692e+06	4.87116e+07	6.10769e+06
473	128.442	4.53198e+06	4.19471e+07	6.39577e+06
474	128.442	4.53358e+06	4.19471e+07	6.4328e+06 
475	128.442	4.58336e+06	3.31634e+07	6.08263e+06
476	128.442	4.50422e+06	3.54557e+07	6.07012e+06
477	128.442	4.47595e+06	3.24737e+07	5.71115e+06
478	128.442	4.23489e+06	3.01833e+07	5.33883e+06
479	128.442	4.27272e+06	3.72063e+07	5.4273e+06 
480	128.442	4.376e+06  	3.84659e+07	5.66206e+06
481	128.442	4.21812e+06	4.47682e+07	5.41278e+06
482	128.442	4.30959e+06	3.21595e+07	5.41818e+06
483	128.442	4.39265e+06	3.85598e+07	5.5573e+06 
484	128.442	4.4974e+06 	3.85598e+07	5.7707e+06 
485	128.442	4.68997e+06	3.90807e+07	6.09932e+06
486	128.442	4.59846e+06	3.87412e+07	6.11696e+06
487	128.442	4.6054e+06 	5.07992e+07	6.2113e+06 
488	128.442	4.64407e+06	5.39572e+07	6.4031e+06 
489	128.442	4.39525e+06	3.54338e+07	5.81351e+06
490	128.442	4.33593e+06	3.54338e+07	5.78763e+06
491	128.442	4.34874e+06	3.17915e+07	5.66693e+06
492	128.442	4.2174e+06 	2.75117e+07	5.33144e+06
493	128.442	4.53883e+06	3.50727e+07	5.86622e+06
494	128.442	4.69544e+06	3.50727e+07	6.00051e+06
495	128.442	4.69433e+06	3.36814e+07	5.97195e+06
496	128.442	4.53985e+06	3.18775e+07	6.03056e+06
497	128.442	4.67299e+06	3.70012e+07	6.1494e+06 
498	128.442	4.81098e+06	4.10057e+07	6.19128e+06
499	128.442	4.90059e+06	4.58518e+07	6.47504e+06
76.27000001
