/usr/lib/python2.7/site-packages/deap/tools/_hypervolume/pyhv.py:33: ImportWarning: Falling back to the python version of hypervolume module. Expect this to be very slow.
  "module. Expect this to be very slow.", ImportWarning)
gen	min    	avg        	max      	std        
0  	212.699	6.01492e+06	4.136e+07	7.43391e+06
1  	212.699	5.84354e+06	3.85272e+07	7.14205e+06
2  	212.699	5.98879e+06	4.75951e+07	7.20753e+06
3  	212.699	5.80944e+06	4.72396e+07	7.20451e+06
4  	212.699	5.87776e+06	4.4226e+07 	7.22705e+06
5  	212.699	5.84784e+06	4.68374e+07	7.1624e+06 
6  	212.699	5.79666e+06	4.22024e+07	7.01287e+06
7  	212.699	5.53465e+06	3.55707e+07	6.59515e+06
8  	212.699	5.8197e+06 	3.38769e+07	6.8239e+06 
9  	212.699	5.88617e+06	3.59201e+07	7.17228e+06
10 	212.699	5.73925e+06	3.57641e+07	6.9782e+06 
11 	212.699	5.59744e+06	3.89312e+07	7.00506e+06
12 	212.699	5.64075e+06	4.71511e+07	7.35981e+06
13 	212.699	5.65944e+06	4.0187e+07 	7.13846e+06
14 	212.699	5.70214e+06	3.84087e+07	6.89809e+06
15 	212.699	5.7722e+06 	3.85706e+07	7.0191e+06 
16 	212.699	5.69994e+06	4.98615e+07	7.14037e+06
17 	212.699	5.4699e+06 	3.78896e+07	6.81752e+06
18 	212.699	5.41809e+06	3.47478e+07	6.51226e+06
19 	179.631	5.5222e+06 	3.64677e+07	6.65601e+06
20 	179.631	5.64703e+06	3.78521e+07	6.79805e+06
21 	179.631	5.64816e+06	3.65086e+07	6.81527e+06
22 	179.631	5.65579e+06	3.87026e+07	6.81756e+06
23 	179.631	5.78755e+06	3.62356e+07	6.89536e+06
24 	179.631	5.79096e+06	4.47186e+07	6.99237e+06
25 	179.631	5.69788e+06	3.83126e+07	6.81974e+06
26 	179.631	5.6503e+06 	4.77949e+07	6.9538e+06 
27 	179.631	5.43119e+06	4.09657e+07	6.83253e+06
28 	179.631	5.40559e+06	3.78974e+07	6.7697e+06 
29 	179.631	5.37044e+06	3.42616e+07	6.65589e+06
30 	179.631	5.59382e+06	3.39582e+07	6.74838e+06
31 	179.631	5.41804e+06	3.69125e+07	6.66909e+06
32 	179.631	5.59927e+06	3.96233e+07	6.9009e+06 
33 	179.631	5.44258e+06	4.40786e+07	6.78135e+06
34 	179.631	5.76847e+06	4.40786e+07	7.32927e+06
35 	179.631	5.82655e+06	5.72305e+07	7.40765e+06
36 	179.631	5.54661e+06	4.35862e+07	6.9442e+06 
37 	179.631	5.88054e+06	4.35862e+07	7.09634e+06
38 	179.631	5.69745e+06	4.05259e+07	6.73822e+06
39 	179.631	5.39801e+06	3.52289e+07	6.43708e+06
40 	179.631	5.33814e+06	3.10941e+07	6.40621e+06
41 	179.631	5.48596e+06	3.36033e+07	6.55788e+06
42 	179.631	5.53665e+06	3.5598e+07 	6.78182e+06
43 	179.631	5.29996e+06	3.56391e+07	6.43632e+06
44 	179.631	5.34037e+06	3.48159e+07	6.62941e+06
45 	179.631	5.25981e+06	3.46724e+07	6.51835e+06
46 	179.631	5.50346e+06	3.45008e+07	6.61796e+06
47 	179.631	5.4981e+06 	4.11878e+07	6.83045e+06
48 	179.631	5.40375e+06	4.1316e+07 	6.68572e+06
49 	179.631	5.51801e+06	4.1316e+07 	6.97875e+06
50 	179.631	5.50528e+06	4.33695e+07	6.99277e+06
51 	166.018	5.59656e+06	3.55365e+07	7.00186e+06
52 	166.018	5.72253e+06	4.29375e+07	7.13918e+06
53 	166.018	5.46527e+06	4.14466e+07	7.05939e+06
54 	166.018	5.61484e+06	4.27033e+07	7.13156e+06
55 	166.018	5.80641e+06	4.27033e+07	7.23549e+06
56 	166.018	5.79007e+06	4.16914e+07	7.14718e+06
57 	166.018	5.45181e+06	3.88947e+07	6.65241e+06
58 	166.018	5.54021e+06	3.43797e+07	6.63683e+06
59 	166.018	5.5222e+06 	3.30374e+07	6.61742e+06
60 	166.018	5.63935e+06	4.24448e+07	6.84966e+06
61 	166.018	5.52367e+06	3.99707e+07	6.74868e+06
62 	166.018	5.27322e+06	3.46789e+07	6.65468e+06
63 	166.018	5.1658e+06 	3.56934e+07	6.66811e+06
64 	166.018	5.30465e+06	3.52629e+07	6.67524e+06
65 	166.018	5.18044e+06	3.58775e+07	6.70432e+06
66 	166.018	5.2909e+06 	4.04054e+07	6.6466e+06 
67 	166.018	5.33266e+06	4.0938e+07 	6.4265e+06 
68 	166.018	5.4311e+06 	3.88553e+07	6.52878e+06
69 	166.018	5.48067e+06	3.72566e+07	6.65806e+06
70 	166.018	5.48451e+06	3.57704e+07	6.45907e+06
71 	166.018	5.48918e+06	3.37891e+07	6.53662e+06
72 	166.018	5.61218e+06	4.04322e+07	6.74672e+06
73 	166.018	5.67949e+06	4.65063e+07	6.96986e+06
74 	166.018	5.71459e+06	4.03546e+07	7.05724e+06
75 	166.018	5.72477e+06	3.80113e+07	6.97596e+06
76 	166.018	5.70964e+06	3.71371e+07	6.99097e+06
77 	166.018	5.67893e+06	4.15549e+07	7.09582e+06
78 	166.018	5.61121e+06	4.20968e+07	6.98747e+06
79 	166.018	6.00128e+06	4.50068e+07	7.73013e+06
80 	166.018	5.74531e+06	4.21333e+07	7.47953e+06
81 	166.018	5.72789e+06	4.56703e+07	7.43054e+06
82 	166.018	5.77716e+06	3.72464e+07	7.25341e+06
83 	166.018	5.68234e+06	3.88942e+07	7.02966e+06
84 	166.018	5.64356e+06	4.18871e+07	7.19219e+06
85 	141.599	5.54279e+06	4.06548e+07	7.06964e+06
86 	141.599	5.66997e+06	4.06548e+07	7.17791e+06
87 	141.599	5.66407e+06	4.50209e+07	7.25553e+06
88 	141.599	5.78743e+06	4.64614e+07	7.45953e+06
89 	141.599	5.95092e+06	4.81963e+07	7.49547e+06
90 	141.599	5.64534e+06	4.92439e+07	6.96819e+06
91 	141.599	5.73858e+06	3.99111e+07	7.09656e+06
92 	141.599	5.76727e+06	4.12453e+07	7.04345e+06
93 	141.599	5.8701e+06 	4.76407e+07	7.34961e+06
94 	141.599	5.73023e+06	3.75083e+07	7.11018e+06
95 	141.599	5.77747e+06	3.85841e+07	7.15706e+06
96 	141.599	5.76479e+06	4.58553e+07	7.39686e+06
97 	141.599	5.60671e+06	4.18265e+07	7.22163e+06
98 	141.599	5.57473e+06	4.4395e+07 	7.27048e+06
99 	141.599	5.58675e+06	4.50657e+07	7.20362e+06
100	141.599	5.38056e+06	4.02534e+07	6.74722e+06
101	141.599	5.41099e+06	3.93021e+07	6.89282e+06
102	141.599	5.54241e+06	3.55431e+07	7.0004e+06 
103	141.599	5.44489e+06	3.39796e+07	6.98684e+06
104	141.599	5.61457e+06	3.86869e+07	7.18084e+06
105	141.599	5.38707e+06	3.6707e+07 	7.02802e+06
106	141.599	5.6282e+06 	4.28585e+07	7.43419e+06
107	141.599	5.75449e+06	5.86155e+07	7.37764e+06
108	141.599	5.71553e+06	3.81878e+07	7.16319e+06
109	141.599	5.85527e+06	3.81878e+07	7.36558e+06
110	141.599	5.98149e+06	3.94103e+07	7.38369e+06
111	141.599	5.61332e+06	3.97467e+07	7.1078e+06 
112	141.599	5.7231e+06 	4.0563e+07 	7.29084e+06
113	141.599	5.83612e+06	3.87681e+07	7.28457e+06
114	141.599	5.84915e+06	3.7451e+07 	7.33457e+06
115	141.599	5.79481e+06	4.14368e+07	7.24857e+06
116	141.599	5.63108e+06	3.59454e+07	6.9613e+06 
117	141.599	5.60297e+06	3.94151e+07	7.17562e+06
118	141.599	5.6337e+06 	4.20362e+07	7.28525e+06
119	141.599	5.7369e+06 	4.66243e+07	7.53315e+06
120	141.599	5.7128e+06 	4.28894e+07	7.36799e+06
121	141.599	5.77484e+06	4.89843e+07	7.3695e+06 
122	141.599	5.6958e+06 	5.11456e+07	7.5355e+06 
123	141.599	5.68795e+06	5.56162e+07	7.44807e+06
124	141.599	5.47849e+06	5.16593e+07	6.90207e+06
125	141.599	5.59702e+06	5.04668e+07	7.11781e+06
126	141.599	5.51096e+06	5.27815e+07	7.18556e+06
127	141.599	5.72393e+06	4.97614e+07	7.46428e+06
128	141.599	5.70125e+06	3.93334e+07	7.24639e+06
129	141.599	5.64141e+06	4.01306e+07	7.13382e+06
130	141.599	5.47036e+06	3.66827e+07	6.92166e+06
131	141.599	5.49921e+06	5.1437e+07 	6.79265e+06
132	141.599	5.35639e+06	4.00987e+07	6.70306e+06
133	141.599	5.26695e+06	4.6562e+07 	6.93946e+06
134	141.599	5.37376e+06	4.98294e+07	7.13785e+06
135	141.599	5.22052e+06	4.67581e+07	6.96345e+06
136	141.599	5.26618e+06	4.94277e+07	7.03996e+06
137	141.599	5.25784e+06	5.30825e+07	7.00069e+06
138	141.599	5.09154e+06	4.03772e+07	6.52662e+06
139	141.599	5.14234e+06	4.35687e+07	6.90828e+06
140	141.599	5.01029e+06	4.03592e+07	6.68595e+06
141	141.599	5.00142e+06	3.86168e+07	6.39675e+06
142	141.599	5.18738e+06	3.86168e+07	6.61064e+06
143	141.599	5.35685e+06	4.68563e+07	6.78848e+06
144	141.599	5.0939e+06 	4.18451e+07	6.42426e+06
145	141.599	5.30549e+06	3.74765e+07	6.76452e+06
146	141.599	4.98128e+06	4.9204e+07 	6.99886e+06
147	141.599	4.94323e+06	4.08493e+07	6.77128e+06
148	141.599	5.02855e+06	4.34854e+07	6.86001e+06
149	141.599	5.15444e+06	4.35815e+07	6.70534e+06
150	141.599	5.07783e+06	4.3271e+07 	6.57705e+06
151	141.599	5.19796e+06	5.78274e+07	7.04246e+06
152	141.599	5.11498e+06	4.70453e+07	6.99276e+06
153	141.599	5.27063e+06	4.50852e+07	7.22129e+06
154	141.599	5.38963e+06	5.49325e+07	7.40529e+06
155	141.599	5.32664e+06	5.07702e+07	7.33062e+06
156	141.599	5.33189e+06	6.02736e+07	7.21346e+06
157	141.599	5.13555e+06	3.82182e+07	6.79001e+06
158	141.599	5.23077e+06	4.42267e+07	6.8935e+06 
159	141.599	5.36598e+06	4.60408e+07	7.2113e+06 
160	141.599	5.45268e+06	4.97942e+07	7.14903e+06
161	141.599	5.44322e+06	4.01259e+07	7.02305e+06
162	141.599	5.41734e+06	4.22098e+07	6.99087e+06
163	141.599	5.45771e+06	3.94824e+07	6.92755e+06
164	141.599	5.55161e+06	3.86856e+07	7.08139e+06
165	141.599	5.48807e+06	4.49668e+07	6.88773e+06
166	141.599	5.46875e+06	4.38386e+07	7.23993e+06
167	141.599	5.6646e+06 	5.16461e+07	7.55414e+06
168	141.599	5.73422e+06	4.04551e+07	7.10824e+06
169	141.599	5.67481e+06	3.68535e+07	7.06784e+06
170	141.599	5.81166e+06	4.89192e+07	7.42481e+06
171	141.599	5.90736e+06	4.02674e+07	7.41745e+06
172	141.599	5.80584e+06	3.97085e+07	7.21322e+06
173	141.599	5.80038e+06	4.20229e+07	7.19073e+06
174	141.599	5.66766e+06	3.75351e+07	6.84531e+06
175	141.599	5.88722e+06	4.01779e+07	7.29564e+06
176	141.599	5.95081e+06	4.01779e+07	7.59208e+06
177	141.599	5.88059e+06	3.45961e+07	7.52141e+06
178	141.599	6.17615e+06	4.81294e+07	8.29756e+06
179	141.599	6.08494e+06	5.05783e+07	8.04035e+06
180	141.599	5.97843e+06	4.70702e+07	8.09332e+06
181	141.599	5.91467e+06	5.00709e+07	8.06135e+06
182	141.599	5.90572e+06	5.00709e+07	8.00277e+06
183	141.599	5.86829e+06	4.46154e+07	7.6624e+06 
184	141.599	5.67584e+06	4.84444e+07	7.60924e+06
185	141.599	5.48602e+06	4.29416e+07	7.09433e+06
186	141.599	5.37639e+06	4.29416e+07	7.00121e+06
187	141.599	5.40271e+06	4.44256e+07	7.2829e+06 
188	141.599	5.27195e+06	3.94303e+07	6.84537e+06
189	141.599	5.16651e+06	4.62951e+07	6.75924e+06
190	141.599	5.36985e+06	4.36549e+07	6.85578e+06
191	141.599	5.32233e+06	4.36549e+07	6.97362e+06
192	141.599	5.12469e+06	3.91043e+07	6.67056e+06
193	141.599	5.20417e+06	3.69605e+07	6.69615e+06
194	141.599	5.07566e+06	3.69605e+07	6.49147e+06
195	141.599	5.17826e+06	4.43884e+07	6.86303e+06
196	141.599	5.22687e+06	4.56064e+07	6.91227e+06
197	141.599	5.09008e+06	4.22916e+07	6.724e+06  
198	137.321	5.08576e+06	4.11712e+07	6.58405e+06
199	137.321	5.13976e+06	3.89624e+07	6.64956e+06
200	137.321	5.06449e+06	4.33227e+07	6.63626e+06
201	137.321	5.09037e+06	5.44172e+07	6.69715e+06
202	137.321	5.30762e+06	4.84039e+07	7.05595e+06
203	137.321	5.19333e+06	4.68366e+07	6.89528e+06
204	137.321	5.30839e+06	4.30456e+07	7.09861e+06
205	137.321	5.50891e+06	4.30456e+07	7.72536e+06
206	137.321	5.47308e+06	4.64529e+07	7.52811e+06
207	137.321	5.28578e+06	4.2701e+07 	7.17965e+06
208	137.321	5.05905e+06	4.93886e+07	6.95146e+06
209	137.321	5.15593e+06	4.67878e+07	6.98228e+06
210	137.321	5.24256e+06	4.9861e+07 	7.12876e+06
211	137.321	5.02845e+06	4.74081e+07	6.66483e+06
212	137.321	5.15628e+06	4.74081e+07	6.84262e+06
213	137.321	5.05615e+06	4.67787e+07	6.59942e+06
214	137.321	5.07448e+06	5.55495e+07	6.97362e+06
215	137.321	5.03694e+06	5.55162e+07	6.99529e+06
216	137.321	5.00593e+06	4.64432e+07	6.52285e+06
217	137.321	5.01201e+06	4.81769e+07	6.79515e+06
218	137.321	4.85976e+06	4.32495e+07	6.31337e+06
219	137.321	4.81195e+06	3.67597e+07	5.87474e+06
220	137.321	4.96096e+06	3.97945e+07	6.05383e+06
221	137.321	4.97764e+06	3.78855e+07	6.3461e+06 
222	137.321	5.40617e+06	4.35323e+07	7.12667e+06
223	137.321	5.19317e+06	4.10817e+07	6.86017e+06
224	137.321	5.00544e+06	3.58593e+07	6.49834e+06
225	137.321	4.7984e+06 	3.88649e+07	6.43422e+06
226	137.321	5.04016e+06	4.09585e+07	6.6493e+06 
227	137.321	5.10786e+06	3.89417e+07	6.67611e+06
228	137.321	5.22227e+06	4.2379e+07 	6.6515e+06 
229	137.321	5.19226e+06	4.21104e+07	6.58994e+06
230	137.321	5.22488e+06	3.87037e+07	6.58846e+06
231	137.321	5.2112e+06 	4.45859e+07	6.75748e+06
232	137.321	5.17744e+06	3.21668e+07	6.52362e+06
233	137.321	5.21936e+06	3.83661e+07	6.77065e+06
234	130.765	5.29913e+06	5.4302e+07 	7.1724e+06 
235	130.765	5.2537e+06 	4.53678e+07	7.10438e+06
236	130.765	5.16147e+06	4.59365e+07	7.12234e+06
237	130.765	5.17464e+06	4.85902e+07	6.98976e+06
238	130.765	5.32418e+06	5.03109e+07	6.72948e+06
239	130.765	5.18026e+06	4.74507e+07	6.7971e+06 
240	130.765	5.32944e+06	4.58433e+07	6.90444e+06
241	130.765	5.35911e+06	5.12501e+07	7.09937e+06
242	130.765	5.17063e+06	5.12501e+07	6.92726e+06
243	130.765	5.09642e+06	4.58433e+07	6.72997e+06
244	130.765	5.15704e+06	3.27145e+07	6.63322e+06
245	130.765	5.21836e+06	4.00706e+07	6.78008e+06
246	130.765	5.31892e+06	3.61282e+07	6.82684e+06
247	130.765	5.58307e+06	4.78325e+07	7.50463e+06
248	130.765	5.3881e+06 	4.74114e+07	7.36412e+06
249	130.765	5.41382e+06	4.53248e+07	7.01712e+06
250	130.765	5.38941e+06	3.8856e+07 	6.74316e+06
251	130.765	5.61644e+06	5.11199e+07	7.17128e+06
252	130.765	5.58907e+06	3.8201e+07 	7.08322e+06
253	130.765	5.588e+06  	4.03455e+07	7.08901e+06
254	130.765	5.28141e+06	4.1323e+07 	6.86021e+06
255	130.765	5.50757e+06	5.3307e+07 	7.34421e+06
256	130.765	5.48655e+06	3.86523e+07	6.96037e+06
257	130.765	5.40017e+06	3.68957e+07	6.84109e+06
258	130.765	5.40097e+06	3.94721e+07	6.66557e+06
259	130.765	5.26873e+06	3.34546e+07	6.39662e+06
260	130.765	5.35451e+06	3.34546e+07	6.58475e+06
261	130.765	5.28342e+06	3.74043e+07	6.62117e+06
262	130.765	5.46718e+06	4.35317e+07	6.90111e+06
263	130.765	5.67791e+06	5.40283e+07	7.4869e+06 
264	130.765	5.37116e+06	4.80154e+07	6.98184e+06
265	130.765	5.10289e+06	4.13813e+07	6.79955e+06
266	130.765	5.12824e+06	3.74744e+07	6.72161e+06
267	130.765	5.13378e+06	4.13117e+07	6.83965e+06
268	130.765	5.45108e+06	5.35519e+07	7.42111e+06
269	130.765	5.2244e+06 	4.70829e+07	6.96654e+06
270	130.765	5.24728e+06	4.16738e+07	6.88803e+06
271	130.765	5.07633e+06	4.15728e+07	6.65899e+06
272	130.765	5.02803e+06	3.59808e+07	6.44984e+06
273	130.765	4.83544e+06	3.59808e+07	6.23462e+06
274	130.765	4.93354e+06	4.3654e+07 	6.44146e+06
275	130.765	4.89312e+06	4.13321e+07	6.2713e+06 
276	130.765	4.92189e+06	3.65214e+07	6.37685e+06
277	130.765	5.01878e+06	3.60257e+07	6.55452e+06
278	130.765	4.92985e+06	4.48665e+07	6.67614e+06
279	130.765	5.03233e+06	3.98272e+07	6.48586e+06
280	130.765	5.20072e+06	3.66832e+07	6.74433e+06
281	130.765	5.29415e+06	4.33621e+07	6.71061e+06
282	130.765	5.48144e+06	5.10191e+07	6.96779e+06
283	130.765	5.30062e+06	4.58127e+07	7.15859e+06
284	130.765	5.24726e+06	4.82217e+07	7.14332e+06
285	130.765	5.19581e+06	4.99576e+07	6.74289e+06
286	130.765	5.31101e+06	5.03207e+07	7.00849e+06
287	130.765	5.42134e+06	5.15784e+07	6.91358e+06
288	130.765	5.57395e+06	5.15784e+07	7.63703e+06
289	130.765	5.69768e+06	6.32916e+07	7.81674e+06
290	130.765	5.6877e+06 	4.33162e+07	7.40377e+06
291	130.765	5.55235e+06	4.15136e+07	7.38748e+06
292	130.765	5.50349e+06	4.72794e+07	7.11144e+06
293	130.765	5.38173e+06	4.72794e+07	6.94486e+06
294	130.765	5.45337e+06	4.67508e+07	6.9309e+06 
295	130.765	5.38702e+06	4.66858e+07	7.09442e+06
296	130.765	5.43945e+06	4.8202e+07 	7.16337e+06
297	130.765	5.44109e+06	5.77025e+07	7.27828e+06
298	130.765	5.28523e+06	4.66858e+07	6.91995e+06
299	130.765	5.21783e+06	3.91278e+07	6.5774e+06 
300	130.765	5.19553e+06	3.91278e+07	6.61514e+06
301	130.765	5.38568e+06	3.91278e+07	6.77425e+06
302	130.765	5.45407e+06	4.08547e+07	6.95985e+06
303	130.765	5.60711e+06	3.557e+07  	7.19284e+06
304	130.765	5.63134e+06	3.87207e+07	7.43884e+06
305	130.765	5.64394e+06	6.43661e+07	7.86439e+06
306	130.765	5.48732e+06	5.10309e+07	7.61908e+06
307	130.765	5.39586e+06	5.21557e+07	7.47251e+06
308	130.765	5.2661e+06 	4.3678e+07 	7.07331e+06
309	130.765	5.21381e+06	4.0813e+07 	6.82062e+06
310	130.765	5.04145e+06	4.0813e+07 	6.61897e+06
311	130.765	4.94765e+06	3.62165e+07	6.23443e+06
312	130.765	4.94132e+06	3.76308e+07	6.1486e+06 
313	130.765	4.87281e+06	3.76308e+07	6.20894e+06
314	130.765	4.71617e+06	3.97212e+07	6.32949e+06
315	130.765	5.09868e+06	4.63392e+07	6.8476e+06 
316	130.765	5.2746e+06 	4.19786e+07	6.8862e+06 
317	130.765	5.26422e+06	4.25879e+07	6.99449e+06
318	130.765	5.50589e+06	4.22375e+07	7.0592e+06 
319	130.765	5.47313e+06	3.98085e+07	7.04327e+06
320	130.765	5.46664e+06	4.05253e+07	6.90244e+06
321	130.765	5.34239e+06	3.98615e+07	6.8318e+06 
322	130.765	5.34557e+06	4.37951e+07	7.03355e+06
323	130.765	5.13876e+06	4.4408e+07 	6.86588e+06
324	130.765	5.23252e+06	4.97514e+07	6.99763e+06
325	130.765	5.21647e+06	5.4499e+07 	6.83634e+06
326	130.765	5.03464e+06	5.4499e+07 	6.94746e+06
327	130.765	5.00594e+06	4.69996e+07	7.17462e+06
328	130.765	5.1913e+06 	4.4721e+07 	7.33081e+06
329	130.765	5.12834e+06	4.52836e+07	7.34852e+06
330	130.765	5.27868e+06	4.20798e+07	7.13478e+06
331	130.765	5.10733e+06	3.36901e+07	6.66069e+06
332	130.765	4.98344e+06	4.11278e+07	6.42184e+06
333	130.765	5.17923e+06	4.3589e+07 	6.79004e+06
334	130.765	5.12154e+06	3.88608e+07	6.49384e+06
335	130.765	4.99261e+06	3.33304e+07	6.21666e+06
336	130.765	4.90839e+06	4.07684e+07	6.36835e+06
337	130.765	5.01407e+06	4.62514e+07	6.40061e+06
338	130.765	5.32519e+06	4.77463e+07	6.61815e+06
339	130.765	4.97653e+06	3.92448e+07	6.18625e+06
340	130.765	5.17133e+06	3.79049e+07	6.32517e+06
341	130.765	5.19092e+06	4.07845e+07	6.74097e+06
342	130.765	5.10536e+06	3.9578e+07 	6.71817e+06
343	130.765	5.0615e+06 	4.504e+07  	6.74916e+06
344	130.765	5.08704e+06	4.16912e+07	6.95126e+06
345	130.765	5.19349e+06	4.10374e+07	6.74292e+06
346	130.765	5.06043e+06	4.3302e+07 	6.6947e+06 
347	130.765	5.2367e+06 	4.25937e+07	6.70579e+06
348	130.765	5.14094e+06	4.37045e+07	6.56674e+06
349	130.765	4.96263e+06	4.86445e+07	6.33465e+06
350	130.765	5.08928e+06	4.04215e+07	6.36896e+06
351	130.765	5.04194e+06	3.50254e+07	6.24376e+06
352	130.765	5.05952e+06	3.96466e+07	6.30351e+06
353	130.765	5.27653e+06	4.67003e+07	7.04398e+06
354	130.765	5.34425e+06	4.64267e+07	7.18179e+06
355	130.765	5.3793e+06 	4.22608e+07	6.92546e+06
356	130.765	5.27372e+06	3.82244e+07	6.77461e+06
357	130.765	5.17176e+06	3.39943e+07	6.48428e+06
358	130.765	4.98982e+06	3.76593e+07	6.33709e+06
359	130.765	4.96321e+06	3.98845e+07	6.36419e+06
360	130.765	4.92927e+06	4.04906e+07	6.58792e+06
361	130.765	4.88261e+06	3.99516e+07	6.40187e+06
362	130.765	4.87123e+06	3.9028e+07 	6.25239e+06
363	130.765	5.13611e+06	4.42814e+07	6.7204e+06 
364	130.765	5.24977e+06	4.40973e+07	6.77448e+06
365	130.765	5.10226e+06	4.14617e+07	6.55314e+06
366	130.765	5.21694e+06	4.05059e+07	6.80282e+06
367	130.765	5.25756e+06	4.36982e+07	6.67924e+06
368	130.765	5.09188e+06	4.36982e+07	6.50359e+06
369	130.765	4.84771e+06	3.53139e+07	6.33137e+06
370	130.765	4.74918e+06	3.43959e+07	6.35635e+06
371	130.765	4.66131e+06	3.88792e+07	6.32101e+06
372	130.765	4.82165e+06	6.03257e+07	6.9548e+06 
373	130.765	4.82432e+06	4.66519e+07	6.62273e+06
374	130.765	4.75147e+06	3.87647e+07	6.39736e+06
375	130.765	4.86938e+06	4.69912e+07	6.55185e+06
376	130.765	4.7898e+06 	3.61926e+07	6.34129e+06
377	130.765	4.79125e+06	3.95499e+07	6.47135e+06
378	130.765	4.78054e+06	4.54145e+07	6.60156e+06
379	130.765	4.9965e+06 	4.88334e+07	7.07253e+06
380	130.765	5.03082e+06	4.54145e+07	6.97934e+06
381	130.765	4.98311e+06	4.58174e+07	6.86353e+06
382	130.765	4.92059e+06	4.30507e+07	6.94115e+06
383	130.765	4.86505e+06	4.50446e+07	6.86367e+06
384	130.765	5.09356e+06	4.6471e+07 	7.03533e+06
385	130.765	5.11079e+06	4.94165e+07	7.15876e+06
386	130.765	5.01862e+06	4.92155e+07	6.86999e+06
387	130.765	4.89891e+06	4.09666e+07	6.71913e+06
388	130.765	4.75863e+06	4.0414e+07 	6.53278e+06
389	130.765	4.8648e+06 	4.0414e+07 	6.54039e+06
390	130.765	4.69561e+06	4.0414e+07 	6.35006e+06
391	130.765	4.81875e+06	4.0711e+07 	6.76571e+06
392	130.765	4.85363e+06	4.09788e+07	6.76077e+06
393	130.765	4.95333e+06	4.55398e+07	6.75558e+06
394	130.765	4.99194e+06	4.23888e+07	6.80076e+06
395	130.765	5.30913e+06	4.47247e+07	7.15382e+06
396	130.765	5.25174e+06	4.58203e+07	7.1298e+06 
397	130.765	5.20276e+06	3.97929e+07	6.96539e+06
398	130.765	5.21947e+06	3.71388e+07	6.73056e+06
399	130.765	5.28164e+06	5.36516e+07	7.56256e+06
400	130.765	5.48648e+06	5.87631e+07	7.58158e+06
401	130.765	5.33623e+06	4.25175e+07	7.20082e+06
402	130.765	5.56002e+06	4.56045e+07	7.31315e+06
403	130.765	5.40588e+06	4.40945e+07	7.09259e+06
404	130.765	5.22942e+06	4.297e+07  	6.917e+06  
405	130.765	5.12393e+06	4.71486e+07	6.78443e+06
406	130.765	5.31497e+06	5.56032e+07	7.0506e+06 
407	130.765	5.38359e+06	5.74401e+07	7.62872e+06
408	130.765	5.53475e+06	4.53969e+07	7.53667e+06
409	130.765	5.33889e+06	4.32232e+07	6.96886e+06
410	130.765	5.26619e+06	5.35909e+07	7.0742e+06 
411	130.765	5.19156e+06	4.07839e+07	6.68364e+06
412	130.765	5.26705e+06	3.86239e+07	6.38662e+06
413	130.765	5.14358e+06	3.4755e+07 	6.30221e+06
414	130.765	5.16623e+06	4.42359e+07	6.81134e+06
415	130.765	4.92518e+06	3.78248e+07	6.42579e+06
416	130.765	4.91325e+06	3.78248e+07	6.3736e+06 
417	130.765	5.07977e+06	3.24037e+07	6.36748e+06
418	130.765	5.09638e+06	4.23079e+07	6.63034e+06
419	130.765	5.06665e+06	4.53823e+07	6.69185e+06
420	130.765	4.99466e+06	5.31581e+07	6.77675e+06
421	130.765	4.82284e+06	4.63563e+07	6.45692e+06
422	130.765	4.89721e+06	4.17242e+07	6.32539e+06
423	130.765	5.09162e+06	4.83123e+07	6.60036e+06
424	130.765	4.857e+06  	3.32528e+07	6.2871e+06 
425	130.765	5.04052e+06	4.47911e+07	6.46581e+06
426	130.765	5.10048e+06	4.78795e+07	6.72359e+06
427	130.765	5.2475e+06 	4.61352e+07	6.93978e+06
428	130.765	5.35428e+06	4.61352e+07	6.97251e+06
429	130.765	5.23971e+06	4.04432e+07	6.68924e+06
430	130.765	5.35454e+06	4.05318e+07	6.97476e+06
431	130.765	5.45354e+06	3.58832e+07	7.13357e+06
432	130.765	5.40313e+06	3.71005e+07	7.0608e+06 
433	130.765	5.22317e+06	4.14372e+07	6.98429e+06
434	130.765	4.99805e+06	4.06679e+07	6.86274e+06
435	130.765	4.76846e+06	4.239e+07  	6.71295e+06
436	130.765	4.52283e+06	3.89639e+07	6.32527e+06
437	130.765	4.29061e+06	4.54576e+07	6.28232e+06
438	130.765	4.35875e+06	4.27674e+07	5.77229e+06
439	130.765	4.51353e+06	4.18662e+07	6.06766e+06
440	130.765	4.72993e+06	3.77066e+07	6.29824e+06
441	130.765	4.68873e+06	4.06218e+07	6.35817e+06
442	130.765	4.76917e+06	4.23554e+07	6.31448e+06
443	130.765	4.89924e+06	4.41604e+07	6.54729e+06
444	130.765	4.88434e+06	4.28207e+07	6.23209e+06
445	130.765	5.0212e+06 	3.89447e+07	6.38835e+06
446	130.765	5.18454e+06	4.27861e+07	6.62533e+06
447	130.765	5.32573e+06	3.83238e+07	6.78463e+06
448	130.765	5.37084e+06	4.66482e+07	7.02799e+06
449	130.765	5.28938e+06	4.80335e+07	6.86179e+06
450	130.765	5.22573e+06	4.34327e+07	6.53756e+06
451	130.765	5.24598e+06	3.167e+07  	6.38156e+06
452	130.765	5.30023e+06	3.60111e+07	6.24322e+06
453	130.765	5.29823e+06	3.60111e+07	6.46546e+06
454	130.765	5.4773e+06 	5.31936e+07	6.89956e+06
455	130.765	5.30829e+06	4.53349e+07	6.89291e+06
456	130.765	5.1329e+06 	3.54899e+07	6.49431e+06
457	130.765	5.16861e+06	4.70702e+07	6.69066e+06
458	130.765	5.23091e+06	5.90586e+07	6.91252e+06
459	130.765	5.27231e+06	4.97408e+07	6.88142e+06
460	130.765	5.31323e+06	4.50612e+07	6.85316e+06
461	130.765	5.12183e+06	4.40509e+07	6.89232e+06
462	130.765	5.17335e+06	4.40509e+07	6.97812e+06
463	130.765	5.08818e+06	4.40509e+07	6.78546e+06
464	130.765	4.90127e+06	4.22456e+07	6.48018e+06
465	130.765	4.68415e+06	5.84134e+07	6.32896e+06
466	130.765	4.66514e+06	4.55002e+07	6.02831e+06
467	130.765	4.57736e+06	2.61294e+07	5.5098e+06 
468	130.765	4.62656e+06	3.54731e+07	5.69849e+06
469	130.765	4.71397e+06	4.24323e+07	6.09962e+06
470	130.765	4.77745e+06	4.24323e+07	6.52347e+06
471	130.765	4.63368e+06	4.19192e+07	6.33988e+06
472	130.765	4.60133e+06	3.30359e+07	6.03955e+06
473	130.765	4.58062e+06	3.23177e+07	5.72165e+06
474	130.765	4.6481e+06 	3.69335e+07	5.94962e+06
475	130.765	4.75531e+06	4.03616e+07	6.24148e+06
476	130.765	4.81548e+06	3.83988e+07	6.33033e+06
477	130.765	4.81375e+06	3.66084e+07	6.20413e+06
478	130.765	4.72143e+06	3.66084e+07	6.13188e+06
479	130.765	4.76031e+06	3.47188e+07	5.904e+06  
480	130.765	4.67664e+06	4.8549e+07 	6.26657e+06
481	130.765	4.75848e+06	4.8549e+07 	6.55063e+06
482	130.765	4.70571e+06	4.68739e+07	6.31169e+06
483	130.765	4.99532e+06	4.0652e+07 	6.47965e+06
484	130.765	5.03881e+06	4.37571e+07	6.88884e+06
485	130.765	5.04878e+06	3.60098e+07	6.93195e+06
486	130.765	4.87688e+06	5.02564e+07	6.76693e+06
487	130.765	4.86893e+06	4.50621e+07	6.55005e+06
488	130.765	5.07582e+06	4.0897e+07 	6.52718e+06
489	130.765	4.95169e+06	4.69386e+07	6.51915e+06
490	130.765	4.84656e+06	3.79645e+07	6.34459e+06
491	130.765	4.84334e+06	3.83424e+07	6.15129e+06
492	130.765	4.83047e+06	3.44952e+07	5.99227e+06
493	130.765	4.62639e+06	3.36472e+07	5.77914e+06
494	130.765	4.51943e+06	3.69355e+07	6.24712e+06
495	130.765	4.6182e+06 	4.05391e+07	6.60335e+06
496	130.765	4.44771e+06	3.82334e+07	6.042e+06  
497	130.765	4.47489e+06	3.55971e+07	5.96851e+06
498	130.765	4.53461e+06	4.44858e+07	6.28733e+06
499	130.765	4.46203e+06	4.93888e+07	6.31123e+06
76.27000001
