/usr/lib/python2.7/site-packages/deap/tools/_hypervolume/pyhv.py:33: ImportWarning: Falling back to the python version of hypervolume module. Expect this to be very slow.
  "module. Expect this to be very slow.", ImportWarning)
gen	min    	avg        	max        	std        
0  	224.632	6.03708e+06	4.89999e+07	7.94734e+06
1  	224.632	5.71001e+06	4.73171e+07	7.17252e+06
2  	224.632	5.38011e+06	3.62498e+07	6.56589e+06
3  	224.632	5.17959e+06	3.79086e+07	6.50025e+06
4  	224.632	5.24181e+06	3.54515e+07	6.72646e+06
5  	224.632	5.23881e+06	3.51367e+07	6.50085e+06
6  	224.632	5.53895e+06	4.53473e+07	6.90332e+06
7  	217.853	5.43112e+06	4.11575e+07	6.98669e+06
8  	217.853	5.42757e+06	3.8765e+07 	7.01228e+06
9  	217.853	5.21701e+06	3.98279e+07	6.55562e+06
10 	217.853	5.33585e+06	4.54804e+07	6.88985e+06
11 	217.853	5.27687e+06	4.11656e+07	6.65269e+06
12 	217.853	5.37473e+06	3.58557e+07	6.62182e+06
13 	217.853	5.44815e+06	3.95143e+07	6.76037e+06
14 	202.804	5.43676e+06	3.76589e+07	6.6368e+06 
15 	202.804	5.35869e+06	3.57095e+07	6.27382e+06
16 	202.804	5.43192e+06	5.94621e+07	6.6038e+06 
17 	202.804	5.53484e+06	3.75617e+07	6.74721e+06
18 	202.804	5.47742e+06	3.83946e+07	6.64657e+06
19 	202.804	5.28773e+06	4.2819e+07 	6.52199e+06
20 	202.804	5.26789e+06	4.39119e+07	6.55282e+06
21 	202.804	5.21992e+06	3.77247e+07	6.33312e+06
22 	202.804	5.33428e+06	3.73278e+07	6.32182e+06
23 	202.804	5.38486e+06	3.90451e+07	6.80316e+06
24 	202.804	5.36101e+06	3.90255e+07	6.54323e+06
25 	202.804	5.35102e+06	3.42572e+07	6.63738e+06
26 	202.804	5.3393e+06 	4.68981e+07	6.57269e+06
27 	202.804	5.26112e+06	3.81425e+07	6.47637e+06
28 	202.804	5.15967e+06	3.7709e+07 	6.38705e+06
29 	202.804	5.14946e+06	3.78813e+07	6.67387e+06
30 	202.804	4.87853e+06	3.69825e+07	6.33732e+06
31 	197.211	4.87695e+06	3.42465e+07	6.24934e+06
32 	197.211	4.86806e+06	3.28611e+07	6.28064e+06
33 	197.211	4.86057e+06	3.48244e+07	6.12021e+06
34 	197.211	4.8123e+06 	3.72132e+07	6.1577e+06 
35 	197.211	4.82794e+06	3.27315e+07	6.17078e+06
36 	197.211	5.11282e+06	3.5648e+07 	6.29083e+06
37 	197.211	5.48822e+06	3.78127e+07	7.07239e+06
38 	197.211	5.34521e+06	4.66836e+07	6.89507e+06
39 	197.211	5.52382e+06	4.66836e+07	7.44458e+06
40 	197.211	5.55797e+06	4.5364e+07 	7.20363e+06
41 	197.211	5.56703e+06	4.66618e+07	7.24983e+06
42 	197.211	5.62201e+06	3.93315e+07	7.16558e+06
43 	197.211	5.48147e+06	3.9117e+07 	6.89103e+06
44 	197.211	5.45135e+06	4.31336e+07	7.1805e+06 
45 	172.159	5.52455e+06	3.93974e+07	7.27278e+06
46 	172.159	5.35624e+06	4.08333e+07	7.0941e+06 
47 	172.159	5.05661e+06	3.85362e+07	6.7667e+06 
48 	172.159	4.7848e+06 	4.91656e+07	6.62293e+06
49 	172.159	5.02714e+06	4.46072e+07	6.77993e+06
50 	172.159	4.92504e+06	4.22934e+07	6.81853e+06
51 	172.159	5.28601e+06	4.35378e+07	7.15694e+06
52 	172.159	5.35844e+06	4.59356e+07	7.34868e+06
53 	172.159	5.24558e+06	4.20479e+07	7.16778e+06
54 	172.159	5.35929e+06	4.20479e+07	7.05255e+06
55 	172.159	5.35049e+06	3.82366e+07	7.13718e+06
56 	172.159	5.20672e+06	3.81917e+07	6.83421e+06
57 	172.159	5.32567e+06	3.94333e+07	7.0152e+06 
58 	172.159	5.50393e+06	3.93468e+07	7.24069e+06
59 	144.28 	5.44452e+06	4.32088e+07	7.37018e+06
60 	144.28 	5.46801e+06	4.28292e+07	7.08792e+06
61 	144.28 	5.19896e+06	4.28292e+07	6.8488e+06 
62 	144.28 	5.39412e+06	4.39609e+07	6.84177e+06
63 	144.28 	5.55924e+06	3.92497e+07	6.97827e+06
64 	144.28 	5.49934e+06	3.6349e+07 	6.93839e+06
65 	144.28 	5.36148e+06	3.79927e+07	6.81484e+06
66 	144.28 	5.34313e+06	4.85735e+07	6.8158e+06 
67 	144.28 	5.32838e+06	3.99996e+07	6.5725e+06 
68 	144.28 	5.30617e+06	4.2368e+07 	6.78303e+06
69 	144.28 	5.02726e+06	4.12078e+07	6.49069e+06
70 	144.28 	4.78947e+06	3.77102e+07	6.05735e+06
71 	144.28 	4.81721e+06	3.58584e+07	6.19701e+06
72 	144.28 	4.77148e+06	3.52425e+07	6.09705e+06
73 	144.28 	4.89676e+06	4.04589e+07	6.21872e+06
74 	144.28 	5.07724e+06	3.93886e+07	6.40246e+06
75 	144.28 	5.14317e+06	3.44155e+07	6.37113e+06
76 	144.28 	5.18274e+06	3.31087e+07	6.24295e+06
77 	144.28 	5.18204e+06	4.01129e+07	6.58147e+06
78 	144.28 	5.17292e+06	4.09116e+07	6.75591e+06
79 	144.28 	5.28324e+06	3.95168e+07	6.72816e+06
80 	144.28 	4.98728e+06	4.33724e+07	6.49077e+06
81 	144.28 	5.08848e+06	4.45094e+07	6.67398e+06
82 	144.28 	5.14654e+06	4.69508e+07	6.91241e+06
83 	144.28 	5.32776e+06	4.46891e+07	6.9799e+06 
84 	144.28 	5.25666e+06	3.47878e+07	6.51246e+06
85 	144.28 	5.4304e+06 	3.93827e+07	6.951e+06  
86 	144.28 	5.48133e+06	4.95493e+07	6.97765e+06
87 	144.28 	5.37631e+06	4.71833e+07	6.8249e+06 
88 	144.28 	5.21047e+06	4.57114e+07	6.62695e+06
89 	144.28 	4.9533e+06 	3.83858e+07	6.20056e+06
90 	144.28 	4.99394e+06	3.29361e+07	6.10518e+06
91 	144.28 	4.99347e+06	3.66598e+07	6.22898e+06
92 	144.28 	4.90912e+06	3.40618e+07	6.19758e+06
93 	144.28 	4.99143e+06	4.95291e+07	6.56804e+06
94 	144.28 	4.83007e+06	3.7272e+07 	5.93865e+06
95 	144.28 	5.06411e+06	3.76525e+07	6.32687e+06
96 	144.28 	4.93346e+06	4.32869e+07	6.24105e+06
97 	144.28 	5.01456e+06	4.01481e+07	6.50438e+06
98 	144.28 	4.99192e+06	4.01481e+07	6.59092e+06
99 	144.28 	4.91169e+06	5.94311e+07	6.54688e+06
100	144.28 	4.96597e+06	4.23316e+07	6.47238e+06
101	144.28 	4.84744e+06	3.96026e+07	6.44932e+06
102	144.28 	4.99513e+06	4.14205e+07	6.5655e+06 
103	144.28 	5.05517e+06	4.66456e+07	6.50373e+06
104	144.28 	5.02343e+06	3.92462e+07	6.46373e+06
105	144.28 	5.01898e+06	3.88391e+07	6.39384e+06
106	144.28 	4.94692e+06	3.83484e+07	6.19543e+06
107	144.28 	4.83397e+06	3.14022e+07	5.82463e+06
108	144.28 	4.90975e+06	3.30099e+07	5.92972e+06
109	144.28 	4.90493e+06	4.07998e+07	6.01442e+06
110	144.28 	5.04962e+06	3.47023e+07	6.20323e+06
111	144.28 	5.0192e+06 	4.0152e+07 	6.4426e+06 
112	144.28 	5.10702e+06	3.99238e+07	6.78467e+06
113	135.421	5.02606e+06	3.5572e+07 	6.38477e+06
114	135.421	5.16292e+06	3.97325e+07	6.72965e+06
115	135.421	5.16377e+06	4.54345e+07	6.57235e+06
116	135.421	5.29799e+06	4.33596e+07	6.74928e+06
117	135.421	5.34684e+06	5.37035e+07	6.81454e+06
118	135.421	5.28756e+06	3.6231e+07 	6.43803e+06
119	135.421	5.55595e+06	4.52189e+07	6.94761e+06
120	135.421	5.47107e+06	4.28951e+07	6.77567e+06
121	135.421	5.30743e+06	4.13072e+07	6.7193e+06 
122	135.421	5.09468e+06	3.91125e+07	6.54951e+06
123	135.421	5.25669e+06	4.96957e+07	7.02501e+06
124	135.421	5.0324e+06 	4.20346e+07	6.71409e+06
125	135.421	5.05128e+06	4.01718e+07	6.4623e+06 
126	135.421	5.29114e+06	3.9868e+07 	6.83702e+06
127	135.421	5.1467e+06 	4.67994e+07	6.59656e+06
128	135.421	5.1369e+06 	3.47665e+07	6.44932e+06
129	135.421	4.97911e+06	4.41824e+07	6.38445e+06
130	135.421	5.11718e+06	3.55418e+07	6.30358e+06
131	135.421	5.08112e+06	3.67508e+07	6.19763e+06
132	135.421	4.65671e+06	3.99039e+07	5.72354e+06
133	135.421	4.82569e+06	4.25838e+07	6.22713e+06
134	135.421	4.58789e+06	3.83758e+07	6.07132e+06
135	135.421	4.76686e+06	3.50131e+07	6.09854e+06
136	135.421	4.62237e+06	3.30484e+07	5.79705e+06
137	135.421	4.7791e+06 	3.81991e+07	6.27935e+06
138	135.421	4.80169e+06	4.0469e+07 	6.20478e+06
139	135.421	4.92947e+06	3.99426e+07	6.27003e+06
140	135.421	4.77979e+06	3.48456e+07	6.04262e+06
141	135.421	4.93068e+06	4.56578e+07	6.24812e+06
142	135.421	4.81444e+06	3.12482e+07	5.95974e+06
143	135.421	4.83085e+06	3.63131e+07	6.1647e+06 
144	135.421	4.90544e+06	4.14971e+07	6.2683e+06 
145	135.421	4.87322e+06	4.14971e+07	6.24849e+06
146	135.421	4.81257e+06	3.88968e+07	5.99054e+06
147	135.421	4.70601e+06	4.78963e+07	5.95902e+06
148	135.421	4.64347e+06	3.59845e+07	5.76841e+06
149	135.421	4.70695e+06	3.94895e+07	6.18914e+06
150	135.421	4.55916e+06	3.64273e+07	5.80295e+06
151	135.421	4.52189e+06	3.23483e+07	5.75818e+06
152	135.421	4.51361e+06	3.09332e+07	5.70967e+06
153	135.421	4.68263e+06	3.42824e+07	6.03349e+06
154	135.421	4.73731e+06	4.32528e+07	6.26161e+06
155	135.421	4.81018e+06	4.54061e+07	6.37359e+06
156	135.421	4.86182e+06	4.16056e+07	6.18233e+06
157	135.421	4.88914e+06	3.49725e+07	6.11386e+06
158	135.421	5.08534e+06	4.30501e+07	6.38344e+06
159	135.421	5.23226e+06	4.98015e+07	6.68034e+06
160	135.421	5.23667e+06	5.41296e+07	6.66175e+06
161	135.421	5.3885e+06 	4.49755e+07	6.91524e+06
162	135.421	5.56129e+06	5.26873e+07	7.28166e+06
163	135.421	5.53373e+06	4.5746e+07 	7.38952e+06
164	135.421	5.58059e+06	4.33889e+07	7.46446e+06
165	135.421	5.49712e+06	4.78891e+07	7.08889e+06
166	135.421	5.44523e+06	4.14567e+07	7.0404e+06 
167	135.421	5.3049e+06 	4.77229e+07	6.90411e+06
168	135.421	5.28869e+06	4.24706e+07	7.01086e+06
169	135.421	5.30273e+06	6.04169e+07	7.33187e+06
170	135.421	5.46215e+06	5.91665e+07	7.4868e+06 
171	135.421	5.16764e+06	4.54873e+07	7.1811e+06 
172	135.421	5.27603e+06	5.15312e+07	7.39997e+06
173	135.421	5.09117e+06	4.12406e+07	6.72664e+06
174	135.421	5.22268e+06	4.33688e+07	6.90992e+06
175	135.421	4.8397e+06 	3.45185e+07	6.30987e+06
176	135.421	4.81253e+06	4.79965e+07	6.40043e+06
177	135.421	4.7732e+06 	3.77777e+07	6.27374e+06
178	135.421	4.86995e+06	4.75273e+07	6.29125e+06
179	135.421	4.95143e+06	4.75273e+07	6.48515e+06
180	135.421	4.94226e+06	4.00158e+07	6.16594e+06
181	135.421	5.11973e+06	3.97368e+07	6.39258e+06
182	135.421	5.11325e+06	3.3968e+07 	6.4149e+06 
183	135.421	5.17006e+06	4.03204e+07	6.66256e+06
184	135.421	5.26196e+06	3.7521e+07 	6.74342e+06
185	135.421	5.32634e+06	3.82005e+07	6.85291e+06
186	135.421	5.29877e+06	4.02743e+07	6.71824e+06
187	135.421	5.13858e+06	4.35422e+07	6.51044e+06
188	135.421	5.18286e+06	4.7094e+07 	6.93828e+06
189	135.421	5.16501e+06	4.58011e+07	6.82302e+06
190	135.421	5.03215e+06	4.34487e+07	6.40331e+06
191	135.421	5.0753e+06 	3.91209e+07	6.51288e+06
192	135.421	5.09197e+06	4.22689e+07	6.54069e+06
193	135.421	5.17114e+06	3.7552e+07 	6.29538e+06
194	131.922	5.02716e+06	4.15888e+07	6.41929e+06
195	131.922	5.32056e+06	3.95635e+07	6.70095e+06
196	131.922	5.40096e+06	4.30457e+07	6.92541e+06
197	131.922	5.60768e+06	4.41203e+07	7.14992e+06
198	131.922	5.4089e+06 	4.09928e+07	6.87526e+06
199	131.922	5.13705e+06	4.35826e+07	6.69278e+06
200	131.922	5.08248e+06	4.86089e+07	6.68835e+06
201	131.922	5.12032e+06	3.88692e+07	6.44123e+06
202	131.922	5.15608e+06	3.59334e+07	6.55302e+06
203	131.922	5.20688e+06	3.49307e+07	6.42e+06   
204	131.922	5.2e+06    	4.04705e+07	6.5479e+06 
205	131.922	5.15726e+06	4.45448e+07	6.65192e+06
206	131.922	4.98389e+06	3.72597e+07	6.55999e+06
207	131.922	4.90737e+06	4.1707e+07 	6.63474e+06
208	131.922	4.87849e+06	3.57631e+07	6.54048e+06
209	131.922	4.93541e+06	4.39728e+07	6.47646e+06
210	131.922	4.81748e+06	4.25741e+07	6.31165e+06
211	131.922	5.04356e+06	4.88022e+07	6.73174e+06
212	131.922	4.9279e+06 	4.31449e+07	6.45016e+06
213	131.922	4.89842e+06	4.02381e+07	6.43681e+06
214	131.922	4.91066e+06	4.07439e+07	6.34409e+06
215	131.922	4.93342e+06	3.86019e+07	6.33247e+06
216	131.922	4.98168e+06	4.82998e+07	6.62041e+06
217	131.922	5.07231e+06	4.46881e+07	6.76288e+06
218	131.922	4.7046e+06 	3.83977e+07	6.10572e+06
219	131.922	4.72512e+06	3.35003e+07	5.85857e+06
220	131.922	4.86994e+06	3.35003e+07	6.33714e+06
221	131.922	5.14911e+06	5.24491e+07	6.88285e+06
222	131.922	5.23549e+06	5.03024e+07	6.95011e+06
223	131.922	5.08887e+06	6.02292e+07	6.89679e+06
224	131.922	4.97452e+06	4.56177e+07	6.74237e+06
225	131.922	5.11564e+06	4.88086e+07	6.92603e+06
226	131.922	4.947e+06  	4.19309e+07	6.55594e+06
227	131.922	5.10753e+06	3.70127e+07	6.65333e+06
228	131.922	4.96975e+06	3.75658e+07	6.26728e+06
229	131.922	5.03052e+06	3.81056e+07	6.39164e+06
230	131.922	4.89174e+06	3.5946e+07 	6.24685e+06
231	131.922	5.10479e+06	3.76539e+07	6.37608e+06
232	131.922	5.08061e+06	3.55793e+07	6.10689e+06
233	131.922	5.027e+06  	4.29519e+07	6.0623e+06 
234	131.922	4.9268e+06 	4.38196e+07	6.22774e+06
235	131.922	5.17944e+06	4.53429e+07	6.63344e+06
236	131.922	5.08572e+06	5.30823e+07	6.70091e+06
237	131.922	5.20644e+06	3.8404e+07 	6.41527e+06
238	131.922	5.21235e+06	4.01748e+07	6.41173e+06
239	131.922	5.20845e+06	4.41386e+07	6.60736e+06
240	131.922	5.07221e+06	4.40266e+07	6.34169e+06
241	131.922	5.02342e+06	3.29805e+07	6.42697e+06
242	131.922	4.90722e+06	3.61261e+07	6.4098e+06 
243	131.922	4.87899e+06	4.0789e+07 	6.23718e+06
244	131.922	4.90354e+06	4.77671e+07	6.6205e+06 
245	131.922	4.98884e+06	4.70686e+07	6.45747e+06
246	131.922	5.16476e+06	3.90911e+07	6.65051e+06
247	131.922	5.28718e+06	5.88551e+07	7.32771e+06
248	131.922	5.12929e+06	5.65803e+07	6.94679e+06
249	131.922	4.92245e+06	5.57278e+07	6.92158e+06
250	131.922	5.03985e+06	3.97873e+07	6.88042e+06
251	131.922	5.12879e+06	4.06927e+07	6.69234e+06
252	131.922	4.97543e+06	3.82613e+07	6.38328e+06
253	131.922	4.84573e+06	3.29634e+07	6.17544e+06
254	131.922	5.06619e+06	5.07289e+07	6.19049e+06
255	131.922	4.69281e+06	3.86623e+07	5.7348e+06 
256	131.922	4.76431e+06	3.3844e+07 	5.92925e+06
257	131.922	4.75263e+06	3.2713e+07 	6.02642e+06
258	131.922	4.91905e+06	4.48838e+07	6.45218e+06
259	131.922	4.89707e+06	3.91975e+07	6.43132e+06
260	131.922	5.20861e+06	6.60446e+07	7.13927e+06
261	131.922	5.1168e+06 	4.62804e+07	6.8268e+06 
262	131.922	5.2847e+06 	3.51658e+07	6.57106e+06
263	131.922	5.22162e+06	4.43816e+07	6.68898e+06
264	131.922	5.3298e+06 	3.51658e+07	6.59585e+06
265	131.922	5.36369e+06	3.51658e+07	6.55452e+06
266	131.922	5.31715e+06	3.93045e+07	6.93467e+06
267	131.922	5.24157e+06	3.52698e+07	6.53174e+06
268	131.922	5.17696e+06	3.3693e+07 	6.44256e+06
269	131.922	5.08166e+06	3.0264e+07 	6.22082e+06
270	131.922	5.09151e+06	3.54597e+07	6.17421e+06
271	131.922	5.03764e+06	3.54597e+07	6.21135e+06
272	130.412	4.77487e+06	3.54597e+07	5.89201e+06
273	130.412	4.67571e+06	3.89879e+07	6.07818e+06
274	130.412	4.50781e+06	4.87733e+07	6.06146e+06
275	130.412	4.49152e+06	4.37536e+07	5.98765e+06
276	130.412	4.54089e+06	4.74494e+07	5.93787e+06
277	130.412	4.46078e+06	4.26226e+07	5.8828e+06 
278	130.412	4.49442e+06	3.18209e+07	5.81805e+06
279	130.412	4.55104e+06	3.6072e+07 	5.90656e+06
280	130.412	4.59596e+06	3.6072e+07 	6.15204e+06
281	130.412	4.87557e+06	3.61176e+07	6.25097e+06
282	130.412	4.91753e+06	3.74089e+07	6.44494e+06
283	130.412	4.87143e+06	3.91924e+07	6.29557e+06
284	130.412	4.91012e+06	4.01136e+07	6.28559e+06
285	130.412	5.02403e+06	4.01136e+07	6.43263e+06
286	130.412	4.85916e+06	3.32143e+07	6.18308e+06
287	130.412	4.61681e+06	2.86911e+07	5.63739e+06
288	130.412	4.66879e+06	3.64187e+07	5.90289e+06
289	130.412	4.57773e+06	3.23943e+07	5.8877e+06 
290	130.412	4.64516e+06	4.06158e+07	6.20593e+06
291	130.412	4.73927e+06	3.59676e+07	6.07252e+06
292	130.412	4.78434e+06	3.76946e+07	6.29014e+06
293	130.412	5.0109e+06 	4.0937e+07 	6.65657e+06
294	130.412	5.11632e+06	4.31273e+07	6.7884e+06 
295	130.412	5.2015e+06 	4.06215e+07	6.69865e+06
296	130.412	5.17608e+06	4.97473e+07	6.68502e+06
297	130.412	4.97525e+06	4.14804e+07	6.37858e+06
298	130.412	4.83978e+06	4.02744e+07	6.47515e+06
299	130.412	4.80086e+06	4.02744e+07	6.17732e+06
300	130.412	4.70274e+06	3.80052e+07	6.27362e+06
301	130.412	4.56328e+06	4.08077e+07	6.22589e+06
302	130.412	4.78066e+06	3.68779e+07	5.99487e+06
303	130.412	4.67852e+06	4.88588e+07	6.13863e+06
304	130.412	4.61561e+06	4.31178e+07	6.09217e+06
305	130.412	4.70769e+06	3.24796e+07	6.01592e+06
306	130.412	4.71664e+06	3.20041e+07	5.93008e+06
307	130.412	4.69774e+06	3.55959e+07	5.98643e+06
308	130.412	4.717e+06  	3.20041e+07	5.94702e+06
309	130.412	4.95329e+06	4.15924e+07	6.49522e+06
310	130.412	4.95725e+06	3.82792e+07	6.41695e+06
311	130.412	4.85721e+06	3.41199e+07	6.31465e+06
312	130.412	4.90779e+06	4.16035e+07	6.65182e+06
313	130.412	4.98609e+06	4.19678e+07	6.81153e+06
314	130.412	4.76905e+06	4.27508e+07	6.23633e+06
315	130.412	4.98922e+06	3.75373e+07	6.42249e+06
316	130.412	4.85718e+06	3.72017e+07	6.22906e+06
317	130.412	4.74114e+06	3.34981e+07	6.05081e+06
318	130.412	4.68074e+06	3.48046e+07	5.86843e+06
319	130.412	4.69223e+06	3.5795e+07 	6.10361e+06
320	130.412	4.63502e+06	3.26324e+07	5.94114e+06
321	130.412	4.68682e+06	3.34324e+07	5.99718e+06
322	130.412	4.57881e+06	3.14232e+07	5.77133e+06
323	130.412	4.61491e+06	3.61924e+07	5.9076e+06 
324	130.412	4.67041e+06	4.12493e+07	6.09971e+06
325	130.412	4.69694e+06	3.68199e+07	6.0233e+06 
326	130.412	4.62023e+06	3.73514e+07	6.05965e+06
327	130.412	4.49213e+06	4.15339e+07	5.96689e+06
328	130.412	4.48119e+06	3.90343e+07	6.01103e+06
329	130.412	4.52614e+06	3.79289e+07	5.80412e+06
330	130.412	4.59362e+06	3.79473e+07	5.9479e+06 
331	130.412	4.47539e+06	3.27407e+07	5.79986e+06
332	130.412	4.47712e+06	3.50553e+07	5.94044e+06
333	130.412	4.47544e+06	3.49067e+07	5.84125e+06
334	130.412	4.53582e+06	3.51598e+07	5.8354e+06 
335	130.412	4.36815e+06	3.92345e+07	5.88161e+06
336	130.412	4.36596e+06	4.2129e+07 	5.80973e+06
337	130.412	4.35892e+06	4.52306e+07	6.03935e+06
338	130.412	4.3499e+06 	3.6154e+07 	5.8715e+06 
339	130.412	4.42694e+06	4.09117e+07	6.09852e+06
340	130.412	4.43685e+06	5.36353e+07	6.48563e+06
341	130.412	4.17004e+06	3.87686e+07	5.86544e+06
342	130.412	4.24747e+06	3.74642e+07	5.84784e+06
343	130.412	4.24912e+06	4.25645e+07	5.9459e+06 
344	130.412	4.48664e+06	3.68299e+07	6.02808e+06
345	130.412	4.38442e+06	3.95276e+07	5.694e+06  
346	130.412	4.42072e+06	2.92861e+07	5.58107e+06
347	130.412	4.51403e+06	3.83242e+07	5.89633e+06
348	130.412	4.5363e+06 	3.48751e+07	5.83147e+06
349	130.412	4.68672e+06	4.28675e+07	6.30939e+06
350	130.412	4.85607e+06	3.82544e+07	6.64896e+06
351	130.412	4.70056e+06	3.92796e+07	6.24699e+06
352	130.412	4.65735e+06	3.26623e+07	5.90701e+06
353	130.412	4.60756e+06	3.21072e+07	5.80628e+06
354	130.412	4.44264e+06	3.0942e+07 	5.65395e+06
355	130.412	4.55775e+06	3.19998e+07	5.93732e+06
356	130.412	4.40927e+06	3.19998e+07	5.75971e+06
357	130.412	4.3787e+06 	3.19528e+07	5.66291e+06
358	130.412	4.69081e+06	4.3218e+07 	6.08783e+06
359	130.412	4.56241e+06	3.47255e+07	5.88803e+06
360	130.412	4.45695e+06	3.64948e+07	5.73136e+06
361	130.412	4.51188e+06	3.67782e+07	5.5239e+06 
362	130.412	4.47064e+06	3.48465e+07	5.61258e+06
363	130.412	4.38127e+06	3.84391e+07	5.61559e+06
364	130.412	4.29183e+06	3.34658e+07	5.53323e+06
365	130.412	4.29942e+06	3.88275e+07	5.7371e+06 
366	130.412	4.45722e+06	3.6501e+07 	5.83374e+06
367	130.412	4.44755e+06	3.6922e+07 	5.79827e+06
368	130.412	4.31455e+06	3.13155e+07	5.56513e+06
369	130.412	4.20819e+06	3.11495e+07	5.41979e+06
370	130.412	4.39005e+06	3.9453e+07 	5.97687e+06
371	130.412	4.58566e+06	3.72892e+07	6.21457e+06
372	130.412	4.71958e+06	4.8656e+07 	6.44668e+06
373	130.412	4.72735e+06	4.72651e+07	6.35151e+06
374	130.412	4.86525e+06	4.72651e+07	6.65661e+06
375	130.412	4.787e+06  	4.72651e+07	6.48784e+06
376	130.412	4.82117e+06	5.07417e+07	6.50705e+06
377	130.412	4.80837e+06	3.81219e+07	6.59084e+06
378	130.412	4.60609e+06	3.82854e+07	6.22701e+06
379	130.412	4.54036e+06	3.11221e+07	5.80946e+06
380	130.412	4.72505e+06	4.41232e+07	6.24344e+06
381	130.412	4.65048e+06	4.05348e+07	6.20666e+06
382	130.412	4.78934e+06	3.8671e+07 	6.18101e+06
383	128.765	4.81627e+06	5.75321e+07	6.54881e+06
384	128.765	4.74493e+06	4.36145e+07	6.22735e+06
385	128.765	4.68566e+06	4.3691e+07 	6.08141e+06
386	128.765	4.85947e+06	4.36607e+07	6.40064e+06
387	128.765	4.94622e+06	3.8668e+07 	6.2592e+06 
388	128.765	5.02265e+06	4.24978e+07	6.49093e+06
389	128.765	5.12117e+06	4.29746e+07	6.95322e+06
390	128.765	5.20105e+06	4.29746e+07	7.06412e+06
391	128.765	5.12897e+06	3.95092e+07	6.84892e+06
392	128.765	5.0586e+06 	4.76131e+07	7.15716e+06
393	128.765	5.05508e+06	5.0794e+07 	7.12224e+06
394	128.765	5.05752e+06	4.66556e+07	7.077e+06  
395	128.765	4.90638e+06	4.69385e+07	6.90134e+06
396	128.765	4.86569e+06	5.46249e+07	6.67939e+06
397	128.765	4.63159e+06	5.35287e+07	6.40191e+06
398	128.765	4.54933e+06	3.36339e+07	5.9865e+06 
399	128.765	4.63423e+06	3.39978e+07	6.13024e+06
400	128.765	4.54103e+06	4.87022e+07	6.16696e+06
401	128.765	4.70342e+06	3.89278e+07	6.22583e+06
402	128.765	4.58142e+06	3.60415e+07	6.18807e+06
403	128.765	4.73948e+06	3.72053e+07	6.32873e+06
404	128.765	4.73862e+06	3.60415e+07	6.34589e+06
405	128.765	4.60112e+06	4.22359e+07	6.15506e+06
406	128.765	4.692e+06  	3.86151e+07	6.05327e+06
407	128.765	4.67678e+06	3.29548e+07	6.02885e+06
408	128.765	4.69486e+06	3.40387e+07	6.04132e+06
409	128.765	4.64913e+06	3.20386e+07	5.8426e+06 
410	128.765	4.52455e+06	3.85027e+07	5.79127e+06
411	128.765	4.40663e+06	3.36894e+07	5.48047e+06
412	128.765	4.4485e+06 	3.62375e+07	5.57036e+06
413	128.765	4.52604e+06	3.39916e+07	5.6373e+06 
414	128.765	4.55036e+06	3.26493e+07	5.64006e+06
415	128.765	4.61259e+06	3.62327e+07	5.87393e+06
416	128.765	4.75207e+06	4.0373e+07 	6.24317e+06
417	128.765	4.68146e+06	4.25235e+07	6.10432e+06
418	128.765	4.69722e+06	4.72868e+07	6.14065e+06
419	128.765	4.68942e+06	4.16096e+07	6.02125e+06
420	128.765	4.73834e+06	3.85266e+07	6.01489e+06
421	128.765	4.67621e+06	3.61947e+07	5.95887e+06
422	128.765	4.56783e+06	4.15361e+07	6.05123e+06
423	128.765	4.71444e+06	3.7623e+07 	6.16684e+06
424	128.765	4.56259e+06	3.51682e+07	5.98939e+06
425	128.765	4.46496e+06	3.57032e+07	5.78845e+06
426	128.765	4.52399e+06	3.2808e+07 	5.75872e+06
427	128.765	4.51591e+06	3.15453e+07	5.71183e+06
428	128.765	4.56533e+06	3.37399e+07	5.74861e+06
429	128.765	4.65929e+06	3.45245e+07	5.78461e+06
430	128.765	4.76023e+06	3.3878e+07 	6.05358e+06
431	128.765	4.82783e+06	3.75666e+07	6.22226e+06
432	128.765	4.89361e+06	3.43414e+07	6.12548e+06
433	128.765	4.96704e+06	3.63986e+07	6.30106e+06
434	128.765	4.9867e+06 	4.94839e+07	6.61831e+06
435	128.765	4.81105e+06	4.11377e+07	6.08792e+06
436	128.765	4.83765e+06	3.77063e+07	6.04238e+06
437	128.765	4.9645e+06 	4.37258e+07	6.25182e+06
438	128.765	5.02997e+06	4.29569e+07	6.45239e+06
439	128.765	4.97782e+06	4.29569e+07	6.34411e+06
440	128.765	4.96207e+06	3.74586e+07	6.53153e+06
441	128.765	4.79585e+06	3.98735e+07	6.31327e+06
442	128.765	4.71047e+06	3.51056e+07	5.83933e+06
443	128.765	4.68272e+06	3.71775e+07	6.23381e+06
444	128.765	4.76889e+06	3.60284e+07	6.35523e+06
445	128.765	4.73039e+06	3.78627e+07	6.48432e+06
446	128.765	4.37945e+06	3.72866e+07	5.74242e+06
447	128.765	4.63202e+06	3.60504e+07	5.94607e+06
448	128.765	4.44342e+06	3.8541e+07 	5.6975e+06 
449	128.765	4.59087e+06	3.8541e+07 	6.05147e+06
450	128.765	4.55632e+06	3.64914e+07	5.95906e+06
451	128.765	4.53329e+06	3.40899e+07	6.03167e+06
452	128.765	4.58372e+06	3.5098e+07 	6.10709e+06
453	128.765	4.65266e+06	5.82339e+07	6.68778e+06
454	128.765	4.71704e+06	5.81716e+07	7.2453e+06 
455	128.765	4.66821e+06	5.74194e+07	6.69494e+06
456	128.765	4.702e+06  	5.22125e+07	6.51148e+06
457	128.765	4.65562e+06	4.63743e+07	6.47537e+06
458	128.765	4.61524e+06	4.25126e+07	6.27079e+06
459	128.765	4.64373e+06	4.12411e+07	6.30659e+06
460	128.765	4.61824e+06	3.9219e+07 	6.20113e+06
461	128.765	4.57661e+06	3.80109e+07	5.96084e+06
462	128.765	4.66557e+06	3.56198e+07	6.04208e+06
463	128.765	4.71601e+06	3.56198e+07	6.1443e+06 
464	128.765	4.44176e+06	3.367e+07  	5.80841e+06
465	128.765	4.33121e+06	3.30336e+07	5.62603e+06
466	128.765	4.39156e+06	3.0332e+07 	5.71753e+06
467	128.765	4.40292e+06	3.721e+07  	5.82145e+06
468	128.765	4.27994e+06	2.86487e+07	5.55929e+06
469	128.765	4.25541e+06	2.9733e+07 	5.66504e+06
470	128.765	4.40884e+06	3.19091e+07	5.79243e+06
471	128.765	4.65493e+06	4.96577e+07	6.2517e+06 
472	128.765	4.57525e+06	3.70226e+07	6.22624e+06
473	128.765	4.59982e+06	3.70226e+07	6.23031e+06
474	128.765	4.73744e+06	3.7086e+07 	6.32131e+06
475	128.765	4.71259e+06	3.85355e+07	6.35371e+06
476	128.765	4.62294e+06	4.51195e+07	6.54021e+06
477	128.765	4.64697e+06	5.21327e+07	6.53937e+06
478	128.765	4.59803e+06	3.96195e+07	6.29369e+06
479	128.765	4.79202e+06	3.44024e+07	6.52511e+06
480	128.765	4.74229e+06	3.98943e+07	6.55079e+06
481	128.765	4.80927e+06	3.98943e+07	6.64869e+06
482	128.765	4.72926e+06	3.58557e+07	6.22216e+06
483	128.765	4.85396e+06	4.57057e+07	6.41586e+06
484	128.765	4.83975e+06	4.01992e+07	6.30414e+06
485	128.765	4.65972e+06	3.02047e+07	5.95676e+06
486	128.765	4.57361e+06	3.46987e+07	6.03585e+06
487	128.765	4.60133e+06	3.45743e+07	5.70251e+06
488	128.765	4.74539e+06	3.95712e+07	6.26527e+06
489	128.765	4.75627e+06	3.6889e+07 	6.25813e+06
490	128.765	4.48387e+06	3.50171e+07	6.00931e+06
491	128.765	4.45384e+06	3.54797e+07	6.2375e+06 
492	128.765	4.63345e+06	3.54172e+07	6.36545e+06
493	128.765	4.77336e+06	4.73235e+07	6.61557e+06
494	128.765	4.78998e+06	4.22344e+07	6.42484e+06
495	128.765	4.61332e+06	4.19576e+07	6.11515e+06
496	128.765	4.58374e+06	3.91548e+07	6.10704e+06
497	128.765	4.65723e+06	5.36268e+07	6.61455e+06
498	128.765	4.66729e+06	4.0534e+07 	6.22702e+06
499	128.765	4.65193e+06	3.43266e+07	6.01076e+06
76.27000001
