/usr/lib/python2.7/site-packages/deap/tools/_hypervolume/pyhv.py:33: ImportWarning: Falling back to the python version of hypervolume module. Expect this to be very slow.
  "module. Expect this to be very slow.", ImportWarning)
gen	min        	avg        	max       	std        
0  	1.08167e+08	4.21798e+09	9.3242e+10	8.78858e+09
1  	9.30905e+07	4.15026e+09	9.3242e+10	8.9937e+09 
2  	8.38325e+07	3.81977e+09	6.25534e+10	7.02098e+09
3  	8.38325e+07	4.05732e+09	1.19752e+11	8.74348e+09
4  	8.38325e+07	3.92246e+09	1.09827e+11	7.92142e+09
5  	7.11873e+07	3.65357e+09	6.78604e+10	5.96497e+09
6  	7.11873e+07	3.52637e+09	4.24667e+10	5.34871e+09
7  	7.11873e+07	3.70808e+09	7.19658e+10	6.08971e+09
8  	7.11873e+07	3.70689e+09	6.78628e+10	6.26085e+09
9  	7.11873e+07	3.76338e+09	6.24802e+10	6.38948e+09
10 	5.49906e+07	3.82983e+09	7.84695e+10	6.80757e+09
11 	5.49906e+07	3.63423e+09	5.99695e+10	6.06645e+09
12 	5.49906e+07	3.41755e+09	5.99695e+10	5.38875e+09
13 	5.49906e+07	3.46047e+09	6.09417e+10	5.7735e+09 
14 	5.49906e+07	3.40935e+09	6.09417e+10	5.76991e+09
15 	5.49906e+07	3.41253e+09	4.89925e+10	5.45048e+09
16 	5.49906e+07	3.50282e+09	5.61527e+10	5.91328e+09
17 	5.49906e+07	3.48962e+09	4.46522e+10	5.918e+09  
18 	5.49906e+07	3.48541e+09	4.89567e+10	5.93624e+09
19 	5.49906e+07	3.77861e+09	7.36955e+10	7.05796e+09
20 	5.49906e+07	3.69755e+09	6.3466e+10 	6.57109e+09
21 	5.49906e+07	3.6378e+09 	5.09258e+10	6.22983e+09
22 	5.47686e+07	3.41513e+09	6.16901e+10	5.47989e+09
23 	5.47686e+07	3.4816e+09 	4.87241e+10	5.72298e+09
24 	5.47686e+07	3.21381e+09	4.23202e+10	5.06944e+09
25 	5.47686e+07	3.29023e+09	4.48903e+10	5.12787e+09
26 	5.47686e+07	3.09037e+09	4.37974e+10	4.44238e+09
27 	5.47686e+07	3.16318e+09	4.38689e+10	4.66044e+09
28 	5.47686e+07	3.1442e+09 	5.41103e+10	4.81368e+09
29 	4.53266e+07	2.91777e+09	2.96535e+10	4.03698e+09
30 	4.23575e+07	2.93703e+09	3.53654e+10	4.20164e+09
31 	4.23575e+07	2.91808e+09	3.19864e+10	4.13085e+09
32 	4.03135e+07	3.12692e+09	5.27047e+10	4.66295e+09
33 	4.03135e+07	3.1399e+09 	4.01925e+10	4.59386e+09
34 	4.03135e+07	3.23342e+09	4.93252e+10	4.96919e+09
35 	4.03135e+07	3.12475e+09	3.35794e+10	4.60312e+09
36 	4.03135e+07	3.12264e+09	8.12963e+10	5.73871e+09
37 	3.92568e+07	3.03002e+09	4.3652e+10 	4.93645e+09
38 	3.92568e+07	3.01775e+09	5.01966e+10	5.14776e+09
39 	3.92568e+07	2.96737e+09	5.01966e+10	4.89043e+09
40 	2.95541e+07	2.91929e+09	4.14773e+10	4.42246e+09
41 	2.95541e+07	2.97575e+09	4.27897e+10	4.8084e+09 
42 	2.95541e+07	2.92474e+09	4.66052e+10	4.85137e+09
43 	2.95541e+07	2.8664e+09 	4.66052e+10	4.53484e+09
44 	2.95541e+07	2.94305e+09	4.65836e+10	4.98373e+09
45 	2.95541e+07	3.03973e+09	6.08334e+10	5.47658e+09
46 	2.95541e+07	2.97863e+09	3.98094e+10	4.79187e+09
47 	2.95541e+07	2.95545e+09	8.51039e+10	5.90216e+09
48 	2.95541e+07	2.91308e+09	5.66154e+10	4.8121e+09 
49 	2.95541e+07	3.02731e+09	4.72582e+10	5.02126e+09
50 	2.95541e+07	3.17872e+09	6.13196e+10	5.64623e+09
51 	2.95541e+07	2.85812e+09	3.73839e+10	4.30755e+09
52 	2.95541e+07	2.94685e+09	4.91499e+10	4.68983e+09
53 	2.95541e+07	2.90673e+09	5.56726e+10	4.81558e+09
54 	2.95541e+07	2.86042e+09	3.27191e+10	4.27464e+09
55 	2.95541e+07	2.77374e+09	3.52952e+10	4.044e+09  
56 	2.95541e+07	2.82073e+09	3.98024e+10	4.33674e+09
57 	2.95541e+07	2.83184e+09	4.59828e+10	4.61259e+09
58 	2.95541e+07	3.01167e+09	4.55777e+10	5.40252e+09
59 	2.80744e+07	3.25152e+09	5.26832e+10	6.47721e+09
60 	2.80744e+07	3.20396e+09	5.00442e+10	5.90802e+09
61 	2.80744e+07	3.11382e+09	5.72896e+10	5.82935e+09
62 	2.80744e+07	2.76472e+09	4.44871e+10	4.56247e+09
63 	2.80744e+07	2.95985e+09	4.15663e+10	5.29925e+09
64 	2.80744e+07	3.05991e+09	4.2194e+10 	5.58107e+09
65 	2.80744e+07	3.05613e+09	5.30165e+10	5.74739e+09
66 	2.80744e+07	2.95432e+09	4.3689e+10 	5.28899e+09
67 	2.80744e+07	2.77492e+09	4.20784e+10	4.67833e+09
68 	2.40521e+07	2.78077e+09	3.71447e+10	4.43899e+09
69 	2.40521e+07	2.83593e+09	5.95571e+10	5.2506e+09 
70 	2.40521e+07	2.79472e+09	3.95401e+10	4.77026e+09
71 	2.40521e+07	2.86157e+09	4.74268e+10	4.80291e+09
72 	2.23274e+07	2.8306e+09 	9.12825e+10	5.65263e+09
73 	2.23274e+07	2.8339e+09 	6.50329e+10	5.68886e+09
74 	2.06891e+07	2.95907e+09	7.67078e+10	6.18614e+09
75 	2.06891e+07	2.89593e+09	7.5911e+10 	6.00128e+09
76 	2.06891e+07	2.63091e+09	5.07477e+10	4.51107e+09
77 	2.06891e+07	2.61382e+09	5.55182e+10	4.65505e+09
78 	2.06891e+07	2.74882e+09	6.67204e+10	5.33842e+09
79 	2.06891e+07	2.69618e+09	5.73373e+10	5.05947e+09
80 	2.06891e+07	2.63699e+09	8.64225e+10	5.41082e+09
81 	2.06891e+07	2.674e+09  	1.39799e+11	6.53801e+09
82 	2.06891e+07	2.49894e+09	4.88094e+10	4.22441e+09
83 	2.06891e+07	2.51484e+09	6.16754e+10	4.4446e+09 
84 	2.06891e+07	2.47942e+09	4.10011e+10	4.18954e+09
85 	2.06891e+07	2.31865e+09	2.95516e+10	3.32004e+09
86 	2.06891e+07	2.30262e+09	3.03395e+10	3.50558e+09
87 	2.06891e+07	2.2873e+09 	3.30589e+10	3.3946e+09 
88 	2.06891e+07	2.28602e+09	3.58397e+10	3.34768e+09
89 	2.06564e+07	2.34509e+09	3.41562e+10	3.75055e+09
90 	2.06564e+07	2.50916e+09	3.29316e+10	4.10278e+09
91 	2.06564e+07	2.66958e+09	5.46579e+10	4.75161e+09
92 	2.06564e+07	2.72125e+09	5.67956e+10	4.98534e+09
93 	2.06564e+07	2.65347e+09	4.45464e+10	4.78779e+09
94 	2.06564e+07	2.54837e+09	5.02089e+10	4.38881e+09
95 	2.06564e+07	2.47377e+09	4.32205e+10	3.69949e+09
96 	2.06564e+07	2.61921e+09	4.46715e+10	4.35238e+09
97 	2.06564e+07	2.5322e+09 	3.29896e+10	3.96198e+09
98 	2.01038e+07	2.65048e+09	3.72764e+10	4.44356e+09
99 	2.01038e+07	2.55578e+09	2.97616e+10	3.86964e+09
100	2.01038e+07	2.64085e+09	6.02447e+10	4.56152e+09
101	2.01038e+07	2.55906e+09	6.02447e+10	4.58685e+09
102	2.01038e+07	2.67361e+09	5.77951e+10	5.304e+09  
103	2.01038e+07	2.71327e+09	1.06493e+11	6.38271e+09
104	2.01038e+07	2.65657e+09	8.49132e+10	5.72021e+09
105	2.01038e+07	2.56577e+09	4.81102e+10	4.85501e+09
106	2.01038e+07	2.37769e+09	4.02894e+10	4.0387e+09 
107	2.01038e+07	2.26598e+09	3.38913e+10	3.55827e+09
108	2.01038e+07	2.30093e+09	3.18665e+10	3.52172e+09
109	2.01038e+07	2.23626e+09	2.66428e+10	3.18614e+09
110	2.01038e+07	2.25781e+09	3.49412e+10	3.39799e+09
111	1.87975e+07	2.30564e+09	6.9813e+10 	4.19807e+09
112	1.87975e+07	2.34402e+09	3.63264e+10	3.87904e+09
113	1.87975e+07	2.34781e+09	3.60642e+10	3.84773e+09
114	1.87975e+07	2.36705e+09	3.0752e+10 	4.0754e+09 
115	1.87975e+07	2.47785e+09	5.04632e+10	4.79902e+09
116	1.87975e+07	2.60417e+09	6.79063e+10	5.5608e+09 
117	1.87975e+07	2.51892e+09	4.85143e+10	4.79672e+09
118	1.87975e+07	2.49553e+09	4.85143e+10	4.65854e+09
119	1.87975e+07	2.36845e+09	3.19907e+10	3.86786e+09
120	1.87975e+07	2.39166e+09	3.95703e+10	4.11127e+09
121	1.87975e+07	2.35833e+09	2.94812e+10	3.79011e+09
122	1.87975e+07	2.27892e+09	3.19027e+10	3.49327e+09
123	1.87975e+07	2.25767e+09	5.53831e+10	3.93116e+09
124	1.8085e+07 	2.3833e+09 	5.3425e+10 	4.28763e+09
125	1.8085e+07 	2.37347e+09	7.34596e+10	4.53282e+09
126	1.8085e+07 	2.38399e+09	3.76232e+10	3.96341e+09
127	1.76411e+07	2.4669e+09 	3.76232e+10	4.20798e+09
128	1.75207e+07	2.58634e+09	5.09755e+10	4.82364e+09
129	1.75207e+07	2.48201e+09	5.09755e+10	4.65578e+09
130	1.75207e+07	2.42166e+09	5.04044e+10	4.71352e+09
131	1.75207e+07	2.25617e+09	5.27567e+10	4.04482e+09
132	1.75207e+07	2.18305e+09	3.89841e+10	3.47528e+09
133	1.75207e+07	2.09618e+09	2.46462e+10	3.22147e+09
134	1.75207e+07	2.13417e+09	5.73491e+10	3.75968e+09
135	1.75207e+07	2.24372e+09	5.35543e+10	4.01903e+09
136	1.75207e+07	2.21503e+09	3.59631e+10	3.68988e+09
137	1.75207e+07	2.25209e+09	4.74694e+10	4.14804e+09
138	1.75207e+07	2.36057e+09	5.51737e+10	4.6413e+09 
139	1.75207e+07	2.22543e+09	4.74694e+10	4.20768e+09
140	1.73853e+07	2.12895e+09	3.8085e+10 	3.53301e+09
141	1.54791e+07	2.04589e+09	3.10883e+10	3.36089e+09
142	1.54791e+07	2.09015e+09	3.45355e+10	3.70131e+09
143	1.54791e+07	2.12791e+09	3.83902e+10	3.95421e+09
144	1.54791e+07	2.16737e+09	7.03017e+10	4.36879e+09
145	1.54791e+07	2.18349e+09	3.78996e+10	3.8139e+09 
146	1.52178e+07	2.2206e+09 	4.07615e+10	4.14421e+09
147	1.52178e+07	2.15701e+09	3.18459e+10	3.6291e+09 
148	1.52178e+07	2.12026e+09	3.6257e+10 	3.79199e+09
149	1.52178e+07	2.09948e+09	5.80425e+10	4.00747e+09
150	1.52178e+07	2.22697e+09	3.88101e+10	4.25426e+09
151	1.52178e+07	2.23855e+09	4.35368e+10	4.26717e+09
152	1.52178e+07	2.15844e+09	4.18798e+10	4.1341e+09 
153	1.52178e+07	2.03898e+09	3.3708e+10 	3.35364e+09
154	1.52178e+07	2.08949e+09	3.60034e+10	3.93154e+09
155	1.52178e+07	2.15946e+09	7.2766e+10 	4.66276e+09
156	1.52178e+07	2.05962e+09	6.39923e+10	4.03211e+09
157	1.52178e+07	2.05544e+09	3.92427e+10	3.82393e+09
158	1.37218e+07	1.94041e+09	3.5393e+10 	3.40626e+09
159	1.37218e+07	1.93908e+09	3.17452e+10	3.36991e+09
160	1.37218e+07	2.07619e+09	8.32643e+10	4.53152e+09
161	1.37218e+07	2.04532e+09	3.86967e+10	3.76253e+09
162	1.37218e+07	2.11421e+09	4.23024e+10	4.06936e+09
163	1.37218e+07	2.18048e+09	4.11979e+10	4.28598e+09
164	1.37218e+07	2.03238e+09	4.04418e+10	3.6587e+09 
165	1.37218e+07	1.99594e+09	3.82318e+10	3.60605e+09
166	1.37218e+07	1.99905e+09	4.07858e+10	3.40018e+09
167	1.37218e+07	1.92235e+09	3.2028e+10 	3.28379e+09
168	1.37218e+07	1.8825e+09 	2.94894e+10	3.12639e+09
169	1.37218e+07	1.90665e+09	2.38411e+10	3.02874e+09
170	1.37218e+07	1.88949e+09	3.29435e+10	3.12978e+09
171	1.37218e+07	1.93902e+09	3.51224e+10	3.41374e+09
172	1.37218e+07	1.88387e+09	3.5304e+10 	3.32271e+09
173	1.37218e+07	1.82652e+09	3.50738e+10	3.12383e+09
174	1.37218e+07	1.77414e+09	3.4422e+10 	2.98911e+09
175	1.37218e+07	1.785e+09  	3.12887e+10	3.1729e+09 
176	1.37218e+07	1.75988e+09	2.29187e+10	2.82075e+09
177	1.37218e+07	1.75709e+09	3.61703e+10	3.09982e+09
178	1.08832e+07	1.91448e+09	8.9592e+10 	4.62787e+09
179	1.08832e+07	1.89141e+09	5.12209e+10	3.6766e+09 
180	1.05245e+07	1.76846e+09	3.28836e+10	2.96085e+09
181	1.05245e+07	1.93867e+09	5.72285e+10	4.05662e+09
182	1.05245e+07	1.81675e+09	3.81571e+10	3.36158e+09
183	1.05245e+07	1.83522e+09	5.97862e+10	3.80703e+09
184	1.05245e+07	1.80352e+09	4.58404e+10	3.708e+09  
185	1.05245e+07	1.82783e+09	4.74587e+10	3.93916e+09
186	1.05245e+07	1.75806e+09	4.44468e+10	3.47544e+09
187	1.05245e+07	1.82982e+09	4.44468e+10	3.66701e+09
188	1.05245e+07	1.67066e+09	2.26245e+10	2.59831e+09
189	1.05245e+07	1.6582e+09 	2.06536e+10	2.55046e+09
190	1.05245e+07	1.7749e+09 	5.81707e+10	3.7879e+09 
191	1.05245e+07	1.70004e+09	4.59145e+10	2.93192e+09
192	1.05245e+07	1.72219e+09	3.35814e+10	3.11737e+09
193	1.05245e+07	1.86258e+09	5.00078e+10	3.85781e+09
194	1.05245e+07	1.77996e+09	3.26048e+10	3.12575e+09
195	1.05245e+07	1.7143e+09 	3.0723e+10 	2.94017e+09
196	1.05245e+07	1.64698e+09	2.19195e+10	2.65725e+09
197	1.05245e+07	1.62999e+09	2.98831e+10	2.82213e+09
198	1.05245e+07	1.66887e+09	3.21372e+10	3.04896e+09
199	1.05245e+07	1.69876e+09	3.21372e+10	3.27887e+09
200	1.05245e+07	1.74875e+09	5.32705e+10	3.67226e+09
201	1.05245e+07	1.61202e+09	4.80513e+10	3.09615e+09
202	1.05245e+07	1.55706e+09	2.2397e+10 	2.42765e+09
203	1.05245e+07	1.54395e+09	2.42197e+10	2.41734e+09
204	1.05245e+07	1.66167e+09	4.66634e+10	3.10594e+09
205	1.05245e+07	1.73374e+09	2.47544e+10	3.19218e+09
206	1.05245e+07	1.70708e+09	3.173e+10  	3.16706e+09
207	1.05245e+07	1.66279e+09	3.24248e+10	3.1446e+09 
208	1.05245e+07	1.66177e+09	3.24248e+10	3.3391e+09 
209	1.05245e+07	1.66023e+09	3.00774e+10	3.27593e+09
210	1.05245e+07	1.66818e+09	5.24043e+10	3.51945e+09
211	1.05245e+07	1.60897e+09	3.97149e+10	2.98323e+09
212	1.05245e+07	1.69924e+09	4.53576e+10	3.49009e+09
213	1.05245e+07	1.71555e+09	4.53576e+10	3.62452e+09
214	1.05245e+07	1.57822e+09	4.34696e+10	2.88375e+09
215	1.05245e+07	1.55e+09   	2.07925e+10	2.40224e+09
216	1.05245e+07	1.52002e+09	3.08528e+10	2.43951e+09
217	1.05245e+07	1.47415e+09	2.11231e+10	2.09706e+09
218	1.05245e+07	1.47026e+09	1.90673e+10	2.09617e+09
219	1.05245e+07	1.47549e+09	1.86048e+10	2.21647e+09
220	1.05245e+07	1.53521e+09	3.3103e+10 	2.64955e+09
221	1.05245e+07	1.4852e+09 	3.01385e+10	2.40053e+09
222	1.05245e+07	1.43594e+09	1.6228e+10 	2.09881e+09
223	1.05245e+07	1.49847e+09	1.94418e+10	2.24415e+09
224	1.05245e+07	1.51479e+09	1.95292e+10	2.32792e+09
225	1.05245e+07	1.49988e+09	2.23662e+10	2.36568e+09
226	1.05245e+07	1.57375e+09	2.43018e+10	2.6053e+09 
227	1.05245e+07	1.55479e+09	2.26051e+10	2.73815e+09
228	1.05245e+07	1.51269e+09	3.5678e+10 	2.71275e+09
229	1.05245e+07	1.52469e+09	3.99318e+10	2.93787e+09
230	1.05245e+07	1.58925e+09	4.27156e+10	3.19354e+09
231	1.05245e+07	1.56874e+09	3.33818e+10	3.09221e+09
232	1.05245e+07	1.53647e+09	4.3284e+10 	3.03744e+09
233	1.05245e+07	1.50924e+09	4.69138e+10	2.989e+09  
234	1.05245e+07	1.43048e+09	3.52074e+10	2.56432e+09
235	1.05245e+07	1.45806e+09	3.17464e+10	2.55778e+09
236	1.05245e+07	1.38627e+09	1.87066e+10	2.1986e+09 
237	1.05245e+07	1.41013e+09	2.5276e+10 	2.51956e+09
238	1.05245e+07	1.43983e+09	2.41248e+10	2.59875e+09
239	9.7241e+06 	1.40627e+09	2.41248e+10	2.59065e+09
240	9.7241e+06 	1.31035e+09	2.50455e+10	2.15224e+09
241	9.7241e+06 	1.34948e+09	2.38088e+10	2.36701e+09
242	9.7241e+06 	1.31263e+09	2.26012e+10	2.1761e+09 
243	9.7241e+06 	1.34988e+09	2.61291e+10	2.53042e+09
244	9.7241e+06 	1.29926e+09	2.76114e+10	2.28403e+09
245	9.50055e+06	1.36301e+09	2.71808e+10	2.49211e+09
246	9.50055e+06	1.3549e+09 	2.02461e+10	2.35447e+09
247	9.50055e+06	1.29135e+09	3.23707e+10	2.24594e+09
248	9.50055e+06	1.33025e+09	2.581e+10  	2.32378e+09
249	9.50055e+06	1.32934e+09	2.46676e+10	2.26864e+09
250	9.50055e+06	1.37403e+09	3.14941e+10	2.59111e+09
251	9.50055e+06	1.29486e+09	3.14941e+10	2.2643e+09 
252	9.50055e+06	1.30859e+09	2.86454e+10	2.26437e+09
253	9.50055e+06	1.31552e+09	1.98852e+10	2.11464e+09
254	9.50055e+06	1.38184e+09	2.85337e+10	2.4531e+09 
255	9.50055e+06	1.48108e+09	3.13579e+10	2.82367e+09
256	9.50055e+06	1.44734e+09	4.46259e+10	3.002e+09  
257	9.50055e+06	1.28871e+09	2.09869e+10	2.10301e+09
258	9.50055e+06	1.27148e+09	1.47425e+10	1.90633e+09
259	9.50055e+06	1.29527e+09	1.74594e+10	1.99443e+09
260	9.50055e+06	1.36343e+09	2.60675e+10	2.34677e+09
261	9.39058e+06	1.35572e+09	3.24399e+10	2.69204e+09
262	9.39058e+06	1.35665e+09	2.6043e+10 	2.51715e+09
263	9.39058e+06	1.3169e+09 	1.86783e+10	2.28901e+09
264	9.39058e+06	1.3212e+09 	1.90025e+10	2.3215e+09 
265	9.39058e+06	1.27127e+09	1.74118e+10	2.1098e+09 
266	9.39058e+06	1.28593e+09	1.95506e+10	2.16425e+09
267	9.39058e+06	1.29428e+09	2.39892e+10	2.37357e+09
268	9.39058e+06	1.27068e+09	3.12587e+10	2.35751e+09
269	9.39058e+06	1.27896e+09	1.7921e+10 	2.19484e+09
270	9.39058e+06	1.25982e+09	1.84675e+10	2.15835e+09
271	9.39058e+06	1.21892e+09	2.18752e+10	2.05638e+09
272	9.39058e+06	1.21599e+09	1.95797e+10	2.01464e+09
273	8.72784e+06	1.17744e+09	1.86592e+10	1.94809e+09
274	8.72784e+06	1.16016e+09	1.87464e+10	1.97804e+09
275	8.72784e+06	1.18733e+09	1.8065e+10 	2.02102e+09
276	8.72784e+06	1.20259e+09	2.4536e+10 	2.19989e+09
277	8.72784e+06	1.20115e+09	2.4536e+10 	2.01359e+09
278	8.72784e+06	1.25575e+09	1.94977e+10	2.16747e+09
279	8.72784e+06	1.24842e+09	2.42088e+10	2.27931e+09
280	8.72784e+06	1.22449e+09	1.94977e+10	2.1643e+09 
281	8.72784e+06	1.12091e+09	1.88702e+10	1.78331e+09
282	8.72784e+06	1.13874e+09	2.75554e+10	2.00343e+09
283	8.72784e+06	1.16557e+09	2.56184e+10	2.20681e+09
284	8.72784e+06	1.15658e+09	2.21331e+10	1.91963e+09
285	8.72784e+06	1.14548e+09	1.66307e+10	1.83029e+09
286	7.7976e+06 	1.10669e+09	1.45997e+10	1.68655e+09
287	7.7976e+06 	1.05806e+09	1.6241e+10 	1.61744e+09
288	7.7976e+06 	1.18296e+09	2.18409e+10	1.97315e+09
289	7.7976e+06 	1.209e+09  	1.94332e+10	2.05439e+09
290	7.7976e+06 	1.14625e+09	1.64087e+10	1.80653e+09
291	7.7976e+06 	1.19974e+09	2.45113e+10	2.13455e+09
292	7.7976e+06 	1.14922e+09	1.79501e+10	1.84262e+09
293	7.7976e+06 	1.21166e+09	2.17586e+10	2.2002e+09 
294	6.71727e+06	1.28472e+09	2.24001e+10	2.48566e+09
295	6.56149e+06	1.2971e+09 	2.79317e+10	2.58335e+09
296	6.30199e+06	1.22921e+09	3.61386e+10	2.52812e+09
297	6.30199e+06	1.23318e+09	2.39003e+10	2.3854e+09 
298	6.30199e+06	1.17678e+09	2.39003e+10	2.15983e+09
299	6.30199e+06	1.14585e+09	1.81257e+10	1.93303e+09
300	6.30199e+06	1.19432e+09	2.54719e+10	2.23075e+09
301	6.30199e+06	1.18707e+09	1.81934e+10	2.08109e+09
302	6.30199e+06	1.14682e+09	1.86973e+10	1.81594e+09
303	6.30199e+06	1.13863e+09	1.86973e+10	1.86518e+09
304	6.30199e+06	1.13721e+09	1.95055e+10	1.86791e+09
305	6.30199e+06	1.05416e+09	1.59907e+10	1.61577e+09
306	6.30199e+06	1.06809e+09	3.37676e+10	2.06858e+09
307	6.30199e+06	1.06065e+09	2.359e+10  	1.85183e+09
308	6.30199e+06	1.03294e+09	1.84532e+10	1.66313e+09
309	6.30199e+06	1.02677e+09	1.99231e+10	1.81885e+09
310	6.30199e+06	1.04357e+09	2.05971e+10	1.923e+09  
311	6.30199e+06	1.05047e+09	2.21585e+10	1.82498e+09
312	6.30199e+06	1.06179e+09	2.21585e+10	1.8242e+09 
313	6.30199e+06	9.77918e+08	1.32647e+10	1.53998e+09
314	6.30199e+06	1.02256e+09	1.73119e+10	1.65265e+09
315	6.30199e+06	1.04118e+09	1.71465e+10	1.68462e+09
316	6.30199e+06	1.08272e+09	2.16414e+10	1.90112e+09
317	6.30199e+06	1.0585e+09 	1.68118e+10	1.75593e+09
318	6.30199e+06	1.08918e+09	1.97154e+10	1.88529e+09
319	6.25658e+06	1.12339e+09	2.90159e+10	2.16094e+09
320	6.25658e+06	9.90174e+08	1.90478e+10	1.53807e+09
321	6.25658e+06	9.93829e+08	1.26582e+10	1.50385e+09
322	6.25658e+06	1.03335e+09	1.24797e+10	1.63407e+09
323	6.25658e+06	1.01343e+09	1.56552e+10	1.60588e+09
324	6.25658e+06	9.71398e+08	1.36083e+10	1.45383e+09
325	5.47448e+06	1.05896e+09	1.77676e+10	1.7816e+09 
326	5.47448e+06	1.09811e+09	1.90498e+10	1.8162e+09 
327	5.47448e+06	1.06475e+09	1.84505e+10	1.86865e+09
328	5.47448e+06	9.96877e+08	1.60261e+10	1.67785e+09
329	5.47448e+06	1.00885e+09	1.68599e+10	1.62047e+09
330	5.47448e+06	1.00769e+09	1.73409e+10	1.79758e+09
331	5.47448e+06	9.80103e+08	1.83915e+10	1.754e+09  
332	5.47448e+06	9.2993e+08 	1.03474e+10	1.38707e+09
333	5.47448e+06	9.12161e+08	1.34799e+10	1.37793e+09
334	5.47448e+06	9.1252e+08 	1.44748e+10	1.40415e+09
335	5.18769e+06	8.68716e+08	9.41711e+09	1.19273e+09
336	5.18769e+06	9.33785e+08	2.17168e+10	1.65657e+09
337	5.18769e+06	9.36733e+08	1.48002e+10	1.39343e+09
338	5.18769e+06	9.64345e+08	1.69926e+10	1.49676e+09
339	5.18769e+06	9.16088e+08	1.19541e+10	1.32556e+09
340	5.18769e+06	9.4904e+08 	1.86327e+10	1.4917e+09 
341	5.18769e+06	9.52704e+08	1.81719e+10	1.59983e+09
342	5.18769e+06	9.61777e+08	2.45214e+10	1.73344e+09
343	5.18769e+06	9.14535e+08	2.90493e+10	1.66322e+09
344	5.18769e+06	9.47011e+08	1.92981e+10	1.65304e+09
345	5.18769e+06	9.16546e+08	1.61359e+10	1.49301e+09
346	4.69097e+06	9.39038e+08	3.34278e+10	1.9037e+09 
347	4.69097e+06	9.2437e+08 	1.815e+10  	1.63523e+09
348	4.69097e+06	9.53392e+08	1.815e+10  	1.67168e+09
349	4.69097e+06	9.92834e+08	3.44385e+10	2.05086e+09
350	4.69097e+06	9.46073e+08	2.35341e+10	1.74149e+09
351	4.69097e+06	9.18578e+08	1.69528e+10	1.54556e+09
352	4.69097e+06	9.64275e+08	1.74703e+10	1.72652e+09
353	4.69097e+06	9.45051e+08	2.11172e+10	1.74809e+09
354	4.69097e+06	1.01859e+09	3.14884e+10	2.32189e+09
355	4.52741e+06	9.57372e+08	2.44754e+10	1.81157e+09
356	4.52741e+06	9.26609e+08	1.64101e+10	1.50112e+09
357	4.52741e+06	9.33469e+08	1.52806e+10	1.50932e+09
358	4.52741e+06	8.8193e+08 	1.07245e+10	1.35537e+09
359	4.52741e+06	8.50552e+08	2.10135e+10	1.46843e+09
360	4.52741e+06	9.03346e+08	1.83157e+10	1.67982e+09
361	4.52741e+06	9.25357e+08	1.98915e+10	1.81483e+09
362	4.52741e+06	9.41111e+08	1.94389e+10	1.75693e+09
363	4.52741e+06	9.32752e+08	1.41359e+10	1.65477e+09
364	4.52741e+06	9.12725e+08	1.98052e+10	1.65819e+09
365	4.52741e+06	8.73452e+08	1.30451e+10	1.48583e+09
366	4.52741e+06	8.36135e+08	1.61024e+10	1.33888e+09
367	4.52741e+06	7.84924e+08	1.19555e+10	1.11628e+09
368	4.52741e+06	7.79889e+08	1.26906e+10	1.19276e+09
369	4.52741e+06	7.98211e+08	1.68251e+10	1.27296e+09
370	4.52741e+06	7.71261e+08	9.04806e+09	1.12901e+09
371	4.52741e+06	7.76734e+08	1.46724e+10	1.14201e+09
372	4.52741e+06	7.91089e+08	1.59157e+10	1.24445e+09
373	4.52741e+06	7.7337e+08 	1.59753e+10	1.19934e+09
374	4.52741e+06	8.08856e+08	2.04178e+10	1.45746e+09
375	4.52741e+06	8.00955e+08	2.18062e+10	1.44076e+09
376	4.52741e+06	8.0485e+08 	1.44789e+10	1.33076e+09
377	4.52741e+06	8.02547e+08	9.78851e+09	1.16681e+09
378	4.52741e+06	8.45506e+08	1.85419e+10	1.44857e+09
379	3.24514e+06	8.60713e+08	1.62943e+10	1.41415e+09
380	3.24514e+06	9.0665e+08 	2.75768e+10	1.7263e+09 
381	3.24514e+06	9.06068e+08	2.07639e+10	1.62405e+09
382	3.24514e+06	9.38343e+08	2.15216e+10	1.78994e+09
383	3.24514e+06	8.44743e+08	1.18874e+10	1.32658e+09
384	3.24514e+06	8.49201e+08	1.16789e+10	1.3475e+09 
385	3.24514e+06	8.6718e+08 	1.99432e+10	1.55704e+09
386	3.24514e+06	8.82076e+08	1.20723e+10	1.48597e+09
387	3.24514e+06	9.23768e+08	1.74731e+10	1.71485e+09
388	3.24514e+06	9.36733e+08	2.44002e+10	1.78519e+09
389	3.24514e+06	9.01129e+08	2.66643e+10	1.92061e+09
390	3.24514e+06	8.10556e+08	1.68713e+10	1.34478e+09
391	3.24514e+06	8.06793e+08	1.68713e+10	1.3494e+09 
392	3.24514e+06	7.60893e+08	1.30856e+10	1.19905e+09
393	3.24514e+06	7.89359e+08	1.83141e+10	1.30381e+09
394	3.24514e+06	7.9113e+08 	1.83141e+10	1.40001e+09
395	3.24514e+06	8.22659e+08	1.83141e+10	1.51676e+09
396	3.24514e+06	7.83505e+08	2.90902e+10	1.519e+09  
397	3.24514e+06	7.77586e+08	1.35768e+10	1.20477e+09
398	3.24514e+06	8.05259e+08	2.16761e+10	1.41504e+09
399	3.24514e+06	8.0987e+08 	1.58089e+10	1.43418e+09
400	3.24514e+06	7.86978e+08	1.5587e+10 	1.30856e+09
401	3.24514e+06	7.74069e+08	1.48538e+10	1.29321e+09
402	3.24514e+06	7.23802e+08	1.64297e+10	1.12041e+09
403	3.24514e+06	6.74902e+08	9.7434e+09 	9.17197e+08
404	3.24514e+06	6.66901e+08	9.46283e+09	8.95716e+08
405	3.24514e+06	6.72153e+08	8.68149e+09	9.51398e+08
406	3.24514e+06	6.80601e+08	6.25433e+09	8.77028e+08
407	3.24514e+06	7.17683e+08	7.97101e+09	9.73088e+08
408	3.24514e+06	7.13708e+08	7.93505e+09	9.76984e+08
409	3.24514e+06	7.29195e+08	3.11808e+10	1.43762e+09
410	3.24514e+06	7.43222e+08	1.89703e+10	1.25646e+09
411	3.24514e+06	7.11956e+08	8.42313e+09	1.02794e+09
412	2.96951e+06	7.18549e+08	1.2868e+10 	1.13276e+09
413	2.96951e+06	7.27661e+08	1.1502e+10 	1.13253e+09
414	2.96951e+06	7.47339e+08	1.09334e+10	1.07884e+09
415	2.96951e+06	7.25549e+08	1.23686e+10	1.07972e+09
416	2.96951e+06	7.26764e+08	1.23686e+10	1.09282e+09
417	2.96951e+06	7.36044e+08	1.04889e+10	1.0121e+09 
418	2.96951e+06	7.00264e+08	6.82744e+09	8.60256e+08
419	2.96951e+06	6.97541e+08	9.28296e+09	9.23915e+08
420	2.96951e+06	7.00398e+08	8.62764e+09	9.15977e+08
421	2.96951e+06	7.69426e+08	1.80773e+10	1.28138e+09
422	2.96951e+06	7.3336e+08 	1.36503e+10	1.16059e+09
423	2.96951e+06	7.29473e+08	1.0433e+10 	1.07415e+09
424	2.96951e+06	7.0254e+08 	1.0433e+10 	1.02068e+09
425	2.96951e+06	7.14628e+08	1.35874e+10	1.05989e+09
426	2.95991e+06	7.03423e+08	1.24816e+10	1.03646e+09
427	2.95991e+06	6.83643e+08	1.08813e+10	1.01943e+09
428	2.95991e+06	6.76515e+08	8.92619e+09	9.14763e+08
429	2.95991e+06	6.67921e+08	8.92619e+09	9.6386e+08 
430	2.95991e+06	6.42174e+08	9.63178e+09	8.72701e+08
431	2.95991e+06	6.82283e+08	1.02962e+10	1.0356e+09 
432	2.95991e+06	6.76903e+08	8.49485e+09	9.57045e+08
433	2.95991e+06	6.62972e+08	9.5819e+09 	9.81993e+08
434	2.95991e+06	6.82115e+08	9.57112e+09	9.66585e+08
435	2.95991e+06	7.14292e+08	9.51993e+09	1.06921e+09
436	2.95991e+06	7.01411e+08	1.00553e+10	1.07748e+09
437	2.95991e+06	6.93791e+08	9.18099e+09	1.02914e+09
438	2.95991e+06	6.83648e+08	8.18693e+09	9.77912e+08
439	2.95991e+06	6.98728e+08	1.10888e+10	1.02939e+09
440	2.95991e+06	6.78019e+08	8.17649e+09	9.0161e+08 
441	2.95991e+06	6.42744e+08	9.19823e+09	8.71917e+08
442	2.95991e+06	6.54405e+08	8.29671e+09	9.00766e+08
443	2.95991e+06	6.38546e+08	8.29671e+09	8.37149e+08
444	2.95991e+06	6.55249e+08	1.08959e+10	9.58023e+08
445	2.95991e+06	6.71588e+08	1.12377e+10	1.07798e+09
446	2.95991e+06	6.93083e+08	1.00037e+10	1.08327e+09
447	2.95991e+06	7.19751e+08	1.66652e+10	1.28412e+09
448	2.95991e+06	6.98564e+08	1.27123e+10	1.10355e+09
449	2.95991e+06	6.72747e+08	9.56563e+09	1.04759e+09
450	2.95991e+06	6.59013e+08	1.16539e+10	9.42387e+08
451	2.95991e+06	6.19891e+08	6.29979e+09	8.04916e+08
452	2.95991e+06	6.38572e+08	6.06506e+09	8.54831e+08
453	2.95991e+06	6.6057e+08 	6.64088e+09	9.11436e+08
454	2.95991e+06	6.62284e+08	6.64088e+09	9.21306e+08
455	2.95991e+06	6.73983e+08	8.42399e+09	9.62198e+08
456	2.95991e+06	6.2045e+08 	6.56472e+09	8.14367e+08
457	2.95991e+06	6.35294e+08	8.64105e+09	8.81307e+08
458	2.95991e+06	6.68783e+08	1.7947e+10 	1.22726e+09
459	2.95991e+06	6.57425e+08	1.38028e+10	1.15056e+09
460	2.95991e+06	6.32734e+08	1.10183e+10	9.15545e+08
461	2.95991e+06	6.59222e+08	1.27744e+10	1.08481e+09
462	2.95991e+06	6.71872e+08	1.27744e+10	1.09377e+09
463	2.95991e+06	6.7279e+08 	1.27744e+10	1.10639e+09
464	2.95991e+06	6.34013e+08	1.14456e+10	1.00068e+09
465	2.95991e+06	6.33164e+08	1.00202e+10	9.68583e+08
466	2.95991e+06	6.56091e+08	1.08397e+10	1.11707e+09
467	2.95991e+06	6.50464e+08	9.05319e+09	1.00135e+09
468	2.95991e+06	6.77769e+08	1.87137e+10	1.29135e+09
469	2.95991e+06	6.97544e+08	1.72672e+10	1.29182e+09
470	2.95991e+06	6.88783e+08	1.3246e+10 	1.17423e+09
471	2.95991e+06	6.71421e+08	9.90375e+09	1.05215e+09
472	2.95991e+06	6.85048e+08	9.90375e+09	1.0897e+09 
473	2.95991e+06	6.60355e+08	1.13922e+10	1.07446e+09
474	2.95991e+06	6.42904e+08	9.08876e+09	8.76332e+08
475	2.95991e+06	6.51388e+08	9.26739e+09	9.10075e+08
476	2.95991e+06	6.42136e+08	1.54333e+10	9.94223e+08
477	2.95991e+06	6.12543e+08	1.04137e+10	8.61868e+08
478	2.95991e+06	5.97756e+08	9.7708e+09 	8.19416e+08
479	2.95991e+06	5.95631e+08	1.14814e+10	9.54933e+08
480	2.95991e+06	5.75027e+08	9.83159e+09	8.47745e+08
481	2.95991e+06	5.75614e+08	1.30465e+10	9.27244e+08
482	2.95991e+06	5.88288e+08	9.53586e+09	8.94715e+08
483	2.95991e+06	5.89961e+08	8.08196e+09	8.56145e+08
484	2.95991e+06	5.75656e+08	6.93417e+09	7.90585e+08
485	2.87503e+06	5.94763e+08	1.06933e+10	8.86878e+08
486	2.84149e+06	6.15642e+08	9.93576e+09	9.71114e+08
487	2.84149e+06	6.12641e+08	9.93576e+09	9.37766e+08
488	2.84149e+06	6.53632e+08	1.54761e+10	1.10703e+09
489	2.84149e+06	6.40047e+08	1.22992e+10	9.80139e+08
490	2.84149e+06	6.72843e+08	1.3813e+10 	1.05422e+09
491	2.84149e+06	6.8274e+08 	1.75465e+10	1.17049e+09
492	2.84149e+06	6.94208e+08	1.62893e+10	1.326e+09  
493	2.77444e+06	6.54726e+08	1.12681e+10	1.14058e+09
494	2.77444e+06	6.54879e+08	1.15759e+10	1.15895e+09
495	2.77444e+06	6.6022e+08 	1.23114e+10	1.19887e+09
496	2.77444e+06	6.67851e+08	1.23442e+10	1.21359e+09
497	2.77444e+06	6.40391e+08	1.09107e+10	1.08537e+09
498	2.77444e+06	6.70568e+08	1.40655e+10	1.21632e+09
499	2.77444e+06	6.44903e+08	1.58765e+10	1.2067e+09 
-621.10999999
