/usr/lib/python2.7/site-packages/deap/tools/_hypervolume/pyhv.py:33: ImportWarning: Falling back to the python version of hypervolume module. Expect this to be very slow.
  "module. Expect this to be very slow.", ImportWarning)
gen	min        	avg        	max        	std        
0  	1.17899e+08	3.79786e+09	7.03719e+10	7.05979e+09
1  	1.02292e+08	3.73335e+09	6.66917e+10	6.52279e+09
2  	8.71113e+07	3.73307e+09	6.65002e+10	6.65272e+09
3  	7.44873e+07	3.61046e+09	5.2548e+10 	5.7898e+09 
4  	7.44873e+07	3.64193e+09	4.91223e+10	5.84309e+09
5  	7.44873e+07	3.56521e+09	6.85064e+10	6.0126e+09 
6  	7.44873e+07	3.4965e+09 	6.98262e+10	5.60333e+09
7  	7.44873e+07	3.43719e+09	7.25491e+10	5.60488e+09
8  	7.44873e+07	3.55073e+09	1.10414e+11	6.88256e+09
9  	7.4099e+07 	3.51783e+09	6.03068e+10	5.76301e+09
10 	7.4099e+07 	3.51613e+09	5.98159e+10	5.68283e+09
11 	7.4099e+07 	3.42822e+09	3.28712e+10	5.03734e+09
12 	6.69463e+07	3.3507e+09 	3.96193e+10	5.02443e+09
13 	6.69463e+07	3.33469e+09	5.13842e+10	5.22452e+09
14 	5.76276e+07	3.35081e+09	5.91075e+10	5.46828e+09
15 	5.76276e+07	3.35256e+09	5.75952e+10	5.45242e+09
16 	5.76276e+07	3.30191e+09	7.00613e+10	5.40151e+09
17 	5.52495e+07	3.38272e+09	4.37467e+10	5.36166e+09
18 	5.52495e+07	3.44142e+09	1.0777e+11 	6.62138e+09
19 	5.52495e+07	3.27514e+09	5.42511e+10	5.6233e+09 
20 	5.52495e+07	3.36073e+09	6.28167e+10	6.02133e+09
21 	5.52495e+07	3.2651e+09 	4.96278e+10	5.20898e+09
22 	5.52495e+07	3.34083e+09	4.70311e+10	5.54863e+09
23 	5.52495e+07	3.54851e+09	6.43857e+10	6.54287e+09
24 	5.52495e+07	3.44355e+09	6.34335e+10	6.57072e+09
25 	5.52495e+07	3.33609e+09	6.36279e+10	5.89424e+09
26 	5.52495e+07	3.26365e+09	4.17116e+10	5.07658e+09
27 	5.52495e+07	3.24405e+09	7.35324e+10	5.29933e+09
28 	5.52495e+07	3.18117e+09	5.12996e+10	4.95958e+09
29 	5.51048e+07	3.10757e+09	4.32709e+10	4.60503e+09
30 	5.51048e+07	3.20599e+09	4.36827e+10	4.86636e+09
31 	5.51048e+07	3.21415e+09	6.0372e+10 	5.089e+09  
32 	5.51048e+07	3.20186e+09	4.1527e+10 	4.89159e+09
33 	5.51048e+07	3.06796e+09	4.39084e+10	4.73223e+09
34 	5.51048e+07	3.22869e+09	3.5367e+10 	5.02909e+09
35 	5.51048e+07	3.26673e+09	4.90614e+10	5.43987e+09
36 	5.51048e+07	3.14988e+09	5.93576e+10	5.43921e+09
37 	5.51048e+07	3.38897e+09	6.66815e+10	6.1058e+09 
38 	5.51048e+07	3.23858e+09	5.32791e+10	5.13546e+09
39 	5.51048e+07	3.26651e+09	5.32791e+10	5.50361e+09
40 	5.51048e+07	3.36785e+09	9.70259e+10	7.01626e+09
41 	5.32235e+07	3.34669e+09	1.11536e+11	6.80199e+09
42 	5.32235e+07	3.2613e+09 	8.15291e+10	5.58354e+09
43 	5.32235e+07	3.13112e+09	4.05698e+10	4.69498e+09
44 	5.32235e+07	3.16037e+09	4.05698e+10	4.96907e+09
45 	5.32235e+07	3.11574e+09	4.89649e+10	5.0777e+09 
46 	5.32235e+07	3.00311e+09	4.16981e+10	4.55647e+09
47 	4.84394e+07	3.09977e+09	7.61057e+10	5.55145e+09
48 	4.84394e+07	3.12114e+09	5.36468e+10	5.4699e+09 
49 	4.84394e+07	3.02627e+09	3.99962e+10	4.79917e+09
50 	4.84394e+07	3.03344e+09	4.39615e+10	4.94305e+09
51 	4.14301e+07	2.97226e+09	4.39615e+10	4.77646e+09
52 	4.14301e+07	2.96202e+09	4.99891e+10	5.02636e+09
53 	4.14301e+07	2.99228e+09	4.59371e+10	5.1414e+09 
54 	3.97522e+07	2.93478e+09	3.51714e+10	4.68322e+09
55 	3.97522e+07	3.02293e+09	4.42371e+10	4.99929e+09
56 	3.97522e+07	3.22456e+09	6.89901e+10	6.06345e+09
57 	3.97522e+07	3.27188e+09	5.57699e+10	6.12944e+09
58 	3.97522e+07	3.2091e+09 	6.01739e+10	5.85249e+09
59 	3.97522e+07	3.23087e+09	5.48777e+10	6.08892e+09
60 	3.97522e+07	3.14043e+09	4.88029e+10	5.85245e+09
61 	3.82896e+07	3.03112e+09	5.16206e+10	5.53858e+09
62 	3.82896e+07	2.90879e+09	5.16206e+10	4.94373e+09
63 	3.65543e+07	2.85345e+09	4.46473e+10	4.70768e+09
64 	3.65543e+07	2.71738e+09	3.31355e+10	4.22182e+09
65 	3.65543e+07	2.87787e+09	4.17098e+10	4.65686e+09
66 	3.59238e+07	2.87748e+09	4.86122e+10	5.12383e+09
67 	3.59238e+07	2.95436e+09	6.10508e+10	5.57208e+09
68 	3.59238e+07	3.0879e+09 	7.217e+10  	6.53762e+09
69 	3.59238e+07	3.03551e+09	6.32959e+10	6.35186e+09
70 	3.59238e+07	2.83668e+09	4.99797e+10	5.11166e+09
71 	3.59238e+07	2.84814e+09	4.50966e+10	5.01091e+09
72 	3.59238e+07	2.67072e+09	6.27571e+10	4.73837e+09
73 	3.59238e+07	2.74785e+09	4.78332e+10	4.51342e+09
74 	3.59238e+07	2.79901e+09	5.59266e+10	4.96918e+09
75 	3.59238e+07	2.71968e+09	3.66663e+10	4.4588e+09 
76 	3.59238e+07	2.71632e+09	3.37596e+10	4.59574e+09
77 	3.59238e+07	2.58437e+09	4.47592e+10	4.39923e+09
78 	3.59238e+07	2.4785e+09 	3.85483e+10	3.8342e+09 
79 	3.59238e+07	2.554e+09  	8.28721e+10	5.13226e+09
80 	3.59238e+07	2.61585e+09	6.39155e+10	5.24041e+09
81 	3.59238e+07	2.41027e+09	5.37724e+10	4.46802e+09
82 	3.58463e+07	2.36931e+09	5.24372e+10	4.28355e+09
83 	3.56233e+07	2.43509e+09	5.24372e+10	4.62672e+09
84 	3.31494e+07	2.5426e+09 	5.24372e+10	4.97805e+09
85 	3.31494e+07	2.58003e+09	5.9609e+10 	4.86118e+09
86 	3.31494e+07	2.56154e+09	4.63518e+10	4.54426e+09
87 	3.31494e+07	2.50027e+09	3.27154e+10	3.96862e+09
88 	3.31494e+07	2.4354e+09 	3.16343e+10	3.47802e+09
89 	3.31494e+07	2.42573e+09	3.04224e+10	3.50911e+09
90 	3.31494e+07	2.56182e+09	4.65181e+10	4.23971e+09
91 	3.31494e+07	2.41609e+09	3.61969e+10	3.85284e+09
92 	3.31494e+07	2.42576e+09	4.6349e+10 	4.15537e+09
93 	3.31494e+07	2.38061e+09	5.28745e+10	3.9827e+09 
94 	3.31494e+07	2.37716e+09	4.60454e+10	3.91073e+09
95 	3.31494e+07	2.35533e+09	3.64883e+10	3.82724e+09
96 	3.31494e+07	2.3051e+09 	2.92528e+10	3.50907e+09
97 	3.31494e+07	2.41843e+09	3.13067e+10	3.95096e+09
98 	3.31494e+07	2.45137e+09	5.93729e+10	4.38944e+09
99 	3.31494e+07	2.48312e+09	3.61827e+10	4.25773e+09
100	3.31494e+07	2.55714e+09	3.58357e+10	4.42404e+09
101	3.31494e+07	2.59845e+09	5.13444e+10	4.84738e+09
102	3.00795e+07	2.60644e+09	4.38738e+10	4.68759e+09
103	3.00795e+07	2.55108e+09	4.12184e+10	4.61718e+09
104	2.5673e+07 	2.45986e+09	4.06498e+10	4.15997e+09
105	2.5673e+07 	2.4321e+09 	3.86402e+10	3.95337e+09
106	2.5673e+07 	2.4296e+09 	6.20091e+10	4.00813e+09
107	2.5673e+07 	2.46954e+09	3.30591e+10	3.93672e+09
108	2.54634e+07	2.56054e+09	4.11575e+10	4.42712e+09
109	2.54634e+07	2.52021e+09	4.11575e+10	4.42426e+09
110	2.54634e+07	2.48764e+09	3.64487e+10	4.24692e+09
111	2.54634e+07	2.48652e+09	4.31219e+10	4.3215e+09 
112	2.54634e+07	2.45822e+09	3.13429e+10	4.20218e+09
113	2.40686e+07	2.51429e+09	3.56405e+10	4.15264e+09
114	2.40686e+07	2.49943e+09	3.47155e+10	4.21861e+09
115	2.40686e+07	2.40828e+09	3.7486e+10 	3.97579e+09
116	2.40686e+07	2.369e+09  	3.48164e+10	3.9927e+09 
117	2.40686e+07	2.46109e+09	3.50263e+10	4.26416e+09
118	2.40686e+07	2.34556e+09	3.50263e+10	3.96784e+09
119	2.40686e+07	2.34856e+09	3.75397e+10	4.21485e+09
120	2.40686e+07	2.37258e+09	3.15271e+10	3.98952e+09
121	2.40686e+07	2.37775e+09	3.60494e+10	4.1216e+09 
122	2.40686e+07	2.38836e+09	2.70257e+10	3.89348e+09
123	2.40686e+07	2.23065e+09	4.03074e+10	3.68573e+09
124	2.40686e+07	2.21452e+09	4.03074e+10	3.81656e+09
125	2.40686e+07	2.19937e+09	3.66193e+10	3.6551e+09 
126	2.40686e+07	2.2268e+09 	4.37967e+10	3.80324e+09
127	2.40686e+07	2.10623e+09	4.37967e+10	3.44301e+09
128	2.40686e+07	2.12263e+09	2.7977e+10 	3.21945e+09
129	2.40686e+07	2.12949e+09	3.64453e+10	3.51734e+09
130	2.40686e+07	2.12978e+09	2.7977e+10 	3.4078e+09 
131	2.40686e+07	2.13533e+09	2.27609e+10	3.29865e+09
132	2.40686e+07	2.1341e+09 	2.79031e+10	3.46955e+09
133	2.40686e+07	2.20546e+09	4.63629e+10	3.98348e+09
134	2.40686e+07	2.13333e+09	3.70607e+10	3.86662e+09
135	2.40686e+07	2.12116e+09	3.83373e+10	4.01948e+09
136	2.40686e+07	2.09799e+09	3.70607e+10	3.7651e+09 
137	2.40686e+07	2.05491e+09	2.99584e+10	3.57331e+09
138	2.08223e+07	1.93938e+09	3.59414e+10	3.16442e+09
139	2.08223e+07	1.95777e+09	4.90228e+10	3.54876e+09
140	2.08223e+07	1.9778e+09 	6.11784e+10	3.65545e+09
141	2.08223e+07	2.0336e+09 	3.13003e+10	3.34184e+09
142	2.08223e+07	2.03952e+09	3.10256e+10	3.3332e+09 
143	2.08223e+07	2.13938e+09	5.84206e+10	4.14819e+09
144	1.98041e+07	2.08478e+09	5.84206e+10	3.90027e+09
145	1.98041e+07	2.063e+09  	3.63045e+10	3.35927e+09
146	1.98041e+07	2.07426e+09	4.01785e+10	3.63142e+09
147	1.98041e+07	2.14465e+09	4.1509e+10 	3.68104e+09
148	1.98041e+07	2.12857e+09	4.99024e+10	4.11043e+09
149	1.98041e+07	2.1153e+09 	4.15707e+10	4.12219e+09
150	1.98041e+07	2.2022e+09 	4.28539e+10	4.29837e+09
151	1.98041e+07	2.15761e+09	3.95964e+10	4.23535e+09
152	1.98041e+07	1.94924e+09	4.02545e+10	3.49337e+09
153	1.98041e+07	1.96124e+09	3.49935e+10	3.51866e+09
154	1.98041e+07	1.94635e+09	3.55262e+10	3.39602e+09
155	1.98041e+07	1.86418e+09	3.58561e+10	3.06292e+09
156	1.98041e+07	1.89655e+09	3.56183e+10	3.30509e+09
157	1.98041e+07	1.90692e+09	4.03612e+10	3.49169e+09
158	1.98041e+07	1.96619e+09	3.37073e+10	3.46263e+09
159	1.98041e+07	1.87102e+09	3.13308e+10	3.10273e+09
160	1.98041e+07	1.88609e+09	3.43498e+10	3.41581e+09
161	1.98041e+07	2.00777e+09	3.90774e+10	3.80997e+09
162	1.98041e+07	1.94888e+09	4.60886e+10	3.67393e+09
163	1.98041e+07	1.93475e+09	4.32097e+10	3.50011e+09
164	1.98041e+07	1.99463e+09	3.28918e+10	3.41963e+09
165	1.98041e+07	1.96245e+09	3.03937e+10	3.31077e+09
166	1.98041e+07	1.84204e+09	3.12945e+10	3.01184e+09
167	1.98041e+07	1.92284e+09	3.54044e+10	3.36061e+09
168	1.98041e+07	1.92945e+09	3.54044e+10	3.55854e+09
169	1.98041e+07	1.8419e+09 	6.798e+10  	3.77508e+09
170	1.98041e+07	1.79054e+09	3.38222e+10	3.16417e+09
171	1.98041e+07	1.6088e+09 	2.43838e+10	2.46832e+09
172	1.98041e+07	1.67645e+09	2.76443e+10	2.61843e+09
173	1.98041e+07	1.72575e+09	3.36763e+10	2.85026e+09
174	1.98041e+07	1.72515e+09	3.1287e+10 	2.9325e+09 
175	1.98041e+07	1.71591e+09	2.55465e+10	2.79839e+09
176	1.98041e+07	1.78956e+09	3.60534e+10	3.28844e+09
177	1.98041e+07	1.82535e+09	3.95222e+10	3.52254e+09
178	1.98041e+07	1.82714e+09	4.56795e+10	3.76263e+09
179	1.98041e+07	1.70025e+09	3.80274e+10	3.08596e+09
180	1.98041e+07	1.6318e+09 	2.91429e+10	2.63611e+09
181	1.98041e+07	1.67565e+09	2.06775e+10	2.54553e+09
182	1.98041e+07	1.63745e+09	3.87865e+10	2.54164e+09
183	1.98041e+07	1.77328e+09	3.75615e+10	2.98225e+09
184	1.98041e+07	1.70592e+09	3.26541e+10	2.65566e+09
185	1.98041e+07	1.76812e+09	2.77943e+10	2.96998e+09
186	1.98041e+07	1.67094e+09	2.70579e+10	2.73427e+09
187	1.98041e+07	1.66947e+09	2.6451e+10 	2.59176e+09
188	1.98041e+07	1.71578e+09	2.89572e+10	2.78465e+09
189	1.98041e+07	1.67259e+09	2.5998e+10 	2.68637e+09
190	1.98041e+07	1.95361e+09	5.18781e+10	4.54077e+09
191	1.98041e+07	1.75264e+09	3.7647e+10 	3.05954e+09
192	1.98041e+07	1.74025e+09	3.48582e+10	3.18467e+09
193	1.98041e+07	1.65623e+09	3.06863e+10	2.67276e+09
194	1.98041e+07	1.57794e+09	2.18386e+10	2.35346e+09
195	1.98041e+07	1.55128e+09	2.18386e+10	2.20982e+09
196	1.98041e+07	1.64314e+09	3.73846e+10	2.89928e+09
197	1.98041e+07	1.5774e+09 	2.52843e+10	2.43275e+09
198	1.98041e+07	1.5339e+09 	2.71157e+10	2.35908e+09
199	1.98041e+07	1.53591e+09	1.94202e+10	2.16863e+09
200	1.98041e+07	1.71146e+09	3.25955e+10	2.97318e+09
201	1.98041e+07	1.7938e+09 	4.29736e+10	3.69473e+09
202	1.98041e+07	1.77401e+09	4.35322e+10	3.64821e+09
203	1.98041e+07	1.77046e+09	3.3099e+10 	3.10772e+09
204	1.98041e+07	1.81048e+09	3.597e+10  	3.39748e+09
205	1.98041e+07	1.72099e+09	2.52857e+10	2.76597e+09
206	1.98041e+07	1.85381e+09	4.1935e+10 	3.58984e+09
207	1.98041e+07	1.71594e+09	3.48487e+10	3.06462e+09
208	1.98041e+07	1.77185e+09	3.40663e+10	3.21742e+09
209	1.98041e+07	1.7389e+09 	3.11784e+10	3.15221e+09
210	1.98041e+07	1.75473e+09	2.80036e+10	3.24215e+09
211	1.98041e+07	1.56611e+09	2.44795e+10	2.57444e+09
212	1.98041e+07	1.61355e+09	3.69622e+10	2.75211e+09
213	1.98041e+07	1.62606e+09	3.08468e+10	2.85093e+09
214	1.98041e+07	1.58637e+09	2.16128e+10	2.47712e+09
215	1.98041e+07	1.58777e+09	2.89437e+10	2.56102e+09
216	1.98041e+07	1.62373e+09	3.17504e+10	2.70737e+09
217	1.98041e+07	1.62674e+09	2.28135e+10	2.6924e+09 
218	1.98041e+07	1.52586e+09	2.27616e+10	2.35837e+09
219	1.98041e+07	1.52839e+09	3.29156e+10	2.51137e+09
220	1.83565e+07	1.50545e+09	2.56071e+10	2.37613e+09
221	1.70428e+07	1.47837e+09	1.53903e+10	2.19395e+09
222	1.70428e+07	1.57494e+09	2.45392e+10	2.59343e+09
223	1.70428e+07	1.58961e+09	3.10009e+10	2.53477e+09
224	1.52011e+07	1.59405e+09	3.10009e+10	2.74761e+09
225	1.52011e+07	1.52761e+09	2.6145e+10 	2.61547e+09
226	1.4942e+07 	1.51971e+09	2.94271e+10	2.73601e+09
227	1.4942e+07 	1.50563e+09	2.57412e+10	2.64034e+09
228	1.4942e+07 	1.53509e+09	2.69964e+10	2.73251e+09
229	1.4942e+07 	1.47887e+09	4.21534e+10	2.88234e+09
230	1.4942e+07 	1.52601e+09	2.88929e+10	2.7482e+09 
231	1.4942e+07 	1.46038e+09	2.83044e+10	2.44148e+09
232	1.4942e+07 	1.43084e+09	2.2872e+10 	2.352e+09  
233	1.4942e+07 	1.45528e+09	2.49639e+10	2.47447e+09
234	1.47083e+07	1.44248e+09	1.92437e+10	2.33521e+09
235	1.47083e+07	1.53627e+09	3.9707e+10 	2.84365e+09
236	1.47083e+07	1.46081e+09	3.08963e+10	2.63491e+09
237	1.47083e+07	1.42497e+09	1.77863e+10	2.33281e+09
238	1.46621e+07	1.46386e+09	2.74752e+10	2.5367e+09 
239	1.46621e+07	1.37261e+09	1.91679e+10	2.04308e+09
240	1.46621e+07	1.30531e+09	1.49717e+10	1.85446e+09
241	1.46621e+07	1.38126e+09	2.51272e+10	2.42783e+09
242	1.46621e+07	1.35367e+09	2.52386e+10	2.17934e+09
243	1.46621e+07	1.41406e+09	2.85893e+10	2.57945e+09
244	1.46621e+07	1.40583e+09	2.65948e+10	2.4627e+09 
245	1.46621e+07	1.38666e+09	4.45199e+10	2.74866e+09
246	1.46621e+07	1.40784e+09	7.44059e+10	3.5424e+09 
247	1.43498e+07	1.36432e+09	5.25655e+10	2.84219e+09
248	1.29112e+07	1.30863e+09	2.34421e+10	2.31874e+09
249	1.29112e+07	1.28923e+09	2.88101e+10	2.2212e+09 
250	1.29112e+07	1.24153e+09	2.40664e+10	1.88198e+09
251	1.29112e+07	1.31208e+09	2.39699e+10	2.19359e+09
252	1.29112e+07	1.3235e+09 	2.07062e+10	2.25845e+09
253	1.29112e+07	1.43057e+09	3.07097e+10	2.68701e+09
254	1.29112e+07	1.38197e+09	2.17164e+10	2.4022e+09 
255	1.29112e+07	1.41009e+09	2.54923e+10	2.48536e+09
256	1.29112e+07	1.36926e+09	2.17164e+10	2.35296e+09
257	1.29112e+07	1.36653e+09	3.00144e+10	2.49131e+09
258	1.29112e+07	1.44159e+09	2.26317e+10	2.51762e+09
259	1.29112e+07	1.4463e+09 	2.44318e+10	2.46654e+09
260	1.29112e+07	1.45671e+09	2.36642e+10	2.59479e+09
261	1.29112e+07	1.40045e+09	4.4608e+10 	2.83415e+09
262	1.29112e+07	1.34941e+09	2.81577e+10	2.30478e+09
263	1.29112e+07	1.38367e+09	2.67921e+10	2.33445e+09
264	1.29112e+07	1.30927e+09	2.13422e+10	2.16428e+09
265	1.29112e+07	1.24845e+09	1.45935e+10	1.85991e+09
266	1.29112e+07	1.25949e+09	1.72208e+10	1.86809e+09
267	1.29112e+07	1.2513e+09 	1.88658e+10	1.86755e+09
268	1.29112e+07	1.22937e+09	1.88658e+10	1.80461e+09
269	1.29112e+07	1.31718e+09	1.73795e+10	2.05883e+09
270	1.29112e+07	1.28955e+09	1.93834e+10	1.97208e+09
271	1.29112e+07	1.35262e+09	4.38042e+10	2.73973e+09
272	1.29112e+07	1.34571e+09	5.4645e+10 	3.18099e+09
273	1.29112e+07	1.29538e+09	4.41414e+10	2.62021e+09
274	1.29112e+07	1.33804e+09	3.65831e+10	2.8511e+09 
275	1.29112e+07	1.23313e+09	1.93784e+10	2.05438e+09
276	1.29112e+07	1.24917e+09	2.14714e+10	2.03212e+09
277	1.26267e+07	1.2014e+09 	1.78805e+10	1.92597e+09
278	1.26267e+07	1.34952e+09	2.63426e+10	2.43423e+09
279	1.26267e+07	1.27554e+09	2.58198e+10	2.17653e+09
280	1.26267e+07	1.32536e+09	1.66554e+10	2.11824e+09
281	1.26267e+07	1.31098e+09	1.76486e+10	2.10436e+09
282	1.26267e+07	1.18595e+09	1.68753e+10	1.66364e+09
283	1.26267e+07	1.17776e+09	2.34759e+10	1.80364e+09
284	1.26267e+07	1.20791e+09	2.16225e+10	1.86184e+09
285	1.26267e+07	1.20365e+09	1.8043e+10 	1.73602e+09
286	1.26267e+07	1.24045e+09	2.28412e+10	1.98843e+09
287	1.26267e+07	1.24947e+09	2.7269e+10 	2.09306e+09
288	1.26267e+07	1.23428e+09	2.7269e+10 	2.02595e+09
289	1.26267e+07	1.23226e+09	2.7269e+10 	2.0312e+09 
290	1.17885e+07	1.28479e+09	2.75681e+10	2.28144e+09
291	1.17885e+07	1.2596e+09 	2.50071e+10	2.27606e+09
292	1.17885e+07	1.31586e+09	2.64653e+10	2.38326e+09
293	1.17885e+07	1.22184e+09	2.27722e+10	1.95311e+09
294	1.17885e+07	1.28665e+09	3.36213e+10	2.36435e+09
295	1.12644e+07	1.25512e+09	1.99111e+10	2.14767e+09
296	1.12644e+07	1.28764e+09	3.25817e+10	2.51203e+09
297	1.12644e+07	1.25903e+09	1.91478e+10	2.08241e+09
298	1.12644e+07	1.24306e+09	2.40667e+10	2.26298e+09
299	1.12644e+07	1.11825e+09	1.60869e+10	1.67057e+09
300	1.12644e+07	1.11432e+09	1.83705e+10	1.70983e+09
301	1.12644e+07	1.14819e+09	1.52881e+10	1.79776e+09
302	1.12644e+07	1.14361e+09	2.69967e+10	1.94885e+09
303	1.12644e+07	1.16095e+09	1.86233e+10	1.83423e+09
304	1.12644e+07	1.14946e+09	2.04894e+10	1.85237e+09
305	1.12644e+07	1.16255e+09	2.39217e+10	1.98797e+09
306	1.12644e+07	1.17092e+09	2.38123e+10	2.08743e+09
307	1.12644e+07	1.10605e+09	2.11851e+10	1.87117e+09
308	1.12644e+07	1.16025e+09	2.5443e+10 	2.10808e+09
309	1.12644e+07	1.12172e+09	1.94267e+10	1.95255e+09
310	1.12644e+07	1.10373e+09	1.94267e+10	1.87918e+09
311	1.12644e+07	1.13575e+09	2.83724e+10	2.19519e+09
312	1.12644e+07	1.11126e+09	2.83724e+10	2.10706e+09
313	1.12644e+07	1.09062e+09	2.42798e+10	1.94906e+09
314	1.12644e+07	1.08101e+09	2.27506e+10	2.01451e+09
315	1.07602e+07	1.0733e+09 	2.19322e+10	1.81454e+09
316	1.07602e+07	1.05222e+09	2.46861e+10	1.59528e+09
317	1.0741e+07 	1.05065e+09	1.28232e+10	1.52069e+09
318	1.06855e+07	1.02954e+09	1.25439e+10	1.52621e+09
319	1.06855e+07	1.02001e+09	1.63525e+10	1.47384e+09
320	1.06855e+07	1.06278e+09	1.60024e+10	1.59043e+09
321	1.06855e+07	1.05684e+09	2.33073e+10	1.6689e+09 
322	1.06855e+07	1.09654e+09	1.4395e+10 	1.70199e+09
323	1.06855e+07	1.11387e+09	3.04807e+10	2.07633e+09
324	1.06855e+07	1.09938e+09	1.55521e+10	1.77115e+09
325	1.06855e+07	1.13493e+09	1.99909e+10	1.86877e+09
326	1.06855e+07	1.05852e+09	2.02399e+10	1.63775e+09
327	1.06855e+07	1.02499e+09	1.88078e+10	1.41348e+09
328	1.06855e+07	1.07775e+09	1.75241e+10	1.62996e+09
329	1.06855e+07	1.04984e+09	2.03619e+10	1.67772e+09
330	1.06855e+07	1.09218e+09	2.83805e+10	1.92299e+09
331	1.06855e+07	1.06108e+09	1.78983e+10	1.70176e+09
332	1.06855e+07	1.04346e+09	2.70753e+10	1.83758e+09
333	1.06855e+07	1.01622e+09	1.50367e+10	1.50694e+09
334	1.06855e+07	1.02679e+09	1.46307e+10	1.475e+09  
335	1.06855e+07	1.03111e+09	1.21643e+10	1.51826e+09
336	1.06855e+07	1.01096e+09	1.1983e+10 	1.51086e+09
337	1.06855e+07	1.06168e+09	2.22103e+10	1.86244e+09
338	1.06855e+07	1.082e+09  	1.88674e+10	1.76833e+09
339	1.06855e+07	1.04404e+09	1.88324e+10	1.74667e+09
340	1.06855e+07	1.01835e+09	2.29541e+10	1.75732e+09
341	1.06855e+07	1.06251e+09	2.47465e+10	1.96032e+09
342	1.06855e+07	1.05813e+09	1.97985e+10	1.73372e+09
343	1.06855e+07	1.14161e+09	2.68586e+10	2.1685e+09 
344	1.06855e+07	1.1398e+09 	2.53818e+10	2.09633e+09
345	1.06855e+07	1.07736e+09	2.49441e+10	1.96442e+09
346	1.06855e+07	1.01857e+09	2.49441e+10	1.77398e+09
347	1.06855e+07	1.01623e+09	2.2578e+10 	1.71303e+09
348	1.02488e+07	1.04502e+09	3.23567e+10	2.17651e+09
349	1.02488e+07	9.47769e+08	1.38579e+10	1.45824e+09
350	1.02488e+07	1.02858e+09	3.84834e+10	2.2638e+09 
351	1.02488e+07	1.00844e+09	3.486e+10  	2.22156e+09
352	1.02488e+07	9.56364e+08	2.9555e+10 	1.74507e+09
353	1.02488e+07	8.99416e+08	8.98608e+09	1.20282e+09
354	1.02488e+07	9.36757e+08	8.98608e+09	1.24588e+09
355	1.02488e+07	1.02448e+09	2.39028e+10	1.80519e+09
356	1.02488e+07	9.64534e+08	2.01982e+10	1.64309e+09
357	1.02488e+07	9.86574e+08	2.05689e+10	1.65124e+09
358	1.02488e+07	9.90833e+08	1.47842e+10	1.58714e+09
359	1.02488e+07	1.06954e+09	3.14374e+10	2.06189e+09
360	1.02488e+07	1.02454e+09	2.47085e+10	1.92958e+09
361	1.02488e+07	1.05176e+09	2.82563e+10	2.17885e+09
362	1.02488e+07	1.04689e+09	3.15007e+10	2.19135e+09
363	1.02488e+07	1.03909e+09	2.96787e+10	2.20042e+09
364	1.02488e+07	1.01183e+09	3.15688e+10	2.23512e+09
365	1.02488e+07	1.0123e+09 	2.28304e+10	1.85386e+09
366	1.02488e+07	1.04549e+09	2.11638e+10	1.95699e+09
367	1.02488e+07	9.96269e+08	1.72667e+10	1.70798e+09
368	1.02488e+07	9.54525e+08	1.46859e+10	1.44549e+09
369	1.02488e+07	9.26146e+08	1.36485e+10	1.39812e+09
370	1.02488e+07	9.06307e+08	1.17836e+10	1.31808e+09
371	1.02488e+07	9.24001e+08	1.18645e+10	1.37343e+09
372	1.02488e+07	9.70696e+08	2.7125e+10 	1.75935e+09
373	1.02488e+07	9.11423e+08	1.22416e+10	1.41187e+09
374	1.02488e+07	8.88487e+08	1.06726e+10	1.28922e+09
375	1.02488e+07	9.12118e+08	1.28264e+10	1.39741e+09
376	1.02488e+07	9.10926e+08	1.97052e+10	1.46625e+09
377	1.00412e+07	9.4781e+08 	1.43531e+10	1.45526e+09
378	8.4696e+06 	9.75461e+08	1.79808e+10	1.67247e+09
379	8.4696e+06 	9.22338e+08	1.32914e+10	1.4133e+09 
380	8.4696e+06 	8.85901e+08	1.19901e+10	1.30831e+09
381	8.4696e+06 	8.78889e+08	1.08019e+10	1.34076e+09
382	8.4696e+06 	8.57488e+08	1.12581e+10	1.29234e+09
383	8.4696e+06 	8.67023e+08	1.35137e+10	1.33573e+09
384	8.4696e+06 	8.68236e+08	1.34557e+10	1.35872e+09
385	8.4696e+06 	8.7995e+08 	1.58642e+10	1.42383e+09
386	8.4696e+06 	9.34015e+08	2.20863e+10	1.74205e+09
387	7.45752e+06	8.9674e+08 	1.8148e+10 	1.47355e+09
388	7.45752e+06	9.10292e+08	1.22441e+10	1.4102e+09 
389	7.45752e+06	9.56984e+08	1.204e+10  	1.47248e+09
390	7.45752e+06	9.25635e+08	1.40482e+10	1.41379e+09
391	7.45752e+06	9.48956e+08	2.20702e+10	1.55256e+09
392	7.45752e+06	9.42805e+08	3.02902e+10	1.91369e+09
393	7.31668e+06	9.27661e+08	2.62065e+10	1.76089e+09
394	7.31668e+06	8.96474e+08	1.87149e+10	1.57322e+09
395	7.31668e+06	9.09047e+08	2.77062e+10	1.77036e+09
396	7.31668e+06	8.63854e+08	2.03087e+10	1.48944e+09
397	7.31668e+06	8.25864e+08	1.4348e+10 	1.2133e+09 
398	7.31668e+06	8.29468e+08	1.4348e+10 	1.24039e+09
399	7.31668e+06	9.00592e+08	1.69551e+10	1.58233e+09
400	7.31668e+06	8.97771e+08	1.76412e+10	1.54493e+09
401	7.31668e+06	8.58545e+08	1.11555e+10	1.31778e+09
402	7.27632e+06	8.65029e+08	1.58385e+10	1.40598e+09
403	7.27632e+06	8.2605e+08 	1.58385e+10	1.27703e+09
404	7.27632e+06	8.15072e+08	1.00769e+10	1.14588e+09
405	7.27632e+06	7.87873e+08	8.39492e+09	1.03366e+09
406	7.1194e+06 	8.08736e+08	2.09644e+10	1.30386e+09
407	7.07989e+06	7.89206e+08	1.55246e+10	1.16243e+09
408	7.07989e+06	8.09004e+08	1.23102e+10	1.24055e+09
409	7.07989e+06	7.70128e+08	1.17546e+10	1.1044e+09 
410	7.07989e+06	7.88568e+08	8.80333e+09	1.06719e+09
411	7.07989e+06	7.9447e+08 	1.02817e+10	1.08116e+09
412	7.07989e+06	7.67762e+08	1.23208e+10	1.08663e+09
413	7.07989e+06	7.53173e+08	8.70228e+09	9.96276e+08
414	7.07989e+06	7.71582e+08	1.31534e+10	1.10078e+09
415	7.07989e+06	8.04563e+08	1.70311e+10	1.34153e+09
416	6.50527e+06	8.08231e+08	1.70311e+10	1.29395e+09
417	6.50527e+06	8.19582e+08	1.21009e+10	1.2737e+09 
418	5.56625e+06	7.974e+08  	1.31018e+10	1.24063e+09
419	5.56625e+06	8.16543e+08	1.80648e+10	1.36529e+09
420	5.56625e+06	8.62122e+08	3.78078e+10	1.93239e+09
421	5.56625e+06	8.9932e+08 	4.81121e+10	2.6036e+09 
422	5.56625e+06	8.2189e+08 	1.6736e+10 	1.53364e+09
423	5.56625e+06	8.7603e+08 	2.79031e+10	1.9002e+09 
424	5.56625e+06	8.49453e+08	1.59658e+10	1.52355e+09
425	5.33055e+06	8.62285e+08	1.389e+10  	1.47438e+09
426	5.33055e+06	8.70085e+08	1.98651e+10	1.56947e+09
427	5.33055e+06	8.37268e+08	1.65178e+10	1.45423e+09
428	5.33055e+06	8.25365e+08	1.20071e+10	1.29544e+09
429	5.33055e+06	9.22307e+08	2.34588e+10	1.86678e+09
430	5.33055e+06	8.48286e+08	1.93894e+10	1.36816e+09
431	5.33055e+06	8.13613e+08	1.19227e+10	1.27109e+09
432	5.33055e+06	8.02518e+08	8.67003e+09	1.21283e+09
433	5.33055e+06	7.61943e+08	9.79347e+09	1.10158e+09
434	5.33055e+06	7.37735e+08	7.84091e+09	1.01591e+09
435	5.33055e+06	7.53108e+08	9.76773e+09	1.08412e+09
436	5.33055e+06	7.88524e+08	1.97899e+10	1.43619e+09
437	5.33055e+06	7.24331e+08	1.28332e+10	1.06608e+09
438	5.33055e+06	7.12737e+08	1.02242e+10	1.02207e+09
439	5.33055e+06	7.15815e+08	1.32766e+10	1.07514e+09
440	5.33055e+06	7.35838e+08	1.1557e+10 	1.09747e+09
441	5.33055e+06	7.38488e+08	1.82734e+10	1.14469e+09
442	5.33055e+06	7.04591e+08	8.68773e+09	9.32295e+08
443	5.33055e+06	7.6565e+08 	1.41043e+10	1.25913e+09
444	5.33055e+06	7.74234e+08	1.40564e+10	1.31149e+09
445	5.33055e+06	7.76478e+08	1.58347e+10	1.41021e+09
446	5.33055e+06	8.31106e+08	2.00808e+10	1.67014e+09
447	5.33055e+06	8.29049e+08	2.21228e+10	1.6429e+09 
448	5.33055e+06	7.88819e+08	2.3627e+10 	1.45956e+09
449	5.33055e+06	7.67705e+08	1.30213e+10	1.2723e+09 
450	5.33055e+06	7.23544e+08	1.98853e+10	1.20532e+09
451	5.33055e+06	7.21179e+08	1.59994e+10	1.20333e+09
452	5.33055e+06	7.39599e+08	1.24246e+10	1.17117e+09
453	5.33055e+06	7.31812e+08	1.14446e+10	1.08726e+09
454	5.33055e+06	8.02037e+08	1.36067e+10	1.35335e+09
455	5.31637e+06	8.3129e+08 	1.58191e+10	1.50464e+09
456	5.31637e+06	7.45229e+08	1.10879e+10	1.13954e+09
457	5.31637e+06	7.27735e+08	9.86747e+09	1.10164e+09
458	5.31637e+06	7.20571e+08	9.88646e+09	1.12756e+09
459	5.31637e+06	7.49062e+08	1.5921e+10 	1.29485e+09
460	5.31637e+06	7.66083e+08	1.54963e+10	1.40099e+09
461	5.31637e+06	7.64081e+08	1.36538e+10	1.32663e+09
462	5.31637e+06	7.46468e+08	1.28997e+10	1.18077e+09
463	5.31637e+06	7.3051e+08 	1.33511e+10	1.1846e+09 
464	5.31637e+06	7.37888e+08	1.97983e+10	1.26074e+09
465	5.31637e+06	7.22855e+08	9.87773e+09	1.06683e+09
466	5.31637e+06	7.22454e+08	9.76095e+09	1.09958e+09
467	5.31637e+06	7.5254e+08 	1.3295e+10 	1.30366e+09
468	5.31637e+06	7.21947e+08	1.69994e+10	1.2792e+09 
469	5.29531e+06	7.02213e+08	1.06347e+10	1.11441e+09
470	5.29531e+06	6.91426e+08	9.24428e+09	1.06357e+09
471	5.29531e+06	7.06011e+08	1.33022e+10	1.14534e+09
472	5.29531e+06	7.07773e+08	1.71156e+10	1.22735e+09
473	5.29531e+06	7.06791e+08	1.26959e+10	1.17035e+09
474	5.29531e+06	6.54159e+08	1.16846e+10	9.33522e+08
475	5.29531e+06	6.79282e+08	2.59747e+10	1.33121e+09
476	5.29531e+06	6.4554e+08 	1.10082e+10	9.0626e+08 
477	5.29531e+06	6.82752e+08	1.4319e+10 	1.10151e+09
478	5.29531e+06	6.74035e+08	9.01812e+09	9.31173e+08
479	5.29531e+06	6.45993e+08	6.95257e+09	8.39829e+08
480	4.57381e+06	6.89171e+08	7.76224e+09	1.00802e+09
481	4.57381e+06	7.24469e+08	1.68317e+10	1.22766e+09
482	4.57381e+06	6.96175e+08	1.68317e+10	1.21999e+09
483	4.57381e+06	7.32024e+08	4.00743e+10	1.79769e+09
484	4.57381e+06	7.008e+08  	1.68317e+10	1.17451e+09
485	3.94324e+06	6.81306e+08	1.53584e+10	1.10287e+09
486	3.94324e+06	6.87528e+08	1.87215e+10	1.18401e+09
487	3.94324e+06	6.9438e+08 	1.35411e+10	1.19292e+09
488	3.94324e+06	6.80992e+08	1.1906e+10 	1.13421e+09
489	3.94324e+06	6.36897e+08	9.70134e+09	8.4613e+08 
490	3.94324e+06	6.14761e+08	1.13773e+10	8.34295e+08
491	3.94324e+06	6.15442e+08	9.76439e+09	8.78392e+08
492	3.94324e+06	6.65153e+08	1.37091e+10	1.05085e+09
493	3.94324e+06	6.32437e+08	8.67654e+09	9.21944e+08
494	3.94324e+06	6.13795e+08	1.03189e+10	8.73854e+08
495	3.73508e+06	6.22674e+08	8.96222e+09	8.70963e+08
496	3.73508e+06	6.54441e+08	1.53199e+10	1.09925e+09
497	3.73508e+06	6.36225e+08	1.01866e+10	1.0299e+09 
498	3.73508e+06	6.75101e+08	1.11531e+10	1.21051e+09
499	3.73508e+06	6.67521e+08	1.01997e+10	1.08159e+09
-621.10999999
