/usr/lib/python2.7/site-packages/deap/tools/_hypervolume/pyhv.py:33: ImportWarning: Falling back to the python version of hypervolume module. Expect this to be very slow.
  "module. Expect this to be very slow.", ImportWarning)
gen	min    	avg    	max    	std    
0  	1454.02	2697.61	3765.97	374.052
1  	1447.44	2698.41	3871.89	375.845
2  	1447.44	2694.23	3712.37	374.514
3  	1399.87	2697.03	3644.99	366.03 
4  	1399.87	2698.11	3644.99	366.734
5  	1399.87	2698.93	3630.45	371.516
6  	1399.87	2697.64	3671.73	370.445
7  	1399.87	2702.03	3671.73	362.68 
8  	1399.87	2701.21	3726.64	364.869
9  	1399.87	2697.06	3798.16	373.096
10 	1399.87	2693.58	3717.92	380.093
11 	1399.87	2694.99	3774.28	379.455
12 	1376.28	2694.81	3756.81	384.357
13 	1376.28	2695.38	3673.44	381.238
14 	1376.28	2689.97	3679.58	370.354
15 	1376.28	2689.6 	3596.89	370.627
16 	1376.28	2692.48	3586.6 	366.198
17 	1353.14	2689.59	3724.57	381.91 
18 	1317.01	2688.41	3748.05	383.996
19 	1317.01	2689.36	3745.26	381.231
20 	1313.77	2689.67	3709.66	385.28 
21 	1261.93	2692.1 	3702.8 	384.64 
22 	1174.38	2692.91	3752.26	391.679
23 	1174.38	2690.94	3728.08	391.348
24 	1174.38	2687.76	3731.2 	390.664
25 	1174.38	2686.78	3731.2 	393.163
26 	1174.38	2689.89	3678.62	387.076
27 	1174.38	2691.79	3690.16	387.818
28 	1174.38	2694.28	3768.36	386.504
29 	1174.38	2695.16	3794.47	382.838
30 	1174.38	2691.59	3701.91	385.898
31 	1157.29	2682.32	3816.52	394.284
32 	1157.29	2682.22	3837.27	394.28 
33 	1157.29	2679.9 	3809.22	390.269
34 	1157.29	2679.52	3754.94	390.638
35 	1157.29	2678.92	3803.02	396.113
36 	1157.29	2681.9 	3686.18	385.835
37 	1157.29	2671.12	3688.71	384.918
38 	1157.29	2668.36	3713.97	385.998
39 	1157.29	2666.14	3692.64	396.756
40 	1157.29	2668.34	3692.64	398.931
41 	1157.29	2668.49	3766.25	402.937
42 	1127.56	2667.03	3762.59	409.181
43 	1127.56	2665.33	3734.5 	408.941
44 	1127.56	2666.04	3784.41	401.068
45 	1127.56	2661.4 	3871.35	400.37 
46 	1127.56	2660.31	3757.32	401.35 
47 	1043.98	2662.48	3730.81	398.187
48 	1043.98	2664.3 	3730.81	394.452
49 	1043.98	2659.17	3696.44	399.79 
50 	1043.98	2656.2 	3727.28	401.257
51 	1043.98	2655.09	3737.19	407.19 
52 	1043.98	2656.02	3731.72	398.234
53 	1043.98	2656.55	3847.86	398.735
54 	1043.98	2658.32	3777.04	395.591
55 	1043.98	2649.33	3766.53	402.121
56 	1043.98	2649.65	3763.4 	400.116
57 	1043.98	2651.4 	3779.8 	405.03 
58 	1043.98	2647.33	3668.95	400.513
59 	1043.98	2651.46	3804.82	402.648
60 	1043.98	2656.78	3756.19	412.416
61 	1043.98	2653.97	3811.46	418.934
62 	1043.98	2650.68	3789.59	420.94 
63 	1043.98	2656.15	3788.84	423.688
64 	1043.98	2650.44	3730.93	421.61 
65 	1043.98	2652.37	3731.74	418.043
66 	1031.77	2639.45	3685.06	417    
67 	1031.77	2638.77	3731.58	410.577
68 	1031.77	2641.82	3786   	409.102
69 	1031.66	2635.11	3731.57	413.622
70 	1031.66	2628.57	3943.93	409.282
71 	1031.66	2630.25	3697.35	412.422
72 	1031.66	2630.1 	3706.07	404.424
73 	1031.66	2628.89	3678.47	401.038
74 	1031.66	2626.94	3627.32	393.339
75 	1031.66	2618.13	3689.51	405.145
76 	1023.52	2625.54	3698.47	410.743
77 	1023.52	2628.63	3705.1 	409.803
78 	1023.52	2628.73	3840.68	412.255
79 	999.746	2623.83	3858.7 	406.912
80 	999.746	2621.64	3763.98	405.867
81 	979.09 	2621.93	3747.36	408.702
82 	979.09 	2622.65	3707.93	404.335
83 	979.09 	2620.96	3730.34	406.831
84 	979.09 	2624.81	3757   	416.544
85 	979.09 	2621.76	3715.68	414.161
86 	979.09 	2620.07	3805.66	416.273
87 	979.09 	2618.98	3912.54	406.973
88 	979.09 	2617.84	3627.69	408.061
89 	936.046	2615.61	3794.04	413.508
90 	925.471	2611.81	3710.64	413.547
91 	925.471	2606.82	3866.5 	418.797
92 	904.396	2608.95	3684.6 	413.339
93 	904.396	2611.76	3675.42	406.711
94 	904.396	2609.61	3600.17	407.927
95 	904.396	2608.41	3742.07	396.068
96 	904.396	2607.49	3681.11	396.801
97 	904.396	2612.17	3751.35	407.098
98 	904.396	2615.6 	3914.95	417.229
99 	826.802	2610.95	3852.49	414.138
100	826.802	2608.32	3733.24	403.035
101	826.802	2608.01	3698.04	404.838
102	826.802	2607.14	3578.89	410.9  
103	826.802	2604.81	3551.03	413.663
104	826.802	2603.13	3551.03	414.9  
105	826.802	2600.67	3567.09	415.948
106	826.802	2602.9 	3644.64	413.242
107	826.802	2602.75	3685.95	414.991
108	826.802	2603.22	3664.6 	408.022
109	826.802	2602.67	3713.3 	405.696
110	826.802	2599.65	3692.87	403.203
111	826.802	2596.35	3593.91	402.878
112	826.802	2595.72	3618.08	408.872
113	826.802	2594.5 	3618.08	403.655
114	719.702	2598.21	3697.65	419.194
115	719.702	2591.33	3812.36	421.724
116	719.702	2589.13	3797.91	415.528
117	719.702	2594.33	3794.92	406.749
118	719.702	2598.42	3804.54	421.251
119	719.702	2604.86	3716.32	428.047
120	701.368	2602.5 	3733.51	433.566
121	701.368	2591.01	3686.82	427.672
122	701.368	2590.9 	3603.05	428.482
123	701.368	2588.47	3741.89	430.898
124	701.368	2584.82	3599.12	427.955
125	701.368	2586.85	3788.36	426.259
126	701.368	2584.75	3759.61	426.578
127	701.368	2588.4 	3802.49	430.523
128	701.368	2579.22	3885.75	434.108
129	701.368	2582.67	3774.35	425.511
130	701.368	2578.57	3908.91	427.52 
131	699.698	2577.51	3743.91	422.226
132	699.698	2574.15	3813.49	426.547
133	699.698	2575.39	3761.54	427.222
134	688.072	2571.51	3829.52	431.557
135	688.072	2575.75	3817.1 	420.622
136	688.072	2578.38	3686.33	426.156
137	688.072	2578.3 	3634.01	421.588
138	688.072	2579.56	3782.96	424.813
139	688.072	2571.9 	3768.86	439.884
140	688.072	2568.48	3781.6 	433.718
141	688.072	2566.28	3638.55	433.935
142	688.072	2561.14	3573.72	422.999
143	688.072	2562.74	3699.84	430.249
144	688.072	2558.07	3699.84	436.822
145	688.072	2561.68	3614.64	442.118
146	688.072	2561.91	3577.13	442.346
147	670.057	2558.36	3708.72	441.795
148	670.057	2560.26	3655.55	438.842
149	670.057	2557.42	3699.05	449.727
150	670.057	2554.55	3841.7 	452.005
151	670.057	2556.15	3997.38	449.545
152	670.057	2558.52	3997.38	453.405
153	670.057	2558.99	4020.4 	454.001
154	670.057	2552.82	3894.5 	450.549
155	670.057	2551.82	3914.38	441.902
156	670.057	2555.33	3894.32	436.821
157	643.986	2549.61	3840.31	451.631
158	633.319	2543.42	3840.31	447.816
159	598.033	2540.69	3832.4 	446.92 
160	598.033	2542.22	3801.96	437.114
161	598.033	2537.61	3796.31	432.353
162	598.033	2533.43	3722.08	439.93 
163	598.033	2528.63	3842.29	436.532
164	598.033	2526.22	3713.97	436.609
165	598.033	2529.4 	3701.01	423.724
166	598.033	2529.71	3676.88	426.255
167	598.033	2533.42	3762.46	424.938
168	598.033	2529.46	3747.61	425.451
169	598.033	2530.51	3754.62	427.168
170	598.033	2530.06	3710.09	426.067
171	598.033	2523.69	3701.03	429.113
172	598.033	2520.48	3798.88	421.324
173	598.033	2524.69	3690.19	424.215
174	596.807	2529.59	3824.52	433.58 
175	596.807	2528.05	3666.46	429.05 
176	596.807	2522.56	3807.83	424.207
177	596.807	2525.5 	3768.02	426.422
178	596.807	2520.63	3824.88	436.361
179	596.807	2517.25	3790.02	436.135
180	594.809	2518.84	3860.38	442.333
181	594.809	2522.75	3788.77	434.294
182	594.809	2517.91	3645.18	424.585
183	594.809	2516.76	3706.68	432.935
184	594.809	2510.66	3668.13	426.471
185	594.809	2512.47	4057.18	425.691
186	594.809	2516.76	3596.8 	418.998
187	594.809	2513.53	3611.71	416.302
188	594.809	2513.09	3693.35	412.242
189	594.809	2507.88	3607.05	417.114
190	594.809	2503.26	3629.3 	424.023
191	573.619	2501.96	3838.67	430.555
192	573.619	2509.95	3784.4 	427.371
193	573.619	2510.24	3612.92	426.106
194	573.619	2507.7 	3630.7 	430.806
195	573.619	2506.15	3599.29	421.024
196	573.619	2502.63	3545.66	429.609
197	573.619	2500.91	3595.12	426.888
198	525.551	2499.58	3578.54	432.164
199	525.551	2499.11	4120.48	438.61 
200	525.551	2500.96	3854.23	438.866
201	525.551	2492.39	3755.12	456.176
202	525.551	2491.34	3587.27	447.388
203	525.551	2487.8 	3650.89	451.662
204	525.551	2481.99	3595.2 	444.436
205	525.551	2481.07	3586.24	428.301
206	525.551	2480.34	3579.23	429.77 
207	525.551	2481.58	3716.86	444.217
208	525.551	2481.34	3762.29	446.717
209	525.551	2477.75	3752.91	458.533
210	511.314	2478.78	3569.56	451.294
211	511.314	2474.47	3680.98	450.128
212	511.314	2471.29	3681.94	450.794
213	511.314	2470.12	3831.87	455.605
214	511.314	2474.67	3754.2 	452.899
215	511.314	2473.44	3754.2 	449.113
216	511.314	2475.45	3541.11	443.512
217	511.314	2479.35	3645.76	450.982
218	507.089	2475.8 	3779.97	441.506
219	507.089	2468.76	3766.9 	452.373
220	507.089	2473.3 	3800.2 	459.529
221	507.089	2465.86	3800.2 	465.457
222	507.089	2458.33	3663.13	456.114
223	507.089	2453.07	3598.25	446.156
224	507.089	2454.53	3770.67	440.77 
225	507.089	2454.42	3788.99	437.299
226	507.089	2453.65	3782.36	427.195
227	507.089	2452.33	3674.57	424.745
228	507.089	2459.26	3592.87	425.213
229	507.089	2458.48	3636.85	427.692
230	507.089	2452.04	3636.85	433.733
231	507.089	2452.51	3653.2 	433.314
232	507.089	2448.15	3620.4 	427.059
233	507.089	2453.18	3646.75	423.13 
234	507.089	2450.73	3727.42	423.958
235	507.089	2443.84	3726.6 	420.632
236	507.089	2441.76	3726.6 	418.78 
237	507.089	2433.66	3652.46	423.451
238	507.089	2429.04	3557.77	424.804
239	507.089	2426.06	3652.74	433.076
240	475.907	2431.52	3572.51	430.385
241	475.907	2434.71	3582.19	426.239
242	475.907	2430.47	3582.19	428.73 
243	431.435	2432.24	3587   	429.582
244	431.435	2430.53	3533.83	432.859
245	431.435	2431.13	3546.65	427.949
246	431.435	2424.84	3662.54	432.707
247	431.435	2429.68	3721.86	431.007
248	431.435	2428.18	3587.15	437.444
249	431.435	2432.28	3520.12	431.115
250	431.435	2431.52	3651.35	437.709
251	429.758	2426.09	3737.65	445.201
252	429.758	2423.56	3606.43	435.42 
253	429.758	2423.34	3630.76	444.618
254	429.758	2423.5 	3592.88	438.003
255	429.758	2416.42	3580.02	425.929
256	429.758	2418.92	3611.52	424.129
257	429.758	2417.5 	3625.58	427.979
258	429.758	2413.57	3696.96	421.909
259	429.758	2408.26	3632.68	424.836
260	429.758	2416.77	3736.65	436.315
261	429.758	2415.76	3681.93	433.523
262	429.758	2416.04	3694.27	436.047
263	429.758	2419.73	3590.71	435.479
264	429.758	2420.23	3688.35	431.005
265	429.758	2415.33	3551.98	428.327
266	429.758	2408.12	3612.6 	435.981
267	429.758	2409.61	3691.62	439.619
268	429.758	2418.94	3762.04	442.181
269	429.758	2416.67	3748.21	456.231
270	429.758	2415.59	3685.7 	447.072
271	429.758	2411.42	3577.57	441.793
272	429.758	2409.14	3562.04	455.936
273	417.472	2405.01	3593.97	457.204
274	417.472	2401.3 	3709.89	453.789
275	415.714	2391.34	3747.91	445.464
276	415.714	2393.69	3707.16	443.562
277	415.714	2397.02	3707.16	449.315
278	415.714	2395.54	3664.52	432.462
279	415.714	2401.07	3615.98	437.668
280	415.714	2406.49	3535.75	440.421
281	415.714	2405.07	3579.07	442.666
282	415.714	2401.63	3579.07	438.805
283	415.714	2394.56	3561.02	441.424
284	415.714	2397.49	3693.96	438.503
285	415.714	2394.63	3617.4 	438.845
286	415.714	2383.14	3617.4 	441.095
287	415.714	2385   	3564.43	438.581
288	415.714	2385.19	3573.86	437.622
289	415.714	2384.72	3496.95	427.055
290	415.714	2384.84	3480.06	427.299
291	415.714	2384.43	3510.79	443.79 
292	415.714	2383.26	3582.85	442.768
293	415.714	2382.95	3494.88	439.932
294	415.714	2373.78	3517.94	436.476
295	415.714	2376.23	3546.41	441.609
296	415.714	2374.76	3523.59	444.237
297	415.714	2379   	3511.25	446.684
298	415.714	2381.11	3493.58	449.225
299	415.714	2383.44	3510.93	435.135
300	415.714	2386.21	3532.86	429.441
301	415.714	2381.99	3546.54	453.194
302	415.714	2378.28	3627.18	451.598
303	415.714	2381.44	3629.23	443.06 
304	415.714	2374.79	3578.67	439.179
305	415.714	2374.39	3568   	437.739
306	415.549	2374.37	3591.57	435.788
307	415.549	2368.37	3622.43	444.775
308	415.549	2370.18	3566.32	432.863
309	415.549	2368.62	3579.76	428.603
310	415.549	2367.23	3566.97	439.209
311	415.549	2360.77	3614.49	432.137
312	415.549	2358.03	3620.5 	417.313
313	415.549	2358.84	3623.42	422.498
314	415.549	2362.2 	3596.7 	420.043
315	415.549	2354.38	3429.91	417.79 
316	415.549	2346.76	3415.28	427.916
317	415.549	2350.51	3644.14	426.561
318	415.549	2351.3 	3607.12	420.751
319	415.549	2350.06	3558.73	429.526
320	415.549	2350.14	3559.4 	445.199
321	415.549	2345.04	3475.22	430.855
322	415.549	2346.34	3475.22	423.518
323	415.549	2343.98	3423.4 	426.727
324	415.549	2348.22	3540.22	431.04 
325	415.549	2354.23	3599.13	435.87 
326	414.167	2346.9 	3580.93	437.628
327	414.167	2345.22	3580.93	444.544
328	414.167	2349.06	3684.74	444.384
329	414.167	2346.59	3617.94	449.05 
330	414.167	2348.07	3565.42	444.911
331	414.167	2344.71	3531.43	452.272
332	414.167	2343.34	3448.54	441.171
333	414.167	2348.1 	3553.58	442.084
334	414.167	2341.8 	3539.33	442.509
335	414.167	2337   	3471.34	447.812
336	414.167	2333.62	3582.75	449.91 
337	414.167	2336.4 	3505.28	451.525
338	414.167	2339.58	3505.28	441.586
339	414.167	2343.43	3486.29	432.624
340	414.167	2347.99	3547.74	449.085
341	414.167	2343.67	3483.2 	445.882
342	414.167	2337.05	3503.59	444.302
343	414.167	2343.48	3659.18	445.373
344	414.167	2342.56	3561.03	443.499
345	414.167	2335.02	3582.45	442.302
346	414.167	2339.18	3568.38	436.545
347	414.167	2331.87	3608.62	439.821
348	414.167	2333.32	3713.83	439.057
349	414.167	2327.2 	3553.43	443.047
350	414.167	2332.68	3632.35	439.523
351	414.167	2336.04	3520.89	445.885
352	414.167	2338.22	3520.89	447.823
353	414.167	2336.48	3520.89	441.197
354	414.167	2334.46	3419.04	438.769
355	414.167	2331.31	3505.83	445.124
356	414.167	2324.2 	3806.56	443.167
357	414.167	2325.88	3553.31	447.495
358	414.167	2329.63	3533.75	442.086
359	414.167	2333.21	3652.78	443.655
360	414.167	2324.33	3729.72	454.981
361	414.167	2320.97	3764.04	467.511
362	414.167	2325.19	3765.07	471.287
363	414.167	2324.3 	3645.54	459.696
364	414.167	2322.67	3560.78	454.945
365	406.753	2315.85	3647.68	451.666
366	406.753	2319.79	3709.02	454.908
367	406.753	2327.37	3563.65	433.187
368	406.753	2329.46	3781.42	433.748
369	406.753	2334.41	3610.74	443.994
370	406.753	2332.35	3549.14	437.998
371	406.753	2330.2 	3502.38	440.697
372	406.753	2328.8 	3502.38	441.62 
373	362.501	2321.5 	3614.7 	456.361
374	362.501	2318.94	3614.7 	458.621
375	362.501	2315.34	3674.16	456.982
376	362.501	2314.23	3674.16	454.737
377	362.501	2309.93	3658.62	453.263
378	362.501	2309.61	3563.75	453.627
379	362.501	2312.73	3492.41	441.917
380	362.501	2309.39	3682.57	448.045
381	362.501	2306.01	3571.23	446.565
382	362.501	2304.09	3512.08	439.656
383	362.501	2302.73	3483.08	448.477
384	352.118	2300.65	3587.99	447.272
385	352.118	2301.1 	3412.57	434.481
386	352.118	2302.11	3417.45	437.306
387	352.118	2296.53	3438.18	436.881
388	352.118	2297.96	3568.36	443.945
389	352.118	2301.52	3475.44	434.774
390	352.118	2303.65	3485.12	442.187
391	352.118	2304.91	3528.31	445.116
392	352.118	2297.8 	3485.12	455.941
393	352.118	2292.55	3482.32	455.278
394	352.118	2297.02	3482.32	450.1  
395	352.118	2299.59	3388.53	452.219
396	352.118	2293.68	3528.96	454.679
397	352.118	2295.88	3651.09	463.77 
398	352.118	2285.65	3613.7 	454.747
399	352.118	2281.71	3505.98	455.885
400	352.118	2279.58	3598.66	444.276
401	352.118	2282.79	3685.02	442.439
402	352.118	2284.24	3685.02	439.689
403	352.118	2290.55	3533.73	436.261
404	352.118	2287.02	3533.73	435.156
405	352.118	2285.11	3522.01	440.806
406	352.118	2284.45	3486.76	440.795
407	352.118	2287.03	3483.48	453.589
408	352.118	2291.78	3486.78	448.647
409	352.118	2288.33	3475.49	443.479
410	352.118	2282.59	3478.53	448.653
411	352.118	2282.81	3493.64	449.93 
412	352.118	2289.32	3493.64	436.678
413	352.118	2282.11	3493.64	434.793
414	352.118	2282.12	3430.39	438.126
415	352.118	2282.79	3527.9 	434.808
416	352.118	2282.78	3425.97	438.921
417	352.118	2285.15	3621.35	435.798
418	352.118	2290.75	3515.59	438.566
419	352.118	2287.39	3430.05	445.361
420	352.118	2283.39	3437.55	436.579
421	352.118	2282.42	3437.55	430.248
422	352.118	2289.67	3466   	432.11 
423	352.118	2292.53	3562.33	440.298
424	352.118	2293.33	3720.32	446.131
425	352.118	2292.44	3750.46	441.477
426	352.118	2291.35	3447.83	434.321
427	352.118	2292.81	3404.57	442.633
428	352.118	2293.33	3384.37	446.189
429	352.118	2290.74	3604.09	441.409
430	352.118	2287.97	3391.06	438.821
431	352.118	2279.34	3568.06	445.549
432	352.118	2285.97	3536.74	442.252
433	352.118	2273.38	3656.56	436.602
434	352.118	2266   	3465.36	444.284
435	352.118	2260.44	3508   	449.051
436	352.118	2261.29	3467.68	443.648
437	352.118	2259.06	3583.96	458.983
438	352.118	2261.01	3484.65	450.405
439	352.118	2258.68	3584.57	448.552
440	352.118	2255.89	3563.92	447.858
441	352.118	2259.93	3524.83	442.278
442	352.118	2263.09	3586.89	441.122
443	352.118	2264.53	3615.89	448.085
444	352.118	2265   	3505.98	444.422
445	352.118	2267.18	3345.42	448.069
446	352.118	2267.36	3472.06	442.916
447	352.118	2274.43	3472.06	440.471
448	352.118	2270.89	3518.79	441.101
449	352.118	2269.2 	3564.53	432.449
450	352.118	2267.19	3537.18	433.387
451	343.648	2268.22	3589.18	436.829
452	343.648	2256.88	3506.27	441.478
453	343.648	2251.06	3611.43	440.862
454	343.648	2257.83	3527.22	443.543
455	343.648	2248.04	3494.31	444.266
456	343.648	2249.49	3341.39	446.206
457	343.648	2255.54	3556.81	451.595
458	343.648	2252.99	3426.27	437.889
459	343.648	2253.09	3419.09	441.004
460	343.648	2260.4 	3521.36	446.299
461	343.648	2266   	3405.96	448.644
462	343.648	2270.82	3515.08	453.605
463	343.648	2260.74	3515.08	455.372
464	343.648	2257.25	3381.34	448.614
465	343.648	2248.73	3408.64	451.406
466	343.648	2244.71	3469.42	456.667
467	343.648	2248.56	3430.83	450.901
468	343.648	2243.71	3515.01	459.639
469	343.648	2235.73	3730.64	458.281
470	343.648	2237.93	3563.59	460.787
471	343.648	2231.47	3712.95	458.478
472	343.648	2227.62	3651.15	461.619
473	343.648	2229.38	3706.05	458.528
474	343.648	2229.28	3691.44	451.32 
475	343.648	2224.94	3702.51	439.954
476	343.648	2227.22	3424.7 	438.159
477	343.648	2230.38	3486.31	441.828
478	343.648	2230.04	3444.73	448.881
479	343.648	2223.57	3524.16	450.929
480	343.648	2225.83	3474.54	448.27 
481	343.648	2228.35	3578.91	433.672
482	343.648	2225.04	3616.89	436.101
483	343.648	2222.13	3607.52	439.928
484	343.648	2215.83	3604.51	447.191
485	343.648	2220.38	3562.84	458.076
486	343.648	2223.84	3392.35	448.639
487	343.648	2224.85	3402.64	445.461
488	343.648	2218.4 	3423.38	455.051
489	343.648	2221.09	3571.84	449.434
490	343.648	2215.92	3622.81	455.297
491	343.648	2217.35	3529.62	462.266
492	343.648	2218.39	3529.62	457.505
493	343.648	2215.27	3529.62	460.927
494	343.648	2213.54	3611.53	452.519
495	343.648	2204.79	3608.61	450.121
496	343.648	2202.83	3452.33	452.285
497	343.648	2203.78	3410.06	447.663
498	343.648	2209.59	3410.06	450.478
499	343.648	2211.94	3537.81	447.181
29.97000001
