/usr/lib/python2.7/site-packages/deap/tools/_hypervolume/pyhv.py:33: ImportWarning: Falling back to the python version of hypervolume module. Expect this to be very slow.
  "module. Expect this to be very slow.", ImportWarning)
gen	min     	avg    	max    	std    
0  	-31.6421	88.9201	665.305	94.5571
1  	-31.6421	87.3516	665.305	94.1076
2  	-32.4229	88.6963	595.135	92.2259
3  	-34.5774	89.5599	662.36 	100.794
4  	-34.8418	90.3897	673.991	98.5751
5  	-37.8488	87.6599	537.365	94.5296
6  	-37.8488	87.6266	511.354	93.3271
7  	-37.8488	86.9303	539.284	92.6225
8  	-37.8488	83.8173	507.105	85.0244
9  	-37.8488	83.223 	526.566	81.8274
10 	-37.8488	83.9977	503.947	83.6216
11 	-37.8488	82.3606	526.967	84.6313
12 	-38.2994	80.5824	491.016	79.9706
13 	-38.2994	81.8662	617.346	83.7499
14 	-39.9809	83.3805	515.815	83.5554
15 	-39.9809	82.5877	472.064	80.4448
16 	-39.9809	83.4935	472.064	82.8826
17 	-40.2648	83.6248	604.557	84.8518
18 	-40.564 	82.0818	473.495	83.2634
19 	-40.564 	82.509 	473.495	81.5213
20 	-40.564 	83.8739	534.264	86.2049
21 	-40.564 	81.6188	559    	80.7492
22 	-40.564 	81.7661	455.002	82.0732
23 	-40.564 	83.0223	495.192	83.5339
24 	-40.564 	82.5526	598.668	85.067 
25 	-41.6787	82.4334	542.458	84.7889
26 	-41.6787	80.6031	480.452	81.5309
27 	-41.6787	81.9631	494.763	84.2741
28 	-41.6787	83.3683	641.365	87.7459
29 	-42.0449	84.1852	540.905	88.1642
30 	-42.0449	86.9034	825.815	95.5853
31 	-42.0449	87.0772	760.251	97.4032
32 	-42.0449	88.4836	750.955	99.3137
33 	-42.0449	83.8828	624.826	92.9149
34 	-42.0449	85.0383	741.679	96.1546
35 	-42.0449	85.2043	703.012	92.8144
36 	-42.0449	86.2451	750.309	98.6229
37 	-42.0449	84.8378	733.263	93.1044
38 	-42.0449	82.3117	553.283	87.5922
39 	-42.0449	81.3334	546.022	87.262 
40 	-42.0449	80.8777	501.892	84.0858
41 	-42.0449	82.0043	552.109	87.4665
42 	-42.0449	79.5653	542.027	84.0042
43 	-42.0449	79.4228	522.401	84.1841
44 	-43.0353	78.7061	492.806	81.2372
45 	-43.0353	80.6182	534.157	85.2456
46 	-43.0353	78.967 	481.992	82.9684
47 	-43.0353	79.9183	521.076	85.943 
48 	-43.0353	79.7611	525.931	87.5525
49 	-43.0353	82.3685	524.339	93.4878
50 	-43.0353	81.9077	581.394	90.8548
51 	-43.052 	79.2299	603.347	86.0305
52 	-43.052 	80.4507	525.474	87.3083
53 	-43.052 	78.9632	616.979	83.8456
54 	-43.052 	78.682 	487.715	83.4667
55 	-43.052 	78.8603	537.242	85.7542
56 	-43.052 	76.2057	587.672	79.4197
57 	-43.052 	77.682 	556.816	82.9544
58 	-43.052 	75.7316	605.254	79.3883
59 	-43.052 	74.7837	706.576	80.3775
60 	-43.6731	76.5829	629.988	80.0325
61 	-43.6731	76.4624	510.518	78.0404
62 	-43.6731	78.7904	553.599	84.0389
63 	-43.6731	81.3574	515.797	89.5922
64 	-43.9379	78.4654	537.452	83.4811
65 	-44.315 	77.1156	561.105	82.3113
66 	-44.315 	78.0876	512.602	83.861 
67 	-44.315 	78.852 	505.124	84.5573
68 	-44.315 	78.8458	636.093	89.0165
69 	-44.315 	77.3578	648.613	86.2394
70 	-45.2994	75.839 	549.725	83.7685
71 	-45.2994	75.3033	577.633	85.9763
72 	-45.2994	77.6522	563.709	85.7791
73 	-45.2994	77.7883	515.345	82.4568
74 	-45.2994	78.9389	515.345	83.935 
75 	-45.2994	77.5497	565.156	85.044 
76 	-45.6117	77.0345	584.327	85.0247
77 	-45.6117	77.4268	665.307	89.7859
78 	-45.6117	77.1542	644.306	88.0768
79 	-45.6117	76.6773	628.752	86.8407
80 	-45.6117	77.9008	767.037	91.2225
81 	-45.6117	76.4238	955.598	87.487 
82 	-45.6117	75.6994	934.663	92.9142
83 	-45.6117	76.9394	764.511	92.5892
84 	-45.6285	75.6918	678.071	87.5829
85 	-45.6285	76.3585	559.427	87.25  
86 	-45.6285	76.7835	564.676	87.4925
87 	-45.6285	76.7075	564.676	88.1927
88 	-45.6285	73.2592	560.088	79.7237
89 	-45.6285	72.3477	508.534	79.3797
90 	-45.7898	73.3429	584.645	83.2011
91 	-45.7898	73.4583	540.941	82.3504
92 	-45.7898	75.2533	662.002	85.688 
93 	-45.7898	74.7589	505.304	79.876 
94 	-46.0106	75.08  	505.304	80.9984
95 	-46.0106	76.7331	775.139	88.9823
96 	-46.0106	76.8514	527.759	85.6774
97 	-46.0106	73.7999	556.435	84.1813
98 	-46.0106	70.6486	595.101	79.5784
99 	-46.0106	71.0061	678.835	77.7917
100	-46.0106	69.0018	380.21 	70.2927
101	-46.14  	70.6414	433.63 	74.5267
102	-46.14  	71.771 	433.63 	75.5096
103	-46.14  	71.791 	704.218	80.1253
104	-46.14  	71.6714	526.984	80.9471
105	-46.14  	72.2112	627.126	82.7654
106	-46.14  	69.0726	712.191	81.7084
107	-46.14  	68.4046	712.191	78.9818
108	-46.14  	68.121 	619.653	80.7842
109	-46.14  	70.4684	712.547	83.4285
110	-46.14  	68.8023	496.477	77.4288
111	-46.14  	69.6382	491.919	77.4528
112	-46.14  	67.4601	587.15 	77.2531
113	-46.14  	67.4852	498.484	77.5718
114	-46.14  	68.4383	645.742	78.3866
115	-46.14  	68.0894	500.794	74.053 
116	-46.14  	66.581 	675.655	77.9162
117	-46.2501	64.9819	590.319	74.9715
118	-46.2501	64.3571	435.963	73.7637
119	-46.2501	66.4828	454.853	75.0024
120	-46.5146	69.2768	593.75 	83.8673
121	-46.5146	67.2174	531.684	78.0146
122	-46.5146	66.5359	511.111	74.8335
123	-46.5146	66.3379	443.04 	70.4732
124	-46.5146	66.511 	482.129	70.5087
125	-46.5146	67.1039	404.03 	70.546 
126	-46.5146	68.5416	392.755	74.299 
127	-46.7814	67.4952	452.889	73.9643
128	-46.7814	70.6707	460.996	78.513 
129	-46.7814	70.2233	460.996	80.872 
130	-46.7814	70.3427	556.258	83.4143
131	-46.7814	69.345 	630.443	81.7552
132	-46.7814	68.7865	484.223	79.1028
133	-46.7814	67.2696	440.315	75.7441
134	-46.7814	68.8139	455.441	77.2585
135	-46.7814	70.1215	415.93 	78.835 
136	-46.7814	69.2457	456.88 	78.71  
137	-46.7814	69.4761	533.172	80.822 
138	-47.6574	70.6993	583.442	86.3672
139	-47.6574	68.7633	509.619	79.6058
140	-47.6574	68.3641	509.619	82.9967
141	-48.1404	67.8918	571.449	80.9662
142	-48.1404	67.5503	804.056	83.6553
143	-49.2107	69.1762	583.548	81.8235
144	-49.2107	67.0601	604.459	76.8161
145	-49.2107	66.036 	549.81 	76.6853
146	-49.2107	66.3895	514.427	75.5   
147	-49.2107	67.2696	404.062	76.0087
148	-49.2107	67.9414	448.175	77.6215
149	-49.2107	68.9178	546.898	80.9191
150	-49.2107	68.2871	509.07 	80.7243
151	-49.2107	69.9032	529.729	85.6862
152	-49.2107	67.6537	477.85 	84.4463
153	-49.2107	68.0287	546.33 	82.9602
154	-49.2107	69.7633	623.618	87.1741
155	-49.2107	67.8559	571.972	87.611 
156	-49.2107	67.572 	574.381	84.4249
157	-49.2107	67.0082	485.055	80.6926
158	-49.2107	68.1103	484.113	81.1353
159	-49.2107	67.2032	432.613	77.7574
160	-49.2107	69.3047	477.252	84.7719
161	-49.2107	69.682 	481.496	83.9893
162	-49.2107	68.9294	559.753	87.2569
163	-49.2107	67.8751	543.042	85.0979
164	-49.2107	70.1714	672.045	89.6587
165	-49.2107	69.3011	539.722	83.62  
166	-49.2107	68.2227	549.905	80.2727
167	-49.2107	66.303 	539.621	74.155 
168	-49.2107	68.4267	480.908	77.6624
169	-49.2107	67.6088	621.699	79.7806
170	-49.2107	67.4277	588.753	79.7215
171	-49.2107	66.0157	505    	76.8894
172	-49.2107	66.1973	505    	78.6393
173	-49.2107	66.9692	551.578	81.3969
174	-49.2107	66.0806	537.896	81.421 
175	-49.2107	65.2767	550.635	78.7511
176	-49.2107	67.2375	550.635	81.9731
177	-49.2107	66.2356	546.408	83.2932
178	-49.2107	64.5621	608.449	79.3348
179	-49.2107	65.2683	515.397	80.2862
180	-49.2107	66.0027	612.949	81.8886
181	-49.2107	66.0561	612.949	82.0731
182	-49.2107	64.2089	570.594	78.6011
183	-49.2107	61.855 	535.223	73.7929
184	-49.2107	60.1587	421.953	68.592 
185	-49.2107	58.7798	473.464	67.4763
186	-49.2107	58.1875	420.785	68.9741
187	-49.2107	61.5203	420.785	72.4985
188	-49.2107	62.6696	397.637	72.237 
189	-49.2107	64.4773	515.061	77.1902
190	-49.2107	66.3358	455.075	79.2439
191	-49.2107	65.5317	535.398	76.7338
192	-49.2107	67.0359	523.296	80.3252
193	-49.2107	65.1946	545.441	77.0379
194	-49.2107	67.5575	517.709	82.562 
195	-49.6514	66.1434	613.611	76.4014
196	-49.6514	64.7366	524.336	75.6288
197	-49.6514	65.8141	482.038	77.202 
198	-49.6514	63.8967	452.473	75.4398
199	-49.6514	65.9255	448.685	78.7969
200	-49.6514	63.8198	426.25 	76.6643
201	-49.6514	62.033 	490.164	72.8518
202	-49.6514	63.3779	716.64 	80.4792
203	-49.6514	63.29  	647.465	79.4087
204	-49.6514	63.1511	658.609	78.5158
205	-49.6514	60.7537	578.777	73.3994
206	-49.6514	61.5279	578.777	74.2586
207	-49.6514	62.4204	630.267	78.899 
208	-49.6514	61.8738	533.124	76.0185
209	-49.6514	62.3252	499.344	76.8147
210	-49.6514	62.1997	445.208	75.4976
211	-49.6514	61.3338	472.308	75.4399
212	-49.6514	61.2502	518.273	73.1598
213	-49.6514	60.3298	441.838	70.5973
214	-49.6514	62.5689	438.517	73.6175
215	-49.6514	64.1741	500.231	75.5924
216	-49.6514	62.3677	500.231	74.0754
217	-49.6514	60.7383	508.821	71.5408
218	-49.6514	61.6282	483.233	73.1014
219	-49.6514	62.9809	387.709	73.2271
220	-49.6514	63.7802	366.918	75.0205
221	-49.6514	66.6842	494.706	83.4244
222	-49.6514	64.5211	535.4  	79.8415
223	-49.6514	65.667 	590.272	85.3088
224	-49.6514	65.632 	527.177	81.3835
225	-49.6514	64.7733	454.716	78.9345
226	-49.6514	62.861 	540.695	80.4023
227	-49.6514	63.0904	541.648	79.4308
228	-49.6514	65.5781	502.449	80.75  
229	-49.6514	63.8525	442.258	78.82  
230	-49.6514	62.8968	429.159	77.2733
231	-49.6969	65.1368	486.997	80.8128
232	-49.6969	63.053 	471.19 	77.2752
233	-49.6969	64.2697	520.092	82.133 
234	-49.6969	64.3762	593.859	83.4095
235	-49.6969	64.7132	590.311	83.2323
236	-49.6969	64.8479	586.745	83.3317
237	-49.881 	60.2495	410.498	74.9674
238	-49.881 	60.4863	616.729	77.8038
239	-49.881 	59.7452	616.729	78.5681
240	-49.881 	60.0465	570.434	74.8719
241	-49.881 	60.4497	475.373	75.4245
242	-49.881 	60.1645	447.897	74.5802
243	-49.881 	59.4667	521.607	77.1318
244	-49.881 	58.502 	492.998	75.3615
245	-49.881 	59.5611	521.577	77.4905
246	-49.881 	61.0212	547.851	79.1724
247	-49.881 	62.3121	611.315	80.6203
248	-49.881 	59.5701	477.293	78.2479
249	-49.881 	59.8267	475.247	78.6803
250	-49.881 	58.5144	520.672	77.0561
251	-49.881 	57.5181	507.337	78.5445
252	-49.881 	56.2749	464.192	72.1277
253	-49.881 	58.2324	475.756	74.2396
254	-49.881 	58.8991	476.222	75.1287
255	-49.881 	58.8323	488.126	76.5278
256	-49.881 	58.9842	581.161	78.5584
257	-49.881 	57.1874	642.72 	75.1559
258	-49.881 	56.847 	585.318	72.2815
259	-49.881 	55.8109	460.863	73.6053
260	-49.881 	57.4293	474.137	74.4352
261	-50.0382	60.2321	548.07 	79.2323
262	-50.0382	58.5736	456.598	76.0705
263	-50.0382	56.758 	516.925	72.9351
264	-50.0382	59.4033	539.94 	77.7978
265	-50.0382	59.8843	457.356	74.3241
266	-50.0382	57.793 	427.651	73.6363
267	-50.3751	58.4276	403.278	74.8456
268	-50.3751	57.9792	463.62 	73.7132
269	-50.3751	55.6791	399.423	69.1794
270	-50.3751	56.9344	438.841	70.6223
271	-50.5209	56.8128	412.312	70.2376
272	-50.5209	58.8215	473.25 	74.0693
273	-50.5209	59.0834	599.089	79.2509
274	-50.5209	58.884 	489.244	77.1299
275	-50.5209	57.4893	554.238	78.5056
276	-50.5209	57.44  	447.52 	71.3346
277	-50.5209	56.4983	418.728	66.7563
278	-50.5209	55.9361	413.015	66.0158
279	-50.5209	56.8291	543.59 	64.8555
280	-50.5209	58.1995	390.881	66.0407
281	-50.5209	58.1709	384.86 	66.9228
282	-50.5209	56.1209	418.576	67.755 
283	-50.5209	56.2232	420.12 	69.7318
284	-50.5209	56.8569	369.634	69.9656
285	-50.5209	56.9597	437.406	70.8898
286	-50.5209	55.0491	387.775	67.8182
287	-50.5209	54.4747	578.467	70.7064
288	-50.5209	56.6607	506.234	74.6351
289	-50.5209	54.8303	656.31 	73.4986
290	-50.5209	57.7461	519.617	76.107 
291	-50.5209	57.8493	506.004	77.4668
292	-50.5209	57.4971	465.783	75.5518
293	-50.5209	57.5073	383.019	71.3141
294	-50.5209	56.0893	440.906	72.4885
295	-50.5209	54.6421	535.84 	71.5953
296	-50.6379	53.4835	486.425	68.8135
297	-50.6379	54.3294	393.601	68.2745
298	-50.6379	54.0608	332.772	66.0018
299	-50.6379	52.7742	338.229	63.3619
300	-50.6379	53.453 	393.265	67.1115
301	-50.6379	52.129 	475.882	68.6435
302	-50.6379	50.911 	386.769	65.7062
303	-50.9303	51.7034	498.61 	66.1669
304	-50.9303	51.242 	422.303	66.5751
305	-50.9704	51.8222	416.64 	66.4253
306	-50.9704	52.1365	408.001	67.1426
307	-50.9704	51.3221	408.001	67.708 
308	-50.9704	51.9415	397.994	68.5831
309	-50.9704	52.4918	553.734	74.1248
310	-50.9893	51.5433	548.308	73.5025
311	-51.0703	50.946 	502.484	69.7753
312	-51.0703	51.3953	465.897	67.9497
313	-51.0703	51.9457	431.368	66.6097
314	-51.0703	52.2587	429.543	67.4989
315	-51.0703	54.4461	521.798	71.1969
316	-51.0703	51.7428	547.125	66.7613
317	-51.0703	52.3728	423.373	66.7723
318	-51.0703	51.3248	442.693	67.2197
319	-51.0703	52.1191	390.237	68.5914
320	-51.0703	49.1927	436.987	67.2445
321	-51.0703	48.3787	423.532	65.7985
322	-51.0703	49.6861	430.045	66.9998
323	-51.0703	50.9149	425.655	68.3885
324	-51.0703	48.4904	309.218	64.6419
325	-51.0703	47.9596	385.644	64.7266
326	-51.0703	47.0221	400.856	65.6966
327	-51.0703	47.2494	501.753	64.0321
328	-51.0703	49.2047	456.927	67.0537
329	-51.0703	49.2422	390.863	65.4948
330	-51.0703	49.6478	395.753	65.2983
331	-51.0703	50.0024	380.653	67.4527
332	-51.0703	50.0704	423.831	68.8037
333	-51.0703	51.0421	373.563	68.3434
334	-51.0703	50.9256	428.708	67.3197
335	-51.0703	50.6341	477.999	68.8638
336	-51.0703	50.4316	408.345	66.865 
337	-51.0703	50.501 	391.594	68.836 
338	-51.0703	51.4481	453.01 	71.8678
339	-51.0703	50.2467	496.4  	72.7862
340	-51.1531	53.2072	451.936	75.4858
341	-51.1531	51.3922	484.476	70.4826
342	-51.1531	51.2448	501.335	73.9415
343	-51.1531	51.6819	541.128	72.8777
344	-51.1531	50.8548	484.476	71.0359
345	-51.1531	50.64  	466.428	70.4969
346	-51.354 	50.5588	459.252	70.6668
347	-51.354 	50.4149	449.512	68.1468
348	-51.354 	51.2087	365.007	66.0628
349	-51.354 	50.6415	368.727	65.4438
350	-51.354 	51.2491	374.667	64.5621
351	-51.354 	51.0587	378.538	64.6328
352	-51.354 	49.0487	378.538	65.2541
353	-51.354 	47.0954	443.833	63.2044
354	-51.354 	46.1725	609.016	65.5521
355	-51.354 	46.1334	478.06 	66.1425
356	-51.354 	46.5007	553.432	65.4602
357	-51.354 	44.4136	449.473	61.047 
358	-51.354 	45.4622	500.873	65.7432
359	-51.354 	48.0667	431.666	69.2669
360	-51.354 	48.756 	429.817	69.6593
361	-51.354 	47.0273	505.681	68.2108
362	-51.354 	47.5258	422.831	67.7815
363	-51.354 	47.1306	362.251	65.659 
364	-51.354 	47.5468	380.815	66.8179
365	-51.354 	46.9999	374.305	65.7535
366	-51.354 	47.9899	391.85 	67.3609
367	-51.354 	46.5934	338.707	65.5199
368	-51.354 	45.1998	397.596	62.4989
369	-51.354 	45.1567	404.539	63.9984
370	-51.354 	45.1051	386.043	65.067 
371	-51.354 	45.6483	406.726	65.9172
372	-51.354 	44.9937	320.386	63.9114
373	-51.354 	44.7002	475.305	64.2319
374	-51.354 	44.6317	445.687	64.2853
375	-51.354 	43.9622	337.266	62.4447
376	-51.354 	45.8295	366.847	64.2559
377	-51.354 	45.9073	345.558	65.3108
378	-51.354 	45.5222	447.75 	64.6525
379	-51.354 	43.4858	447.75 	62.4823
380	-51.354 	42.7855	420.635	62.4507
381	-51.354 	42.8707	375.299	59.0445
382	-51.354 	44.5588	357.384	60.5911
383	-51.354 	45.8158	404.704	61.9109
384	-51.354 	46.8761	414.015	65.6175
385	-51.354 	47.9073	424.346	67.899 
386	-51.4438	47.6044	498.656	68.2278
387	-51.4438	47.6573	441.924	64.8775
388	-51.4438	45.6704	355.09 	63.0808
389	-51.4438	44.9677	332.32 	59.786 
390	-51.4438	44.5409	332.32 	58.8137
391	-51.4438	45.8809	347.72 	62.3229
392	-51.4438	45.0497	356.194	61.2108
393	-51.4438	45.9937	523.832	64.0099
394	-51.4438	46.2947	377.699	63.5257
395	-51.4438	45.9777	405.933	62.7845
396	-51.4438	46.1848	340.253	62.6015
397	-51.4438	43.7508	323.762	59.1333
398	-51.4438	45.6524	322.69 	61.4704
399	-51.4438	45.5922	309.491	61.5707
400	-51.4438	45.7505	409.944	63.9734
401	-51.4438	45.846 	376.768	63.4771
402	-51.4438	48.4383	387.524	65.654 
403	-51.4438	47.1376	391.301	65.2739
404	-51.4438	47.3626	419.255	66.8899
405	-51.4438	47.315 	403.82 	67.8868
406	-51.4438	47.8803	403.82 	66.6246
407	-51.4438	47.0559	361.551	65.4541
408	-51.4438	48.5665	393.61 	66.196 
409	-51.4438	47.1419	438.523	65.2362
410	-51.4438	47.6453	462.561	65.4014
411	-51.4438	45.7636	415.222	62.839 
412	-51.4438	45.8737	489.116	64.1941
413	-51.4438	45.7041	350.859	64.2144
414	-51.4438	45.2095	442.46 	63.8622
415	-51.4438	44.6277	382.837	62.3975
416	-51.4438	45.3985	328.529	62.9048
417	-51.4438	45.5065	317.809	63.8565
418	-51.4438	46.8032	488.431	68.9505
419	-51.4438	48.0569	426.152	71.6379
420	-51.4438	47.3285	422.352	72.0815
421	-51.4438	46.5495	425.947	70.6719
422	-51.4438	46.8119	378.171	69.7056
423	-51.4438	45.6515	393.403	68.2183
424	-51.4438	45.5888	441.58 	68.3264
425	-51.4438	45.9444	492.53 	66.5125
426	-51.4438	47.5806	616.49 	72.041 
427	-51.4438	49.1368	460.237	73.2875
428	-51.4438	48.8898	502.283	73.3276
429	-51.4438	47.3775	480.996	74.793 
430	-51.4438	48.0979	407.976	71.5758
431	-51.4438	47.42  	514.441	70.6919
432	-51.4438	46.5761	514.441	69.7531
433	-51.4438	46.1895	514.441	68.7694
434	-51.4438	44.7497	495.451	67.8037
435	-51.4438	44.152 	428.995	64.7793
436	-51.4438	44.0739	369.686	63.6756
437	-51.4438	44.7848	526.925	69.1302
438	-51.4438	44.5198	481.513	65.4888
439	-51.4438	42.687 	386.299	64.1969
440	-51.4438	44.2458	467.081	65.4209
441	-51.4438	44.2014	539.268	64.7882
442	-51.4438	44.2764	572.926	68.5396
443	-51.4438	45.5637	441.068	70.4234
444	-51.4438	45.9008	447.646	69.8842
445	-51.4438	45.4332	431.246	67.5577
446	-51.4438	44.4687	372.408	67.6302
447	-51.4438	46.3281	489.797	69.8519
448	-51.4438	47.957 	469.248	71.61  
449	-51.4438	44.9337	378.37 	67.2185
450	-51.4438	46.7218	444.469	67.6616
451	-51.4438	44.8518	340.358	64.2954
452	-51.4438	44.8153	375.644	64.9874
453	-51.4438	44.309 	398.706	67.1736
454	-51.4438	43.1896	483.838	68.3042
455	-51.4438	44.863 	408.44 	68.8495
456	-51.4438	42.786 	417.765	64.6627
457	-51.4438	41.9015	425.799	63.7597
458	-51.4438	43.1743	425.799	66.4301
459	-51.4438	43.008 	374.454	64.049 
460	-51.4438	43.0478	378.423	66.4029
461	-51.4438	43.8521	400.335	65.4127
462	-51.4438	41.3914	347.833	61.389 
463	-51.4438	40.9059	401.078	63.2127
464	-51.4438	40.6541	379.953	62.7136
465	-51.4438	42.7061	520.644	69.3437
466	-51.4438	43.7417	588.315	71.464 
467	-51.4438	43.3761	588.315	70.4279
468	-51.4438	43.7779	530.483	66.6801
469	-51.4438	43.2879	492.225	67.3708
470	-51.4438	42.3835	471.143	65.4266
471	-51.4438	43.1921	479.135	65.8072
472	-51.4438	44.4987	355.683	67.2637
473	-51.4438	43.9402	378.225	66.5593
474	-51.4438	43.9462	412.358	67.3444
475	-51.4438	43.4315	484.811	66.4631
476	-51.4438	43.3303	409.079	65.3989
477	-51.4438	41.6274	370.086	63.0392
478	-51.4438	41.1508	370.086	64.0904
479	-51.4438	41.7405	404.909	66.6163
480	-51.4438	43.0494	429.104	67.2449
481	-51.4438	41.9228	382.99 	65.1471
482	-51.4438	42.8505	390.752	67.2289
483	-51.4438	44.4208	469.541	71.6696
484	-51.4438	43.8036	577.734	67.1395
485	-51.4438	43.7543	388.508	66.4291
486	-51.4438	42.0505	407.31 	64.3332
487	-51.4438	44.1339	447.278	68.4057
488	-51.4438	44.6797	368.806	67.0162
489	-51.4438	44.6997	392.795	67.9382
490	-51.4438	43.7957	392.8  	66.7306
491	-51.4438	44.0013	380.619	68.1547
492	-51.4438	42.592 	364.436	64.9584
493	-51.4438	42.6146	364.084	64.7432
494	-51.4438	41.8974	572.952	68.0362
495	-51.4438	39.7282	437.074	64.7988
496	-51.4438	40.5604	805.709	69.6715
497	-51.4438	39.7868	461.055	64.4239
498	-51.4572	39.1907	457.761	63.2288
499	-51.4572	40.2597	418.639	64.0661
-52.34999999
