/usr/lib/python2.7/site-packages/deap/tools/_hypervolume/pyhv.py:33: ImportWarning: Falling back to the python version of hypervolume module. Expect this to be very slow.
  "module. Expect this to be very slow.", ImportWarning)
gen	min     	avg    	max    	std   
0  	-36.7329	89.5474	779.764	92.196
1  	-36.7329	90.4581	587.35 	91.3227
2  	-36.7329	89.0571	535.415	89.8317
3  	-36.7329	89.2617	693.812	89.037 
4  	-36.7329	89.0242	691.953	88.5479
5  	-36.7329	88.3596	578.148	87.054 
6  	-36.7329	87.7528	630.678	87.2925
7  	-36.7329	88.3634	622.336	89.6873
8  	-36.7329	87.2268	615.257	87.459 
9  	-38.707 	87.7276	595.472	91.0393
10 	-38.707 	88.4583	580.829	91.4719
11 	-38.707 	87.0811	596.516	87.9567
12 	-38.707 	85.6643	494.961	82.9282
13 	-40.2342	85.0882	462.535	84.9001
14 	-40.2911	85.8887	513.357	86.5416
15 	-40.2911	87.9456	522.214	91.1791
16 	-40.2911	87.1614	517.142	89.8092
17 	-40.2911	86.8022	586.998	93.4536
18 	-40.2911	83.848 	586.998	86.8215
19 	-40.2911	85.7166	530.405	87.825 
20 	-40.2911	85.4381	565.095	86.0575
21 	-40.2911	85.8554	596.882	86.2269
22 	-40.2911	86.0256	608.209	86.0806
23 	-40.2911	88.043 	628.258	91.1161
24 	-40.2911	87.0681	718.3  	93.4647
25 	-40.2911	88.3332	750.356	98.2628
26 	-41.3582	85.7637	651.2  	92.5349
27 	-41.3582	83.6467	651.2  	91.2978
28 	-41.3582	85.2155	719.42 	92.6915
29 	-41.3582	86.6779	657.95 	93.6896
30 	-41.3582	84.5884	578.975	91.1754
31 	-41.3582	87.1016	594.379	95.3112
32 	-41.3582	86.3473	598.469	92.4176
33 	-41.3582	84.8444	577.237	94.1448
34 	-41.3582	86.1094	692.207	99.6008
35 	-41.3582	85.1134	645.98 	96.9503
36 	-41.3582	84.8288	965.639	98.1486
37 	-41.3582	84.6751	755.373	95.834 
38 	-41.3582	83.0418	630.075	91.132 
39 	-41.3582	83.4728	609.975	91.6229
40 	-41.3582	85.0576	586.961	92.8497
41 	-41.3582	85.7015	586.961	94.1195
42 	-41.711 	89.2665	729.911	104.387
43 	-41.711 	89.4719	737.395	103.575
44 	-41.711 	87.1947	573.724	96.004 
45 	-43.0073	83.61  	532.844	88.6949
46 	-43.9977	80.8157	512.008	84.49  
47 	-44.126 	81.554 	565.548	87.7099
48 	-44.126 	82.4235	670.599	90.3618
49 	-44.126 	81.038 	556.058	89.1138
50 	-44.126 	81.4349	590.281	89.4909
51 	-44.126 	79.7047	599.002	85.5741
52 	-44.126 	78.4269	474.392	83.9011
53 	-44.126 	81.3525	596.763	92.5406
54 	-44.126 	80.2034	662.486	89.9026
55 	-44.126 	76.9116	611.356	84.3154
56 	-44.2746	72.9859	520.672	78.1752
57 	-44.2746	74.9267	454.53 	77.0237
58 	-44.2746	76.5941	484.813	79.1046
59 	-44.2746	75.7414	456.211	77.1916
60 	-44.2746	75.156 	502.426	79.4266
61 	-44.2746	75.6023	466.714	79.7678
62 	-44.2746	75.2972	482.789	82.3059
63 	-44.2948	75.9742	487.273	79.4695
64 	-44.2948	73.8089	504.713	76.4092
65 	-44.2948	73.616 	528.243	76.6464
66 	-44.2948	74.6448	528.243	82.9115
67 	-44.2948	76.5148	546.97 	84.0921
68 	-44.2948	76.6605	599.544	85.4711
69 	-44.5486	75.4786	752.677	84.9236
70 	-44.5486	78.1471	762.473	91.8286
71 	-44.763 	78.8195	770.47 	95.6171
72 	-44.763 	77.1271	678.058	90.381 
73 	-44.763 	76.8177	539.103	83.889 
74 	-44.763 	76.9441	539.103	82.1086
75 	-44.763 	79.1832	624.71 	89.2958
76 	-44.763 	80.5598	624.433	89.8083
77 	-44.763 	79.9769	541.06 	87.2474
78 	-44.763 	81.21  	485.054	90.4375
79 	-44.763 	77.838 	613.154	85.2197
80 	-44.763 	75.3538	430.3  	80.0717
81 	-44.763 	75.283 	442.262	79.5433
82 	-44.763 	74.2687	517.714	78.4241
83 	-44.763 	75.199 	566.893	82.6905
84 	-45.4745	73.9752	504.344	81.3298
85 	-45.4745	71.6017	462.619	78.8796
86 	-45.4745	70.2901	440.87 	78.2014
87 	-45.4745	70.7121	498.165	78.2597
88 	-45.4745	72.4773	608.531	82.3307
89 	-45.4745	70.2057	587.965	76.928 
90 	-45.4745	71.1124	635.909	79.8241
91 	-45.4745	73.035 	657.382	87.929 
92 	-45.4745	72.5016	583.623	86.4428
93 	-45.4745	73.0255	518.57 	83.1955
94 	-45.4745	71.7393	449.801	81.892 
95 	-45.8815	70.9577	449.801	77.1218
96 	-45.8815	72.5021	600.294	79.6   
97 	-46.1637	73.0756	477.505	79.6746
98 	-46.1637	71.4378	566.102	79.0745
99 	-46.1637	70.2088	559.401	78.1252
100	-46.1637	68.7844	580.269	74.8782
101	-46.1637	69.6655	524.605	74.3711
102	-46.1637	67.7118	532.117	73.8157
103	-46.1637	67.1992	491.679	72.3187
104	-46.1637	69.2122	479.094	76.8176
105	-46.1637	71.0974	468.532	80.4609
106	-46.1637	71.2067	475.733	78.4231
107	-46.1637	70.5566	424.504	74.7077
108	-46.1637	69.9206	433.37 	73.5946
109	-46.1637	70.4448	519.08 	79.5827
110	-46.1637	68.9829	512.405	73.2116
111	-46.1637	67.3253	468.329	74.1298
112	-46.1637	70.1133	583.236	79.1683
113	-46.1637	71.4995	506.437	77.5753
114	-46.1637	70.7068	470.411	75.47  
115	-46.1637	72.7349	470.411	77.0756
116	-46.4612	73.559 	481.216	77.5628
117	-46.4612	73.5036	482.154	76.6486
118	-46.4612	71.4547	487.806	75.281 
119	-46.4612	70.4054	589.988	78.0171
120	-46.4612	72.0671	563.398	80.6869
121	-46.4612	72.8152	674.097	84.9613
122	-46.4612	73.1684	674.097	82.9897
123	-46.4612	72.9976	490.979	77.7569
124	-46.4612	73.6032	477.389	80.8984
125	-46.4612	71.9379	477.389	79.8655
126	-46.4612	72.2927	560.788	79.3346
127	-46.4612	72.0305	472.497	76.9674
128	-46.4612	70.6285	473.572	74.1057
129	-46.4612	70.5582	490.324	77.9689
130	-46.8127	71.5569	583.279	81.4645
131	-46.8127	73.4899	661.439	85.2741
132	-46.8127	73.2796	554.11 	79.1086
133	-46.8127	71.0757	448.719	76.1995
134	-46.8127	70.6523	467.403	74.8826
135	-46.8127	70.68  	543.689	79.6262
136	-46.8127	71.1791	545.563	81.6681
137	-46.8127	70.8977	509.15 	77.5097
138	-46.8127	69.6512	630.897	76.2947
139	-46.8127	69.5791	510.077	77.3451
140	-46.8127	70.4223	516.282	79.0397
141	-46.8127	69.9987	561.4  	77.855 
142	-46.8127	68.128 	666.872	75.8625
143	-46.8127	68.6502	515.111	75.7374
144	-46.8127	69.6304	497.729	76.7053
145	-46.8127	70.2776	434.447	76.2473
146	-46.8127	68.7965	448.8  	74.6923
147	-46.8127	68.1617	512.401	76.8309
148	-46.8127	68.6035	523.126	78.8943
149	-46.8127	66.1341	522.203	76.0304
150	-46.8127	64.8149	522.203	74.4222
151	-46.8127	63.6761	491.922	71.4232
152	-46.8127	64.7586	459.769	72.9563
153	-46.8127	64.5895	503.553	72.9854
154	-46.8127	64.6576	589.686	74.4188
155	-46.8127	63.5687	412.729	70.537 
156	-47.0073	62.0031	489.357	68.0128
157	-47.0073	63.5968	482.937	72.5244
158	-47.0073	61.2874	433.085	68.0656
159	-47.0073	64.512 	535.366	75.7301
160	-47.0073	67.0598	535.493	81.7429
161	-47.0073	65.2446	475.806	75.5574
162	-47.0073	65.3451	400.784	74.7013
163	-47.0073	68.0639	430.632	77.0441
164	-47.0073	69.5556	402.426	77.4385
165	-47.0073	66.7743	435.137	78.3338
166	-47.0073	69.752 	489.321	81.4022
167	-47.0073	66.9781	422.444	76.4096
168	-47.0073	65.261 	482.712	75.4958
169	-47.5144	64.5647	544.596	75.2179
170	-47.5144	65.0447	480.883	77.872 
171	-47.5144	62.4042	440.023	70.7362
172	-47.5144	61.576 	440.318	70.5721
173	-47.5144	61.0621	478.922	67.8034
174	-47.5144	60.7819	533.831	69.33  
175	-47.5144	62.8199	417.351	73.3875
176	-47.5144	62.7225	432.765	71.7534
177	-47.5144	64.0487	544.509	75.2842
178	-47.5144	63.3545	400.551	72.0495
179	-47.5144	65.2628	469.048	76.1541
180	-47.5144	63.512 	471.315	76.077 
181	-47.5144	62.6642	468.164	73.9588
182	-47.5144	62.2697	468.164	76.9022
183	-47.5144	62.9345	423.202	76.7688
184	-47.5144	59.765 	501.039	75.9259
185	-47.5144	61.2814	501.039	76.6164
186	-47.5144	63.626 	728.831	81.7744
187	-47.5144	60.3276	647.016	73.9247
188	-47.5144	57.4399	568.252	64.5893
189	-47.5144	58.4   	424.007	66.3209
190	-47.5144	58.9695	415.148	67.3429
191	-47.5144	59.2062	378.022	67.2811
192	-47.5144	60.0683	492.471	70.3857
193	-47.5144	59.3912	483.501	70.6195
194	-47.5144	59.0905	424.765	69.7234
195	-47.5144	59.7869	424.765	69.7782
196	-47.5144	59.4097	365.631	66.9883
197	-47.5144	59.6031	381.2  	67.5741
198	-47.5144	61.4543	441.178	69.8997
199	-47.5144	60.8215	414.477	69.3441
200	-47.5144	63.795 	559.786	76.868 
201	-47.5144	64.1088	475.804	76.6558
202	-47.5144	64.4329	595.844	79.2254
203	-47.5144	65.3274	592.723	82.2498
204	-47.5144	64.6672	452.5  	77.8875
205	-47.5144	64.0569	440.573	76.8771
206	-47.5144	67.1988	664.905	84.9919
207	-47.5144	65.9414	557.227	83.2811
208	-47.5144	66.5652	651.3  	86.6611
209	-47.5144	65.7924	549.525	81.825 
210	-47.5144	66.3574	519.622	81.0921
211	-47.5144	68.1834	560.368	82.2493
212	-47.5144	67.0284	432.282	80.4058
213	-47.5144	64.124 	452.756	76.868 
214	-47.5144	63.7917	543.756	77.6674
215	-47.5144	64.5782	573.261	80.562 
216	-47.5144	65.0585	588.34 	84.518 
217	-47.5144	63.5004	579.477	85.3326
218	-47.5144	62.2935	639.485	85.285 
219	-47.5144	62.3117	663.415	86.0993
220	-47.5144	60.4637	645.007	78.7882
221	-47.5144	60.3701	504.236	75.9842
222	-47.5144	58.1578	429.248	70.3171
223	-47.5144	56.4349	521.694	70.1951
224	-47.5144	56.1544	563.016	68.4823
225	-47.5144	56.2245	515.255	66.8791
226	-47.5144	58.7822	692.666	74.8373
227	-47.5144	57.8649	415.495	66.6571
228	-47.5144	57.8705	395.184	65.6098
229	-47.5144	59.1065	334.469	67.7783
230	-47.5144	58.6757	428.314	67.778 
231	-47.5144	58.8248	513.656	73.5144
232	-47.5144	59.8792	429.342	74.4751
233	-47.5144	59.6657	421.29 	75.8485
234	-47.5144	58.1375	567.753	73.1977
235	-47.5144	60.4538	561.012	74.7115
236	-47.5144	59.4493	478.085	72.3989
237	-47.5144	62.5335	462.87 	77.1816
238	-47.5144	61.7158	437.69 	75.5554
239	-47.5144	61.6309	437.69 	76.203 
240	-47.5144	60.0762	434.603	72.7185
241	-47.5144	60.0218	406.019	70.7244
242	-47.7245	58.6821	435.097	71.9731
243	-47.7245	58.0571	445.548	69.8792
244	-47.7245	56.953 	383.486	69.4191
245	-47.7245	56.5449	467.881	69.5377
246	-47.7245	54.2861	418.071	66.6236
247	-47.7245	54.5801	504.382	68.1784
248	-47.7245	56.8409	555.352	69.7749
249	-47.7417	56.8361	486.355	68.8266
250	-47.7417	55.002 	460.479	68.1687
251	-47.7417	54.0399	458.513	65.5084
252	-47.7417	53.3206	418.064	62.0807
253	-47.7417	54.1435	377.85 	62.9968
254	-47.7417	54.261 	407.006	65.9345
255	-47.7417	55.2755	418.562	65.5085
256	-47.7417	54.767 	397.914	63.7918
257	-47.8103	55.992 	375.932	64.4509
258	-47.8103	58.1152	510.05 	73.4972
259	-47.8103	57.507 	454.112	70.5725
260	-47.8103	58.3432	461.327	73.1367
261	-47.8103	58.9074	466.546	74.7987
262	-47.8103	61.1941	497.058	80.3948
263	-47.8103	58.5027	497.058	75.507 
264	-47.8103	61.7065	639.525	82.5536
265	-47.8103	62.0394	813.394	84.9212
266	-47.8103	60.4631	597.581	80.5744
267	-47.9173	60.0769	592.763	80.1282
268	-47.9173	57.173 	535.627	75.0601
269	-47.9173	57.4121	500.446	73.2164
270	-47.9173	57.2699	482.19 	72.7597
271	-47.9173	55.8661	411.67 	69.3682
272	-47.9173	55.9141	411.67 	70.4557
273	-47.9173	55.7879	509.509	73.3656
274	-47.9173	56.7111	591.433	74.9069
275	-47.9173	54.6083	498.824	68.9055
276	-47.9173	52.4579	380.612	64.0834
277	-47.9173	52.8064	463.866	67.5494
278	-47.9173	51.1422	366.533	61.9133
279	-47.9173	52.4178	458.351	67.8344
280	-47.9173	53.7505	532.504	71.1965
281	-47.9173	52.4804	399.521	66.6647
282	-48.0097	52.2479	536.146	67.7281
283	-48.0425	50.6335	374.395	64.2402
284	-48.0425	51.6514	405.738	67.719 
285	-48.0425	51.2257	405.738	64.8267
286	-48.0425	53.9419	503.355	71.5176
287	-48.0425	54.0201	422.929	71.3453
288	-48.0425	52.4378	501.843	69.0579
289	-48.0425	52.2012	423.769	67.7758
290	-48.0425	51.5323	419.669	64.2809
291	-48.0425	50.8526	419.669	62.5939
292	-48.0425	50.0539	370.996	59.7055
293	-48.0425	51.6669	401.808	63.2039
294	-48.2126	52.5495	445.249	68.9089
295	-48.2126	53.3938	380.65 	67.6145
296	-48.2126	54.0883	365.018	66.7949
297	-48.2126	56.0906	513.638	71.1836
298	-48.2679	56.8475	461.865	70.4332
299	-48.2679	55.5538	548.369	70.203 
300	-48.2679	54.22  	437.963	67.8138
301	-48.2869	54.6436	504.532	71.6497
302	-48.2869	54.1396	420.253	68.5795
303	-48.2869	54.1478	388.186	68.8613
304	-48.2869	53.2485	385.03 	66.6647
305	-48.2869	56.0084	474.953	71.7389
306	-48.2869	54.3947	474.953	69.2079
307	-48.2869	56.2469	512.962	74.1728
308	-48.2869	56.8143	504.576	77.8593
309	-48.2869	52.2668	476.45 	70.8226
310	-48.2869	49.2129	419.857	65.4535
311	-48.2869	50.4324	419.857	67.0838
312	-48.2869	51.3359	396.651	69.2397
313	-48.2869	53.1584	433.164	72.6304
314	-48.2869	53.5063	454.17 	71.4654
315	-48.2869	52.3276	432.617	68.9028
316	-48.2869	50.6062	384.965	65.5217
317	-48.2869	52.3359	435.689	67.7433
318	-48.2869	52.8657	395.883	67.8001
319	-48.2869	55.4719	378.534	70.8672
320	-48.2869	54.3319	400.413	70.3463
321	-48.2869	54.5183	401.401	71.0013
322	-48.2869	54.1342	400.413	70.3896
323	-48.2869	52.9623	358.704	68.7132
324	-48.2869	51.7682	354.975	68.6419
325	-48.2869	49.9125	410.304	65.3129
326	-48.2869	51.4774	495.584	69.2613
327	-48.2869	51.2401	436.268	68.1391
328	-48.2869	51.7591	484.184	70.2463
329	-48.2869	52.6053	400.562	68.727 
330	-48.2869	54.7935	440.979	71.6911
331	-48.2869	54.8859	492.399	73.0636
332	-48.2869	54.7427	465.684	73.002 
333	-48.2869	54.0665	524.549	73.8438
334	-48.2869	54.1175	491.862	72.6054
335	-48.2869	52.5465	471.525	70.1328
336	-48.2869	51.3429	553.054	69.4191
337	-48.2869	52.8586	420.765	69.6286
338	-48.2869	51.5587	400.332	65.4817
339	-48.2869	52.0993	458.03 	69.0174
340	-48.2869	52.4533	435.278	70.7964
341	-48.2869	52.9012	412.945	71.5739
342	-48.2869	50.857 	466.599	68.286 
343	-48.2869	49.0523	451.885	66.4548
344	-48.4045	49.3725	382.131	67.8698
345	-48.4045	53.4315	497.961	72.5373
346	-48.4045	52.9973	477.105	70.5793
347	-48.4045	51.9807	434.589	71.7018
348	-48.4045	50.842 	407.959	69.7095
349	-48.4045	50.8846	565.214	69.3953
350	-48.4045	50.0194	435.549	66.3672
351	-48.4045	48.5591	428.514	65.1823
352	-48.4045	49.5822	428.514	66.3362
353	-48.4045	48.9279	505.581	66.7924
354	-48.4045	46.8019	463.923	64.8003
355	-48.4045	45.3119	494.927	61.6408
356	-48.4045	44.878 	354.952	60.9859
357	-48.4045	45.2126	475.76 	62.254 
358	-48.4045	47.4215	309.576	62.6181
359	-48.4045	47.7885	330.747	60.365 
360	-48.4045	45.0142	330.747	57.2037
361	-48.4045	43.8366	396.832	58.2969
362	-48.4045	43.6457	396.832	57.7232
363	-48.4045	45.1608	419.172	62.6008
364	-48.4045	45.023 	390.565	60.2116
365	-48.4045	45.2171	398.448	61.7764
366	-48.4045	48.419 	370.826	66.2269
367	-48.4045	45.8104	346.628	62.1244
368	-48.4045	46.9976	381.248	64.2158
369	-48.4045	45.9412	381.248	63.1102
370	-48.4045	46.2356	409.612	63.6391
371	-48.4045	46.9106	361.658	63.4998
372	-48.4096	47.907 	371.844	65.6521
373	-48.4096	48.0586	321.827	62.7219
374	-48.4096	46.2905	346.001	62.2022
375	-48.4096	47.4048	345.616	62.661 
376	-48.4096	46.1098	373.281	62.8785
377	-48.4096	45.8383	355.929	60.6447
378	-48.4096	47.0736	313.019	62.6776
379	-48.4096	46.5552	337.809	62.7368
380	-48.4096	44.9448	370.28 	60.9746
381	-48.4096	46.5887	530.586	64.8295
382	-48.4096	46.963 	436.729	65.6291
383	-48.4096	46.0928	389.269	62.9117
384	-48.4497	47.0136	377.255	64.4838
385	-48.4497	45.3258	440.16 	65.2932
386	-48.4497	46.7938	444.961	71.99  
387	-48.4497	46.1686	496.848	69.2896
388	-48.4497	46.9814	477.25 	67.93  
389	-48.4497	47.1203	372.611	64.963 
390	-48.4497	46.2238	389.134	64.8814
391	-48.4497	45.6135	315.968	62.1644
392	-48.4497	43.9989	286.308	59.6594
393	-48.4497	45.8377	352.381	63.871 
394	-48.4497	45.1906	370.559	61.6585
395	-48.4497	44.9983	325.802	61.5222
396	-48.4497	46.2774	383.097	65.3964
397	-48.4497	45.8194	317.571	62.8499
398	-48.4497	45.7389	334.357	64.3749
399	-48.4497	46.537 	418.109	65.4977
400	-48.4497	46.8531	489    	63.7879
401	-48.4497	44.8243	395.592	62.1503
402	-48.4497	45.7249	422.644	63.0279
403	-48.4497	44.9678	358.32 	62.2441
404	-48.4497	43.6695	524.389	64.1202
405	-48.4497	45.7266	437.961	65.304 
406	-48.4497	44.1606	405.62 	63.6556
407	-48.4497	44.1212	397.494	64.9094
408	-48.4497	46.2881	397.378	67.521 
409	-48.4497	45.0749	374.63 	65.7932
410	-48.4497	46.768 	514.438	70.0725
411	-48.4497	45.44  	494.646	68.9529
412	-48.4497	44.3487	471.523	61.6077
413	-48.4497	45.1832	410.719	64.0936
414	-49.3362	43.3805	403.039	61.3234
415	-49.6578	44.1203	524.588	65.2188
416	-49.6578	44.6755	403.039	63.6991
417	-49.6578	46.0049	429.471	66.5477
418	-49.6578	45.4319	434.424	65.4634
419	-49.6578	45.1641	408.003	65.2015
420	-49.6578	45.8677	611.643	67.3344
421	-49.7129	46.2852	540.968	67.9991
422	-49.7129	45.1532	491.379	66.2502
423	-49.7129	45.271 	373.296	63.5278
424	-49.7129	45.297 	481.196	67.638 
425	-49.7129	48.148 	643.945	74.1939
426	-49.7129	48.1973	644.181	72.4389
427	-49.7129	46.5159	477.814	71.2478
428	-49.7129	46.4979	409.5  	66.5733
429	-49.7129	45.3047	396.436	65.5052
430	-49.7129	45.3696	402.672	66.1537
431	-49.7129	47.7226	448.615	69.2241
432	-49.7129	47.3521	458.061	69.831 
433	-49.7129	47.3802	444.388	68.3877
434	-49.7129	45.6932	529.487	67.2292
435	-49.7129	44.9094	521.169	65.1364
436	-49.7129	42.3108	434.605	61.2406
437	-49.7129	42.2989	380.783	61.3404
438	-49.7129	42.09  	344.015	62.0276
439	-49.7129	40.2487	328.227	57.7422
440	-49.7129	40.5419	335.754	57.6896
441	-49.7129	41.9368	560.095	64.0548
442	-49.9818	41.4879	358.958	60.581 
443	-49.9818	44.236 	526.73 	69.5631
444	-49.9818	42.981 	398.064	65.0229
445	-49.9818	42.7578	468.34 	67.1558
446	-49.9818	41.4124	363.858	61.8367
447	-50.1603	43.2665	390.097	66.967 
448	-50.1603	43.5173	557.072	65.8092
449	-50.1603	42.9263	362.225	64.4256
450	-50.1603	42.1901	463.024	64.2472
451	-50.1603	44.6095	417.191	67.6102
452	-50.1603	44.241 	417.16 	65.8561
453	-50.1603	43.0483	518.364	66.1269
454	-50.1603	41.4938	371.4  	62.4166
455	-50.1603	41.9328	341.862	63.0111
456	-50.1603	41.5215	399.193	62.7766
457	-50.1603	40.8129	396.099	60.0144
458	-50.1603	41.2368	352.252	61.974 
459	-50.1603	43.782 	359.853	66.09  
460	-50.1603	42.8823	446.279	64.5624
461	-50.1603	42.4379	420.272	63.6832
462	-50.1603	43.5988	513.752	66.2092
463	-50.1603	43.0145	429.608	67.7866
464	-50.1603	42.6498	438.891	68.2665
465	-50.1603	40.6376	593.39 	66.2243
466	-50.1603	40.4903	593.39 	66.4024
467	-50.1603	42.1868	458.405	67.883 
468	-50.1603	41.1157	440.875	64.7602
469	-50.1603	40.9996	394.519	65.3395
470	-50.1603	41.5351	791.646	70.29  
471	-50.1603	40.9913	635.346	67.2816
472	-50.1603	40.8673	635.346	64.6835
473	-50.1603	41.419 	516.202	64.6431
474	-50.1603	40.8107	380.598	63.6469
475	-50.1603	40.5576	381.709	64.6679
476	-50.1603	40.8321	431.165	65.249 
477	-50.1603	41.9053	367.14 	65.0304
478	-50.1603	42.2732	395.328	64.4758
479	-50.1603	41.6112	332.359	59.9406
480	-50.1603	39.932 	305.561	58.7933
481	-50.1603	40.1116	328.378	60.8244
482	-50.1603	40.6272	424.125	62.7755
483	-50.1603	39.1966	424.125	63.8245
484	-50.1603	39.6144	460.363	65.7135
485	-50.1603	40.8064	366.222	64.2314
486	-50.1603	41.0268	416.956	65.1436
487	-50.1603	41.8165	416.956	66.0631
488	-50.1603	41.2469	394.885	62.4253
489	-50.1603	41.2464	340.211	63.944 
490	-50.1603	41.31  	348.633	62.5251
491	-50.1603	40.8647	349.07 	61.0922
492	-50.1603	40.4603	366.407	59.8915
493	-50.1603	40.8738	373.046	63.789 
494	-50.1603	40.4707	422.015	64.7147
495	-50.1603	40.7781	473.309	64.2734
496	-50.1603	42.1899	519.533	69.29  
497	-50.1603	40.5036	436.844	67.427 
498	-50.1603	39.0931	366.201	65.0368
499	-50.1603	38.3753	420.025	62.2999
-52.34999999
