/usr/lib/python2.7/site-packages/deap/tools/_hypervolume/pyhv.py:33: ImportWarning: Falling back to the python version of hypervolume module. Expect this to be very slow.
  "module. Expect this to be very slow.", ImportWarning)
gen	min     	avg    	max    	std    
0  	-30.1255	90.7963	577.854	92.6894
1  	-30.1255	90.822 	577.854	92.841 
2  	-30.1255	92.4792	591.599	94.6538
3  	-30.2423	91.1597	591.599	92.67  
4  	-30.5177	88.9706	544.166	89.7565
5  	-32.4898	87.7949	690.249	92.5581
6  	-32.4898	87.4005	606.368	90.6305
7  	-33.373 	86.9934	602.838	88.5989
8  	-33.8086	89.7801	573.346	92.4199
9  	-36.7692	90.1874	604.931	91.6838
10 	-36.7692	88.4005	562.15 	88.4482
11 	-36.7692	89.5838	536.515	87.639 
12 	-37.0683	89.0555	548.29 	88.2501
13 	-37.0683	90.1943	501.732	89.3234
14 	-37.0683	88.2551	529.73 	88.933 
15 	-37.0683	87.1246	567.742	87.5424
16 	-37.0683	87.3226	494.041	85.2756
17 	-37.0683	88.9625	545.931	89.3846
18 	-37.0683	88.556 	597.373	93.5476
19 	-37.8492	90.6009	729.383	98.6155
20 	-37.8492	90.5323	581.201	92.088 
21 	-37.8492	90.3967	585.632	92.3473
22 	-37.8492	88.4544	603.334	88.4785
23 	-38.3579	86.1664	597.476	85.7938
24 	-38.3579	85.0223	540.369	85.1516
25 	-38.3579	83.7684	622.301	84.5759
26 	-40.7383	85.356 	580.091	88.0824
27 	-40.7383	86.2206	781.603	90.8629
28 	-40.7383	85.7658	714.099	90.6624
29 	-40.7383	85.0264	635.534	87.9592
30 	-40.7383	85.4576	585.598	89.0718
31 	-41.0555	85.0481	603.245	92.6562
32 	-41.0555	85.7528	668.534	94.2422
33 	-41.0555	85.7671	660.166	92.3476
34 	-41.0555	85.2615	650.658	88.7043
35 	-41.0555	83.8866	612.24 	87.4581
36 	-41.0555	84.2777	573.932	90.0668
37 	-41.0555	84.7943	620.657	91.3133
38 	-42.2678	85.4087	591.619	90.9553
39 	-42.2678	83.5294	582.68 	86.9295
40 	-42.2678	81.9132	582.68 	83.8237
41 	-43.0179	82.496 	551.338	84.4407
42 	-43.0179	82.0607	532.98 	86.4265
43 	-43.0179	81.8427	610.066	87.6402
44 	-43.0179	78.4351	518.466	81.6245
45 	-43.0179	80.7836	481.698	83.6035
46 	-43.5279	81.637 	593.043	84.0556
47 	-43.5279	82.0386	520.25 	81.2018
48 	-43.5279	77.1698	463.566	75.7917
49 	-43.5279	78.1524	515.591	82.372 
50 	-43.5279	77.2373	511.328	80.4707
51 	-43.5279	77.5032	556.17 	77.5296
52 	-43.6617	76.7204	576.023	79.4263
53 	-43.6617	78.4208	529.481	82.1387
54 	-43.6617	77.6588	486.9  	80.6921
55 	-43.6617	76.947 	497.121	77.915 
56 	-43.6617	76.2577	474.469	80.2385
57 	-43.6617	76.4434	526.508	81.6728
58 	-43.6617	77.6328	573.014	83.7146
59 	-43.6617	79.4181	860.211	90.0907
60 	-43.6617	76.84  	647.839	86.6913
61 	-43.6617	77.2486	646.841	85.7757
62 	-43.6617	78.5303	641.276	87.4672
63 	-43.6617	76.1959	546.093	81.4818
64 	-45.2876	76.7548	562.179	83.2305
65 	-45.5664	77.076 	562.179	82.4154
66 	-45.5664	76.7487	556.396	84.4709
67 	-45.5664	75.3772	556.398	81.4493
68 	-45.5664	75.0309	473.676	80.1027
69 	-45.5664	74.1274	487.519	78.2099
70 	-45.5664	74.3749	450.009	79.3642
71 	-45.5664	74.3745	512.713	79.9762
72 	-45.5664	72.7135	512.713	76.3208
73 	-45.5664	73.5308	542    	80.9736
74 	-45.5664	69.3469	485.507	73.5231
75 	-45.7642	70.3051	432.887	74.2977
76 	-45.7642	71.1287	555.728	75.8982
77 	-45.7642	71.75  	497.619	74.3396
78 	-45.7642	71.7987	538.916	77.3696
79 	-45.7642	71.6346	667.021	79.8353
80 	-45.7642	71.4432	428.883	75.292 
81 	-45.7642	71.8205	455.785	77.6691
82 	-45.7642	71.6402	495.391	76.2487
83 	-45.7648	74.2333	547.273	80.3721
84 	-45.7648	72.7846	460.182	77.3891
85 	-46.6074	74.5102	466.279	82.18  
86 	-46.6074	71.8734	462.515	77.9504
87 	-46.6074	70.4364	437.65 	75.8955
88 	-46.6074	71.3733	437.824	77.4634
89 	-46.6074	71.4807	454.151	75.3482
90 	-46.6074	71.7596	454.412	77.4797
91 	-46.6074	70.8285	483.622	77.4704
92 	-46.6074	70.4433	483.096	77.8081
93 	-47.2871	72.0023	532.838	79.2562
94 	-47.2871	71.528 	606.357	77.7031
95 	-47.2871	69.9837	429.794	74.6505
96 	-47.2871	69.1092	438.868	73.7981
97 	-47.2871	70.1144	580.784	79.8715
98 	-47.2871	69.2399	413.478	76.3346
99 	-47.2871	69.0492	429.08 	74.3504
100	-47.2871	70.1624	407.584	76.2181
101	-47.2871	68.2193	474.493	74.4429
102	-47.2871	66.549 	474.493	71.3701
103	-47.2871	67.7216	462.094	74.7396
104	-47.2871	69.1404	469.573	77.2856
105	-48.346 	69.816 	469.014	77.8804
106	-48.346 	69.6915	497.004	78.5097
107	-48.346 	69.0288	536.313	77.1931
108	-48.346 	67.5487	582.788	78.1674
109	-48.346 	67.5333	478.04 	75.972 
110	-48.346 	69.9373	617.388	79.9824
111	-48.346 	68.6929	552.537	78.1369
112	-48.346 	68.19  	529.56 	79.1887
113	-48.346 	68.9957	483.988	78.8565
114	-48.346 	68.1257	464.638	77.7994
115	-48.346 	67.6298	498.287	75.799 
116	-48.346 	67.1403	540.444	76.2435
117	-48.346 	67.177 	540.444	77.8545
118	-48.346 	65.2077	511.527	74.2128
119	-48.3469	63.2986	490.461	70.6172
120	-48.3469	65.3627	490.461	72.9802
121	-48.3469	66.0077	440.188	70.8434
122	-48.3469	65.6473	410.289	70.5499
123	-48.3469	67.5415	437.491	72.6805
124	-48.3469	64.9762	393.82 	70.1984
125	-48.3469	66.3236	475.21 	71.0283
126	-48.3469	66.1099	450.734	70.6074
127	-48.3469	65.1311	462.141	73.2055
128	-48.3469	64.7778	656.534	76.4681
129	-48.3469	63.5546	543.169	71.9435
130	-48.3469	65.2299	514.489	73.5052
131	-48.3469	65.7018	445.145	72.7163
132	-48.3469	64.151 	480.038	70.1219
133	-48.3469	64.8735	374.592	69.0805
134	-48.3469	66.9752	446.418	74.6559
135	-48.3469	65.7991	413.643	71.4358
136	-48.3469	69.0164	440.986	74.0343
137	-48.3473	68.4733	402.852	74.225 
138	-48.3473	68.2022	432.244	75.2195
139	-48.3473	70.1523	453.01 	81.7839
140	-48.4017	66.9182	465.313	78.9292
141	-48.4017	68.284 	473.816	78.177 
142	-48.4017	68.9325	541.691	78.9012
143	-48.4017	66.3765	400.23 	75.3546
144	-48.4017	67.3662	409.56 	74.6072
145	-48.4017	67.4353	438.712	76.3866
146	-48.4017	67.7656	601.117	82.8266
147	-48.4017	66.9552	661.801	83.9803
148	-48.4017	66.6152	570.038	82.9223
149	-48.4017	66.4379	552.01 	79.8232
150	-48.4017	67.65  	491.74 	79.7837
151	-48.4017	65.9039	681.088	79.2225
152	-48.4017	67.1687	630.666	79.4055
153	-48.4017	68.9462	648.701	84.0366
154	-48.4017	66.6411	541.646	77.3318
155	-48.4017	67.5411	850.696	83.5688
156	-48.4017	65.9207	575.051	76.9078
157	-48.4017	62.8799	482.815	69.904 
158	-48.4017	64.8002	430.045	74.4264
159	-48.4017	65.2207	479.587	72.798 
160	-48.4017	64.8054	479.587	73.4371
161	-48.4017	64.6749	471.827	72.882 
162	-48.4017	66.8418	420.101	78.0943
163	-48.4017	66.9539	480.395	77.6036
164	-48.4017	66.4961	455.323	76.5402
165	-48.4017	67.1868	480.008	76.9395
166	-48.4017	66.7645	559.594	76.8011
167	-48.4017	65.4909	575.326	79.1663
168	-48.4017	63.0008	548.801	76.4752
169	-48.4017	64.3273	556.991	76.1597
170	-48.4017	64.4368	586.719	76.5381
171	-48.4017	64.0981	484.64 	72.7573
172	-48.4017	64.0561	405.336	72.5656
173	-48.4017	63.057 	392.868	70.5773
174	-48.4017	62.4727	511.808	69.963 
175	-48.4017	63.1821	491.396	73.8077
176	-48.4017	61.6113	429.304	69.2472
177	-48.4017	61.7369	493.724	72.0433
178	-48.6348	61.5851	566.803	70.2312
179	-48.6348	61.9904	493.15 	72.8685
180	-48.6348	62.219 	574.031	73.6214
181	-48.6348	63.2809	475.739	74.2911
182	-48.6348	62.4513	475.489	71.5834
183	-48.6348	62.4492	413.691	70.3619
184	-48.6348	63.3768	505.302	71.5217
185	-48.6348	63.3238	477.589	68.5721
186	-48.6348	63.0763	480.568	68.2427
187	-48.6348	64.8822	476.739	70.629 
188	-48.6348	64.4343	476.739	72.2484
189	-48.6348	67.996 	468.948	78.1294
190	-48.6348	67.4603	472.242	76.1549
191	-48.6348	66.2461	498.418	72.1511
192	-48.6348	66.3637	459.668	75.0957
193	-48.6348	65.5135	415.804	72.4621
194	-48.6348	64.3093	473.608	72.9017
195	-48.6348	65.3411	473.608	75.4609
196	-48.6348	64.9631	569.734	74.9748
197	-48.6348	63.1577	581.066	78.589 
198	-48.6348	61.6368	532.24 	73.0592
199	-48.6348	61.9461	482.292	74.1891
200	-48.6348	63.5249	468.188	75.8848
201	-49.0053	61.6991	494.802	73.2235
202	-49.0053	61.5832	612.409	75.1583
203	-49.0053	62.1402	497.032	74.3839
204	-49.0053	61.7508	429.213	73.3372
205	-49.0053	62.9988	592.646	77.534 
206	-49.2988	61.6706	517.856	78.2912
207	-49.2988	60.9691	481.14 	75.7478
208	-49.4785	62.6044	411.441	73.4952
209	-49.4785	64.9721	638.121	78.5327
210	-49.4785	64.4625	592.97 	79.001 
211	-49.4785	62.5741	427.929	73.9035
212	-49.4785	60.8899	404.15 	72.2655
213	-49.5379	61.2431	438.363	72.6441
214	-49.5379	61.1964	593.75 	72.4684
215	-49.5379	62.7126	627.396	75.8882
216	-49.5379	60.9718	477.921	71.8873
217	-49.5379	58.5168	440.554	67.4461
218	-49.5379	59.4102	411.099	70.5018
219	-49.5379	59.8793	411.099	70.008 
220	-49.5379	59.2125	491.028	67.7545
221	-49.5379	60.9551	534.805	71.5445
222	-49.5379	59.5268	534.805	71.536 
223	-49.5379	58.6769	501.257	68.9167
224	-49.5379	59.5346	424.531	69.7696
225	-49.5379	60.7089	682.012	75.1479
226	-49.5379	58.1968	444.455	70.1773
227	-49.5379	58.9239	393.377	70.9499
228	-49.5379	58.835 	405.72 	69.2346
229	-49.5379	59.9333	429.368	71.9805
230	-49.5379	59.4805	429.368	71.609 
231	-49.5379	58.2969	359.495	65.748 
232	-49.5379	58.1326	419.866	68.6643
233	-49.5379	59.2776	522.598	72.1296
234	-49.5379	59.9894	436.66 	70.9079
235	-49.5379	60.1893	447.764	69.8429
236	-49.5379	59.0561	442.92 	68.3292
237	-49.5379	59.9813	511.308	72.8172
238	-49.5522	57.7099	403.009	69.2626
239	-49.5522	57.177 	367.726	67.8312
240	-49.5522	57.1309	367.726	68.2473
241	-49.5522	56.8689	347.554	69.4145
242	-49.5522	58.026 	439.704	70.4611
243	-49.5522	58.1708	469.075	72.3255
244	-49.5522	58.8117	426.673	71.6602
245	-49.5522	59.0537	426.673	72.5023
246	-49.5522	59.5963	617.262	76.8618
247	-49.5522	59.431 	563.27 	76.2191
248	-49.557 	57.9282	555.561	75.0994
249	-49.557 	56.7462	523.09 	70.4217
250	-49.557 	57.1821	391.904	69.3138
251	-49.557 	54.6543	441.296	65.183 
252	-49.557 	56.0348	471.309	67.7879
253	-49.557 	58.3956	397.999	73.1028
254	-49.557 	59.0785	401.52 	74.4289
255	-49.557 	57.4663	388.325	69.4914
256	-49.557 	57.9488	469.927	73.5151
257	-49.557 	57.3184	425.913	70.9529
258	-49.557 	56.2459	394.838	68.5758
259	-49.557 	53.9503	347.405	64.5665
260	-49.557 	54.153 	422.027	65.851 
261	-49.557 	55.1637	451.126	67.311 
262	-49.557 	57.9223	495.884	71.8271
263	-49.557 	56.5606	352.289	67.2146
264	-49.557 	56.8613	449.969	69.5258
265	-49.5581	57.3825	409.757	69.0034
266	-49.5581	57.3783	387.268	69.5476
267	-49.5581	55.9298	390.657	67.6085
268	-49.5581	56.5056	418.891	69.0069
269	-49.5581	57.9218	612.199	71.633 
270	-49.5581	56.1229	419.399	64.6143
271	-49.5581	56.0741	400.527	66.2553
272	-49.8208	57.6409	394.062	69.1103
273	-49.8208	59.2812	756.353	77.7268
274	-49.8208	56.4542	578.421	71.1653
275	-49.8208	55.1368	416.27 	68.2141
276	-49.8208	54.7607	513.544	68.3593
277	-49.8208	53.7165	422.789	66.1746
278	-49.8208	53.7626	548.149	68.7764
279	-49.8208	55.2551	626.44 	69.9003
280	-49.8208	54.486 	536.043	69.0604
281	-49.8208	53.4892	487.264	69.1997
282	-49.8208	55.2477	487.264	69.6731
283	-49.8208	55.2255	453.928	70.3254
284	-49.8208	54.9352	441.489	69.0187
285	-49.8208	54.0251	424.949	69.9069
286	-49.8208	53.6491	362.942	66.4754
287	-49.8208	52.7489	332.67 	65.8245
288	-49.8208	52.5861	500.664	67.1539
289	-49.8208	53.2268	409.041	66.7904
290	-49.8208	55.1094	409.041	69.1206
291	-49.8208	54.1585	360.528	66.5788
292	-49.8208	53.4178	416.133	64.8677
293	-49.8208	53.0634	377.67 	67.5641
294	-49.8208	53.4848	478.012	69.1004
295	-49.8208	53.4799	434.486	65.5247
296	-49.8208	53.3746	497.506	68.7599
297	-49.8208	53.9623	524.282	70.7798
298	-49.8208	54.4343	519.075	73.1493
299	-49.8208	52.9863	413.075	67.964 
300	-49.8208	52.9071	414.226	67.1568
301	-49.8208	55.1078	419.17 	71.4624
302	-49.8208	54.161 	404.139	71.1946
303	-49.8208	53.2728	386.185	70.9539
304	-49.8208	52.2019	410.519	68.5353
305	-49.8208	52.0356	387.307	66.5424
306	-49.8208	52.0533	376.764	65.4582
307	-49.8208	53.5064	483.479	70.022 
308	-49.8208	54.3866	429.836	68.5469
309	-49.8208	52.6045	501.459	68.6405
310	-49.8208	52.3468	446.576	67.67  
311	-49.8208	53.0777	393.043	67.1101
312	-49.8208	54.9686	451.479	71.2073
313	-49.8208	53.4631	431.183	69.4019
314	-49.8208	52.9631	365.534	67.3501
315	-49.8208	52.7407	387.133	68.4902
316	-49.8208	53.3432	399.505	67.5484
317	-49.8208	52.7857	494.34 	72.2257
318	-49.8794	53.5294	445.53 	73.1505
319	-50.1882	52.5627	434.387	71.635 
320	-50.1882	51.9079	447.857	69.0492
321	-50.1882	51.9425	448.815	70.7059
322	-50.1882	51.7785	521.678	72.2826
323	-50.1882	52.3576	417.411	71.7202
324	-50.1882	51.4334	545.61 	73.2198
325	-50.1882	51.8427	545.61 	71.2676
326	-50.1882	52.5293	425.587	69.193 
327	-50.1882	53.6498	462.16 	73.4512
328	-50.1882	53.8878	462.16 	72.2511
329	-50.1882	52.4625	461.378	69.406 
330	-50.1882	49.5449	458.024	66.9638
331	-50.1882	50.6712	471.973	69.2   
332	-50.1882	50.6981	412.787	68.4857
333	-50.1882	50.3635	412.787	68.456 
334	-50.1882	49.6741	476.701	67.8182
335	-50.1882	50.7483	403.334	67.7081
336	-50.1882	50.5393	370.751	66.3746
337	-50.1882	51.5083	392.17 	68.2337
338	-50.1882	53.1112	437.967	71.8825
339	-50.1882	52.7978	437.967	71.619 
340	-50.1882	53.7379	483.851	71.6093
341	-50.1882	52.7925	490.884	70.7643
342	-50.1882	53.2579	515.268	69.6001
343	-50.1882	52.7419	419.461	70.2407
344	-50.1882	52.3886	429.954	69.1951
345	-50.1882	52.9149	433.479	69.7766
346	-50.1882	53.9692	515.04 	73.7183
347	-50.1882	53.3252	515.04 	73.9965
348	-50.1882	52.673 	501.621	69.5874
349	-50.1882	51.4417	501.621	72.2922
350	-50.1882	50.0407	573.982	72.0944
351	-50.1882	50.5439	438.162	72.135 
352	-50.3271	49.8864	490.183	70.1542
353	-50.3271	50.2582	439.637	72.2976
354	-50.3271	50.0439	417.23 	68.5922
355	-50.3271	48.1539	400.665	63.7981
356	-50.3271	49.5206	360.199	65.9092
357	-50.3271	50.5007	360.199	67.4821
358	-50.3271	50.6273	357.925	68.5012
359	-50.3271	52.4296	441.668	71.3465
360	-50.3271	50.8964	462.289	68.1868
361	-50.3331	51.3848	397.699	70.2067
362	-50.3331	52.6908	419.776	72.7096
363	-50.3331	53.0382	545.848	75.8968
364	-50.3331	50.8718	423.835	73.737 
365	-50.3331	51.3566	423.835	72.7355
366	-50.3331	50.0415	423.835	70.8291
367	-50.3331	52.3678	478.135	71.6125
368	-50.3331	50.4585	505.419	67.9625
369	-50.3331	49.8289	499.439	68.913 
370	-50.3331	50.7016	499.439	71.2354
371	-50.3331	52.1531	462.404	73.5737
372	-50.3331	51.1131	462.404	73.2945
373	-50.3331	50.9289	462.404	74.2712
374	-50.3331	51.4675	418.403	74.3864
375	-50.3331	51.3255	601.528	76.941 
376	-50.3331	51.5714	463.85 	73.1258
377	-50.3331	50.746 	463.85 	72.8307
378	-50.3331	49.9981	518.345	74.9968
379	-50.3331	50.261 	493.019	73.0188
380	-50.3331	52.0984	543.697	75.2943
381	-50.3331	50.9672	488.578	74.0472
382	-50.3331	51.7896	509.249	75.335 
383	-50.3331	50.7848	432.978	71.4104
384	-50.3331	50.1165	461.476	70.6409
385	-50.3331	51.3293	426.537	72.3538
386	-50.3331	50.2788	438.462	72.5381
387	-50.3331	49.2143	446.248	69.4237
388	-50.3331	50.2304	415.432	71.1215
389	-50.3331	48.3726	440.311	68.4135
390	-50.3711	48.6517	390.455	67.4016
391	-50.3711	48.43  	408.498	70.6346
392	-50.3711	47.5098	378.824	67.3972
393	-50.3711	47.1942	394.267	67.7057
394	-50.3711	48.301 	456.35 	70.3029
395	-50.3711	47.4448	528.431	68.4881
396	-50.3711	47.6947	450.91 	69.3276
397	-50.3711	47.871 	450.91 	69.8153
398	-50.3711	48.8837	497.127	72.2923
399	-50.3711	48.1679	454.592	69.1704
400	-50.3711	50.1982	450.569	70.7446
401	-50.3711	49.4436	388.134	68.2396
402	-50.3711	48.5733	351.772	67.989 
403	-50.3711	51.8929	397.369	69.0841
404	-50.3711	49.6515	383.874	66.1254
405	-50.3711	48.0368	377.576	62.6155
406	-50.3711	47.64  	444.488	65.3027
407	-50.3711	47.6958	432.664	64.621 
408	-50.3711	47.5163	376.263	63.9633
409	-50.3711	48.9232	485.53 	71.9004
410	-50.3711	49.9535	468.915	71.6655
411	-50.3711	49.8739	546.12 	70.513 
412	-50.3711	47.0076	525.098	67.1145
413	-50.3711	46.542 	406.777	65.919 
414	-50.3711	46.5747	377.957	65.0409
415	-50.3711	47.0504	411.17 	69.2785
416	-50.3711	48.7002	523.316	71.3833
417	-50.3711	47.6934	363.204	68.4916
418	-50.3711	47.2547	431.006	68.2189
419	-50.3711	46.9441	411.654	66.0614
420	-50.3711	46.7938	418.2  	64.9117
421	-50.3711	48.1993	428.121	68.5223
422	-50.3711	47.8669	461.79 	68.1223
423	-50.3711	47.6644	381.406	65.9815
424	-50.3711	46.6625	442.539	67.0186
425	-50.5048	46.2028	413.857	68.0293
426	-50.5048	44.6347	453.163	66.2965
427	-50.5048	45.3203	525.792	65.9535
428	-50.5048	46.1712	527.506	69.5311
429	-50.5048	47.0349	533.618	70.6159
430	-50.5048	45.6407	497.848	68.3779
431	-50.5048	45.5346	511.587	67.31  
432	-50.5048	44.761 	394.247	66.8957
433	-50.5048	43.506 	366.263	64.6213
434	-50.5048	43.6687	370.426	65.2396
435	-50.5048	45.5335	436.086	66.8924
436	-50.6732	44.9405	303.413	62.9891
437	-50.6732	44.3675	343.344	62.0948
438	-50.6732	47.1568	505.848	67.8234
439	-50.6732	49.5305	330.879	68.4465
440	-50.6732	48.7365	427.761	70.7703
441	-50.6732	47.5793	424.368	67.8789
442	-50.7327	46.8875	436.092	67.7681
443	-50.7327	48.8691	432.366	69.4025
444	-50.7327	47.3051	445.003	69.0957
445	-50.7327	47.0063	457.062	67.2326
446	-50.7327	46.451 	402.02 	64.0553
447	-50.7327	44.6829	596.11 	65.4739
448	-50.7327	44.9506	385.533	64.1902
449	-50.7327	45.7195	355.617	64.6012
450	-50.7327	45.4113	433.013	64.6795
451	-50.8421	45.8566	380.591	67.3214
452	-50.8421	44.66  	364.419	64.5035
453	-50.8421	42.8232	356.254	62.1709
454	-50.8579	45.7794	593.329	69.7596
455	-50.8579	45.5949	458.334	68.9037
456	-50.8579	46.2996	426.714	71.5067
457	-50.8579	46.6377	416.2  	72.1417
458	-50.8579	48.2251	416.2  	72.4351
459	-50.8579	46.9565	428.806	69.7805
460	-50.8579	47.9459	417.537	73.1579
461	-50.9405	44.8891	425.823	71.4343
462	-50.9405	42.0174	379.292	66.0913
463	-50.9405	40.9478	390.579	61.0287
464	-50.9405	39.4452	433.827	59.8951
465	-50.9405	40.3505	385.415	60.9571
466	-50.9405	40.9224	356.838	62.602 
467	-50.9405	40.5006	323.485	62.3252
468	-50.9405	40.6572	339.82 	61.76  
469	-50.9405	42.7948	401.432	66.1229
470	-50.9405	44.2503	597.764	69.0672
471	-50.9405	42.3567	525.421	64.4722
472	-50.9405	42.695 	409.481	63.5135
473	-51.0949	43.6401	409.481	63.7351
474	-51.0949	43.9534	458.326	65.2885
475	-51.0949	43.5123	527.433	64.1424
476	-51.0949	44.4267	467.07 	65.7474
477	-51.0949	44.3097	373.248	66.2935
478	-51.0949	43.9188	368.342	66.5711
479	-51.0949	43.2449	386.318	63.7859
480	-51.0949	43.213 	448.988	62.977 
481	-51.0949	41.2851	333.362	58.0081
482	-51.0949	43.2544	344.259	62.6841
483	-51.0949	42.973 	379.62 	64.4372
484	-51.0949	43.3452	397.243	68.4467
485	-51.0949	43.4779	457.332	66.7195
486	-51.0949	43.5395	502.723	66.3249
487	-51.0949	43.6319	368.219	67.0303
488	-51.0949	42.938 	364.93 	65.5831
489	-51.0949	41.7398	361.168	63.6114
490	-51.0949	41.075 	322.46 	61.4519
491	-51.0949	40.9363	339.817	62.9126
492	-51.0949	41.3947	477.436	63.5677
493	-51.0949	42.2442	526.722	64.8118
494	-51.0949	42.2117	470.626	65.7304
495	-51.0949	43.5884	461.868	66.4072
496	-51.0949	42.1225	461.868	66.6084
497	-51.0949	42.0563	536.497	66.6118
498	-51.0949	41.2181	449.694	67.5019
499	-51.0949	40.2836	517.495	67.2445
-52.34999999
