/usr/lib/python2.7/site-packages/deap/tools/_hypervolume/pyhv.py:33: ImportWarning: Falling back to the python version of hypervolume module. Expect this to be very slow.
  "module. Expect this to be very slow.", ImportWarning)
gen	min    	avg    	max    	std    
0  	1405.43	2281.64	5047.49	447.881
1  	1405.43	2271.75	4774.44	434.545
2  	1405.43	2276.6 	4731.67	451.828
3  	1405.43	2278.76	5194.38	461.962
4  	1405.43	2281.04	4523.4 	457.572
5  	1282.68	2280.15	4446.85	461.808
6  	1282.68	2267.98	4446.85	438.482
7  	1282.68	2265.01	4371.15	428.131
8  	1282.68	2269.98	4324.4 	431.066
9  	1282.68	2266.78	4186.56	426.81 
10 	1282.68	2267.24	4445.5 	434.495
11 	1282.68	2259.57	4503.24	427.936
12 	1282.68	2270.71	4385.18	449.35 
13 	1282.68	2265.57	4139.48	427.465
14 	1282.68	2262.92	4613.26	436.858
15 	1281   	2258.78	4772.11	441.561
16 	1281   	2250.05	4874.86	437.025
17 	1281   	2254.76	4540.6 	441.994
18 	1281   	2253.16	4392.03	437.003
19 	1281   	2253.73	4417.37	421.75 
20 	1278.36	2252.6 	4739.37	433.698
21 	1278.36	2254.39	4037.83	435.781
22 	1278.36	2255.78	4099.04	428.338
23 	1278.36	2254.68	4308.22	439.441
24 	1278.36	2241.79	4538.24	429.769
25 	1278.36	2242.75	4456.81	423.022
26 	1278.36	2244.18	4232.39	422.915
27 	1278.36	2246   	4606.89	438.002
28 	1278.36	2245.2 	4412.3 	437.645
29 	1278.36	2237.79	4188.05	411.544
30 	1278.36	2225.72	3934.07	403.183
31 	1278.36	2229.66	4001.01	408.31 
32 	1278.36	2234.78	4183.37	428.556
33 	1278.36	2238.52	4211.59	431.505
34 	1278.36	2243.03	4500.57	438.975
35 	1278.36	2244.01	4194.92	425.174
36 	1278.36	2236.19	4297.4 	424.64 
37 	1278.36	2238.85	4297.4 	431.919
38 	1278.36	2236.96	3943.11	421.157
39 	1278.36	2237.1 	4677.05	435.229
40 	1278.36	2227.74	4301.95	417.156
41 	1278.36	2235.12	4283   	431.268
42 	1278.36	2223.92	4128.84	415.033
43 	1278.36	2217.77	4014.59	407.941
44 	1278.36	2208.09	3783.45	403.45 
45 	1278.36	2215.83	4219.63	412.772
46 	1278.36	2212.21	4229.58	393.931
47 	1278.36	2215.92	4164.34	394.843
48 	1227.77	2204.35	4885.68	378.911
49 	1227.77	2207.44	4298.93	395.329
50 	1227.77	2205.94	3966.37	383.734
51 	1227.77	2198.32	4369.64	396.917
52 	1227.77	2194.91	4006.35	372.032
53 	1227.77	2197.43	4066.35	376.056
54 	1227.77	2194.65	4066.35	371.763
55 	1227.77	2197.24	4099.64	385.25 
56 	1227.77	2197.07	4442.08	389.274
57 	1227.77	2205.45	4442.08	404.033
58 	1227.77	2204.68	4491.91	412.109
59 	1227.77	2201.88	4080.32	388.632
60 	1227.77	2205.65	3955.93	387.288
61 	1227.77	2206.85	3870.47	384.572
62 	1227.77	2210.88	4033.92	390.254
63 	1227.77	2208.56	3639.28	384.9  
64 	1227.77	2204.59	3906.9 	390.742
65 	1227.77	2215.46	4071.5 	408.527
66 	1227.77	2220.92	4459.57	431.707
67 	1227.77	2214.64	4459.57	427.699
68 	1227.77	2210.66	4431.83	410.855
69 	1227.77	2211.52	4120.44	410.272
70 	1227.77	2210.99	4242.52	415.286
71 	1227.77	2212.68	3949.07	403.381
72 	1227.77	2212.14	3971.79	400.166
73 	1227.77	2216.52	4087.63	412.98 
74 	1227.77	2204.4 	4626.5 	406.508
75 	1227.77	2204.97	4174.42	421.971
76 	1227.77	2205.98	4440.27	427.279
77 	1227.77	2208.45	4438.68	443.218
78 	1227.77	2204.79	4397.86	431.116
79 	1227.77	2203.76	4599.18	440.874
80 	1227.77	2210.32	4558.05	444.427
81 	1227.77	2213.22	4558.05	434.85 
82 	1227.77	2214.46	5147.33	453.86 
83 	1227.77	2212.65	4888.94	449.828
84 	1227.77	2204.88	4610.52	434.062
85 	1227.77	2200.78	4043.45	422.237
86 	1227.77	2201.06	4009.08	415.927
87 	1227.77	2199.87	4069.77	421.555
88 	1227.77	2205.25	4419.29	443.503
89 	1227.77	2199   	4358.86	441.514
90 	1227.77	2201.81	4248.98	447.697
91 	1227.77	2193.73	4218.7 	422.12 
92 	1227.77	2193.24	4140.63	423.358
93 	1227.77	2196.2 	4146.13	431.563
94 	1227.77	2194.2 	4146.13	429.513
95 	1227.77	2187.69	4292.81	413.518
96 	1227.77	2180.12	4398.82	414.578
97 	1227.77	2172.5 	4086.21	378.389
98 	1227.77	2175.5 	4086.21	386.876
99 	1227.77	2179.37	3861.3 	395.358
100	1227.77	2184.22	3989.12	398.881
101	1227.77	2177.2 	3989.12	399.068
102	1227.77	2175.17	4247.25	408.039
103	1227.77	2182.56	4308.22	430.55 
104	1227.77	2183.4 	4286.61	436.013
105	1227.77	2176.11	4522.96	430.433
106	1227.77	2157.27	4085.48	387.955
107	1227.77	2159.8 	4120.69	401.378
108	1227.77	2165.02	4120.69	408.866
109	1227.77	2168.67	4318.95	426.776
110	1227.77	2163.47	4286.2 	418.534
111	1227.77	2168.1 	4250.27	424.372
112	1227.77	2177.6 	4310.55	427.84 
113	1227.77	2170.72	4648.46	430.855
114	1227.77	2169.19	4164.43	410.539
115	1227.77	2174.17	4164.43	407.548
116	1227.77	2173.07	4164.43	413.872
117	1227.77	2177.62	4299.68	422.868
118	1227.77	2174.19	4370.38	432.556
119	1227.77	2177.17	4484.47	436.959
120	1227.77	2175.7 	4451.46	444.207
121	1227.77	2166.68	4390.06	437.239
122	1227.77	2156.52	4138.14	415.883
123	1227.77	2158.76	4119.04	405.634
124	1227.77	2165.79	4127.72	418.606
125	1227.77	2156.8 	4119.04	404.56 
126	1227.77	2157.27	4726.18	411.438
127	1227.77	2153   	4258.67	404.364
128	1227.77	2161.84	4296.78	413.915
129	1227.77	2151.88	3914.52	382.544
130	1227.77	2161.14	3921.59	401.271
131	1227.77	2159.66	4341.15	424.645
132	1227.77	2152.9 	4635.4 	419.659
133	1227.77	2150.57	4593.63	418.298
134	1227.77	2156.78	4436.06	429.5  
135	1227.77	2149.06	4018.75	417.435
136	1227.77	2142.77	3936.55	404.841
137	1227.77	2147.75	4524.9 	417.07 
138	1227.77	2147.55	4168.42	409.941
139	1227.77	2138.27	4168.42	406.404
140	1227.77	2143.19	4331.63	411.421
141	1227.77	2136.97	4496.7 	413.377
142	1198.59	2143.3 	4074.09	416.458
143	1198.59	2134.38	3955.61	399.448
144	1198.59	2133.5 	3998.36	385.056
145	1198.59	2128.05	4112.92	375.6  
146	1193.2 	2130.44	4014.06	387.781
147	1193.2 	2130.36	3908.03	374.69 
148	1193.2 	2127.67	4081.72	382.552
149	1193.2 	2123.68	4081.72	360.201
150	1193.2 	2122.02	3961.95	360.14 
151	1193.2 	2123.2 	3961.95	373.68 
152	1192.95	2122.65	3685.28	377.571
153	1192.95	2135.56	3998.09	401.838
154	1192.95	2134.91	4147.98	407.839
155	1192.95	2130.51	4597.65	386.928
156	1192.95	2142.82	3970.5 	389.974
157	1192.95	2140.12	4522.44	388.289
158	1192.95	2130.34	4069.6 	376.245
159	1192.95	2131.22	3872.65	379.748
160	1192.95	2126.55	4220.75	375.823
161	1192.95	2127.01	4022.85	381.627
162	1192.95	2145.04	4028.32	413.431
163	1192.95	2144.75	4288.43	425.011
164	1192.95	2140.18	4749.61	429.48 
165	1192.95	2142.35	4749.61	426.484
166	1192.95	2140.92	4173.84	410.196
167	1192.95	2134.97	4197.82	412.173
168	1192.95	2144.29	4119.22	414.356
169	1192.95	2141.71	4119.22	416.843
170	1192.95	2139.78	4303.59	417.076
171	1192.95	2141.69	4117.59	411.375
172	1192.95	2133.74	4761.83	421.622
173	1192.95	2127.95	4699.49	417.526
174	1192.95	2135.58	4601.12	419.819
175	1192.95	2133.02	4395.77	416.028
176	1192.95	2131.8 	4146.09	404.824
177	1192.95	2130.38	3968.8 	403.241
178	1192.95	2130.67	3968.8 	402.508
179	1192.95	2138.84	4085.77	407.601
180	1192.95	2136.04	4356.04	406.209
181	1192.95	2129.7 	4198.45	402.873
182	1192.95	2133.26	3874.95	412.225
183	1192.95	2128.74	4041.74	412.018
184	1192.95	2121.56	3879.34	390.595
185	1192.95	2126.3 	4047.88	396.44 
186	1192.95	2130.13	4007.84	407.506
187	1192.95	2125.41	4300.42	408.223
188	1192.95	2120.25	4111.29	406.2  
189	1192.95	2118.05	4011.73	389.867
190	1192.95	2110.61	3939.04	365.98 
191	1192.95	2116.29	3810.91	368.831
192	1192.95	2115.56	4181.13	390.172
193	1192.95	2116.28	4154.88	390.442
194	1192.95	2112.12	3890.65	395.604
195	1192.95	2123.9 	4205.79	417.206
196	1192.95	2119.2 	3988.32	401.771
197	1192.95	2122.55	4069.16	412.443
198	1192.95	2115.32	4070.28	396.526
199	1192.95	2112.04	4070.28	394.468
200	1192.95	2114.42	4013.84	403.554
201	1192.95	2107.33	3804.42	393.778
202	1192.95	2113.69	3828.5 	396.623
203	1192.95	2110.23	3707.68	395.916
204	1192.95	2112.36	4672.15	414.345
205	1192.95	2116.34	4045.1 	412.201
206	1192.95	2119.77	3871.5 	412.131
207	1192.95	2121.66	3960.84	411.495
208	1192.95	2116.7 	4606.14	416.477
209	1192.95	2116.14	4409.84	404.371
210	1192.95	2120.03	4379   	410.979
211	1192.95	2116.77	4017.35	412.346
212	1192.95	2116.75	4333.4 	422.248
213	1192.95	2110.78	3948.08	412.788
214	1192.95	2110.44	4032.51	410.465
215	1192.95	2102.94	4381.72	405.942
216	1192.95	2102.67	4270.3 	423.259
217	1192.95	2112.93	4165.48	434.361
218	1192.95	2102.25	4223.84	412.91 
219	1192.95	2105.88	4002.62	406.906
220	1192.95	2111.61	3930.03	399.625
221	1192.95	2109.95	3746.38	390.942
222	1192.95	2101.12	3992.22	389.684
223	1192.95	2100.45	4277.96	390.015
224	1192.95	2100.78	4150.81	401.599
225	1192.95	2099.27	4085.48	402.472
226	1192.95	2106.77	3964.77	413.163
227	1192.95	2107.43	3960.7 	408.715
228	1192.95	2102.06	4060.27	409.44 
229	1192.95	2097.09	3893.67	388.812
230	1192.95	2099.12	3786.5 	395.309
231	1192.95	2097.91	4109.9 	392.343
232	1192.95	2094.65	4326.61	396.41 
233	1192.95	2092.91	4049.74	392.088
234	1192.95	2097.28	4259.1 	408.874
235	1192.95	2101.99	4057.2 	413.372
236	1192.95	2096.78	4013.11	407.673
237	1192.95	2092.55	3967.17	398.46 
238	1192.95	2093.67	4219.05	404.475
239	1192.95	2098.94	4359.44	395.735
240	1192.95	2095.3 	4219.05	396.534
241	1192.95	2092.36	5161.54	400.191
242	1192.95	2095.29	4307.28	396.364
243	1192.95	2093.73	4084.76	405.601
244	1192.95	2092.48	4331.58	396.455
245	1192.95	2090.15	3860.25	384.924
246	1192.95	2091.84	3640.89	396.891
247	1192.95	2099.15	3984.41	413.921
248	1192.95	2101.39	3855.79	417.209
249	1192.95	2099.53	3547.7 	407.054
250	1192.95	2096.27	3919.72	408.614
251	1192.95	2091.78	4226.06	418.82 
252	1192.95	2088.3 	4172.35	415.299
253	1192.95	2083.96	3870.14	405.898
254	1192.95	2084.57	4185.94	409.055
255	1192.95	2074.44	3996.9 	386.978
256	1192.95	2075.39	3888.46	386.995
257	1192.95	2074.23	3800.02	380.748
258	1192.95	2078.94	3933.04	394.155
259	1192.95	2077.27	3762.82	394.732
260	1192.95	2067.23	3719.38	378.336
261	1192.95	2071.47	3806.78	388.277
262	1192.95	2078.92	3806.78	393.217
263	1192.95	2085.04	4037.25	408.577
264	1192.95	2081.84	3833.06	390.869
265	1192.95	2087.43	3780.32	412.597
266	1192.95	2079.46	4236.8 	404.057
267	1192.95	2088.01	4176.99	422.029
268	1192.95	2080.15	3977.62	414.619
269	1192.95	2075.17	4025.55	406.781
270	1192.95	2073.46	3831.43	397.029
271	1192.95	2073.42	4285.15	386.864
272	1192.95	2077.84	4326.18	384.111
273	1192.95	2075.43	4223.96	384.353
274	1192.95	2075.4 	4274.21	369.58 
275	1192.95	2071.12	4254.19	372.634
276	1192.95	2075.53	4210.59	379.922
277	1192.95	2069.33	4025.03	373.685
278	1192.95	2067.52	4098.12	396.204
279	1192.95	2065.86	4726.98	402.412
280	1192.95	2060.18	4193.81	378.861
281	1192.95	2055.3 	3898.78	370.081
282	1192.95	2063.57	4262.24	389.293
283	1192.95	2059.49	4204.66	386.432
284	1192.95	2056.15	3521.77	370.543
285	1192.95	2066.17	3929.17	392.62 
286	1192.95	2059.01	3786.68	376.628
287	1192.95	2055.49	4059.03	373.289
288	1192.95	2054.69	4059.03	382.269
289	1192.95	2065.08	3937.45	391.042
290	1192.95	2065.26	4314.89	400.017
291	1192.95	2063.77	4298.5 	406.547
292	1192.95	2067.88	4483.26	413.973
293	1192.95	2058.91	4138.33	395.574
294	1192.95	2062.09	4796.46	409.279
295	1192.95	2063.3 	3961.95	386.652
296	1192.95	2061.86	3884.32	380.047
297	1192.95	2054.72	3912.51	371.751
298	1192.95	2051.65	3517.47	372.493
299	1192.95	2058.72	3807.21	383.746
300	1192.95	2071.33	3798.83	387.177
301	1192.95	2062.61	4186.72	391.268
302	1192.95	2061.55	3997.46	385.952
303	1192.95	2055.98	3869.77	381.296
304	1192.95	2062.78	4266.32	389.455
305	1192.95	2058.34	4031.86	382.62 
306	1192.95	2051.42	3703.4 	375.015
307	1192.95	2058.02	3770.06	383.152
308	1192.95	2038.16	4280.93	378.763
309	1192.95	2041.17	4110.01	377.239
310	1192.95	2043.7 	3784.81	370.462
311	1192.95	2045.53	3801.45	370.443
312	1192.95	2048.76	3960.51	383.752
313	1192.95	2045.44	4145.75	384.369
314	1192.95	2045.32	4145.75	390.097
315	1192.95	2056.24	4297.74	403.35 
316	1192.95	2057.28	4393   	402.212
317	1192.95	2057.05	3960.8 	400.997
318	1192.95	2050.37	4081.71	386.251
319	1192.95	2053.06	3733.47	382.265
320	1192.95	2050.52	4030.24	379.542
321	1192.95	2051.98	4030.24	388.115
322	1192.95	2052.71	4909.12	397.896
323	1192.95	2055.57	4341.28	396.234
324	1192.95	2050.28	4254.97	394.309
325	1192.95	2049.52	3858.38	394.099
326	1192.95	2046.92	3538.72	380.649
327	1192.95	2038.61	3590.96	365.602
328	1192.95	2041.62	3733.46	366.812
329	1192.95	2045.81	3670.52	383.472
330	1192.95	2048.4 	4203.77	387.973
331	1192.95	2045   	4092.55	385.234
332	1192.95	2041.22	3822.29	385.144
333	1192.95	2038.48	4090.89	386.452
334	1192.95	2036.55	3813.91	392.539
335	1192.95	2037.24	3813.91	376.177
336	1192.95	2036.03	3813.91	375.047
337	1192.95	2032.32	3665.86	379.746
338	1192.95	2033.84	3870.39	370.107
339	1192.95	2029.37	4028.64	384.987
340	1192.95	2033.8 	4028.64	387.324
341	1192.95	2027.06	3729.04	380.871
342	1192.95	2029.68	3795.86	392.582
343	1192.95	2033.58	3772.61	393.208
344	1192.95	2038.54	4010.12	394.362
345	1192.95	2045.73	4149.04	399.448
346	1192.95	2033.64	3933.94	382.723
347	1192.95	2037.93	3722.79	373.746
348	1192.95	2042.29	3838.88	382.444
349	1192.95	2036.88	3773.08	374.979
350	1192.95	2035.97	4172.97	380.685
351	1192.95	2025.28	3503.52	358.666
352	1192.95	2024.79	3622.76	362.47 
353	1192.95	2021.5 	3567.38	355.195
354	1192.95	2024.98	3745.16	356.452
355	1192.95	2025.28	3893.2 	368.947
356	1192.95	2021.98	3976.86	367.712
357	1192.95	2023.51	3702.53	367.137
358	1192.95	2024.78	3624.41	371.804
359	1192.95	2022.4 	4227.71	363.481
360	1192.95	2020.09	3978.53	359.629
361	1192.95	2026.35	3733.4 	360.39 
362	1192.95	2032.86	4193.55	388.993
363	1192.95	2034.8 	3981.62	389.394
364	1192.95	2029.51	3981.62	379.657
365	1192.95	2025.74	3725.36	377.332
366	1192.95	2026.87	3778.28	376.426
367	1192.95	2019.93	3515.46	358.097
368	1192.95	2025.82	3653.91	363.633
369	1192.95	2027.93	3868.28	371.095
370	1192.95	2018.47	3729.6 	352.201
371	1192.95	2022.65	3579.02	369.916
372	1192.95	2014.22	3509.31	352.157
373	1192.95	2017.41	3608.38	360.043
374	1192.95	2021.31	3959.52	369.477
375	1192.95	2025.75	4195.5 	382.356
376	1192.95	2016.13	3942.63	375.981
377	1192.95	2018   	4190.94	370.729
378	1192.95	2020.33	4396.34	377.62 
379	1192.95	2022.34	3752.41	360.279
380	1192.95	2027.74	3536.45	364.834
381	1192.95	2026.19	3512.62	376.677
382	1192.95	2018.26	3446.14	359.956
383	1192.95	2026.33	3940.35	381.313
384	1192.95	2025.73	4201.7 	384.291
385	1192.95	2033.31	4404.76	404.401
386	1192.95	2029.14	4045.34	398.014
387	1192.95	2023.52	4022.49	388.764
388	1192.95	2025.71	4002.99	383.917
389	1192.95	2029.69	4101.54	403.07 
390	1192.95	2025.29	4004.56	386.096
391	1192.95	2025.19	3790.16	384.037
392	1192.95	2033.93	3793.09	389.106
393	1192.95	2018.82	4065.14	384.176
394	1192.95	2019.36	4423.46	389.691
395	1192.95	2013.18	3978.71	366.536
396	1192.95	2006.99	3645.07	347.529
397	1192.95	2012.12	4144.89	369.149
398	1192.95	2006.27	4020.75	357.154
399	1192.95	2002.65	3940.51	359.507
400	1192.95	2007.93	3925.31	367.773
401	1192.95	2002.34	3771.85	355.365
402	1192.95	2003.08	3780.32	364.88 
403	1192.95	2003.38	3714.59	355.141
404	1192.95	2007.75	3934.89	367.307
405	1192.95	2007.45	4121.9 	376.278
406	1192.95	2004.27	3902.05	368.669
407	1192.95	2007.51	3897.39	376.024
408	1192.95	2002.88	3929.07	371.894
409	1192.95	1997.85	3950.46	373.573
410	1192.95	1993.66	3859.8 	368.53 
411	1192.95	1996.08	3875.89	367.061
412	1192.95	1998.29	3812.66	362.56 
413	1192.95	1990.17	3812.66	355.627
414	1192.95	1997.4 	3882.64	373.968
415	1192.95	2006.24	4046.34	397.324
416	1192.95	2013.55	3836.17	400.483
417	1192.95	2012.12	3980.06	405.309
418	1192.95	2011.85	4195.09	401.325
419	1192.95	2007.72	3710.35	380.131
420	1192.95	2004.42	3683.74	374.904
421	1192.95	2013.78	3916.61	400.589
422	1192.95	2010.57	3843.17	391.167
423	1192.95	2009.05	4175.56	389.016
424	1192.95	2005.9 	3843.17	385.809
425	1192.95	2006.37	4035.95	375.617
426	1192.95	2005.02	3728.65	370.526
427	1192.95	2001   	3730.81	373.119
428	1192.95	2000.53	3808.94	376.997
429	1192.95	1996.13	3764.97	353.774
430	1192.95	2000.95	4000.38	371.539
431	1192.95	2001.09	3821.12	379.066
432	1192.95	2005.9 	3587.87	380.713
433	1192.95	2009.44	3947.75	396.231
434	1192.95	2000.25	3587.87	365.951
435	1192.95	2000.8 	3587.87	383.099
436	1192.95	2000.37	3880.32	374.829
437	1192.95	1994.38	3802.79	379.612
438	1192.95	1986.64	3437.76	351.255
439	1192.95	1991.02	3438.61	357.321
440	1192.95	2000.11	4254.27	386.429
441	1192.95	1998.59	3773.73	372.718
442	1192.95	1990.14	3697.51	357.844
443	1192.95	1982.24	3858.71	344.292
444	1192.95	1983.84	3695.88	351.227
445	1192.95	1985.17	3717.53	361.125
446	1192.95	1989.78	4319.21	373.442
447	1192.95	1988.93	3607.03	367.436
448	1192.95	1987.81	4117.28	371.068
449	1192.95	1988.68	4169.99	382.28 
450	1192.95	1985.66	4063.01	376.033
451	1192.95	1978.25	3848.18	375.038
452	1192.95	1982.88	4006.38	386.45 
453	1192.95	1988.19	4081.13	389.958
454	1192.95	1993.33	4072.52	405.385
455	1192.95	1992.61	4231.64	406.04 
456	1192.95	1986.34	4146.15	388.128
457	1192.95	1984.31	3811.21	373.112
458	1192.95	1987.14	3804.14	377.347
459	1192.95	1985.24	3496.32	364.12 
460	1192.95	1981.82	3927.23	378.22 
461	1192.95	1980.91	3846.87	381.204
462	1192.95	1976.86	3720.45	370.607
463	1192.95	1970.08	3695.52	362.756
464	1192.95	1975.96	3695.52	368.727
465	1192.95	1981.71	3695.52	365.885
466	1192.95	1980.5 	3725.07	367.153
467	1192.95	1973.7 	3591.45	357.11 
468	1192.95	1974.01	3837.8 	361.85 
469	1192.95	1967.92	3654.69	351.53 
470	1192.95	1974.59	4244.67	368.525
471	1192.95	1976.53	3706.12	359.847
472	1192.95	1977.07	3706.12	360.869
473	1192.95	1979.39	3552.36	362.067
474	1192.95	1988.72	3727.32	382.017
475	1192.95	1984.26	3764.32	383.384
476	1192.95	1986.67	3943.68	391.233
477	1192.95	1986.98	3905.62	393.607
478	1192.95	1987.55	3943.29	401.213
479	1192.95	1997.32	3835.64	418.607
480	1192.95	1995.85	3848.39	402.239
481	1192.95	1988.41	3848.39	387.9  
482	1192.95	1984.97	4223.25	383.367
483	1192.95	1981.01	3481.42	370.063
484	1192.95	1979.63	3636.28	363.152
485	1192.95	1975.97	3596.25	355.258
486	1192.95	1978.45	3514.77	355.849
487	1192.95	1968.34	3498.34	350.122
488	1192.95	1969.21	3833.93	356.395
489	1192.95	1967.1 	3667.49	342.314
490	1192.95	1969.31	3671.19	348.878
491	1192.95	1973.89	3628   	354.935
492	1192.95	1959.67	3576.07	341.132
493	1192.95	1964.88	3766.17	346.718
494	1192.95	1955.78	3720.44	342.632
495	1192.95	1959.1 	3650.44	347.876
496	1192.95	1957.11	3640.9 	348.151
497	1192.95	1958.41	3947.37	353.054
498	1192.95	1949.37	3923.88	334.197
499	1192.95	1956.27	3676.84	351.124
1000.00000001
