/usr/lib/python2.7/site-packages/deap/tools/_hypervolume/pyhv.py:33: ImportWarning: Falling back to the python version of hypervolume module. Expect this to be very slow.
  "module. Expect this to be very slow.", ImportWarning)
gen	min    	avg    	max    	std    
0  	1474.83	2286.23	4579.99	438.499
1  	1469   	2282.35	4308.62	428.868
2  	1469   	2285.5 	4323.24	427.025
3  	1457.75	2285.31	4098.26	418.963
4  	1421.9 	2284.09	3808.86	404.813
5  	1421.9 	2280.81	4178.14	424.476
6  	1421.9 	2283.98	3978.98	421.459
7  	1315.94	2289.21	4406.1 	432.642
8  	1315.94	2292.72	4687.92	449.376
9  	1315.94	2291.49	4687.92	456.116
10 	1315.94	2288.18	4687.92	451.846
11 	1315.94	2292.08	4687.92	457.939
12 	1315.94	2275.26	4357.72	432.349
13 	1315.94	2278.57	4404.56	430.166
14 	1315.94	2276.25	4174.99	422.566
15 	1315.94	2282.33	4188.87	434.751
16 	1315.94	2281.4 	4211.08	427.762
17 	1315.94	2286.62	4564.21	439.035
18 	1315.94	2280.15	4148.8 	438.109
19 	1315.94	2279.43	4246.74	425.732
20 	1315.94	2289.64	4446.69	448.645
21 	1315.94	2288.93	4125.24	436.093
22 	1315.94	2281.56	4125.24	433.402
23 	1315.94	2277.54	4173.14	429.975
24 	1315.94	2268.88	4410.92	430.802
25 	1315.94	2268.75	4485.15	418.621
26 	1315.94	2274.22	4153.24	435.97 
27 	1315.94	2274.95	4291.69	449.643
28 	1315.94	2272.53	4297.68	448.936
29 	1315.94	2267.76	4022.35	423.172
30 	1315.41	2272.52	4168.44	426.359
31 	1315.41	2281.49	4814.72	453.256
32 	1315.41	2267.57	4135.03	417.373
33 	1315.41	2257.81	4114.04	405.807
34 	1315.41	2263.58	4385.6 	427.663
35 	1315.41	2256.93	4499.3 	431.513
36 	1315.41	2260.65	5069.87	448.783
37 	1291.9 	2265.13	4510.02	458.288
38 	1291.9 	2271.2 	4965.14	490.192
39 	1291.9 	2260.29	4587.42	457.05 
40 	1291.9 	2249.84	4309.25	423.848
41 	1280.77	2248.13	4453.52	430.865
42 	1280.77	2240.34	4546.78	425.13 
43 	1280.77	2238.6 	4761.16	431.24 
44 	1280.77	2240.18	4515.77	420.494
45 	1280.77	2234.12	4661.77	411.508
46 	1280.77	2241.91	4907.63	428.315
47 	1280.77	2234.3 	4700.09	415.896
48 	1280.77	2229.31	3977.49	418.199
49 	1280.77	2236.14	4687.34	433.597
50 	1280.77	2236.21	4782.96	434.003
51 	1280.77	2238.72	4491.94	435.703
52 	1263.6 	2235.32	4074.34	409.296
53 	1263.6 	2239.96	4543.65	424.609
54 	1263.6 	2237.21	4105.42	412.8  
55 	1263.6 	2248.75	4637.51	430.927
56 	1263.6 	2239.92	4596.48	423.211
57 	1263.6 	2234.13	4252.5 	401.019
58 	1263.6 	2242.76	4252.5 	426.179
59 	1263.6 	2232.43	4595.4 	420.972
60 	1263.6 	2230.02	4328.18	434.642
61 	1263.6 	2232.88	4548.04	454.396
62 	1263.6 	2241.09	4151.16	463.249
63 	1263.6 	2230.49	4820.54	457.073
64 	1263.6 	2227.91	4730.87	446.92 
65 	1263.6 	2216.69	4301.17	418.118
66 	1263.6 	2218.19	4320.41	425.798
67 	1263.6 	2224.29	4557.55	433.121
68 	1263.6 	2221.42	4557.55	434.685
69 	1263.6 	2220.66	4568.82	432.192
70 	1263.6 	2207.34	3906.12	395.097
71 	1263.6 	2212.32	3958.76	401.407
72 	1263.6 	2215.28	4561.42	406.99 
73 	1259.04	2208.89	4038.35	399.601
74 	1259.04	2199.5 	3857.59	385.208
75 	1259.04	2207.57	4169.53	406.943
76 	1259.04	2209.28	4034.71	398.72 
77 	1259.04	2209.72	4155.74	416.281
78 	1259.04	2213.09	4128.85	421.978
79 	1259.04	2212.24	4129.84	412.062
80 	1259.04	2210.21	4283.01	404.42 
81 	1259.04	2210.55	4197.3 	417.657
82 	1259.04	2220.97	4358.87	438.037
83 	1259.04	2217.35	4338.2 	425.799
84 	1259.04	2200.71	4191.82	401.877
85 	1259.04	2200.57	4160.88	410.207
86 	1259.04	2201.14	4429.8 	419.218
87 	1259.04	2194.75	4274.1 	424.093
88 	1259.04	2187.97	4000.82	394.896
89 	1259.04	2195.93	4000.82	413.209
90 	1259.04	2191.29	3916.61	405.311
91 	1259.04	2184.91	3771.18	380.517
92 	1259.04	2182.02	3872.12	372.297
93 	1259.04	2176.33	3775.02	370.488
94 	1259.04	2178.38	4381.29	390.231
95 	1259.04	2182.1 	4353.33	392.75 
96 	1259.04	2187.82	4220.71	392.595
97 	1259.04	2189.69	4643.28	401.452
98 	1259.04	2191.96	4643.28	401.623
99 	1259.04	2200.32	4129.76	402.383
100	1259.04	2205.32	4384.99	429.602
101	1259.04	2207.62	4147.34	429.715
102	1259.04	2199.64	4217.62	435.708
103	1259.04	2191.31	4004.59	402.357
104	1259.04	2189.44	4271.35	398.491
105	1259.04	2190.01	4047.75	401.83 
106	1259.04	2188.93	4082.5 	404.054
107	1259.04	2183.7 	3933.16	390.802
108	1259.04	2180.75	4141.65	388.95 
109	1259.04	2175.39	3935.57	380.452
110	1259.04	2181.1 	4167.12	389.278
111	1259.04	2183.59	4014.9 	407.873
112	1259.04	2185.01	4063.9 	402.273
113	1259.04	2181.63	4037.01	396.952
114	1259.04	2187.92	4102.78	402.153
115	1259.04	2184.76	4102.78	406.126
116	1259.04	2183.06	4620.02	428.393
117	1259.04	2180.97	4217.59	426.739
118	1259.04	2183.65	4372.46	439.724
119	1259.04	2180.1 	4424.05	421.415
120	1259.04	2182.34	4453.72	425.241
121	1259.04	2187.22	4221.4 	434.497
122	1259.04	2194.4 	3884.98	425.658
123	1259.04	2187.27	3777.45	415.95 
124	1259.04	2185.77	4004.03	424.081
125	1259.04	2177.47	4007.68	411.861
126	1259.04	2166.86	4120.88	389.385
127	1259.04	2163.46	3916.58	389.387
128	1259.04	2164.06	3982.15	401.09 
129	1259.04	2165.28	4257.25	405.975
130	1259.04	2155.21	4414.53	387.78 
131	1259.04	2156.52	4049.52	382.829
132	1259.04	2162.94	4166.96	391.116
133	1259.04	2167.23	3880.4 	382.292
134	1259.04	2169.07	4190.32	402.478
135	1259.04	2155.39	3706.51	388.256
136	1259.04	2154.34	3835.99	384.853
137	1259.04	2148.83	3736.52	371.488
138	1259.04	2158.43	3832.07	390.196
139	1259.04	2157   	3841.16	390.779
140	1259.04	2151.21	3872.89	384.516
141	1259.04	2151.46	3862.96	379.295
142	1259.04	2157.08	4275.55	393.61 
143	1259.04	2147.92	4040.29	389.994
144	1259.04	2148.54	4097.15	399.979
145	1259.04	2155.88	4383.23	412.449
146	1259.04	2156.12	4493.58	406.001
147	1259.04	2149.58	4397.75	395.478
148	1259.04	2146.89	4157.68	396.121
149	1259.04	2149.9 	4774.09	415.057
150	1259.04	2147.83	4797.57	420.073
151	1259.04	2147.95	4239.11	405.813
152	1259.04	2149.89	4410.96	400.612
153	1259.04	2141.91	4706.11	400.955
154	1259.04	2140.39	4103.67	400.297
155	1259.04	2137.74	3940.13	388.461
156	1259.04	2139.1 	3919.85	389.289
157	1259.04	2134.18	3947.61	382.18 
158	1259.04	2131.8 	3975.43	386.141
159	1259.04	2134.21	4225.81	398.52 
160	1259.04	2143.37	4225.81	410.133
161	1259.04	2141.48	4184.55	422.434
162	1259.04	2152.54	4319.94	430.177
163	1259.04	2145.37	4389.87	412.371
164	1259.04	2143.25	4165.56	408.646
165	1259.04	2136.53	4144.56	400.357
166	1259.04	2135.04	4144.56	396.509
167	1259.04	2137.25	4107.37	397.953
168	1259.04	2130.5 	4162   	384.205
169	1259.04	2125.06	4162   	382.384
170	1259.04	2120.89	3903.69	376.119
171	1259.04	2114.53	3704.21	369.543
172	1259.04	2113.61	3617.1 	363.354
173	1259.04	2113.98	4142.2 	380.563
174	1230.11	2110.27	4197.83	385.757
175	1230.11	2116.39	3713.09	382.515
176	1230.11	2114.55	3704.29	378.555
177	1230.11	2114.31	4042.53	395.617
178	1230.11	2116.03	4349.94	413.129
179	1230.11	2117.84	4468.52	417.704
180	1230.11	2120.21	4066.04	410.272
181	1230.11	2117.73	4249.14	411.113
182	1230.11	2114.84	3941.93	402.047
183	1230.11	2114.13	4039.39	394.842
184	1230.11	2114.08	4014.56	396.779
185	1230.11	2115.7 	3897.63	399.662
186	1230.11	2121.63	4246.72	403.557
187	1230.11	2126.35	4398.52	419.038
188	1230.11	2124.02	4148.18	419.236
189	1230.11	2122.53	4135.33	405.771
190	1230.11	2120.03	4080.93	405.474
191	1230.11	2113.32	4016.81	398.658
192	1230.11	2109.73	3952.16	394.593
193	1230.11	2101.86	4016.32	380.428
194	1230.11	2096.91	3478.64	356.913
195	1230.11	2101.11	3941.81	365.882
196	1230.11	2092.63	3603.99	356.072
197	1230.11	2090.6 	3991.21	365.653
198	1230.11	2086.86	3722.88	365.916
199	1230.11	2083.98	3814.56	362.27 
200	1230.11	2083.73	3722.88	351.371
201	1230.11	2092.75	4276.8 	373.987
202	1219.55	2088.19	4234.04	364.252
203	1219.55	2097.7 	4378.91	379.094
204	1219.55	2098.12	4378.91	384.023
205	1219.55	2100.48	4223.04	380.896
206	1219.55	2094.67	3972.58	375.217
207	1219.55	2096.33	4359.71	395.957
208	1219.55	2095.16	4213.41	390.01 
209	1219.55	2088.99	3504.1 	376.478
210	1219.55	2090.53	3727.56	386.412
211	1219.55	2089.01	3660.17	374.247
212	1219.55	2091.23	3678.64	373.47 
213	1219.55	2092.78	3619.96	369.611
214	1192.51	2094.31	4317.45	397.529
215	1192.51	2100.41	3900.77	390.346
216	1192.51	2097.96	4217   	404.579
217	1192.51	2094.57	4295.48	397.186
218	1192.51	2101.01	4251.87	416.9  
219	1192.51	2102.52	4414.32	423.822
220	1192.51	2096.29	4106.33	402.879
221	1192.51	2094.82	4304.23	401.398
222	1192.51	2095.14	4304.23	404.249
223	1192.51	2090.25	4556.8 	408.278
224	1192.51	2088.11	4106.09	396.437
225	1192.51	2087.87	3733.27	387.64 
226	1192.51	2078.83	3737.33	376.893
227	1192.51	2083.67	4156.54	391.952
228	1192.51	2081.58	4265   	393.218
229	1192.51	2077.3 	4197.73	393.558
230	1192.51	2072.38	3873.97	371.721
231	1192.51	2068.92	3661.42	379.591
232	1192.51	2079.54	4308.33	397.365
233	1192.51	2074.57	4308.33	395.131
234	1192.51	2070.13	3793.16	384.81 
235	1192.51	2069.2 	3776.08	378.901
236	1192.51	2067.83	3981.24	376.262
237	1192.51	2076.35	3892.39	383.46 
238	1192.51	2070.25	3600.31	367.796
239	1192.51	2073.78	3555.56	386.829
240	1192.51	2070.78	3702.44	380.125
241	1192.51	2073.45	3973.93	382.717
242	1192.51	2073.79	4061.04	408.268
243	1192.51	2071.83	3709.21	399.445
244	1192.51	2065.76	4301.29	385.578
245	1192.51	2067.69	3701.77	388.043
246	1192.51	2071.51	3815.11	390.473
247	1192.51	2067.49	3928.41	386.116
248	1192.51	2062.2 	3831.9 	376.02 
249	1192.51	2064.4 	3686.36	376.247
250	1192.51	2058.03	3771.77	369.215
251	1192.51	2057.22	4036.25	374.436
252	1192.51	2056.38	3676.97	372.42 
253	1192.51	2046.89	3483.55	359.938
254	1192.51	2042.94	3565.53	363.627
255	1192.51	2045.76	3628.32	368.066
256	1192.51	2052.44	3408.99	369.31 
257	1192.51	2051.44	3898   	366.391
258	1192.51	2049.65	3738.7 	355.095
259	1192.51	2052.87	4014.69	368.729
260	1192.51	2054.84	3862.19	369.175
261	1192.51	2056.79	3883.51	370.179
262	1192.51	2052.81	3792.42	362.943
263	1192.51	2055.35	4026.06	387.253
264	1192.51	2060.17	3752.92	388.376
265	1192.51	2061.55	3835.2 	386.487
266	1192.51	2055.17	3851.65	372.734
267	1192.51	2055.11	4036.85	386.337
268	1192.51	2057.88	3949.92	380.607
269	1192.51	2057.56	3945.78	383.536
270	1192.51	2060.25	3639.6 	383.311
271	1192.51	2063.05	4261.84	392.557
272	1192.51	2055.69	3914.14	393.208
273	1192.51	2055.94	3914.14	388.186
274	1192.51	2053.86	4093.1 	397.503
275	1192.51	2056.17	4077.45	392.174
276	1192.51	2051.16	4002.02	386.395
277	1192.51	2046.38	4266.5 	388.367
278	1192.51	2037.54	3953.03	363.002
279	1192.51	2037.34	3909.74	356.416
280	1192.51	2030.65	3666.13	353.354
281	1192.51	2023.04	3479.34	337.064
282	1192.51	2031.65	3863.18	343.958
283	1192.51	2035.12	3875.15	354.598
284	1192.51	2040.04	3864.74	369.859
285	1192.51	2035.85	3594.67	368.203
286	1192.51	2034.66	3572.17	372.907
287	1192.51	2023.23	3532.79	348.586
288	1192.51	2026.88	3685.93	363.984
289	1192.51	2019.79	3547.85	358.356
290	1192.51	2019.91	3588.87	357.138
291	1192.51	2015.8 	3457.77	355.051
292	1192.51	2017.05	3479.12	351.763
293	1192.51	2014.98	3875.78	359.009
294	1192.51	2016.85	4019.48	366.272
295	1192.51	2013.78	3883.79	359.751
296	1192.51	2011.87	3839.47	353.902
297	1192.51	2004.3 	3860.67	339.224
298	1192.51	2008.01	3787.27	340.6  
299	1192.51	2008.2 	3472.88	346.09 
300	1192.51	2007.86	3446.01	349.875
301	1192.51	2013.53	4071.89	370.138
302	1192.51	2013.48	4020.74	367.159
303	1192.51	2024.1 	3854.22	379.619
304	1192.51	2022.98	4204.73	379.59 
305	1192.51	2012.27	3861.02	357.467
306	1192.51	2015.72	3861.02	367.752
307	1192.51	2005.67	3644.93	350.704
308	1192.51	2003.17	3644.93	344.007
309	1192.51	2000.24	3298.77	331.564
310	1192.51	2000.49	3261.11	335.878
311	1192.51	2001.19	3387   	337.304
312	1192.51	1998.4 	3204.07	326.518
313	1192.51	2003.94	3338.21	327.075
314	1192.51	2003   	3178.73	331.442
315	1192.51	2004.37	3209.3 	338.683
316	1192.51	2007.07	3245.85	340.768
317	1192.51	2009.52	3984.43	353.686
318	1192.51	2013.4 	4180.4 	365.835
319	1192.51	2019.42	4180.4 	371.367
320	1192.51	2010.87	3783.95	359.898
321	1192.51	2000.68	3973.15	344.819
322	1192.51	1999.74	3367.87	332.516
323	1192.51	1998.03	3612.01	343.08 
324	1192.51	2001.54	3527.41	343.789
325	1192.51	2002.98	3557.2 	344.298
326	1192.51	1998.44	3411.59	339.38 
327	1192.51	1992.19	3411.59	329.115
328	1192.51	1996.08	3471.1 	334.418
329	1192.51	2003.41	3763.05	351.296
330	1192.51	2007.35	3599.5 	347.382
331	1192.51	1999.76	3282.29	339.84 
332	1192.51	1996.87	3412.64	336.826
333	1192.51	1995.04	3511.67	331.63 
334	1192.51	1991.36	3772.1 	330.063
335	1192.51	1985.67	3644.94	325.059
336	1192.51	1987.97	3431.49	327.757
337	1192.51	1996.28	3533.69	347.336
338	1189.58	1996.27	3838.33	359.494
339	1189.58	1992.27	3839.1 	364.433
340	1189.58	1995.87	3858.12	363.112
341	1189.58	1994.15	4432.32	364.733
342	1189.58	1991.78	3960.85	357.977
343	1189.58	1989.17	4297.93	351.792
344	1189.58	1985.54	3584.07	342.308
345	1189.58	1989.49	3286.39	346.27 
346	1189.58	1996.9 	4082.73	372.212
347	1189.58	1985.36	3476.8 	348.758
348	1189.58	1983.92	3662.42	363.949
349	1189.58	1992.71	3586.78	368.51 
350	1189.58	1994.73	3806.48	363.744
351	1189.58	1990.63	3993.54	375.031
352	1189.58	1989.94	4473.97	369.564
353	1189.58	1985.67	3803.16	360.136
354	1189.58	1983.41	4222.82	349.549
355	1189.58	1976.07	3292.17	328.434
356	1189.58	1984.49	3544.56	345.555
357	1189.58	1986.36	3702.42	347.349
358	1189.58	1993.1 	3868.98	351.243
359	1189.58	1984.08	3774.13	340.984
360	1189.58	1979.86	3424.99	332.466
361	1189.58	1977.42	3407.42	339.078
362	1189.58	1974.82	3621.05	334.998
363	1189.58	1976.76	3445.47	340.519
364	1189.58	1984.96	4167.13	362.443
365	1189.58	1985.84	3762.31	357.451
366	1189.58	1982.9 	3758.48	352.034
367	1189.58	1980.89	3674.75	353.783
368	1189.58	1974.9 	3820.31	347.718
369	1189.58	1971.58	3789.23	334.258
370	1189.58	1974.42	3779.34	342.87 
371	1189.58	1976.34	3729.17	348.993
372	1189.58	1979.35	3825.3 	357.766
373	1189.58	1979.4 	3745.48	364.907
374	1189.58	1972.58	3667.53	343.321
375	1189.58	1970.74	3597.96	341.524
376	1189.58	1970.17	3719.46	346.033
377	1189.58	1968.99	3541.88	338.204
378	1189.58	1971.16	3690.37	350.579
379	1189.58	1974.7 	3907.37	348.496
380	1189.58	1976.59	3605.34	343.911
381	1189.58	1975.25	3807.86	347.846
382	1189.58	1967.82	3585.92	345.53 
383	1189.58	1968.76	3754.55	344.079
384	1189.58	1970.88	4184.25	348.016
385	1189.58	1969.9 	3784.4 	347.981
386	1189.58	1975.44	4140.62	373.634
387	1189.58	1961.16	3486.54	344.081
388	1189.58	1962.5 	3598.11	342.582
389	1189.58	1958.54	3729.4 	339.826
390	1189.58	1963.34	3672.88	352.489
391	1189.58	1960.47	3666.45	348.758
392	1189.58	1958.4 	3377.03	339.416
393	1189.58	1963.32	3495.27	341.669
394	1189.58	1967.1 	3575.08	348.111
395	1189.58	1958.26	3553.25	329.153
396	1189.58	1961.52	3436.37	329.274
397	1189.58	1956.12	3498.31	336.195
398	1189.58	1962.2 	3557.66	338.615
399	1189.58	1962.9 	4378.44	345.719
400	1189.58	1961.48	4378.44	347.463
401	1189.58	1967.42	3776.05	348.243
402	1189.58	1971.39	3664.21	343.999
403	1189.58	1966.01	3722.05	345.398
404	1189.58	1959.83	3742.15	345.15 
405	1189.58	1962.1 	3650.1 	335.679
406	1189.58	1955.76	4154.37	342.489
407	1189.58	1948.95	3386.48	328.523
408	1189.58	1950.05	3405.48	331.219
409	1189.58	1946.23	3606.89	339.429
410	1189.58	1958.95	4429.67	368.575
411	1189.58	1963   	3705.9 	359.413
412	1189.58	1959.93	3940.19	362.974
413	1189.58	1955.1 	3940.19	364.161
414	1189.58	1950.31	3828.43	349.196
415	1189.58	1956.96	3665.67	353.892
416	1189.58	1953.58	3882.99	348.162
417	1189.58	1954.79	3671.08	347.507
418	1189.58	1956.39	3671.08	345.947
419	1189.58	1958.99	3998.29	358.503
420	1189.58	1953.25	3805.49	350.922
421	1189.58	1950.02	3934.55	353.373
422	1189.58	1950.08	3654.84	326.007
423	1189.58	1953.01	3535.13	324.245
424	1189.58	1949.47	3106.78	320.34 
425	1189.58	1943.44	3242.14	318.54 
426	1189.58	1940.34	2972.79	308.709
427	1189.58	1946.51	3282.16	319.553
428	1189.58	1946.76	3410.22	328.713
429	1189.58	1948.01	3505.92	330.692
430	1189.58	1947.3 	3624.48	327.398
431	1189.58	1943.85	3333.18	320.697
432	1189.58	1941.49	3356.47	326.508
433	1189.58	1940.62	3347.03	323.443
434	1189.58	1941.72	3190.8 	326.166
435	1189.58	1939.2 	3345.09	323.237
436	1189.58	1939.54	3932.78	329.371
437	1189.58	1936.8 	3913.56	335.391
438	1189.58	1938.09	3611.12	333.64 
439	1189.58	1931.76	3409.19	322.225
440	1189.58	1936.65	3462.98	331.435
441	1189.58	1930.85	3195.5 	319.374
442	1189.58	1938.71	3257.65	323.245
443	1189.58	1934.55	3281.78	326.493
444	1189.58	1932.34	3189.66	326.904
445	1189.58	1932.77	3255.87	329.245
446	1189.58	1930.25	3138.53	325.075
447	1189.58	1927.86	3357.79	326.455
448	1189.58	1928.06	3215.53	326.783
449	1189.58	1928.01	3681.3 	332.425
450	1189.58	1930.67	3724.97	351.032
451	1189.58	1924.52	3746.1 	335.016
452	1189.58	1926.42	3351.78	330.455
453	1189.58	1925.07	3348.57	326.289
454	1189.58	1923.1 	3206.89	322.187
455	1189.58	1919.31	3373.29	313.702
456	1189.58	1924.71	3373.29	327.275
457	1189.58	1929.85	3765.35	340.189
458	1189.58	1923.58	3815.28	328.502
459	1189.58	1928.09	4007.94	335.396
460	1189.58	1927.87	4007.94	341.183
461	1189.58	1922.39	3839.75	333.87 
462	1189.58	1917.42	3524.51	325.024
463	1189.58	1919.38	3598.56	319.51 
464	1189.58	1922.85	3900.15	323.451
465	1189.58	1922.28	3896.87	325.869
466	1189.58	1921.3 	3475.26	326.424
467	1189.58	1923.22	3475.26	329.413
468	1189.58	1917.25	3248   	325.068
469	1189.58	1918   	3120.12	312.439
470	1189.58	1921.41	3124.6 	321.821
471	1189.58	1922.08	3150.02	321.534
472	1189.58	1923.9 	3601.46	327.229
473	1189.58	1922.27	3081.34	309.82 
474	1189.58	1926.24	3000.4 	302.384
475	1189.58	1921.67	3208.49	314.446
476	1189.58	1927.87	3178.91	316.208
477	1189.58	1923.28	3111.29	304.301
478	1189.58	1929.68	3543.79	329.717
479	1189.58	1931.46	3622.37	340.252
480	1189.58	1929.75	3622.37	329.138
481	1189.58	1927.72	3702.9 	330.261
482	1189.58	1929.45	3675.7 	320.334
483	1189.58	1925.98	3186.44	313.348
484	1189.58	1922.91	3186.44	314.256
485	1189.58	1915.89	3191.12	305.942
486	1189.58	1920.74	3561.22	314.187
487	1189.58	1923.13	3341   	309.809
488	1189.58	1921.87	3338.94	308.05 
489	1189.58	1916.64	3689.59	316.328
490	1189.58	1910.44	3526.93	315.431
491	1189.58	1909.8 	3505.03	315.494
492	1189.58	1909.38	3328.09	311.386
493	1189.58	1906.66	3226.09	307.432
494	1189.58	1908.13	3269.63	307.356
495	1189.58	1908.79	3269.63	310.84 
496	1189.58	1910.3 	3168.55	309.731
497	1189.58	1909.3 	3351.29	308.847
498	1189.58	1907.95	3219.25	305.856
499	1189.58	1901.8 	3126.56	300.641
1000.00000001
