/usr/lib/python2.7/site-packages/deap/tools/_hypervolume/pyhv.py:33: ImportWarning: Falling back to the python version of hypervolume module. Expect this to be very slow.
  "module. Expect this to be very slow.", ImportWarning)
gen	min    	avg    	max    	std    
0  	94.9996	152.839	235.928	21.8138
1  	94.9996	153.151	235.598	22.5324
2  	94.9996	152.662	224.463	21.6164
3  	94.9996	153.508	238.863	21.6336
4  	94.9996	153.761	238.382	21.8571
5  	94.9996	152.771	219.602	22.1035
6  	94.9996	152.552	219.086	21.7761
7  	94.9996	152.127	220.867	21.7047
8  	94.9996	152.281	216.943	21.7832
9  	94.9996	153.521	230.099	22.6564
10 	94.9996	152.787	227.149	22.3716
11 	94.9996	152.825	227.218	22.0482
12 	94.9996	153.991	234.485	23.0744
13 	94.9996	153.365	231.584	21.9532
14 	94.9996	152.962	218.606	20.734 
15 	94.9996	152.407	231.533	21.8546
16 	94.9996	153.174	220.705	21.4429
17 	94.9996	153.095	224.78 	21.7726
18 	94.9996	152.222	232.304	22.1353
19 	94.9996	153.584	234.074	22.4344
20 	91.7414	153.828	234.835	22.5085
21 	91.7414	152.84 	224.103	21.3456
22 	91.7414	151.99 	225.861	21.35  
23 	91.7414	152.089	243.969	22.3043
24 	91.7414	153.178	231.02 	21.8695
25 	91.7414	153.845	249.045	21.9458
26 	91.7414	152.679	241.739	23.6523
27 	91.7414	153.28 	227.396	22.8417
28 	91.7414	153.65 	225.789	22.3514
29 	91.7414	152.735	227.406	22.8688
30 	90.8361	152.488	227.406	22.1073
31 	90.8361	153.109	227.406	22.2092
32 	90.8361	153.799	230.403	22.1104
33 	90.8361	153.208	219.601	21.7393
34 	90.8361	153.693	235.516	21.9532
35 	90.8361	153.455	226.43 	22.3706
36 	90.8361	154.452	230.77 	22.6538
37 	90.8361	153.163	243.946	22.5115
38 	90.8361	154.024	238.398	22.5142
39 	90.8361	154.372	237.727	22.3862
40 	90.8361	153.016	243.927	22.4117
41 	90.8361	153.389	236.906	22.0769
42 	90.8361	153.851	235.613	22.7107
43 	90.8361	154.568	233.576	22.9624
44 	90.8361	154.562	235.461	22.8231
45 	90.8361	153.83 	223.067	22.573 
46 	90.8361	153.266	236.184	22.5268
47 	90.8361	151.999	232.265	22.7771
48 	90.8361	152.943	235.498	22.2217
49 	90.8361	152.11 	236.169	22.5041
50 	90.8361	153.176	229.541	23.2032
51 	90.8361	152.779	222.987	21.8357
52 	90.8361	152.688	238.626	21.8636
53 	90.8361	153.127	234.79 	21.7943
54 	90.8361	152.398	220.463	21.8106
55 	90.8361	152.465	235.499	22.0968
56 	90.8361	153.699	238.83 	22.2408
57 	90.8361	152.022	224.283	21.7336
58 	90.8361	152.534	230.692	22.2864
59 	90.8361	152.492	230.692	22.2957
60 	90.8361	152.936	229.665	21.7573
61 	90.8361	152.604	223.097	21.3021
62 	90.8361	151.948	220.739	21.3566
63 	90.8361	151.038	225.748	21.1989
64 	90.8361	151.906	224.774	21.4253
65 	90.8361	152.645	229.082	21.455 
66 	90.8361	152.482	223.187	21.9759
67 	90.8361	152.593	221.83 	22.0701
68 	90.8361	153.391	238.447	22.6127
69 	90.8361	152.69 	227.103	22.044 
70 	90.8361	153.226	244.142	23.2733
71 	90.8361	153.666	223.898	22.6651
72 	90.8361	153.099	232.114	22.5665
73 	90.8361	154.205	231.845	22.4517
74 	90.8361	153.999	227.194	21.2566
75 	90.8361	153.533	218.812	22.5334
76 	90.8361	153.259	213.124	21.2102
77 	90.8361	152.931	253.447	22.6128
78 	90.8361	153.979	233.182	23.2004
79 	90.8361	151.957	235.776	21.8836
80 	87.8145	151.609	227.065	21.3193
81 	87.8145	151.557	227.036	21.1865
82 	87.8145	152.935	246.905	22.6338
83 	87.8145	153.224	220.148	22.1921
84 	87.8145	152.814	220.786	20.5219
85 	87.8145	153.406	244.899	22.0529
86 	87.8145	153.581	243.527	22.3591
87 	87.8145	153.378	228.476	23.0361
88 	87.8145	154.521	226.029	22.9614
89 	87.8145	152.397	224.296	21.519 
90 	87.8145	152.451	232.167	21.8263
91 	87.8145	152.101	222.753	21.6577
92 	87.8145	152.493	223.861	21.743 
93 	87.8145	152.363	230.606	22.1187
94 	87.8145	152.198	233.25 	23.3435
95 	87.8145	152.7  	221.865	21.3372
96 	87.8145	152.873	227.601	21.9224
97 	87.8145	152.98 	225.962	21.0847
98 	87.8145	152.639	237.192	22.2986
99 	87.8145	152.361	225.298	22.3636
100	87.8145	152.99 	222.038	22.7281
101	87.8145	152.3  	234.99 	23.2488
102	87.8145	152.694	226.115	22.6329
103	87.8145	152.171	220.723	22.2412
104	87.8145	151.341	230.921	21.9145
105	87.8145	153.282	226.785	22.4954
106	87.8145	153.09 	235.344	23.1169
107	87.8145	153.469	237.879	22.4243
108	87.8145	152.875	232.351	22.4693
109	87.8145	153.235	221.113	21.5391
110	87.8145	154.278	223.228	22.0273
111	87.8145	152.985	225.072	22.5464
112	87.8145	153.143	223.597	21.7339
113	87.8145	153.564	225.737	21.8791
114	87.8145	154.055	237.582	21.2711
115	87.8145	154.957	232.237	23.3387
116	87.8145	152.358	218.087	21.9636
117	87.8145	152.235	225.043	22.3969
118	87.8145	153.011	227.602	22.3948
119	87.8145	152.777	227.602	21.7954
120	87.3875	152.587	221.132	21.8213
121	87.3875	154.884	231.278	21.9936
122	87.3875	154.817	231.278	23.2154
123	87.3875	153.662	229.519	22.1952
124	87.3875	153.395	230.253	22.2538
125	87.3875	153.419	239.189	22.071 
126	87.3875	155.418	245.249	22.3715
127	87.3875	154.308	222.852	21.7036
128	87.3875	153.622	237.443	21.6208
129	87.3875	153.62 	233.617	21.6211
130	87.3875	153.669	236.796	22.0764
131	87.3875	153.267	231.038	22.5378
132	87.3875	153.189	240.163	22.0866
133	87.3875	152.657	238.319	22.34  
134	87.3875	152.612	234.759	22.3961
135	87.3875	152.76 	245.74 	23.1566
136	87.3875	154.641	237.16 	22.6063
137	87.3875	152.677	229.559	22.1225
138	87.3875	152.92 	216.359	21.4661
139	87.3875	152.355	238.256	21.3419
140	87.3875	153.323	234.964	21.9833
141	87.3875	152.025	230.51 	21.5756
142	87.3875	152.948	233.963	21.8384
143	87.3875	152.666	229.668	22.6558
144	87.3875	153.099	229.427	22.0141
145	87.3875	152.622	230.712	21.7547
146	87.3875	152.623	257.174	22.0771
147	87.3875	153.375	227.464	21.9215
148	87.3875	153.722	227.472	22.0896
149	87.3875	153.287	226.709	21.5982
150	87.3875	153.097	229.361	21.9359
151	87.3875	153.08 	245.406	22.74  
152	87.3875	154.565	228.177	22.7173
153	87.3875	153.524	221.414	21.4537
154	87.3875	154.452	229.004	21.8892
155	87.3875	153.924	235.532	22.359 
156	87.3875	153.908	227.656	23.1597
157	87.3875	152.669	228.23 	21.7877
158	87.3875	151.899	214.249	21.5742
159	87.3875	153.223	236.684	22.2153
160	87.3875	151.703	215.938	20.142 
161	87.3875	153.013	229.561	21.8224
162	87.3875	153.888	227.891	22.4207
163	87.3875	153.808	242.533	22.3973
164	87.3875	153.183	234.647	21.6216
165	87.3875	152.878	246.864	22.7914
166	87.3875	153.527	244.079	22.7048
167	87.3875	151.187	218.31 	21.0916
168	87.3875	152.256	213    	20.784 
169	87.3875	153.302	240.802	21.8622
170	87.3875	152.818	259.202	22.1351
171	87.3875	154.235	234.276	22.8743
172	87.3875	153.01 	224.847	22.0589
173	87.3875	151.549	228.544	20.9227
174	87.3875	152.552	228.544	21.5823
175	87.3875	153.361	224.42 	22.9899
176	87.3875	153.256	228.377	22.3054
177	87.3875	152.697	223.259	21.6617
178	87.3875	154.709	230.153	22.9444
179	87.3875	153.982	226.861	22.5814
180	87.3875	153.426	225.022	22.6752
181	87.3875	153.399	234.085	22.9532
182	87.3875	154.457	226.627	23.2214
183	87.3875	153.073	234.759	22.4816
184	87.3875	152.56 	240.092	21.8549
185	87.3875	153.889	240.092	22.8453
186	87.3875	153.218	223.346	22.5636
187	87.3875	152.835	238.848	22.1137
188	87.3875	154.265	238.848	22.6689
189	87.3875	154.022	224.135	22.0531
190	87.3875	153.872	232.333	22.2503
191	87.3875	152.841	235.931	22.208 
192	87.3875	153.191	227.414	21.953 
193	87.3875	152.795	234.944	22.4162
194	87.3875	152.116	231.308	22.484 
195	87.3875	151.956	236.476	22.6038
196	87.3875	154.057	241.682	22.5054
197	87.3875	152.785	228.72 	22.6645
198	87.3875	153.062	247.621	22.1707
199	87.3875	152.973	238.135	21.4226
200	87.3875	153.757	226.883	21.9777
201	87.3875	153.448	244.122	21.8714
202	87.3875	153.573	238.888	23.0445
203	87.3875	153.557	233.478	21.7237
204	87.3875	154.014	224.135	21.6346
205	87.3875	154.113	250.185	22.3979
206	87.3875	154.125	241.789	23.0604
207	87.3875	153.828	236.843	22.8358
208	87.3875	154.535	236.843	22.357 
209	87.3875	152.774	223.687	22.4214
210	87.3875	153.656	221.424	21.8541
211	87.3875	153.537	220.215	21.891 
212	87.3875	154.507	222.223	22.2585
213	87.3875	153.371	233.725	22.0129
214	87.3875	153.116	237.395	22.7189
215	87.3875	153.177	228.747	21.9155
216	87.3875	152.844	222.846	22.0965
217	87.3875	153.539	235.436	23.1845
218	87.3875	153.438	239.25 	23.2857
219	87.3875	153.869	234.871	21.3887
220	87.3875	152.736	231.817	21.7233
221	87.3875	152.578	218.771	21.2266
222	87.3875	154.629	221.34 	21.8392
223	87.3875	154.965	230.335	22.1922
224	87.3875	152.483	230.031	22.5048
225	87.3875	154.71 	246.834	22.3817
226	87.3875	153.411	237.132	22.171 
227	87.3875	153.061	225.503	22.08  
228	87.3875	154.613	234.487	22.8306
229	87.3875	153.965	250.906	22.9004
230	87.3875	154.32 	233.675	22.1752
231	87.3875	154.321	244.977	22.5985
232	87.3875	154.178	232.342	23.0235
233	87.3875	155.091	218.313	22.6263
234	87.3875	154.733	226.06 	22.211 
235	87.3875	154.869	220.372	22.1249
236	87.3875	155.307	227.96 	22.1346
237	87.3875	154.677	228.145	22.7631
238	87.3875	155.477	234.529	23.3635
239	87.3875	154.898	233.367	22.7427
240	87.3875	153.58 	240.097	22.9492
241	87.3875	154.871	233.209	22.1568
242	87.3875	154.775	236.057	22.6637
243	87.3875	154.91 	238.072	22.5395
244	87.3875	154.951	236.562	22.1822
245	87.3875	153.95 	240.174	22.6385
246	87.3875	154.259	240.174	23.102 
247	87.3875	153.476	232.144	22.3224
248	87.3875	154.155	229.437	22.6673
249	87.3875	153.394	233.136	23.0196
250	87.3875	154.853	234.969	22.0916
251	87.3875	154.692	225.785	22.4126
252	87.3875	153.583	225.587	22.3878
253	87.3875	154.376	224.364	22.8494
254	87.3875	154.091	224.364	22.8333
255	87.3875	154.012	227.481	21.6761
256	87.3875	154.107	232.704	22.262 
257	87.3875	154.751	234.244	22.359 
258	87.3875	154.128	222.018	21.9605
259	87.3875	153.548	231.933	21.878 
260	87.3875	153.74 	234.984	22.7236
261	87.3875	153.268	229.883	22.7844
262	87.3875	153.885	224.726	22.253 
263	87.3875	154.023	253.985	22.5468
264	87.3875	154.253	234.56 	21.8875
265	87.3875	154.26 	222.248	21.4977
266	87.3875	154.045	213.144	22.4877
267	87.3875	152.107	216.261	20.9363
268	87.3875	154.594	254.138	24.1947
269	87.3875	156.032	236.199	23.4462
270	87.3875	152.91 	230.258	21.9729
271	87.3875	152.123	226.248	22.1329
272	87.3875	153.91 	242.077	22.507 
273	87.3875	154.148	239.483	22.5337
274	87.3875	154.773	233.064	22.8648
275	87.3875	154.487	230.656	23.1271
276	87.3875	153.681	230.656	22.4161
277	87.3875	153.274	238.893	21.3509
278	87.3875	153.355	228.844	22.1636
279	87.3875	153.557	226.611	21.7619
280	87.3875	153.185	224.774	21.2046
281	87.3875	152.621	230.564	21.5511
282	87.3875	153.825	222.378	21.8896
283	87.3875	154.128	238.601	23.7903
284	87.3875	152.942	227.761	21.8968
285	87.3875	154.405	222.812	23.0782
286	87.3875	154.998	223.18 	22.669 
287	87.3875	154.119	232.096	22.1121
288	87.3875	151.955	222.195	20.9319
289	87.3875	151.728	219.77 	21.8297
290	87.3875	153.217	225.737	21.9134
291	87.3875	154.685	227.138	22.4833
292	87.3875	155.204	235.18 	22.3689
293	87.3875	153.631	228.596	22.2716
294	87.3875	154.428	231.802	21.9742
295	87.3875	154.566	230.176	22.8708
296	87.3875	153.962	225.804	22.2698
297	87.3875	154.021	218.661	22.1309
298	87.3875	153.779	263.32 	21.6191
299	87.3875	153.317	231.293	22.0319
300	87.3875	153.418	232.641	22.4731
301	87.3875	152.843	232.641	22.7935
302	87.3875	153.841	232.641	21.8851
303	87.3875	154.186	223.433	22.7892
304	87.3875	153.605	232.165	21.8856
305	87.3875	155.416	238.529	21.9592
306	87.3875	154.202	233.625	21.8626
307	87.3875	153.697	223.862	21.7172
308	87.3875	154.904	241.494	21.4828
309	87.3875	154.594	228.415	22.7447
310	87.3875	153.352	230.83 	21.896 
311	87.3875	153.895	228.008	22.7271
312	87.3875	154.072	235.609	22.5786
313	87.3875	155.472	226.868	22.6547
314	87.3875	155.288	221.138	21.4278
315	87.3875	154.313	230.142	22.8554
316	87.3875	154.704	230.142	22.2508
317	87.3875	154.406	230.142	22.3592
318	87.3875	154.332	224.712	21.2444
319	87.3875	153.671	225.584	22.4668
320	87.3875	153.768	227.263	22.181 
321	87.3875	154.374	235.837	22.146 
322	87.3875	155.161	233.083	22.7401
323	87.3875	155.339	236.1  	22.8174
324	87.3875	153.352	254.05 	22.3388
325	87.3875	154.241	235.974	21.5094
326	87.3875	153.791	221.633	21.208 
327	87.3875	153.804	223.538	21.8722
328	87.3875	154.267	241.407	21.6913
329	87.3875	154.78 	235.233	22.7236
330	87.3875	155.177	228.669	22.1637
331	87.3875	155.275	229.955	22.114 
332	87.3875	154.885	232.144	22.8413
333	87.3875	153.71 	245.447	22.1238
334	87.3875	152.75 	234.925	21.9012
335	87.3875	154.122	249.203	22.615 
336	87.3875	153.089	217.765	21.2604
337	87.3875	154.168	233.493	22.4516
338	87.3875	154.121	228.867	22.9229
339	87.3875	152.672	228.867	20.9788
340	87.3875	154.133	216.793	21.4775
341	87.3875	153.914	237.487	21.9963
342	87.3875	153.78 	216.154	21.6812
343	87.3875	154.24 	216.128	22.3776
344	87.3875	154.846	231.787	22.5908
345	87.3875	153.575	221.177	21.0218
346	87.3875	153.227	230.947	20.9613
347	87.3875	154.285	230.947	22.4728
348	87.3875	154.544	247.049	21.5614
349	87.3875	153.897	222.831	22.2223
350	87.3875	154.456	225.74 	22.9802
351	87.3875	154.74 	225.045	22.0573
352	87.3875	155.651	239.457	21.9819
353	87.3875	154.999	230.149	22.3225
354	87.3875	154.26 	221.982	21.7109
355	87.3875	154.023	228.555	22.0875
356	87.3875	154.509	228.555	22.3285
357	87.3875	155.544	228.555	22.824 
358	87.3875	155.198	234.742	23.0762
359	87.3875	153.463	259.549	21.5855
360	87.3875	154.883	229.439	22.2724
361	87.3875	154.268	221.159	22.0519
362	87.3875	154.775	221.749	21.7601
363	87.3875	155.239	248.126	22.9771
364	87.3875	154.963	243.391	22.7254
365	87.3875	153.305	233.284	22.4937
366	87.3875	154.627	233.284	22.8378
367	87.3875	156.306	228.518	22.5984
368	87.3875	155.555	229.591	22.3154
369	87.3875	154.424	230.686	21.6211
370	87.3875	155.51 	224.608	22.499 
371	87.3875	153.924	239.352	22.0611
372	87.3875	154.522	233.564	21.9458
373	87.3875	154.935	232.843	22.2127
374	87.3875	153.712	228.774	21.7782
375	87.3875	154.53 	236.37 	22.0967
376	87.3875	153.491	227.227	21.8128
377	87.3875	154.33 	252.566	22.7966
378	87.3875	154.733	226.696	22.0276
379	87.3875	155.694	233.701	22.8865
380	86.8601	154.725	234.127	22.4308
381	86.8601	154.315	229.783	22.3956
382	86.8601	154.873	237.032	21.6759
383	86.8601	154.903	238.577	22.1132
384	86.8601	155.104	236.83 	21.8075
385	86.8601	155.605	236.079	22.076 
386	86.8601	154.57 	233    	22.2035
387	86.8601	155.079	226.126	22.0197
388	86.8601	154.537	229.854	22.0084
389	86.8601	156.063	229.046	21.8182
390	86.8601	154.984	238.518	22.5887
391	86.8601	154.882	237.375	22.2505
392	86.8601	155.454	235.445	22.4084
393	86.8601	154.284	234.914	22.4444
394	86.8601	155.151	255.61 	23.6761
395	86.8601	155.372	235.334	22.6771
396	86.8601	154.746	234.14 	22.7838
397	86.8601	154.015	241.06 	22.8185
398	86.8601	154.753	226.215	22.9258
399	86.8601	155.23 	236.32 	22.6872
400	86.8601	155.914	236.32 	23.267 
401	86.8601	154.893	241.455	22.0068
402	86.8601	154.568	241.455	23.2769
403	86.8601	155.19 	239.15 	23.4616
404	86.8601	154.725	231.722	22.6962
405	86.8601	155.453	219.944	22.6571
406	86.8601	155.283	244.548	22.7292
407	86.8601	155.617	268.909	24.4537
408	86.8601	154.675	244.02 	23.6817
409	86.8601	154.466	226.917	22.1246
410	86.8601	154.209	244.584	22.397 
411	86.8601	154.605	237.449	22.5589
412	86.8601	154.411	223.993	21.9784
413	86.8601	154.974	226.824	22.0082
414	86.8601	156.814	237.493	22.7178
415	86.8601	154.264	229.543	21.2479
416	86.8601	153.369	232.962	20.9841
417	86.8601	154.957	226.251	22.2381
418	86.8601	154.119	223.952	22.2422
419	86.8601	154.693	239.28 	22.0715
420	86.8601	156.011	252.769	23.0699
421	86.8601	156.466	244.654	23.4834
422	86.8601	156.013	233.019	22.1108
423	86.8601	155.184	225.72 	22.4977
424	86.8601	155.036	235.868	22.8157
425	86.8601	155.487	220.812	21.5587
426	86.8601	156.412	231.27 	23.194 
427	86.8601	156.062	229.236	22.2988
428	86.8601	154.322	243.549	23.0395
429	86.8601	153.737	236.1  	22.4466
430	86.8601	153.702	227.751	21.9965
431	86.8601	155.313	235.774	22.2342
432	86.6947	154.134	239.535	23.1533
433	86.6947	153.915	229.537	22.2279
434	86.6947	153.757	237.044	21.8595
435	86.6947	154.141	220.859	22.5963
436	86.6947	155.074	225.757	21.8629
437	86.6947	154.56 	242.194	22.3988
438	86.6947	154.308	231.187	22.2118
439	86.6947	155.804	235.115	23.456 
440	86.6947	154.111	218.224	21.4413
441	86.6947	154.15 	226.125	22.2889
442	86.6947	154.412	238.69 	22.8132
443	86.6947	155.553	238.69 	22.6015
444	86.6947	155.936	230.199	22.3759
445	86.6947	155.189	230.199	22.7151
446	86.6947	154.132	226.439	22.3701
447	86.6947	155.265	226.439	22.1816
448	86.6947	154.777	219.531	21.7352
449	86.6947	155.221	230.731	22.5984
450	86.6947	154.62 	237.211	22.835 
451	86.6947	154.596	242.724	22.7048
452	86.6947	155.69 	233.614	22.4207
453	86.6947	155.259	232.04 	22.2466
454	86.6947	155.409	232.04 	22.8797
455	86.6947	154.917	223.973	21.5988
456	86.6947	155.679	225.983	22.2985
457	86.6947	156.28 	233.04 	23.0514
458	86.6947	156.665	225.116	22.9941
459	86.6947	155.641	225.27 	23.767 
460	86.6947	154.5  	229.045	22.487 
461	86.6947	155.699	225.14 	21.5433
462	86.6947	154.552	228.466	21.8941
463	86.6947	154.807	234.489	22.0334
464	86.6947	153.67 	229.136	22.0113
465	86.6947	155.31 	224.469	21.3836
466	86.6947	154.847	238.692	22.5698
467	86.6947	155.647	234.666	22.813 
468	86.6947	155.139	231.375	22.4246
469	86.6947	156.162	229.564	21.6506
470	86.6947	156.557	229.771	22.7466
471	86.6947	155.714	236.752	23.0851
472	86.6947	155.347	236.752	22.2344
473	86.6947	156.883	226.153	22.4606
474	86.6947	154.014	229.229	21.4969
475	86.6947	155.726	233.941	22.5544
476	86.6947	154.403	224.105	22.5366
477	86.6947	154.804	230.821	23.2541
478	86.6947	155.1  	228.495	22.4983
479	86.6947	156.032	229.271	22.0076
480	86.6947	155.894	236.202	22.616 
481	86.6947	156.851	233.99 	22.9675
482	86.6947	155.482	231.332	22.7577
483	86.6947	155.707	231.332	22.1937
484	86.6947	153.855	236.558	22.6212
485	86.6947	155.983	229.226	22.7492
486	86.6947	153.679	225.622	22.0112
487	86.6947	155.62 	229.189	22.3477
488	86.6947	155.199	230.542	22.865 
489	86.6947	156.287	250.359	22.9135
490	86.6947	155.956	227.545	22.4889
491	86.6947	155.711	239.929	22.9481
492	86.6947	155.89 	229.376	22.727 
493	86.6947	156.176	248.307	22.0479
494	86.6947	155.4  	234.068	22.0592
495	86.6947	154.349	217.075	21.727 
496	84.7156	155.054	221.552	22.051 
497	84.7156	153.95 	225.631	21.4651
498	84.7156	155.644	246.073	21.9861
499	84.7156	155.14 	227.248	22.8478
71.35000001
