/usr/lib/python2.7/site-packages/deap/tools/_hypervolume/pyhv.py:33: ImportWarning: Falling back to the python version of hypervolume module. Expect this to be very slow.
  "module. Expect this to be very slow.", ImportWarning)
gen	min     	avg    	max    	std    
0  	-7.89856	84.6859	998.201	115.086
1  	-7.89856	82.5949	1442.28	114.901
2  	-7.89856	81.2613	863.345	108.073
3  	-7.89856	77.3477	860.776	102.256
4  	-7.89856	78.4386	806.864	101.255
5  	-8.5897 	78.495 	756.111	100.04 
6  	-8.5897 	76.5928	972.006	101.694
7  	-8.5897 	75.4324	681.343	91.2512
8  	-8.5897 	77.0434	805.527	105.638
9  	-8.5897 	76.6232	1403.22	104.147
10 	-8.5897 	75.6977	723.089	93.3741
11 	-8.5897 	74.6301	828.56 	90.9026
12 	-10.7644	73.76  	749.257	88.7026
13 	-10.7644	74.1829	872.747	92.11  
14 	-10.7644	75.9426	767.62 	100.09 
15 	-10.7644	74.0541	764.682	94.0292
16 	-10.7644	72.4483	1056.04	89.5951
17 	-10.7644	72.7512	794.649	87.2365
18 	-10.7644	72.2069	597.794	88.2479
19 	-10.7644	72.3875	640.871	89.3646
20 	-10.7644	71.1442	603.816	85.6171
21 	-10.7644	70.8608	600.882	86.8242
22 	-10.7644	72.0923	877.732	95.8839
23 	-10.7644	71.8588	716.597	90.9851
24 	-10.7644	70.6847	655.414	88.5882
25 	-10.7644	70.386 	626.482	87.0832
26 	-10.7644	69.9039	761.832	89.6893
27 	-10.7644	71.4548	1025.14	101.241
28 	-10.7644	71.8325	934.908	99.3789
29 	-10.7644	70.886 	1118.26	98.9903
30 	-10.7644	68.1657	812.858	86.3935
31 	-10.8755	66.669 	875.652	84.4271
32 	-10.8755	64.0004	586.652	73.8913
33 	-10.8755	66.3334	671.127	81.8545
34 	-10.8755	66.1772	637.076	80.573 
35 	-10.8755	67.0196	736.925	82.059 
36 	-11.3455	67.3619	703.412	83.9657
37 	-11.3455	69.3108	791.371	90.3283
38 	-11.3455	68.2198	741.081	86.8144
39 	-11.3455	68.6336	1011.64	90.3657
40 	-11.3455	66.8484	712.827	89.0364
41 	-11.3455	64.1538	612.41 	79.3586
42 	-11.3455	63.7358	563.289	78.7716
43 	-11.3455	64.7668	544.98 	78.9329
44 	-11.3455	63.8599	643.828	79.4315
45 	-11.3455	64.1376	918.826	87.5282
46 	-11.3455	63.196 	805.234	80.5492
47 	-11.3455	61.2783	545.973	72.9698
48 	-11.3455	61.4082	688.502	76.3871
49 	-11.3455	60.2583	617.732	74.1161
50 	-11.3455	60.6151	957.413	77.9002
51 	-11.3455	60.671 	551.181	74.3666
52 	-11.3455	62.8539	512.421	79.272 
53 	-11.3455	59.979 	476.14 	72.8231
54 	-11.3455	60.9915	700.654	79.432 
55 	-11.3455	58.7739	500.285	69.1937
56 	-11.3455	59.2553	510.813	69.2993
57 	-11.3455	59.1488	594.048	69.4853
58 	-11.3455	58.2344	576.82 	66.2763
59 	-11.3455	57.6105	698.639	70.6842
60 	-11.3455	56.8999	481.153	69.7241
61 	-11.3455	57.6599	525.271	69.2269
62 	-11.3455	56.0202	445.317	62.854 
63 	-11.3455	55.8996	547.73 	63.0354
64 	-11.3455	56.467 	614.667	67.5327
65 	-11.3455	55.6017	494.044	66.8439
66 	-11.3455	57.6422	646.735	73.945 
67 	-11.3455	56.4334	576.717	68.5066
68 	-11.3455	55.9429	659.443	69.1908
69 	-11.3455	55.5497	465.431	64.2682
70 	-11.3455	54.7694	376.839	62.8401
71 	-11.3455	55.6378	646.47 	67.9961
72 	-11.3455	55.7392	529.705	66.7108
73 	-11.3455	57.0855	564.92 	70.6494
74 	-11.3455	58.6359	602.978	74.7999
75 	-11.3455	59.4846	681.185	77.9329
76 	-11.3455	60.9213	631.62 	80.8045
77 	-11.3455	59.6581	707.349	79.9441
78 	-11.3455	58.4767	949.502	82.0933
79 	-11.3455	58.9627	793.341	83.0599
80 	-11.3455	58.061 	730.373	80.5925
81 	-11.3455	58.5497	771.47 	82.7478
82 	-11.3455	56.5719	770.711	77.3143
83 	-11.3455	56.8294	842.797	82.1574
84 	-11.3455	55.6468	633.385	73.0017
85 	-11.3455	53.2679	642.685	71.4318
86 	-11.3455	54.1785	624.69 	73.3055
87 	-11.3455	53.949 	505.87 	67.7123
88 	-11.3455	52.8233	608.341	65.2534
89 	-11.3455	52.879 	487.146	64.7463
90 	-11.3455	52.0117	451.869	65.4831
91 	-11.3455	52.1434	429.401	64.4319
92 	-11.3455	51.3284	578.324	64.1616
93 	-11.3455	51.7591	423.102	63.6112
94 	-11.3455	50.3536	471.003	61.4472
95 	-11.3455	47.5783	428.633	53.5933
96 	-11.3455	47.5466	414.01 	53.4603
97 	-11.3455	47.1463	444.478	51.2915
98 	-11.3455	46.5098	377.284	50.5272
99 	-11.3455	47.9768	369.816	54.317 
100	-11.6561	49.3956	601.943	59.1129
101	-11.6561	50.3024	445.733	61.0812
102	-11.6561	50.6321	459.629	60.8344
103	-11.6561	52.3231	502.142	64.5998
104	-11.6561	50.9745	439.424	59.5002
105	-11.6561	50.4882	574.811	62.5873
106	-11.6561	50.6543	492.721	62.8667
107	-11.6561	49.798 	495.164	61.3226
108	-11.6561	51.8718	580.763	66.9183
109	-11.6561	49.5439	475.301	58.0419
110	-11.6561	48.3465	419.113	56.0409
111	-11.6561	50.243 	450.873	59.2123
112	-11.6561	49.9685	455.451	58.1506
113	-11.6561	50.7495	412.367	63.5922
114	-11.6561	52.5214	835.377	72.5094
115	-11.6561	50.3052	606.197	63.7225
116	-11.6561	50.332 	648.303	64.5816
117	-11.6561	49.686 	586.009	65.2444
118	-11.6561	49.6449	491.547	62.7634
119	-11.6561	50.1088	503.07 	61.4268
120	-11.6561	50.0481	576.186	63.1424
121	-11.6561	49.0458	592.041	62.1238
122	-11.6561	48.7512	570.545	60.341 
123	-11.6561	46.9442	389.822	55.1078
124	-11.6561	46.5577	393.066	56.8779
125	-11.6561	46.588 	379.266	53.8088
126	-11.6561	45.7406	379.266	51.3683
127	-11.6561	45.4393	540.352	53.1925
128	-11.6561	44.8384	308.879	49.1396
129	-11.6561	43.2668	328.664	46.6635
130	-11.6561	44.5523	370.527	51.4296
131	-11.6561	45.5734	515.628	55.7083
132	-11.6561	43.6294	457.68 	47.3948
133	-11.6561	43.454 	354.075	47.2471
134	-11.6561	43.092 	342.764	46.5343
135	-11.6561	44.6023	344.6  	52.6482
136	-11.6561	45.1724	333.09 	54.1157
137	-11.6561	45.2395	380.035	56.2831
138	-11.6561	46.2714	454.157	59.6112
139	-11.6561	45.585 	414.623	54.94  
140	-11.6561	46.8837	476.613	61.1263
141	-11.6561	45.4108	478.576	58.8904
142	-11.6561	46.0527	490.017	59.5718
143	-11.6561	44.8861	530.368	58.5552
144	-11.6561	45.0938	414.607	54.4092
145	-11.6561	45.29  	422.965	57.1548
146	-11.6561	44.0391	389.863	52.4379
147	-11.6561	43.4637	406.589	52.3833
148	-11.6561	44.09  	418.444	53.6432
149	-11.6561	45.5327	366.869	54.1898
150	-11.6561	44.1992	512.207	54.368 
151	-11.6561	44.4188	500.816	56.3297
152	-11.6561	43.6784	485.886	54.8061
153	-11.6561	43.8975	691.008	58.7951
154	-11.6561	41.49  	444.156	50.8275
155	-11.6561	41.9884	521.523	51.7582
156	-11.6561	41.7612	448.116	50.8918
157	-11.6561	41.2532	374.667	49.8755
158	-11.6561	41.5681	338.986	48.6168
159	-11.6561	42.5367	602.416	54.6343
160	-11.6561	42.8334	602.416	54.9131
161	-11.6561	41.7866	364.38 	49.9733
162	-11.6561	42.5604	399.211	50.9887
163	-11.7043	43.2261	429.852	53.7718
164	-11.7043	42.3236	330.724	51.3291
165	-11.7043	42.3275	600.434	53.0268
166	-11.7043	40.2854	304.237	44.6754
167	-11.7043	40.1544	337.641	47.0554
168	-11.7043	39.7351	436.246	46.7665
169	-11.7043	39.9737	479.28 	47.4904
170	-11.7043	40.3487	432.016	47.6929
171	-11.7043	40.0461	293.336	46.0095
172	-11.7043	40.1066	326.198	46.5734
173	-11.7043	40.4544	334.599	46.8989
174	-11.7043	40.1355	320.981	45.2719
175	-11.7043	40.7021	423.838	47.0974
176	-11.7043	40.2185	268.816	45.5567
177	-11.7043	41.0254	472.011	51.1189
178	-12.2298	41.0566	367.762	49.2221
179	-12.2298	40.233 	306.008	46.3657
180	-12.2298	40.7436	328.915	49.4144
181	-12.2298	40.0872	373.843	48.0779
182	-12.2298	40.0935	379.338	47.8529
183	-12.2298	39.5974	389.601	47.3022
184	-12.2298	38.9067	260.554	42.9396
185	-12.2298	39.3989	342.952	46.1678
186	-12.2298	39.6377	369.644	46.9598
187	-12.2298	37.2677	257.063	40.9126
188	-12.2298	39.4534	465.432	48.521 
189	-12.2298	40.8653	485.456	51.8923
190	-12.2298	40.3526	432.094	51.0318
191	-12.2298	39.2659	312.86 	47.2077
192	-12.2298	39.5988	280.302	45.7892
193	-12.2298	38.9231	302.88 	44.2781
194	-12.2298	38.0664	409.753	42.0932
195	-12.2298	39.126 	368.4  	45.1767
196	-12.2298	38.5219	418.742	42.7209
197	-12.2298	38.638 	297.732	42.0674
198	-12.2298	38.0651	297.732	41.2469
199	-12.2298	37.8274	242.778	39.42  
200	-12.2298	38.5382	308.248	42.5831
201	-12.2298	38.8709	303.067	44.7613
202	-12.2298	41.0792	420.142	50.3519
203	-12.2298	40.2656	420.142	49.0942
204	-12.2298	39.9602	331.094	47.6855
205	-12.2298	39.0866	266.903	45.9813
206	-12.2298	39.495 	515.765	48.8324
207	-12.2298	39.2546	328.8  	46.9191
208	-12.2298	39.3046	376.15 	47.2673
209	-12.2298	38.8062	441.193	48.3809
210	-12.2298	38.8687	402.312	45.4301
211	-12.2298	38.4625	384.845	44.7814
212	-12.2298	38.363 	353.818	45.7223
213	-12.2298	38.669 	328.492	45.6659
214	-12.2298	39.0653	306.874	46.0584
215	-12.2298	38.6074	291.721	43.7602
216	-12.2298	38.8655	415.176	46.8649
217	-12.2298	39.4635	407.45 	49.028 
218	-12.2298	39.1623	446.462	48.3445
219	-12.2298	39.3279	446.462	50.8926
220	-12.2298	37.8448	379.677	46.3668
221	-12.2298	37.5965	363.616	44.8571
222	-12.2298	36.7367	332.418	42.3521
223	-12.2298	36.7203	332.418	41.9936
224	-12.2298	36.418 	258.851	40.3006
225	-12.2298	37.2381	282.452	42.5726
226	-12.2298	37.0212	297.129	43.1798
227	-12.2298	37.1324	503.841	46.3765
228	-12.2298	36.9679	300.189	42.475 
229	-12.2298	37.6134	352.317	43.5961
230	-12.2298	36.3949	307.001	40.7806
231	-12.2298	35.5231	256.645	37.4548
232	-12.2298	38.1646	442.647	46.4485
233	-12.2298	36.9775	352.583	43.9943
234	-12.2298	37.1919	598.364	45.0369
235	-12.2298	36.2136	278.44 	39.9538
236	-12.2298	34.7795	275.432	36.5995
237	-12.2298	35.0667	275.432	38.0905
238	-12.2298	35.145 	254.498	37.9626
239	-12.2298	35.1993	249.62 	39.2182
240	-12.2298	35.42  	239.628	39.426 
241	-12.2298	35.2312	228.234	39.1776
242	-12.2298	35.4917	275.302	39.9225
243	-12.2298	35.1111	260.769	39.7056
244	-12.2298	35.4687	231.813	39.0552
245	-12.2298	35.0215	269.524	39.6652
246	-12.2298	35.4545	302.509	40.6569
247	-12.2298	36.0083	224.246	40.1346
248	-12.2406	35.8536	235.049	40.6589
249	-12.2406	36.0012	309.184	42.1792
250	-12.2406	35.1303	272.755	38.8762
251	-12.2406	35.0336	272.755	38.5876
252	-12.2406	35.3851	301.184	40.0933
253	-12.2406	35.9083	301.184	41.0237
254	-12.2406	34.8259	304.031	41.1846
255	-12.2406	34.9423	331.38 	40.3143
256	-12.2406	35.1352	259.825	39.4769
257	-12.2406	35.6076	315.592	41.5343
258	-12.2406	35.5903	328.714	40.3513
259	-12.2406	35.401 	349.749	41.9911
260	-12.2406	34.981 	258.173	39.9803
261	-12.2406	34.762 	239.036	38.6249
262	-12.2406	34.9366	270.853	41.0451
263	-12.9387	34.8755	238.091	40.9853
264	-12.9387	34.9959	235.747	40.3917
265	-12.9387	34.5446	255.546	39.9893
266	-12.9387	35.3743	303.862	40.8559
267	-12.9387	35.0009	330.805	41.787 
268	-12.9387	35.2784	297.578	42.5944
269	-12.9387	34.5337	301.672	39.9268
270	-12.9387	34.4743	281.929	38.7889
271	-12.9387	34.5244	245.043	37.23  
272	-12.9387	35.1391	287.251	39.8384
273	-12.9387	34.2491	239.612	38.0641
274	-12.9387	35.5039	238.057	39.5677
275	-12.9387	35.6778	237.834	40.6602
276	-12.9387	34.741 	227.046	40.5674
277	-12.9387	34.1734	238.758	39.4282
278	-12.9387	33.9642	238.758	38.5271
279	-12.9387	33.7596	245.904	37.8684
280	-12.9387	34.2866	230.062	37.787 
281	-12.9387	34.1039	220.338	38.0198
282	-12.9387	33.5206	219.791	37.5746
283	-12.9387	33.6774	216.379	36.9924
284	-12.9387	33.6979	221.531	38.5053
285	-12.9387	33.9021	221.531	38.9102
286	-12.9387	33.7172	325.209	39.3293
287	-12.9387	33.2052	249.908	37.2511
288	-12.9387	33.2081	227.757	36.601 
289	-12.9387	33.6461	271.997	37.885 
290	-12.9387	34.1839	337.306	40.3596
291	-12.9387	32.7251	241.912	37.8056
292	-12.9387	32.579 	228.05 	37.9624
293	-12.9387	32.8911	261.439	38.6985
294	-12.9387	34.4085	294.579	42.7883
295	-12.9387	34.7118	341.609	43.2501
296	-12.9387	34.6252	293.537	41.3916
297	-12.9387	34.8484	246.445	41.2724
298	-12.9387	35.3704	271.463	42.262 
299	-12.9387	36.4254	307.939	43.7025
300	-12.9387	36.3527	272.894	43.5832
301	-12.9387	36.1431	266.885	42.2263
302	-12.9387	34.9604	237.953	39.8662
303	-12.9387	35.1258	331.241	42.0355
304	-12.9387	35.3993	391.372	44.0648
305	-12.9387	34.8072	271.492	40.5732
306	-12.9387	35.7416	288.94 	42.4378
307	-12.9387	36.3802	330.975	44.3113
308	-12.9387	36.0536	330.975	43.2272
309	-12.9387	35.4939	307.356	42.4575
310	-12.9387	34.5411	307.16 	39.8709
311	-12.9387	34.3284	299.114	39.9554
312	-12.9387	34.7777	308.438	40.7927
313	-12.9387	34.9909	256.632	39.6901
314	-12.9387	35.2262	245.354	39.9977
315	-12.9387	35.6234	325.855	42.0263
316	-13.0834	34.9757	257.127	40.8402
317	-13.0834	34.9141	246.343	40.1352
318	-13.0834	35.2389	232.084	40.5207
319	-13.0834	35.0605	240.282	40.2279
320	-13.0834	34.6677	240.282	38.8701
321	-13.0834	34.3242	330.484	39.6865
322	-13.0834	33.6076	255.998	37.3543
323	-13.0834	33.8987	236.335	37.5887
324	-13.0834	33.6378	215.875	36.2739
325	-13.0834	33.6806	220.33 	35.7892
326	-13.0834	33.3599	245.062	35.3864
327	-13.0834	33.1575	222.808	35.6975
328	-13.0834	33.286 	249.396	35.1792
329	-13.0834	33.564 	241.286	38.2837
330	-13.0834	33.8631	316.06 	38.8424
331	-13.0834	33.8359	230.228	37.3629
332	-13.0834	33.3696	242.602	37.1729
333	-13.0834	33.1339	242.602	36.5098
334	-13.0834	33.7081	233.583	38.1045
335	-13.0834	33.6143	255.1  	37.87  
336	-13.0834	33.4839	251.436	36.6272
337	-13.0834	33.2502	322.477	37.5013
338	-13.0834	33.3569	218.206	36.3917
339	-13.0834	33.1556	218.327	36.9343
340	-13.0834	33.5172	192.399	35.9485
341	-13.0834	33.2496	171.125	35.6901
342	-13.0834	33.3288	227.492	36.6477
343	-13.0834	33.4254	230.032	36.9598
344	-13.0834	32.9817	232.42 	35.9676
345	-13.0834	33.2899	216.251	36.1056
346	-13.0834	33.6101	223.575	38.1399
347	-13.0834	33.7614	252.741	38.8629
348	-13.0834	33.5092	198.03 	37.2541
349	-13.0834	34.09  	249.278	38.5325
350	-13.0834	33.4506	284.965	37.7869
351	-13.0834	33.7543	209.735	37.658 
352	-13.0834	33.7315	224.534	37.3858
353	-13.0834	34.0765	223.032	38.0488
354	-13.0834	33.2296	196.209	35.6394
355	-13.0834	32.6561	195.212	34.6439
356	-13.0834	33.3237	237.824	37.2929
357	-13.0834	33.6593	324.584	39.2339
358	-13.0834	33.2485	275.05 	37.9175
359	-13.0834	33.7885	254.551	37.6918
360	-13.0834	34.0783	252.69 	37.804 
361	-13.0834	34.0312	203.583	36.1302
362	-13.0834	33.802 	190.736	36.2317
363	-13.0834	33.8651	205.951	35.969 
364	-13.0834	33.6323	208.726	36.1738
365	-13.0834	33.9216	219.158	36.8516
366	-13.0834	33.8749	241.661	36.4949
367	-13.0834	33.9663	215.961	36.443 
368	-13.0834	33.8688	200.981	36.3128
369	-13.0834	34.2515	251.023	38.3111
370	-13.0834	33.5329	223.213	36.1743
371	-13.0834	33.2942	204.763	36.315 
372	-13.0834	33.3388	245.103	35.5083
373	-13.0834	32.8058	187.022	34.8727
374	-13.0834	32.9572	212.625	35.6744
375	-13.0834	33.3191	207.543	36.2107
376	-13.0834	33.4007	215.257	36.5115
377	-13.0834	33.5468	210.973	37.2917
378	-13.0834	34.0441	210.973	38.0349
379	-13.0834	33.9304	205.691	37.5636
380	-13.0834	33.9767	245.753	37.7261
381	-13.0834	33.8995	249.297	36.7267
382	-13.0834	33.6467	205.947	36.4483
383	-13.0834	33.4389	202.873	36.2288
384	-13.0834	34.422 	219.831	38.6035
385	-13.0834	34.0442	320.535	38.6655
386	-13.0834	33.4067	307.627	38.0505
387	-13.0834	33.5142	307.627	38.73  
388	-13.0834	34.5036	266.173	39.9685
389	-13.0834	34.2646	257.52 	39.9907
390	-13.0834	34.8332	254.003	40.7438
391	-13.0834	34.6772	224.409	39.6318
392	-13.0834	34.5576	304.259	39.8176
393	-13.0834	34.6878	236.463	39.2499
394	-13.0834	34.1962	242.27 	38.6492
395	-13.0834	34.516 	258.18 	38.09  
396	-13.0834	35.0268	317.219	41.195 
397	-13.0834	34.5308	276.652	39.2994
398	-13.0834	34.7124	366.767	42.6832
399	-13.0834	33.6936	262.97 	38.8237
400	-13.0834	34.1119	252.747	39.5835
401	-13.0834	33.6382	253.198	38.5317
402	-13.0834	34.0191	237.031	38.8387
403	-13.0834	33.7225	225.892	36.9357
404	-13.0834	33.224 	216.785	36.4658
405	-13.0834	33.0394	209.539	35.5459
406	-13.0834	34.0775	207.531	36.8228
407	-13.1384	33.9433	198.051	35.6672
408	-13.1384	33.6971	188.928	34.9617
409	-13.1384	33.8161	188.928	35.02  
410	-13.1384	34.0594	190.489	35.3844
411	-13.1384	33.5981	188.376	34.9686
412	-13.1384	33.7301	223.803	37.2794
413	-13.1384	33.4461	202.808	35.9774
414	-13.1384	33.9279	200.443	36.1278
415	-13.1384	34.2246	209.356	36.8244
416	-13.1384	33.2859	189.285	34.7254
417	-13.1384	33.2097	217.723	35.6068
418	-13.1384	32.8411	187.766	35.6029
419	-13.8524	33.0572	213.361	36.2536
420	-13.8524	33.0648	205.122	35.4817
421	-13.8524	32.9465	203.533	35.7643
422	-13.8524	33.176 	249.36 	38.6302
423	-13.8524	33.5038	257.629	38.4837
424	-13.8524	34.0362	249.345	39.4527
425	-13.8524	33.7353	280.229	39.2987
426	-13.8524	34.0224	316.573	39.2432
427	-13.8524	33.4122	251.008	36.8463
428	-13.8524	33.2856	211.244	37.2061
429	-13.8524	32.6854	199.783	35.9392
430	-13.8524	32.9763	227.331	36.9099
431	-13.8524	33.5708	302.659	39.3247
432	-13.8524	33.5448	251.883	38.3273
433	-13.8524	32.9061	230.795	36.6791
434	-13.8524	33.5644	225.324	37.8539
435	-13.8524	34.4962	233.002	39.6794
436	-13.8524	34.5875	253.473	40.6201
437	-13.8524	34.6156	265.37 	41.0525
438	-13.8524	35.2851	279.425	42.9622
439	-13.8524	35.6734	279.891	44.0662
440	-13.8524	34.928 	343.347	43.9862
441	-13.8524	35.2161	250.685	43.5779
442	-13.8524	34.7905	255.324	42.0488
443	-13.8524	34.6186	226.538	40.6219
444	-13.8524	34.9933	251.154	40.9437
445	-13.8524	35.0991	303.845	41.4179
446	-13.8524	34.6498	265.313	40.6075
447	-13.8524	34.3163	225.29 	39.374 
448	-13.8524	34.1361	234.381	40.3433
449	-13.8524	33.6793	226.82 	38.8621
450	-13.8524	34.2794	223.065	38.2254
451	-13.8524	34.4307	234.016	37.5429
452	-13.8524	34.5499	237.531	38.2135
453	-13.8524	34.4882	223.858	38.0142
454	-13.8524	35.1551	219.501	39.0149
455	-13.8524	34.6523	219.501	38.3395
456	-13.8524	35.0083	231.113	39.2031
457	-13.8524	35.7707	182.742	38.8287
458	-13.8524	35.3401	189.021	38.6104
459	-13.8524	35.4257	208.4  	38.6012
460	-13.8524	34.9886	214.243	38.7704
461	-13.8524	35.2496	214.243	39.1498
462	-13.8524	34.9192	236.947	39.3549
463	-13.8524	34.7413	218.544	37.8863
464	-13.8524	35.482 	247.503	40.0546
465	-13.8524	34.6693	234.5  	39.8717
466	-13.8524	34.6928	214.695	39.0152
467	-13.8524	34.669 	232.692	39.5699
468	-13.8524	35.1666	234.111	39.6672
469	-13.8524	35.7603	257.806	41.2788
470	-13.8524	35.6141	262.239	41.3396
471	-13.8524	35.191 	253.826	40.8483
472	-13.8524	34.7886	250.884	40.1224
473	-13.8524	34.4723	236.332	39.3107
474	-13.8524	34.4416	236.332	37.168 
475	-13.8524	34.4531	221.278	37.5865
476	-13.8524	34.8497	239.083	39.3996
477	-13.8524	34.8843	254.356	39.8501
478	-13.8524	34.7644	235.7  	39.3948
479	-13.8524	34.4364	229.878	39.364 
480	-13.8524	33.6243	203.691	38.1731
481	-13.8524	33.5476	238.157	38.6838
482	-13.8524	33.7371	245.914	38.1601
483	-13.8524	33.1162	201.53 	36.6301
484	-13.8524	32.625 	180.703	36.4449
485	-13.8524	32.4638	209.685	36.0732
486	-13.8524	32.3428	192.398	36.3309
487	-13.8524	32.4686	200.335	36.5132
488	-13.8524	32.6189	227.981	36.1002
489	-13.8524	33.6679	237.204	37.8067
490	-13.8524	33.6513	212.282	37.0542
491	-13.8524	33.8365	208.64 	36.7666
492	-13.8524	33.3272	208.5  	36.1835
493	-13.8524	33.2753	202.615	35.9908
494	-13.8524	33.8949	221.707	37.7497
495	-13.8524	34.4695	232.458	38.2387
496	-13.8524	34.0879	221.84 	37.5641
497	-13.8524	33.9794	222.037	37.4519
498	-13.8524	33.6942	209.64 	37.3665
499	-13.8524	33.825 	225.72 	37.7037
-16.93999999
