gen	min    	avg     	max    	std    
0  	-92.883	-70.9468	3.18942	12.0093
1  	-92.883	-71.007 	-5.87727	11.5447
2  	-92.883	-70.9739	-16.1809	11.4947
3  	-92.883	-70.899 	-7.15229	11.8366
4  	-92.883	-70.3778	6.86046 	11.8757
5  	-92.883	-70.4127	-3.38393	12.0126
6  	-92.883	-70.1927	-12.5369	12.1188
7  	-92.883	-70.0586	-17.0133	11.8406
8  	-92.883	-69.9464	-19.1678	12.0932
9  	-92.883	-70.0131	-16.2269	12.1791
10 	-92.883	-70.4143	-4.40077	11.8102
11 	-92.883	-70.6555	-21.3982	11.3574
12 	-92.883	-70.8397	-20.9613	11.2301
13 	-92.883	-70.767 	-21.2083	11.508 
14 	-92.883	-70.8578	-19.9497	11.5064
15 	-92.883	-70.8433	-23.4983	11.8571
16 	-92.883	-70.6176	-10.0599	12.2688
17 	-92.883	-70.7144	-9.96072	12.0244
18 	-92.883	-70.6101	-17.0323	11.8497
19 	-92.883	-70.6676	-14.2194	11.4235
20 	-92.9967	-70.4354	-0.163701	11.614 
21 	-92.9967	-70.6576	-16.4439 	11.5515
22 	-92.9967	-70.7171	-11.435  	11.511 
23 	-93.1801	-70.7401	-13.8402 	11.7749
24 	-93.1801	-70.6306	-10.3408 	11.6857
25 	-93.5084	-70.6382	-18.6165 	11.542 
26 	-93.5084	-70.5087	-24.4662 	11.7148
27 	-93.5084	-70.3239	-15.6563 	11.5255
28 	-93.5084	-70.494 	-5.35693 	11.7425
29 	-93.5084	-70.4383	-10.1465 	12.0224
30 	-93.5084	-70.2685	-4.07473 	12.7021
31 	-93.5084	-70.106 	-4.07473 	12.8456
32 	-94.0077	-70.5515	-21.1559 	12.0527
33 	-94.0077	-69.8393	0.0707717	12.9836
34 	-94.0077	-70.049 	-7.77485 	12.6216
35 	-94.0077	-70.0643	29.263   	12.2908
36 	-94.0077	-69.9818	-19.2315 	11.9957
37 	-94.5264	-70.0939	-19.2315 	12.335 
38 	-94.5264	-69.9749	-20.4193 	12.5501
39 	-94.5264	-69.8982	-26.2375 	12.3982
40 	-94.5264	-69.8825	-2.18276 	12.8233
41 	-94.5264	-69.882 	-20.7045 	12.6529
42 	-94.5264	-69.7811	-14.4605 	12.5847
43 	-94.5264	-69.8108	-15.8068 	12.5777
44 	-94.5264	-70.0553	-7.2334  	11.9689
45 	-94.5264	-69.882 	1.96898  	11.8182
46 	-94.5264	-69.7398	-21.7722 	11.7452
47 	-94.5264	-69.7959	-20.9604 	11.8783
48 	-94.5264	-69.928 	-9.04235 	12.7889
49 	-94.5264	-69.9768	-8.31609 	12.8916
50 	-94.5264	-69.5106	5.24298  	13.9682
51 	-94.5264	-69.796 	4.15575  	13.674 
52 	-94.5264	-69.9457	-3.75595 	13.0644
53 	-94.5264	-69.9087	-1.82894 	12.8975
54 	-94.5264	-69.9171	-3.75595 	12.7929
55 	-94.5264	-69.8927	-11.57   	12.826 
56 	-94.5264	-69.9879	-11.57   	12.748 
57 	-94.5264	-69.9487	-6.59524 	12.7689
58 	-94.5264	-69.6621	-15.1112 	13.2046
59 	-94.5264	-69.8998	-15.1112 	12.7896
60 	-94.5264	-69.4717	-7.85618 	12.9939
61 	-94.5264	-69.5792	-13.7572 	13.5077
62 	-94.5264	-69.4511	-10.0077 	13.6555
63 	-94.5264	-69.5182	-17.2265 	12.7609
64 	-94.5264	-69.5186	-13.9196 	13.2179
65 	-94.5264	-69.7845	-11.1267 	12.8511
66 	-94.5264	-69.6624	-13.8779 	12.9623
67 	-94.5264	-69.6947	-6.03501 	13.4819
68 	-94.5264	-69.6807	-4.08864 	13.8062
69 	-94.5264	-69.9163	-16.0725 	13.0337
70 	-94.5264	-69.6735	-9.55258 	13.0839
71 	-94.5264	-69.4132	-20.0994 	12.7545
72 	-94.5264	-69.1382	1.30333  	13.7778
73 	-94.5264	-69.1626	25.7888  	14.0624
74 	-94.5264	-69.354 	13.9178  	13.797 
75 	-94.5264	-69.4399	-9.79296 	13.9199
76 	-94.5264	-69.2922	3.65747  	13.7814
77 	-94.5264	-69.1459	-10.7929 	13.8185
78 	-94.5264	-68.6019	16.0171  	14.721 
79 	-94.5264	-68.5678	16.0171  	15.5322
80 	-94.5264	-68.4542	21.5473  	15.7891
81 	-94.5264	-68.6596	6.95315  	15.5708
82 	-94.5264	-68.7209	-4.39561 	14.4943
83 	-94.5264	-68.8708	25.0138  	14.589 
84 	-94.5264	-69.1612	-3.75532 	14.3102
85 	-94.5264	-69.2231	-5.76481 	14.0859
86 	-94.5264	-68.8454	-0.436586	14.2184
87 	-94.5264	-69.2624	-13.8064 	13.9492
88 	-94.5264	-69.0859	-2.93773 	14.0473
89 	-94.5264	-68.9358	-11.6557 	14.1286
90 	-94.5264	-68.9516	-1.31467 	14.0712
91 	-94.5264	-68.7519	3.1691   	14.413 
92 	-94.5264	-68.9184	-2.20235 	14.191 
93 	-94.5264	-69.2087	3.80292  	14.2601
94 	-94.5264	-69.1237	-2.45023 	14.2488
95 	-94.5264	-69.37  	6.3104   	14.3002
96 	-94.5264	-69.0536	6.3104   	14.921 
97 	-94.5264	-68.8052	5.43962  	14.7498
98 	-94.5264	-69.1717	-4.13462 	14.0751
99 	-94.5264	-69.2231	1.44972  	13.7838
100	-94.5264	-69.5322	-2.57247 	13.2019
101	-94.5264	-69.4475	10.119   	13.431 
102	-94.5264	-69.1744	13.4083  	14.2094
103	-94.5264	-69.2099	-0.336965	14.1264
104	-94.5264	-69.2289	-15.8969 	13.5837
105	-94.5264	-69.4289	-12.784  	13.5678
106	-94.5264	-69.1386	2.71585  	14.3455
107	-94.5264	-69.0265	11.5488  	14.4253
108	-94.5264	-69.2105	8.77128  	14.4505
109	-94.5264	-69.1025	-4.91689 	14.3905
110	-94.5264	-69.0587	-2.5213  	14.446 
111	-94.5264	-68.9853	-1.06463 	14.922 
112	-94.5264	-69.0904	2.78341  	14.417 
113	-94.5264	-69.137 	-2.19007 	14.0127
114	-94.5264	-69.1356	0.432301 	14.2214
115	-94.5264	-69.0558	15.8954  	14.9111
116	-94.5264	-69.0308	-0.30301 	14.1619
117	-94.5264	-68.92  	-0.30301 	13.995 
118	-94.5264	-69.0443	-2.90558 	13.6629
119	-94.5264	-68.6886	-0.482314	14.8786
120	-94.5264	-68.9555	11.7598  	15.1068
121	-94.5264	-68.9992	1.70326  	14.6145
122	-94.5264	-68.8161	5.39846  	15.0264
123	-94.5264	-68.3694	1.70326  	15.3362
124	-94.5264	-68.3053	20.5157  	15.6777
125	-94.5264	-68.42  	18.4227  	15.5236
126	-94.5264	-68.5382	18.4227  	15.4691
127	-94.5264	-68.3809	9.56951  	15.7451
128	-94.5264	-68.252 	19.622   	15.3276
129	-94.5264	-68.7232	-1.98397 	14.9722
130	-94.5264	-68.4867	7.97366  	15.3198
131	-94.5264	-68.7211	2.83447  	14.758 
132	-94.5264	-68.5785	0.196733 	14.4456
133	-94.5264	-68.8443	-2.161   	14.1031
134	-94.5264	-68.557 	14.8688  	14.5163
135	-94.5264	-68.4995	-2.88484 	13.9847
136	-94.5264	-68.6695	-10.6027 	14.0304
137	-94.5264	-68.6383	-11.1612 	14.3838
138	-94.5264	-68.4683	-8.16832 	14.5932
139	-94.5264	-68.558 	2.20309  	15.0943
140	-94.5264	-68.6766	-6.02384 	15.1435
141	-94.5264	-68.8645	3.49681  	14.8741
142	-94.5264	-68.8865	17.2673  	14.9423
143	-94.5264	-68.6743	0.82757  	15.5105
144	-94.5264	-68.5384	-8.7381  	15.1101
145	-94.5264	-68.3692	-11.2967 	15.0901
146	-94.5264	-68.3835	11.7691  	15.4158
147	-94.5264	-68.4946	12.949   	15.045 
148	-94.5264	-68.559 	25.3484  	14.9304
149	-94.5264	-68.2269	8.80731  	15.3937
150	-94.5264	-68.1407	17.6923  	15.5767
151	-94.5264	-68.2034	12.9935  	15.492 
152	-94.5264	-68.1242	-0.777269	14.9499
153	-94.5264	-68.1867	25.413   	15.4505
154	-94.5264	-68.3807	3.35926  	15.1548
155	-94.5264	-68.1348	5.53165  	15.8207
156	-94.5264	-68.429 	1.39815  	15.494 
157	-94.5264	-68.3354	4.20646  	15.38  
158	-94.5264	-68.239 	4.20646  	15.2163
159	-94.5264	-68.0825	4.20646  	15.6446
160	-94.5264	-68.1034	8.2331   	16.0881
161	-94.5264	-68.3152	19.23    	15.4856
162	-94.5264	-68.4915	7.18379  	15.3213
163	-94.5264	-67.9215	0.35487  	15.8068
164	-94.5264	-67.7934	21.7172  	16.6101
165	-94.5264	-68.1516	18.1124  	15.8303
166	-94.5264	-68.1422	8.59046  	15.3425
167	-94.5264	-68.0783	3.00301  	15.7719
168	-94.5264	-68.4366	20.3876  	15.504 
169	-94.5264	-68.3532	1.93477  	15.2216
170	-94.5264	-67.4432	16.319   	16.3372
171	-94.5264	-67.6836	-1.55272 	15.7927
172	-94.5264	-67.7515	-2.98954 	15.3301
173	-94.5264	-68.1106	-8.03764 	14.8488
174	-94.5264	-68.3325	-9.47002 	14.4551
175	-94.5264	-68.3961	-6.07808 	14.3266
176	-94.5264	-68.1906	-8.16562 	14.8703
177	-94.5264	-68.052 	8.84821  	15.0894
178	-94.5264	-68.334 	-10.1218 	14.2659
179	-94.5264	-68.5402	-10.3631 	14.7874
180	-94.5264	-68.4238	10.8369  	15.1037
181	-94.5264	-67.8642	0.516898 	15.8237
182	-94.5264	-67.9098	22.1154  	16.0054
183	-94.5264	-67.9426	15.9013  	16.6344
184	-94.5264	-67.8355	15.1089  	16.0723
185	-94.5264	-67.7068	11.4087  	16.4366
186	-94.5264	-67.7501	37.7345  	16.3201
187	-94.5264	-68.1813	-6.37041 	15.342 
188	-94.5264	-67.9791	14.7525  	15.3629
189	-94.5264	-67.8627	-0.414938	15.2653
190	-94.5264	-67.9257	7.0643   	15.7562
191	-94.5264	-68.1031	23.2442  	15.5468
192	-94.5264	-68.4598	-0.53365 	15.0215
193	-94.5264	-68.2279	3.37291  	15.9059
194	-94.5264	-68.0392	0.573134 	16.1946
195	-94.5264	-67.9603	30.7279  	16.2779
196	-94.5264	-67.9571	48.7719  	16.3556
197	-94.5264	-68.0325	22.3809  	15.9515
198	-94.5264	-67.7473	22.3809  	16.5262
199	-94.5264	-67.8127	12.9527  	16.3973
200	-94.5264	-67.8969	1.70937  	16.3108
201	-94.5264	-67.8188	1.70937  	15.9586
202	-94.5264	-68.3079	9.17894  	15.8137
203	-94.5264	-67.9744	13.9483  	16.2176
204	-94.5264	-67.7007	13.9483  	16.126 
205	-94.5264	-67.7177	18.8597  	16.6192
206	-94.5264	-67.395 	25.4273  	17.0223
207	-94.5264	-67.8665	12.2879  	16.1394
208	-94.5264	-67.6843	12.7714  	16.9733
209	-94.5264	-67.8675	38.1329  	16.7432
210	-94.5264	-67.9313	35.2782  	16.64  
211	-94.5264	-67.7756	41.8797  	16.7614
212	-94.5264	-67.9363	26.2343  	16.8294
213	-95.2394	-67.8941	25.2787  	16.8151
214	-95.2394	-68.1657	15.8678  	15.877 
215	-95.2394	-68.1818	7.57299  	15.5874
216	-95.2394	-68.0776	33.2711  	16.1546
217	-95.2394	-68.0592	5.48793  	15.8663
218	-95.2394	-67.8987	3.55177  	15.5606
219	-95.2394	-67.8617	-1.52945 	15.5251
220	-95.2394	-67.944 	-1.46937 	15.3148
221	-95.2394	-68.1428	5.31703  	15.6836
222	-95.2394	-68.1322	5.31703  	15.4495
223	-95.2394	-68.2834	1.34936  	15.438 
224	-95.2394	-68.3099	8.28962  	15.9145
225	-95.2394	-67.884 	36.7145  	16.997 
226	-95.2394	-67.8003	35.2064  	16.6787
227	-95.2394	-67.8759	6.52938  	16.6804
228	-95.2394	-68.2473	-3.89882 	16.0313
229	-95.2394	-68.0343	6.97043  	16.1282
230	-95.2394	-67.9779	7.97321  	16.0076
231	-95.2394	-68.185 	3.44553  	15.6118
232	-95.2394	-68.2151	16.5202  	15.4258
233	-95.2394	-68.2428	-1.54941 	15.4109
234	-95.2394	-67.9222	4.07392  	16.6768
235	-95.2394	-67.9718	10.7097  	16.8716
236	-95.2394	-68.1515	10.7097  	16.4511
237	-95.2394	-68.2597	10.7097  	16.491 
238	-95.2394	-68.2049	7.63679  	16.2466
239	-95.2394	-68.7602	1.69261  	15.4431
240	-95.2394	-68.7645	2.0494   	15.4485
241	-95.2394	-68.566 	12.5844  	15.9515
242	-95.2394	-67.8142	11.9367  	16.8722
243	-95.2394	-68.129 	8.54563  	16.3521
244	-95.2394	-68.4277	17.4787  	16.3981
245	-95.2394	-68.2056	20.4403  	15.2273
246	-95.2394	-68.0586	-5.07881 	15.118 
247	-95.2394	-68.0671	-3.04555 	15.1532
248	-95.2394	-67.9622	19.6147  	15.1602
249	-95.2394	-68.2882	20.6309  	14.7646
250	-95.2394	-68.2938	9.94575  	14.9378
251	-95.2394	-68.5229	-5.63502 	14.6877
252	-95.2394	-68.2952	38.148   	15.5493
253	-95.2394	-68.1419	-4.82443 	15.2442
254	-95.2394	-68.4636	-1.26859 	15.3384
255	-95.2394	-68.5804	17.8716  	14.9433
256	-95.2394	-68.6005	14.9061  	15.1717
257	-95.2394	-68.1434	14.9061  	15.6679
258	-95.2394	-68.3217	13.022   	16.2582
259	-95.2394	-68.5051	8.68195  	15.8516
260	-95.2394	-68.5004	31.0563  	16.557 
261	-95.2394	-68.0105	14.7046  	17.6393
262	-95.2394	-68.4231	14.7046  	16.7586
263	-95.2394	-68.8214	4.70453  	15.6313
264	-95.2394	-68.6144	19.7361  	15.7387
265	-95.2394	-68.2512	33.8367  	15.7574
266	-95.2394	-68.0295	-3.60791 	15.6652
267	-95.2394	-68.1518	3.12708  	16.1411
268	-95.2394	-68.2389	12.8177  	16.6731
269	-95.2394	-67.7065	11.4797  	17.4283
270	-95.2394	-67.736 	28.5048  	17.7792
271	-95.2394	-68.0314	6.9047   	16.5284
272	-95.2394	-68.2222	3.86303  	16.6482
273	-95.2394	-68.2738	12.5334  	17.0264
274	-95.2394	-67.969 	24.5963  	17.6254
275	-95.2394	-68.2385	20.4588  	18.0291
276	-95.2394	-68.4881	17.5345  	16.9715
277	-95.2394	-68.1369	20.5339  	17.2866
278	-95.2394	-68.4055	27.9651  	16.4793
279	-95.2394	-68.5001	25.3588  	16.6681
280	-95.2394	-68.3378	42.283   	16.6832
281	-95.2394	-68.3173	10.9239  	16.251 
282	-95.2394	-68.9193	22.7869  	15.4421
283	-95.2394	-68.8756	5.00246  	15.6069
284	-95.2394	-68.4129	1.63312  	16.0692
285	-95.2394	-68.4137	9.68099  	16.3749
286	-95.2394	-67.9358	13.2098  	16.8292
287	-95.2394	-67.8528	41.5333  	17.614 
288	-95.2394	-67.5164	43.0762  	18.2572
289	-95.2394	-67.8511	14.8509  	17.1776
290	-95.2394	-68.1181	10.1683  	17.0799
291	-95.2394	-68.0292	12.0541  	16.9443
292	-95.2394	-68.0462	7.82046  	17.0558
293	-95.2394	-68.0707	6.90881  	16.7329
294	-95.2394	-67.8504	10.8839  	16.5847
295	-95.2394	-67.7688	10.5669  	16.3046
296	-95.2394	-67.8722	8.24503  	16.7519
297	-95.2394	-67.7752	9.17449  	16.9224
298	-95.2394	-67.679 	29.6846  	17.6351
299	-95.2394	-67.3918	29.6846  	17.4926
300	-95.2394	-67.6992	-1.14938 	15.9099
301	-95.2394	-67.5398	22.6642  	16.9902
302	-95.2394	-67.7541	15.1235  	16.8553
303	-95.2394	-67.8636	15.4109  	16.7388
304	-95.2394	-68.0255	30.5817  	17.2909
305	-95.2394	-68.0484	28.0235  	17.1059
306	-95.2394	-67.8732	14.3061  	17.1127
307	-95.2394	-68.2811	10.1105  	16.4935
308	-95.2394	-68.5207	10.6815  	17.0644
309	-95.2394	-68.7457	6.42026  	16.7364
310	-95.2394	-68.4639	6.64118  	16.7601
311	-95.2394	-68.4848	16.9038  	16.7848
312	-95.2394	-68.6014	3.85081  	16.2035
313	-95.2394	-68.7318	3.85081  	15.6097
314	-95.2394	-68.2987	1.8311   	16.1264
315	-95.2394	-68.4096	7.21364  	16.1499
316	-95.2394	-68.7113	18.5661  	16.4598
317	-95.2394	-68.8654	7.58104  	16.3397
318	-95.2394	-69.0171	2.81166  	15.9352
319	-95.2394	-68.9982	-1.60255 	15.5758
320	-95.2394	-68.9943	2.53691  	15.8607
321	-95.2394	-68.7788	4.45328  	16.0963
322	-95.2394	-68.6454	2.93494  	16.3661
323	-95.2394	-68.5772	6.27853  	16.2883
324	-95.2394	-69.0393	5.01422  	15.9342
325	-95.2394	-68.9964	27.4128  	16.5183
326	-95.2394	-69.2948	7.49359  	15.6719
327	-95.2394	-69.0732	2.74734  	15.6796
328	-95.2394	-68.8878	4.2973   	16.1111
329	-95.2394	-68.727 	-2.83173 	16.2897
330	-95.2394	-68.9653	-6.26463 	15.7339
331	-95.3294	-68.7911	20.6477  	16.8362
332	-95.3294	-68.6969	15.057   	16.5575
333	-95.3294	-68.8692	48.8063  	16.7517
334	-95.3294	-68.9814	18.4895  	16.0603
335	-95.3294	-69.0328	11.7893  	15.905 
336	-95.3294	-69.2812	22.4423  	16.1715
337	-95.3294	-69.2309	10.8915  	15.7771
338	-96.2832	-69.0335	5.17128  	15.8889
339	-96.2832	-68.8923	-2.66583 	16.0891
340	-96.2832	-68.7126	15.524   	16.5725
341	-96.2832	-68.8247	19.8818  	16.5505
342	-96.2832	-68.9896	8.42458  	16.1308
343	-96.2832	-68.8124	1.94547  	16.7532
344	-96.2832	-68.3863	35.1711  	17.5271
345	-96.2832	-68.5587	33.983   	17.1522
346	-96.2832	-68.426 	23.1291  	17.519 
347	-96.2832	-68.305 	8.99844  	17.9509
348	-96.2832	-68.2874	23.5977  	17.9365
349	-96.2832	-68.7258	11.9556  	17.4884
350	-96.2832	-68.701 	11.0275  	17.1023
351	-96.2832	-68.8577	12.9115  	16.5181
352	-96.2832	-68.8017	-2.63439 	16.2807
353	-96.2832	-68.7857	-1.64877 	16.3156
354	-96.2832	-68.5463	22.6038  	17.3196
355	-96.2832	-68.8292	16.0789  	16.9532
356	-96.2832	-68.5149	21.8619  	17.3462
357	-96.2832	-68.8243	17.2087  	16.6994
358	-96.2832	-68.9449	17.2087  	16.9702
359	-96.2832	-68.9472	1.58152  	16.1055
360	-96.2832	-69.0129	25.549   	15.9754
361	-96.2832	-68.9358	10.3497  	16.0514
362	-96.2832	-68.8145	11.2019  	15.865 
363	-96.2832	-69.1545	5.15411  	15.4736
364	-96.2832	-69.1928	4.05002  	15.7788
365	-96.2832	-68.7441	-1.41054 	16.3819
366	-96.2832	-68.7172	5.97557  	16.451 
367	-96.2832	-69.2134	-5.97157 	16.0285
368	-96.2832	-69.0384	1.65808  	16.3772
369	-96.2832	-69.1356	0.866858 	16.1758
370	-96.2832	-69.1642	3.63528  	15.9881
371	-96.2832	-69.0091	-2.11165 	16.4371
372	-96.2832	-68.7635	14.792   	17.1414
373	-96.2832	-69.0166	22.5085  	16.8094
374	-96.2832	-69.1213	3.7743   	16.787 
375	-96.2832	-69.0954	9.11168  	16.3087
376	-96.2832	-69.2915	23.958   	16.462 
377	-96.2832	-69.3107	21.4124  	16.0422
378	-96.2832	-68.631 	12.8327  	16.8239
379	-96.2832	-68.833 	16.5151  	17.2731
380	-96.2832	-68.8108	38.3588  	18.025 
381	-96.2832	-68.6903	28.2437  	17.4684
382	-96.2832	-68.7822	33.7355  	17.5938
383	-96.2832	-69.0946	18.9495  	17.2168
384	-96.2832	-69.2863	23.8623  	17.1139
385	-96.2832	-69.1608	31.0433  	17.0322
386	-96.2832	-68.9064	26.6908  	17.5021
387	-96.2832	-68.4049	31.323   	19.1342
388	-96.2832	-68.8176	25.6088  	18.2417
389	-96.2832	-68.8299	25.6088  	17.8058
390	-96.2832	-68.8963	18.1281  	17.5664
391	-96.2832	-68.563 	17.5422  	17.6755
392	-96.2832	-69.1904	8.11748  	16.9099
393	-96.2832	-69.2115	10.775   	17.1302
394	-96.2832	-69.1954	44.8301  	16.9379
395	-96.2832	-68.8902	22.0787  	17.0607
396	-96.2832	-68.9298	9.43885  	16.7712
397	-96.2832	-68.9098	13.0366  	17.0666
398	-96.2832	-68.3605	11.6908  	16.9353
399	-96.2832	-68.6794	2.22431  	16.5731
400	-96.2832	-68.6296	-2.6655  	16.7548
401	-96.2832	-68.722 	13.1448  	17.0737
402	-96.2832	-69.04  	3.78439  	16.5903
403	-96.2832	-69.6397	-12.3774 	14.9628
404	-96.2832	-69.5402	-0.752861	15.4954
405	-96.2832	-69.5014	15.6326  	15.6611
406	-96.2832	-69.2556	4.95949  	15.8753
407	-96.2832	-69.4886	4.95949  	15.4693
408	-96.2832	-69.6062	47.0306  	15.602 
409	-96.2832	-69.6895	22.6211  	15.7035
410	-96.2832	-69.6804	16.6747  	15.2188
411	-96.2832	-69.6197	24.6561  	15.8027
412	-96.2832	-69.9237	-3.57136 	15.1849
413	-96.2832	-69.8724	5.13975  	15.6557
414	-96.2832	-69.5891	8.45774  	15.6108
415	-96.2832	-69.743 	0.452538 	15.1196
416	-96.2832	-69.362 	8.94654  	16.3142
417	-96.2832	-69.25  	14.6619  	16.4548
418	-96.2832	-69.4101	7.911    	15.7512
419	-96.2832	-69.3316	-4.0387  	15.9293
420	-96.2832	-69.394 	21.247   	16.2978
421	-96.2832	-69.4967	0.873701 	16.2679
422	-96.2832	-69.4719	0.873701 	15.9785
423	-96.2832	-69.6851	8.18954  	15.9494
424	-96.2832	-69.5773	5.1536   	15.9993
425	-96.2832	-69.818 	33.2984  	16.0844
426	-96.2832	-69.6423	5.92765  	16.4435
427	-96.2832	-69.7894	44.4545  	16.9391
428	-96.2832	-70.1053	27.3392  	16.0525
429	-96.2832	-70.1397	10.6593  	16.0431
430	-96.2832	-69.9592	15.9869  	16.3682
431	-96.2832	-69.68  	15.9869  	16.4148
432	-96.2832	-69.6288	11.8913  	15.8474
433	-96.2832	-69.8213	2.51461  	16.0559
434	-96.2832	-69.6257	21.9989  	16.7252
435	-96.2832	-69.7807	6.2887   	16.2421
436	-96.2832	-70.086 	9.30706  	16.0732
437	-96.2832	-69.7408	7.13429  	16.6592
438	-96.2832	-69.8633	3.81187  	15.9565
439	-96.2832	-69.5997	20.0743  	16.4109
440	-96.2832	-69.7876	25.5322  	16.3532
441	-96.2832	-69.5661	47.8543  	17.144 
442	-96.2832	-69.4182	31.1356  	17.4208
443	-96.2832	-69.6342	29.5937  	17.0114
444	-96.2832	-69.6081	29.5937  	17.031 
445	-96.2832	-70.1105	6.62849  	15.8899
446	-96.2832	-69.9669	3.54709  	15.8111
447	-96.2832	-70.0804	8.44267  	15.563 
448	-96.2832	-69.8951	-1.51891 	15.2985
449	-96.2832	-69.7291	13.6923  	16.1004
450	-96.2832	-70.0107	-1.08132 	15.1099
451	-96.2832	-70.0014	4.99397  	15.4424
452	-96.2832	-70.2511	27.781   	15.758 
453	-96.2832	-70.225 	22.979   	15.4497
454	-96.2832	-70.4582	23.1907  	15.4481
455	-96.2832	-70.3314	5.89615  	15.6138
456	-96.2832	-70.5312	11.1247  	15.4861
457	-96.2832	-70.2749	-2.53368 	14.9424
458	-96.2832	-70.0326	-2.90911 	15.3102
459	-96.2832	-69.9815	5.23312  	15.5551
460	-96.2832	-69.8356	31.3454  	15.3727
461	-96.2832	-69.9559	-8.24866 	14.9511
462	-96.2832	-70.2785	-1.80105 	14.4924
463	-96.2832	-70.2968	1.5085   	14.8733
464	-96.2832	-70.1565	26.5233  	15.9227
465	-96.2832	-70.3997	26.5233  	15.7553
466	-96.2832	-70.3273	26.0348  	15.5521
467	-96.2832	-70.6281	-3.12565 	14.9093
468	-96.2832	-70.3438	13.6055  	15.3632
469	-96.2832	-70.1518	21.9657  	15.6189
470	-96.2832	-70.0589	-2.96    	15.9765
471	-96.2832	-70.2554	30.1658  	15.965 
472	-96.2832	-70.3885	19.548   	14.9698
473	-96.2832	-70.2744	5.60635  	15.1639
474	-96.2832	-70.2036	5.60635  	15.0666
475	-96.2832	-70.0324	5.60635  	15.6881
476	-96.2832	-70.3134	5.60635  	15.444 
477	-96.2832	-69.7928	4.07536  	15.9173
478	-96.2832	-70.1428	3.90861  	16.1253
479	-96.2832	-70.1039	8.88133  	16.3045
480	-96.2832	-70.1566	6.10228  	15.5175
481	-96.2832	-70.3296	-2.22622 	15.2476
482	-96.2832	-70.2942	5.00544  	15.3015
483	-96.2832	-70.0177	5.89179  	16.386 
484	-96.2832	-70.0684	5.89179  	16.4824
485	-96.2832	-69.9165	50.3428  	17.1981
486	-96.2832	-69.9235	4.96353  	16.7605
487	-96.2832	-70.1002	-4.32694 	15.9589
488	-96.2832	-70.6567	10.9059  	15.9902
489	-96.2832	-70.5214	4.42637  	15.8786
490	-96.2832	-70.6682	7.19665  	15.2957
491	-96.2832	-70.1391	27.9896  	16.188 
492	-96.2832	-70.4764	67.5876  	16.5756
493	-96.2832	-70.3372	8.06413  	15.7275
494	-96.2832	-70.2487	15.7084  	15.2122
495	-96.2832	-70.5856	-0.703782	14.7295
496	-96.2832	-70.6598	-1.45156 	14.6427
497	-96.2832	-70.6778	2.05799  	14.9625
498	-96.3255	-70.4682	-4.52285 	14.9757
499	-96.3255	-70.5641	9.47522  	15.4728
-102.54999999
