gen	min     	avg   	max     	std    
0  	-91.5161	-70.57	-4.91725	11.6413
1  	-91.5364	-70.4536	-4.65957	12.0558
2  	-91.5364	-70.8302	-12.6543	11.524 
3  	-91.5364	-70.4068	-21.5303	11.6488
4  	-91.7408	-70.5102	-16.5883	11.4255
5  	-91.7408	-70.5911	-8.90011	11.914 
6  	-91.7408	-70.5965	-15.9123	11.6686
7  	-93.4677	-70.5799	-22.1083	11.4089
8  	-93.4677	-70.8742	-22.1083	11.6315
9  	-93.4677	-70.5685	-15.8065	11.6343
10 	-93.4677	-70.4457	-19.9661	11.3587
11 	-93.4677	-70.6998	-23.9594	11.5232
12 	-93.4677	-70.5056	-25.6637	11.8046
13 	-93.4677	-70.4986	-2.53003	12.0407
14 	-93.4677	-70.6942	-13.739 	11.6373
15 	-93.4677	-70.5795	-14.9796	11.7872
16 	-93.4677	-70.6418	-14.2916	11.9829
17 	-93.4677	-70.3053	-14.7014	12.0983
18 	-93.4677	-70.0833	-13.0839	12.4035
19 	-93.4677	-70.0724	-13.8803	12.3279
20 	-93.4677	-69.9137	-17.4338	12.4289
21 	-94.211 	-70.4303	-7.77429	11.8849
22 	-94.211 	-70.5698	-9.19091	11.6543
23 	-94.211 	-70.7187	-23.4576	11.121 
24 	-94.211 	-70.7679	-22.6491	11.1163
25 	-95.6784	-70.2994	-9.11254	12.0839
26 	-95.6784	-70.2699	-9.19323	12.2825
27 	-95.6784	-70.0725	-9.74472	12.271 
28 	-95.6784	-69.7908	-12.0819	12.7389
29 	-95.6784	-69.5955	-18.4863	12.9379
30 	-95.6784	-69.9187	-14.9293	12.6847
31 	-95.6784	-69.8783	-17.6958	12.3225
32 	-95.6784	-70.11  	0.726928	12.3748
33 	-95.6784	-70.297 	-10.5942	11.8277
34 	-95.6784	-70.1372	-11.5098	12.1556
35 	-95.6784	-70.047 	-6.31977	12.1313
36 	-95.6784	-69.7377	-17.3965	12.421 
37 	-95.6784	-69.7977	-12.5502	12.1878
38 	-95.6784	-69.8081	-12.5502	11.9717
39 	-95.6784	-69.7292	-12.5502	12.241 
40 	-95.6784	-69.7012	-6.26814	12.5347
41 	-95.6784	-69.7239	-11.1776	12.7237
42 	-95.6784	-69.6476	-13.5064	12.8439
43 	-95.6784	-69.6199	-22.9628	12.5597
44 	-95.6784	-69.3771	-13.1034	12.9596
45 	-95.6784	-69.3518	0.863381	13.2625
46 	-95.6784	-69.2891	2.83478 	13.8216
47 	-95.6784	-69.8855	-10.7514	13.0828
48 	-95.6784	-70.0189	-8.83387	13.4036
49 	-95.6784	-69.8823	8.13612 	13.2742
50 	-95.6784	-69.886 	6.8562  	13.7319
51 	-95.6784	-69.972 	7.71483 	13.056 
52 	-95.6784	-69.9881	-11.2975	12.7805
53 	-95.6784	-70.1306	-14.9279	12.3811
54 	-95.6784	-70.0801	-18.8482	12.5533
55 	-95.6784	-69.8786	5.25236 	13.2714
56 	-95.6784	-69.8014	-0.617968	12.9165
57 	-95.6784	-69.699 	-0.617968	13.2588
58 	-95.6784	-70.1046	-6.19701 	12.7275
59 	-95.6784	-69.9593	-12.9639 	12.7503
60 	-95.6784	-69.821 	-8.95665 	12.8648
61 	-95.6784	-69.6484	2.61467  	12.7859
62 	-95.6784	-69.4235	-3.23309 	13.2647
63 	-95.6784	-69.4342	-3.90102 	13.4567
64 	-95.6784	-69.2501	-8.90172 	13.5511
65 	-95.6784	-69.6014	-10.9344 	13.3128
66 	-95.6784	-69.4728	-10.985  	13.249 
67 	-95.6784	-69.1651	-10.985  	13.8744
68 	-95.6784	-69.4988	-1.68481 	13.7213
69 	-95.6784	-69.2452	-12.3494 	13.32  
70 	-95.6784	-69.1394	9.84948  	13.8516
71 	-95.6784	-69.1369	24.7051  	13.4162
72 	-95.6784	-69.2644	9.32828  	13.4591
73 	-95.6784	-69.3366	-2.16599 	13.4662
74 	-95.6784	-69.0446	-4.31163 	13.6552
75 	-95.6784	-69.3413	-4.31163 	13.1468
76 	-95.6784	-68.8631	-0.238936	13.2391
77 	-95.6784	-68.665 	-4.74995 	13.8033
78 	-95.6784	-69.0688	-9.86662 	13.4376
79 	-95.6784	-69.0996	-9.86662 	13.5876
80 	-95.6784	-69.013 	-3.41026 	13.9741
81 	-95.6784	-68.9212	-8.79814 	13.944 
82 	-95.6784	-68.7352	3.5264   	14.1382
83 	-95.6784	-68.8315	4.50472  	13.9796
84 	-95.6784	-69.173 	8.4638   	13.5276
85 	-95.6784	-69.2547	-3.4029  	13.8511
86 	-95.6784	-69.0484	-10.8269 	13.5613
87 	-95.6784	-68.7138	0.42963  	14.3756
88 	-95.6784	-69.0111	9.40156  	13.7871
89 	-95.6784	-68.4313	0.987309 	14.5204
90 	-95.6784	-68.5439	13.0032  	14.8832
91 	-95.6784	-68.9879	5.84007  	14.0099
92 	-95.6784	-68.9476	10.4805  	14.2633
93 	-95.6784	-69.1867	-2.12614 	14.1783
94 	-95.6784	-69.1704	2.23104  	14.0556
95 	-95.6784	-68.8496	4.21186  	14.3495
96 	-95.6784	-68.6333	2.47079  	14.2147
97 	-95.6784	-68.709 	-0.108473	14.5261
98 	-95.6784	-69.2395	-6.91463 	13.7876
99 	-95.6784	-69.0946	8.2085   	14.4885
100	-95.6784	-68.6852	2.98386  	14.6581
101	-95.6784	-68.6242	-0.766458	14.7633
102	-95.6784	-68.8835	-0.766458	14.3892
103	-95.6784	-69.163 	-0.766458	13.8764
104	-95.6784	-69.1646	2.39634  	14.0073
105	-95.6784	-69.438 	-5.14173 	13.7642
106	-95.6784	-69.2498	0.227253 	14.1341
107	-95.6784	-69.4655	0.227253 	14.0236
108	-95.6784	-69.0486	-5.37897 	13.9651
109	-95.6784	-68.8644	9.28493  	14.1515
110	-95.6784	-68.9039	-7.38594 	13.9065
111	-95.6784	-69.0785	3.23306  	13.7958
112	-95.6784	-68.6064	3.82297  	14.767 
113	-95.6784	-68.668 	9.03042  	14.5858
114	-95.6784	-68.7909	-7.8776  	13.8522
115	-95.6784	-68.8486	-11.6571 	14.012 
116	-95.6784	-68.7376	-9.46029 	14.2167
117	-95.6784	-68.7161	5.93973  	14.9131
118	-95.6784	-69.2065	5.93973  	14.5259
119	-95.6784	-68.8589	1.95645  	15.0172
120	-95.6784	-69.0869	14.4032  	14.372 
121	-95.6784	-69.0941	5.3813   	14.573 
122	-95.6784	-69.4063	5.3813   	13.9203
123	-95.6784	-69.1809	-15.2906 	13.829 
124	-95.6784	-68.7668	-1.31766 	14.6628
125	-95.6784	-69.0178	19.5474  	14.8583
126	-95.6784	-68.9766	19.2244  	15.0685
127	-95.6784	-69.0164	-1.00441 	14.6797
128	-95.6784	-68.6708	-13.9547 	14.6665
129	-95.6784	-69.1144	-6.5467  	14.2177
130	-95.6784	-68.5891	4.08979  	14.9159
131	-95.6784	-68.6162	-6.15352 	14.7155
132	-95.6784	-68.5918	5.64122  	14.8291
133	-95.6784	-68.5171	1.26101  	14.9945
134	-95.6784	-69.0999	-5.62913 	14.2653
135	-95.6784	-69.0556	-5.32113 	14.523 
136	-95.6784	-68.864 	-0.308099	14.6618
137	-95.6784	-68.4791	-2.06103 	15.3839
138	-95.6784	-68.401 	22.1101  	15.7706
139	-95.6784	-68.1285	39.8015  	16.5008
140	-95.6784	-68.1491	5.27776  	16.4643
141	-95.6784	-68.7002	23.4303  	15.6809
142	-95.6784	-68.5821	12.4536  	15.5401
143	-95.6784	-68.5258	9.60123  	15.7934
144	-95.6784	-68.7976	36.787   	16.1959
145	-95.6784	-69.1742	-0.182433	15.0156
146	-95.6784	-68.4342	11.2772  	15.9053
147	-95.6784	-68.3257	4.99672  	16.1341
148	-95.6784	-68.4234	6.00429  	15.4235
149	-95.6784	-68.4156	1.66491  	15.5572
150	-95.6784	-68.4215	1.66491  	14.9567
151	-95.6784	-68.845 	-0.00214526	14.0195
152	-95.6784	-69.039 	11.0297    	14.3333
153	-95.6784	-69.0705	7.6121     	14.5279
154	-95.6784	-68.8544	10.6331    	14.552 
155	-95.6784	-68.8362	9.57471    	14.7284
156	-95.6784	-68.7524	14.8768    	15.6776
157	-95.6784	-68.5302	14.5128    	15.7148
158	-95.6784	-68.3349	12.0146    	16.3249
159	-95.6784	-68.903 	28.5429    	15.4241
160	-95.6784	-68.9847	28.5429    	14.5876
161	-95.6784	-69.123 	6.06045    	14.7501
162	-95.6784	-69.3575	10.2734    	14.7689
163	-95.6784	-69.5917	10.5706    	14.6596
164	-95.6784	-69.3152	3.31607    	14.3933
165	-95.6784	-69.5047	4.58889    	14.4713
166	-95.6784	-69.4266	-11.7418   	14.4495
167	-95.6784	-69.006 	-5.37617   	14.4567
168	-95.6784	-68.91  	25.9063    	15.5043
169	-95.6784	-68.8261	1.89055    	15.1814
170	-95.6784	-68.6234	1.59089    	15.6712
171	-95.6784	-68.7484	-0.395072  	15.1044
172	-95.6784	-68.9639	8.35563    	15.0965
173	-95.6784	-68.6567	8.35938    	14.8756
174	-95.6784	-68.7201	-7.47299   	14.5566
175	-95.6784	-68.1527	6.42182    	15.4667
176	-95.6784	-68.3916	8.651      	15.5352
177	-95.6784	-68.7406	17.2853    	15.4681
178	-95.6784	-68.9495	16.1655    	15.5587
179	-95.6784	-68.7221	5.9202     	16.0775
180	-95.6784	-68.2394	3.01637    	16.06  
181	-95.6784	-68.099 	28.9061    	16.8235
182	-95.6784	-68.0729	19.0405    	16.3534
183	-95.6784	-68.2672	27.4058    	15.7065
184	-95.6784	-68.0653	35.5865    	16.2183
185	-95.6784	-67.9823	27.4058    	16.1696
186	-95.6784	-68.3586	27.3578    	15.5586
187	-95.6784	-68.5308	10.8894    	15.2289
188	-95.6784	-68.3949	-3.36332   	15.3963
189	-95.6784	-68.7081	-4.65398   	15.0507
190	-95.6784	-68.6623	1.89816    	14.9957
191	-95.6784	-68.6615	1.6106     	14.6158
192	-95.6784	-69.1932	-6.44813   	14.094 
193	-95.6784	-69.318 	-3.76988   	14.2962
194	-95.6784	-69.1711	2.02013    	13.7895
195	-95.6784	-69.484 	8.21887    	13.9361
196	-95.6784	-69.0436	9.56675    	14.8882
197	-95.6784	-68.7744	8.26954    	15.1723
198	-95.6784	-68.3691	4.00709    	15.0807
199	-95.6784	-68.7306	1.23056    	14.7266
200	-95.6784	-68.9151	1.23056    	14.8833
201	-95.6784	-68.7195	7.25524    	15.54  
202	-95.6784	-68.6928	3.56883    	15.4069
203	-95.6784	-68.632 	2.49925    	15.5814
204	-95.6784	-68.6402	14.4234    	16.2235
205	-95.6784	-68.5575	5.92131    	15.8068
206	-95.6784	-67.9878	9.78563    	16.5066
207	-95.6784	-68.1281	2.84664    	15.9425
208	-95.6784	-68.3425	12.0941    	15.6229
209	-95.6784	-68.1093	9.55573    	16.4278
210	-95.6784	-67.7393	16.2758    	16.4932
211	-95.6784	-67.5433	1.67549    	16.5978
212	-95.6784	-67.9855	5.02211    	16.2971
213	-95.6784	-68.383 	3.38228    	15.8705
214	-95.6784	-68.5639	3.38228    	15.8821
215	-95.6784	-68.44  	6.78186    	16.1165
216	-95.6784	-68.1319	6.78186    	16.0848
217	-95.6784	-68.1732	9.48042    	16.4762
218	-95.6784	-67.9982	9.48042    	16.4288
219	-95.6784	-68.1991	11.591     	16.4871
220	-95.6784	-68.4021	13.1794    	15.8419
221	-95.6784	-68.288 	40.749     	16.457 
222	-95.6784	-68.4049	16.1665    	16.0636
223	-95.6784	-68.2862	0.36972    	15.8067
224	-95.6784	-68.1614	-3.8847    	16.1624
225	-95.6784	-68.5087	-9.26399   	15.594 
226	-95.6784	-68.4841	11.8061    	16.1308
227	-95.6784	-68.4406	12.2989    	15.8299
228	-95.6784	-68.8583	11.5253    	14.8805
229	-95.6784	-68.942 	9.08279    	14.6163
230	-95.6784	-68.6819	7.91661    	15.2745
231	-95.6784	-68.5   	7.91661    	15.2715
232	-95.6784	-68.4737	-1.22472   	15.5444
233	-95.6784	-68.1645	-3.55209   	15.9484
234	-95.6784	-68.029 	7.53571    	16.3094
235	-95.6784	-67.5203	30.3633    	17.337 
236	-95.6784	-67.8639	-0.70417   	16.9261
237	-95.6784	-68.0538	13.2023    	16.7416
238	-95.6784	-68.2456	37.2922    	17.1915
239	-95.6784	-68.1628	20.8345    	16.2105
240	-95.6784	-68.1769	3.89884    	15.5742
241	-95.6784	-68.2319	6.75197    	15.9021
242	-95.6784	-68.104 	30.3421    	16.9315
243	-95.6784	-68.1204	8.76693    	16.1475
244	-95.6784	-68.2671	36.2388    	17.1272
245	-95.6784	-68.0178	37.1282    	17.2236
246	-95.6784	-68.003 	35.8002    	17.1132
247	-95.6784	-68.0128	17.069     	16.3899
248	-95.6784	-68.2683	-1.06806   	16.4784
249	-95.6784	-67.9294	18.5692    	16.9038
250	-95.6784	-68.1556	14.7598    	16.3607
251	-95.6784	-67.3776	36.4899    	18.0455
252	-95.6784	-67.4624	15.3882    	17.0966
253	-95.6784	-67.7012	12.7689    	17.3291
254	-95.6784	-67.9033	14.1931    	16.8391
255	-95.6784	-67.464 	10.8934    	17.7333
256	-95.6784	-67.8379	10.8934    	17.208 
257	-95.6784	-67.6291	13.8103    	17.0279
258	-95.6784	-67.6   	62.1687    	17.3735
259	-95.6784	-68.0471	27.2667    	16.0982
260	-95.6784	-68.1873	7.32361    	15.4675
261	-95.6784	-68.1349	10.4145    	15.9069
262	-95.6784	-68.4516	16.1571    	15.6996
263	-95.6784	-68.3638	24.0523    	16.2664
264	-95.6784	-68.7417	-2.48811   	15.2711
265	-95.6784	-68.4681	6.66885    	16.1515
266	-95.6784	-68.4022	17.2865    	16.4625
267	-95.8273	-68.6224	17.4081    	16.1615
268	-95.8273	-68.1966	49.0765    	17.2818
269	-95.8273	-68.6185	15.4573    	16.0921
270	-95.8273	-68.604 	5.44229    	15.7997
271	-95.8273	-68.4925	5.44229    	16.1016
272	-95.8273	-68.7744	2.1158     	15.8455
273	-95.8273	-68.7801	7.68904    	15.6619
274	-95.8273	-68.7757	7.68904    	15.7094
275	-95.8273	-68.1462	6.66788    	16.18  
276	-95.8273	-68.3631	4.70588    	15.5999
277	-95.8273	-68.1824	46.5012    	16.444 
278	-95.8273	-68.7319	-6.47146   	15.2962
279	-95.8273	-68.8205	-5.83255   	15.4647
280	-95.8273	-69.1639	2.84694    	14.9567
281	-97.2542	-69.0104	9.51473    	15.0179
282	-97.2542	-68.4646	11.961     	15.9787
283	-97.2542	-68.4088	11.6       	16.4455
284	-97.2542	-68.5103	2.56309    	16.1315
285	-97.2542	-68.3778	16.2131    	15.9387
286	-97.2542	-68.5043	10.7586    	16.1921
287	-97.2542	-68.3086	-1.17701   	16.1615
288	-97.2542	-67.9741	4.05894    	16.4876
289	-97.2542	-68.3387	13.4127    	16.3455
290	-97.2542	-68.2846	50.9395    	16.5009
291	-97.2542	-68.2398	41.724     	16.4426
292	-97.2542	-68.4344	43.2343    	16.5201
293	-97.2542	-68.343 	23.6089    	16.8705
294	-97.2542	-68.8694	21.8203    	16.0266
295	-97.2542	-68.5137	21.0003    	16.7026
296	-97.2542	-68.1419	7.31443    	16.3554
297	-97.2542	-68.1471	9.47639    	16.297 
298	-97.2542	-68.5451	17.5364    	15.8111
299	-97.2542	-68.6657	20.2372    	15.6678
300	-97.2542	-68.4543	-0.857298  	15.4518
301	-97.2542	-68.1373	18.699     	16.0892
302	-97.2542	-68.2429	10.0554    	16.8188
303	-97.2542	-68.4807	5.69219    	16.5359
304	-97.2542	-68.4952	5.02369    	16.5233
305	-97.2542	-68.6896	22.5311    	16.193 
306	-97.2542	-68.941 	35.938     	16.1509
307	-97.2542	-68.9436	2.3589     	15.7229
308	-97.2542	-68.9893	-6.03774   	15.3803
309	-97.2542	-68.9986	37.1342    	15.7827
310	-97.2542	-68.817 	21.9628    	16.3283
311	-97.2542	-68.8828	21.9628    	16.1597
312	-97.2542	-69.1326	14.8368    	16.4925
313	-97.2542	-68.9156	14.8368    	17.0981
314	-97.2542	-69.077 	21.2694    	17.1944
315	-97.2542	-69.2857	9.69561    	16.5755
316	-97.2542	-69.3767	19.5963    	16.0058
317	-97.2542	-69.2332	2.35223    	15.5642
318	-97.2542	-69.1889	-8.9829    	15.508 
319	-97.2542	-69.1016	-10.7942   	15.205 
320	-97.2542	-69.1349	-3.26731   	15.0062
321	-97.2542	-69.4543	-3.26731   	14.8577
322	-97.2542	-69.4046	-10.7464   	14.8266
323	-97.2542	-69.3509	7.5421     	15.3063
324	-97.2542	-69.354 	-6.35913   	15.5106
325	-97.2542	-69.0533	41.6681    	16.5252
326	-97.2542	-69.1282	10.9532    	15.5156
327	-97.2542	-68.7865	-1.80385   	15.8145
328	-97.2542	-68.7606	17.551     	16.2339
329	-97.2542	-69.095 	1.05179    	15.8616
330	-97.2542	-68.7877	30.2371    	16.93  
331	-97.2542	-68.7023	21.421     	16.3634
332	-97.2542	-69.0342	14.5474    	15.9635
333	-97.2542	-69.1978	13.2308    	15.6788
334	-97.2542	-68.5983	-0.600803  	16.5101
335	-97.2542	-68.783 	3.56807    	16.6856
336	-97.2542	-68.4232	45.2405    	17.6065
337	-97.2542	-68.497 	19.1485    	17.1153
338	-97.2542	-68.8828	8.65915    	16.9835
339	-97.2542	-69.062 	26.181     	17.1169
340	-97.2542	-69.4171	16.0361    	16.1881
341	-97.2542	-69.411 	-8.22991   	15.8809
342	-97.2542	-69.3899	4.02231    	16.112 
343	-97.2542	-69.1936	0.61148    	16.8435
344	-97.2542	-69.2797	9.20516    	16.8806
345	-97.2542	-69.2895	2.68051    	16.5331
346	-97.2542	-69.1393	27.5035    	17.2365
347	-97.2542	-69.0661	27.9065    	17.0306
348	-97.2542	-69.1585	0.839122   	16.6844
349	-97.2542	-69.1552	22.0664    	17.0493
350	-97.2542	-68.9741	11.1167    	16.661 
351	-97.2542	-68.9919	-0.10106   	16.6345
352	-97.2542	-68.9763	13.1745    	16.7419
353	-97.2542	-68.9048	28.7407    	16.6739
354	-97.2542	-69.4297	26.0886    	16.5887
355	-97.2542	-69.5603	10.0444    	15.8689
356	-97.2542	-69.3989	28.0266    	16.5145
357	-97.2542	-68.8248	18.0472    	17.0883
358	-97.2542	-68.9286	8.49257    	16.5318
359	-97.2542	-69.4609	24.3617    	15.8204
360	-97.2542	-69.3794	19.2125    	15.8181
361	-97.2542	-69.0295	12.5501    	16.2483
362	-97.2542	-69.1672	6.55727    	16.4617
363	-97.2542	-69.1765	0.138425   	16.0194
364	-97.2542	-69.2623	2.78933    	16.1407
365	-97.2542	-69.3846	17.4066    	16.5637
366	-97.2542	-69.2849	15.0892    	16.9901
367	-97.2542	-69.6628	33.323     	16.5632
368	-97.2542	-69.595 	21.205     	16.5313
369	-97.2542	-69.9364	4.65552    	15.5202
370	-97.2542	-69.838 	-7.25188   	15.3244
371	-97.2542	-69.9268	7.22055    	15.7951
372	-97.2542	-70.1192	3.19755    	15.4025
373	-97.2542	-70.0801	-2.0286    	15.4497
374	-97.2542	-69.8294	11.4606    	15.9254
375	-97.2542	-69.5234	25.488     	16.5036
376	-97.2542	-69.5142	6.44413    	16.3302
377	-97.2542	-69.5275	6.44413    	15.7955
378	-97.2542	-69.8874	19.6912    	15.4999
379	-97.2542	-69.8129	23.3659    	15.9907
380	-97.2542	-69.5934	11.9632    	16.0445
381	-97.2542	-69.4047	1.97859    	16.3071
382	-97.2542	-69.7654	3.8594     	16.4603
383	-97.2542	-69.7587	19.8552    	16.8598
384	-97.2542	-69.3898	34.6006    	17.5965
385	-97.2542	-69.4673	27.0277    	17.9921
386	-97.2542	-70.0744	23.1386    	16.8478
387	-97.2542	-70.0457	22.1934    	16.139 
388	-97.2542	-69.8564	25.5283    	16.7702
389	-97.2542	-69.8931	17.3561    	16.4531
390	-97.2542	-70.0775	20.6195    	16.5779
391	-97.2542	-70.0922	15.67      	15.9139
392	-97.2542	-70.1034	12.9208    	15.8253
393	-97.2542	-69.7669	-0.0904485 	15.9923
394	-97.2542	-69.8955	-0.0904485 	16.0673
395	-97.2542	-69.5848	35.401     	16.8596
396	-97.2542	-69.5268	2.55504    	16.6721
397	-97.2542	-69.6546	4.10541    	16.2598
398	-97.2542	-69.7963	3.37559    	15.8494
399	-97.2542	-69.9342	6.09248    	15.5337
400	-97.2542	-70.1088	10.3144    	16.2094
401	-97.2542	-70.0292	23.9735    	16.4687
402	-97.2542	-69.6784	32.9201    	16.4421
403	-97.2542	-69.7888	27.1413    	16.1966
404	-97.2542	-69.6508	40.0032    	17.3162
405	-97.2542	-69.7211	23.9591    	16.4278
406	-97.2542	-70.1806	17.4083    	16.4311
407	-97.2542	-70.3524	16.7371    	16.1734
408	-97.2542	-70.2497	9.67776    	16.6572
409	-97.2542	-70.0891	0.5421     	16.498 
410	-97.2542	-70.0352	39.5084    	16.6851
411	-97.2542	-70.0381	43.2185    	16.35  
412	-97.2542	-70.0233	36.4026    	17.0081
413	-97.2542	-70.1333	44.1595    	17.3836
414	-97.2542	-69.883 	18.7354    	16.8866
415	-97.2542	-70.2146	23.9481    	16.4688
416	-97.2542	-70.5755	-3.08143   	14.9711
417	-97.2542	-70.1552	16.6923    	15.9941
418	-97.2542	-70.284 	35.4253    	16.086 
419	-97.2542	-70.3772	17.715     	15.9242
420	-97.2542	-70.6305	1.22146    	15.2423
421	-97.2542	-70.4633	5.29627    	15.2105
422	-97.2542	-70.5709	4.65821    	15.1788
423	-97.2542	-70.4627	17.6966    	16.001 
424	-97.2542	-70.3962	14.9576    	15.6735
425	-97.2542	-70.2822	1.0336     	15.4377
426	-97.2542	-70.7658	-3.38233   	15.0355
427	-97.2542	-70.2417	15.5628    	16.0374
428	-97.2542	-70.4803	15.5628    	16.0965
429	-97.2542	-70.3649	28.0866    	17.1835
430	-97.2542	-70.6398	14.0461    	15.8312
431	-97.2542	-70.6112	6.21529    	16.0109
432	-97.2542	-70.8793	3.90425    	15.8077
433	-97.2542	-70.7741	2.39265    	15.7175
434	-97.2542	-70.6423	3.55563    	16.0503
435	-97.2542	-70.7866	22.5318    	15.6157
436	-97.2542	-70.7684	7.19625    	15.4212
437	-97.2542	-70.5811	12.3382    	15.6318
438	-97.2542	-70.5542	5.57206    	15.0968
439	-97.2542	-70.4499	21.4641    	15.8471
440	-97.2542	-70.3959	2.80321    	15.6429
441	-97.2542	-70.2813	0.713503   	16.023 
442	-97.2542	-70.1834	-3.16987   	16.1276
443	-97.2542	-69.9093	-2.01459   	16.4589
444	-97.2542	-69.8714	7.04975    	16.2762
445	-97.2542	-70.2129	8.75517    	15.7714
446	-97.2542	-70.0347	6.32341    	16.0555
447	-97.2542	-70.1662	-1.24904   	16.0151
448	-97.2542	-70.3756	4.68445    	15.7698
449	-97.2542	-70.0926	26.673     	16.6588
450	-97.2542	-70.8782	19.4952    	15.5385
451	-97.2542	-70.8205	37.6638    	15.4812
452	-97.2542	-70.4629	18.2517    	15.1787
453	-97.2542	-70.667 	6.84314    	15.0424
454	-97.2542	-70.5107	11.0387    	15.7104
455	-97.2542	-70.6659	-0.251033  	14.9753
456	-97.2542	-70.3376	0.65429    	15.5109
457	-97.2542	-70.4911	7.64669    	15.8893
458	-97.2542	-70.2915	19.8784    	16.6425
459	-97.2542	-70.2885	12.4253    	16.635 
460	-97.2542	-70.3954	18.6945    	16.4314
461	-97.2542	-70.3159	7.01068    	15.971 
462	-97.2542	-70.035 	3.16109    	16.2021
463	-97.2542	-70.0915	4.7439     	15.8839
464	-97.2542	-70.303 	10.4384    	15.6789
465	-97.2542	-70.1882	4.23577    	15.8483
466	-97.2542	-70.3565	4.11922    	15.4053
467	-97.2542	-70.491 	49.3299    	16.0023
468	-97.2542	-70.4009	1.91366    	15.695 
469	-97.2542	-69.9596	14.4778    	16.4167
470	-97.2542	-70.0617	5.33894    	15.8842
471	-97.2542	-70.1639	17.3139    	16.4596
472	-97.2542	-70.5544	19.0595    	16.1221
473	-97.2542	-70.5625	25.1437    	16.2509
474	-97.2542	-70.5949	18.016     	16.2638
475	-97.2542	-70.7645	9.54429    	16.0412
476	-97.2542	-70.8933	-3.96026   	15.4744
477	-97.2542	-70.932 	-1.67842   	15.7034
478	-97.2542	-71.1342	4.861      	15.8415
479	-97.2542	-70.954 	10.3589    	15.7796
480	-97.2542	-71.1292	6.66554    	15.1993
481	-97.2542	-70.9891	-1.86507   	14.7196
482	-97.2542	-70.792 	29.5012    	15.8866
483	-97.2542	-70.6904	-1.89182   	15.7348
484	-97.2542	-70.9438	-0.0627463 	15.7201
485	-97.2542	-71.0411	-0.0627463 	15.4355
486	-97.2542	-71.0282	-2.44964   	14.9591
487	-97.2542	-70.9311	19.3891    	15.6333
488	-97.2542	-70.9365	18.4549    	15.3594
489	-97.2542	-70.8826	15.1699    	15.1257
490	-97.2542	-70.5326	22.3383    	15.8536
491	-97.2542	-70.2555	22.3383    	16.562 
492	-97.2542	-70.3774	10.1763    	16.3934
493	-97.2542	-70.234 	10.1763    	16.5429
494	-97.2542	-70.4284	16.4146    	16.3239
495	-97.2542	-70.1974	5.09869    	16.2963
496	-97.2542	-70.7902	-3.92651   	15.7308
497	-97.2542	-70.5545	7.06089    	16.0366
498	-97.2542	-70.5995	34.9305    	16.3872
499	-97.2542	-70.4049	19.7443    	16.8412
-102.54999999
