gen	min     	avg     	max     	std    
0  	-91.5833	-70.6609	-11.9673	11.7896
1  	-91.5833	-71.0517	-11.9673	11.7397
2  	-91.5833	-71.3418	-19.2877	10.883 
3  	-91.5833	-71.297 	-18.968 	10.8282
4  	-91.5833	-71.277 	-4.29731	10.8317
5  	-91.5833	-71.2777	-19.5213	10.8468
6  	-93.4148	-71.3849	-26.2987	10.9486
7  	-93.4148	-71.0935	-15.6568	11.2684
8  	-93.4148	-70.6024	-13.6121	11.6399
9  	-93.4148	-70.4665	-4.83685	11.5594
10 	-93.4148	-70.1378	-13.7435	11.8051
11 	-93.4148	-69.9401	-9.35511	12.2567
12 	-93.4148	-69.9451	-10.4943	12.2357
13 	-93.4148	-69.9625	-4.53044	12.3536
14 	-93.4148	-70.5112	-9.77081	11.3146
15 	-93.4148	-70.4053	-16.3088	11.4019
16 	-93.4148	-70.212 	-18.7643	11.7313
17 	-93.4148	-70.2182	-18.9892	11.8402
18 	-93.4148	-70.0626	-12.2876	12.1024
19 	-93.4148	-70.0589	-7.2369 	12.4495
20 	-93.4148	-69.9257	-4.9995 	12.8822
21 	-93.4148	-70.2547	-21.9473	12.0109
22 	-93.4148	-69.8249	-15.9741	12.2827
23 	-93.4148	-70.0467	-21.8287	12.0236
24 	-93.4148	-69.6461	-15.1346	12.3166
25 	-93.4148	-69.9023	-6.00474	12.5815
26 	-93.4148	-69.7226	-9.03166	12.6821
27 	-93.4148	-69.8461	-10.6155	12.8659
28 	-93.4148	-69.619 	-15.0611	13.0839
29 	-93.4148	-69.8872	9.30123 	12.9905
30 	-93.4148	-69.6187	8.80175 	12.4817
31 	-93.4148	-69.6025	-6.94741	12.5646
32 	-93.4148	-69.4495	-14.302 	12.7274
33 	-93.4148	-69.2954	1.55455 	12.9668
34 	-93.4148	-69.2726	-8.2893 	13.2433
35 	-93.4148	-69.4035	-8.2893 	13.2447
36 	-93.4148	-69.7418	-3.3536 	12.5381
37 	-93.4148	-69.603 	-6.31694	12.7428
38 	-93.4148	-69.8092	-20.4132	12.35  
39 	-93.4148	-70.0548	-12.3719	12.2473
40 	-93.4148	-70.2476	-17.6597	12.0135
41 	-93.4148	-70.4733	-17.6597	12.2006
42 	-93.4148	-70.3392	-24.0945	11.7882
43 	-93.4148	-69.9552	-8.87794	12.3852
44 	-93.4148	-69.9224	-6.87235	12.2091
45 	-93.4148	-70.0386	10.2436 	12.5019
46 	-93.4148	-70.1679	-4.23663	12.1292
47 	-93.4148	-69.7664	-7.49232	12.2262
48 	-93.4148	-69.9243	-11.1576	12.0393
49 	-93.4148	-69.9855	-17.3691	12.2787
50 	-93.4148	-70.2314	-18.8352	12.0793
51 	-93.4148	-70.0016	-22.067 	12.4223
52 	-93.4148	-70.248 	-22.6355	12.141 
53 	-93.4148	-70.1757	-11.0661	12.4679
54 	-93.4148	-70.017 	-11.0661	12.6826
55 	-93.8243	-69.5023	-0.0645986	13.2151
56 	-93.8243	-69.6183	1.92003   	13.2064
57 	-93.8243	-69.8741	-6.23405  	13.1715
58 	-93.8243	-69.5987	10.001    	13.3771
59 	-93.8243	-69.5121	-2.0597   	12.7052
60 	-93.8243	-69.6842	5.91731   	12.813 
61 	-93.8243	-69.2281	6.83236   	13.2456
62 	-93.8243	-69.6542	-18.9007  	12.7181
63 	-93.8243	-69.5161	-3.20481  	13.0493
64 	-93.8243	-69.5759	-22.4149  	12.6814
65 	-93.8243	-69.5428	-5.63744  	13.5276
66 	-93.8243	-69.7631	-11.2813  	12.9304
67 	-93.8243	-69.9107	-22.0211  	12.5537
68 	-93.8243	-69.5907	-10.3015  	12.2113
69 	-93.8243	-69.483 	-17.0675  	12.0739
70 	-93.8243	-69.476 	-20.1918  	11.8861
71 	-93.8243	-69.4397	-10.7539  	12.5504
72 	-93.8243	-69.2328	-12.438   	13.1589
73 	-93.8243	-69.6927	-8.04146  	12.8208
74 	-93.8243	-69.3377	-10.8421  	12.8933
75 	-93.8243	-69.5289	-9.57013  	13.0274
76 	-93.8243	-69.2354	14.8084   	13.6298
77 	-93.8243	-69.0112	-9.57013  	13.8277
78 	-93.8243	-68.8758	-5.41805  	13.6328
79 	-93.8243	-68.9376	-2.7229   	13.8802
80 	-93.8243	-69.003 	-3.71268  	13.9257
81 	-93.8243	-68.9122	2.12942   	13.7886
82 	-93.8243	-68.7941	-9.06643  	13.8395
83 	-93.8243	-68.9414	-4.51328  	13.8413
84 	-93.8243	-68.6015	-1.14692  	14.4794
85 	-93.8243	-68.7945	-2.09412  	14.2396
86 	-93.8243	-68.9721	-2.09412  	14.2287
87 	-93.8243	-69.1844	-5.91668  	13.9246
88 	-93.8243	-69.1728	-5.91668  	13.9882
89 	-93.8243	-69.0391	-6.49364  	13.9775
90 	-93.8243	-68.1696	11.3276   	15.4071
91 	-93.8243	-68.4953	13.2512   	15.0986
92 	-93.8243	-68.5026	1.55071   	14.8101
93 	-93.8243	-68.7628	-10.7051  	14.2582
94 	-93.8243	-68.6926	-6.88567  	14.1461
95 	-93.8243	-69.0792	-3.62257  	14.1377
96 	-93.8243	-69.1729	-4.89545  	13.4913
97 	-93.8243	-68.7332	0.323229  	13.6625
98 	-93.8243	-68.9794	-9.3437   	13.1291
99 	-93.8243	-69.0581	8.30944   	13.4121
100	-93.8243	-68.9775	-9.55016  	12.8158
101	-93.8243	-68.5982	-10.6838  	13.6334
102	-93.8243	-68.9404	-10.6838  	13.4302
103	-93.8243	-68.8655	0.395616  	13.3378
104	-93.8243	-68.9427	-9.43589  	13.4031
105	-93.8243	-68.7518	-9.601    	13.9894
106	-93.8243	-69.1249	0.132334  	13.3367
107	-93.8243	-68.9364	24.5215   	14.0369
108	-93.8243	-68.8956	14.7814   	14.2707
109	-93.8243	-68.5212	20.2611   	15.3736
110	-93.8243	-68.2232	23.2699   	15.4876
111	-93.8243	-67.8845	39.5237   	16.7185
112	-93.8243	-67.8665	32.1149   	16.4187
113	-93.8243	-67.6483	11.0573   	16.2589
114	-93.8243	-67.8847	30.5172   	15.8215
115	-93.8243	-68.2647	25.2865   	15.2058
116	-93.8243	-68.3624	23.5578   	14.3366
117	-93.8243	-68.3955	15.1938   	14.5033
118	-93.8243	-68.0501	8.59528   	15.3036
119	-93.8243	-68.1104	11.2505   	15.1333
120	-93.8243	-68.1051	5.6776    	14.7831
121	-93.8243	-68.437 	-2.85846  	14.3298
122	-93.8243	-68.6025	2.80821   	14.1358
123	-93.8243	-68.1213	-16.3781  	13.9233
124	-93.8243	-67.9072	-4.87797  	14.9243
125	-93.8243	-68.0199	-1.43824  	14.7788
126	-93.8243	-67.5391	-4.31821  	14.9898
127	-93.8243	-67.7191	8.14445   	15.2105
128	-93.8243	-67.2977	8.14445   	15.4192
129	-93.8243	-67.2235	23.0034   	15.9152
130	-93.8243	-67.8366	5.43173   	15.1542
131	-93.8243	-67.581 	71.2831   	15.8126
132	-93.8243	-67.8184	38.0837   	15.0435
133	-93.8243	-67.4696	1.66537   	14.768 
134	-93.8243	-67.6384	-2.11714  	14.7783
135	-93.8243	-67.6782	10.9417   	14.9078
136	-93.8243	-67.6685	-1.01742  	14.8123
137	-93.8243	-67.4679	12.3632   	15.267 
138	-93.8243	-67.5639	15.2722   	15.3154
139	-93.8243	-67.7215	2.9829    	14.7821
140	-93.8243	-67.6937	2.28345   	15.2869
141	-93.9697	-67.772 	-10.8197  	14.57  
142	-93.9697	-67.6586	-5.2126   	14.8345
143	-93.9697	-67.5075	14.0168   	15.0689
144	-93.9697	-67.203 	17.2927   	16.0169
145	-93.9697	-67.0943	32.8028   	16.677 
146	-93.9697	-67.0288	19.8081   	15.9346
147	-94.6037	-66.979 	19.2424   	15.773 
148	-94.6037	-67.2809	19.2424   	15.5863
149	-94.6037	-67.482 	3.08667   	15.3432
150	-94.6037	-67.1624	6.01836   	15.1033
151	-94.6037	-66.743 	16.8088   	15.8536
152	-94.6037	-66.893 	32.134    	15.7972
153	-95.9227	-66.9021	3.42598   	15.1129
154	-95.9227	-67.1211	3.42598   	15.5515
155	-95.9227	-67.2763	18.1081   	15.6342
156	-95.9227	-66.7598	53.0773   	16.2835
157	-95.9227	-67.009 	13.5245   	15.5507
158	-95.9227	-66.7319	7.29197   	15.7048
159	-95.9227	-66.9503	2.4564    	15.8055
160	-95.9227	-67.166 	3.61224   	15.4093
161	-95.9227	-66.8923	3.39844   	15.8744
162	-95.9227	-66.6671	29.7294   	16.207 
163	-95.9227	-66.979 	20.2633   	16.0298
164	-95.9227	-66.6725	34.6473   	16.3318
165	-95.9227	-66.7498	12.0845   	16.1344
166	-95.9227	-66.7991	6.22986   	16.1433
167	-95.9227	-66.9412	6.22986   	15.8687
168	-95.9227	-67.0081	-3.77411  	15.4489
169	-95.9227	-66.8603	0.151935  	15.4704
170	-95.9227	-66.5364	35.4256   	16.1774
171	-95.9227	-66.6733	26.5245   	16.058 
172	-95.9227	-66.6175	17.1349   	16.1453
173	-95.9227	-66.1882	11.8468   	17.1732
174	-95.9227	-65.8893	7.65061   	17.2613
175	-95.9227	-65.9312	8.90866   	17.2884
176	-95.9227	-66.2882	6.26777   	17.0078
177	-95.9227	-66.5742	6.49133   	16.2851
178	-95.9227	-66.7152	26.2247   	16.3979
179	-95.9227	-66.9708	8.09905   	15.8327
180	-95.9227	-67.243 	20.1207   	15.6069
181	-95.9227	-67.0509	16.2858   	14.9556
182	-95.9227	-67.3206	7.30192   	15.1247
183	-95.9227	-67.131 	20.9686   	15.8861
184	-95.9227	-67.1127	8.09492   	15.5433
185	-95.9227	-67.4902	3.40724   	14.7558
186	-95.9227	-67.1442	13.373    	15.5642
187	-95.9227	-67.1345	5.81232   	15.7662
188	-95.9227	-67.1113	3.10427   	15.1059
189	-95.9227	-67.054 	15.4151   	15.5939
190	-95.9227	-67.226 	8.50809   	15.2576
191	-95.9227	-66.65  	14.6945   	16.3966
192	-95.9227	-67.3307	4.59759   	15.7943
193	-95.9227	-66.748 	2.31602   	16.66  
194	-95.9227	-66.865 	18.5024   	16.8975
195	-95.9227	-66.6119	26.4797   	16.9916
196	-95.9227	-66.4044	24.3144   	17.7821
197	-95.9227	-66.7023	23.2693   	16.8464
198	-95.9227	-66.8811	23.5112   	16.6964
199	-95.9227	-66.7185	28.4631   	17.1486
200	-95.9227	-67.1198	12.0853   	16.6296
201	-95.9227	-67.0835	20.9536   	16.3843
202	-95.9227	-67.0568	27.7827   	16.6678
203	-95.9227	-67.3486	17.7958   	16.1152
204	-95.9227	-67.3385	38.9446   	16.3562
205	-95.9227	-67.3762	10.7711   	15.425 
206	-95.9227	-67.1011	27.6277   	16.772 
207	-95.9227	-67.1576	11.6311   	16.4239
208	-95.9227	-67.0992	14.1314   	16.9979
209	-95.9227	-66.6767	38.5651   	18.0956
210	-95.9227	-67.1268	13.7533   	16.967 
211	-95.9227	-66.7265	46.2855   	17.6604
212	-95.9227	-66.6396	26.3673   	17.7416
213	-95.9227	-66.5708	29.4875   	17.7001
214	-95.9227	-66.3831	29.465    	18.4353
215	-95.9227	-66.6825	24.4359   	17.6329
216	-95.9227	-66.8186	18.3518   	17.7624
217	-95.9227	-66.7199	18.3518   	17.5708
218	-95.9227	-66.6939	18.3518   	16.9157
219	-95.9227	-67.1209	20.0186   	16.5174
220	-95.9227	-66.8721	16.0354   	16.6698
221	-95.9227	-66.9849	0.189226  	16.4615
222	-95.9227	-67.3572	-8.75304  	15.2958
223	-95.9227	-67.5253	8.71103   	15.2168
224	-95.9227	-67.7136	-12.4612  	14.6853
225	-95.9227	-67.563 	5.57549   	15.0759
226	-95.9227	-67.1279	9.22675   	15.8152
227	-95.9227	-67.0508	20.2966   	16.0216
228	-95.9227	-67.1152	-0.860489 	15.8502
229	-95.9227	-67.177 	5.2369    	16.3191
230	-95.9227	-67.0218	3.68446   	16.3785
231	-95.9227	-66.8835	6.44248   	16.2439
232	-95.9227	-66.7963	27.8549   	16.1626
233	-95.9227	-66.8394	9.68803   	16.0461
234	-95.9227	-67.1442	15.0068   	16.3751
235	-95.9227	-67.0942	7.73784   	16.0678
236	-95.9227	-67.559 	13.4801   	15.6716
237	-95.9227	-67.7912	4.07082   	15.3472
238	-95.9227	-67.392 	7.61129   	16.082 
239	-95.9227	-66.8373	7.22073   	16.7258
240	-95.9227	-67.6489	0.975566  	15.5318
241	-95.9227	-67.4489	2.57957   	15.8544
242	-95.9227	-67.5005	19.6059   	15.9434
243	-95.9227	-67.2299	4.55288   	15.9588
244	-95.9227	-67.0153	-6.31885  	15.9214
245	-95.9227	-67.0194	-4.89547  	16.0691
246	-95.9227	-67.4678	10.5242   	15.971 
247	-95.9227	-67.4795	-2.68996  	15.9434
248	-95.9227	-67.4726	11.3699   	16.0921
249	-95.9227	-67.3262	35.0622   	16.3026
250	-95.9227	-66.908 	22.4847   	16.4063
251	-95.9227	-66.8569	26.9022   	16.9593
252	-95.9227	-66.8603	28.2534   	17.6022
253	-95.9227	-66.9125	42.6462   	18.1147
254	-95.9227	-67.6566	20.0377   	16.2755
255	-95.9227	-67.3999	15.3355   	16.0587
256	-95.9227	-67.1838	40.8669   	16.6601
257	-95.9227	-67.6786	22.3445   	16.2429
258	-95.9227	-67.4666	1.25225   	16.3019
259	-95.9227	-67.3144	18.5543   	17.0626
260	-95.9227	-67.463 	14.1419   	17.0662
261	-95.9227	-67.4124	14.5644   	16.3367
262	-95.9227	-67.2076	16.9006   	15.7359
263	-95.9227	-67.2479	10.0529   	16.3315
264	-95.9227	-67.4457	12.9716   	16.0569
265	-95.9227	-67.4363	22.4801   	15.9136
266	-95.9227	-67.6348	0.92708   	15.8526
267	-95.9227	-67.4913	11.9549   	16.301 
268	-95.9227	-67.2305	10.9039   	16.6946
269	-95.9227	-66.7955	50.8896   	17.6305
270	-95.9227	-67.0582	24.8696   	17.755 
271	-95.9227	-67.2552	38.2563   	17.37  
272	-95.9227	-67.3369	18.5618   	17.1521
273	-95.9227	-67.2332	7.72863   	17.124 
274	-95.9227	-67.2206	9.08011   	16.9872
275	-95.9227	-66.9278	17.3252   	17.3673
276	-95.9227	-66.3023	4.64262   	18.1815
277	-95.9227	-66.5315	12.9007   	18.3366
278	-95.9227	-67.0381	24.2189   	17.7096
279	-95.9227	-67.2666	20.3083   	17.7877
280	-95.9227	-67.3582	13.1977   	16.8727
281	-95.9227	-67.162 	14.6762   	17.4104
282	-95.9227	-66.6482	15.0093   	18.2639
283	-95.9227	-67.1251	9.95524   	17.5166
284	-95.9227	-67.0597	4.44772   	17.3722
285	-95.9227	-67.2774	31.8734   	17.7643
286	-95.9227	-67.2897	55.7864   	18.1779
287	-95.9227	-67.4864	55.7864   	17.342 
288	-95.9227	-67.345 	38.1697   	17.1172
289	-95.9227	-67.3834	36.6618   	17.0766
290	-95.9227	-67.0401	55.5137   	18.0134
291	-95.9227	-67.075 	10.0601   	17.0742
292	-95.9227	-67.1918	12.8513   	17.6038
293	-95.9227	-67.0053	12.668    	17.6068
294	-95.9227	-67.0044	41.8196   	18.1734
295	-95.9227	-67.0849	12.0488   	17.2421
296	-95.9227	-67.0537	26.5756   	17.72  
297	-95.9227	-67.0182	27.75     	17.4264
298	-95.9227	-67.7994	-1.15815  	15.8529
299	-95.9227	-67.4208	-2.13329  	16.0908
300	-95.9227	-67.4795	-0.455267 	15.7231
301	-95.9227	-67.5387	11.5624   	16.2619
302	-95.9227	-67.3362	16.2585   	16.6614
303	-95.9227	-67.3745	24.3788   	17.4026
304	-96.0483	-67.3248	20.2409   	16.9748
305	-96.0483	-67.2445	30.3383   	17.3251
306	-96.0483	-66.7358	15.2025   	17.647 
307	-96.0483	-66.5907	27.7955   	16.983 
308	-96.0483	-66.6837	10.1755   	17.2773
309	-96.0483	-66.7809	16.938    	17.0704
310	-96.0483	-66.9821	17.3809   	16.9245
311	-96.0483	-67.237 	18.0708   	17.221 
312	-96.0483	-67.3794	23.2196   	16.4672
313	-96.0483	-67.6974	3.16817   	15.7252
314	-96.0483	-67.5114	1.71851   	16.1762
315	-96.0483	-67.7223	37.0247   	16.192 
316	-96.0483	-67.3139	37.0247   	16.4893
317	-96.0483	-67.4877	37.0247   	16.4377
318	-96.0483	-67.587 	11.2107   	16.1759
319	-96.0483	-67.9393	10.9953   	15.8982
320	-96.0483	-67.6408	5.35955   	15.9808
321	-96.0483	-67.991 	-0.484092 	15.4994
322	-96.0483	-68.1102	-2.50746  	15.29  
323	-96.0483	-68.2818	-8.17908  	15.0837
324	-96.0483	-68.1287	5.77109   	15.8189
325	-96.0483	-67.7687	21.9266   	16.6586
326	-96.0483	-67.4634	21.9266   	17.3311
327	-96.0483	-67.5881	10.1517   	16.8981
328	-96.0483	-67.7854	5.50048   	16.3889
329	-96.0483	-67.4867	8.51482   	16.9287
330	-96.0483	-67.001 	28.2883   	17.8971
331	-96.0483	-67.0287	30.6643   	18.2197
332	-96.0483	-67.2624	7.64283   	17.1009
333	-96.0483	-67.3888	13.4665   	17.1376
334	-96.0483	-67.4149	42.4208   	17.5667
335	-96.0483	-67.3158	16.9021   	17.0438
336	-96.0483	-68.0088	4.11135   	15.6573
337	-96.0483	-67.9256	5.63527   	15.7973
338	-96.0483	-67.6493	5.61872   	15.8479
339	-96.0483	-67.8954	7.90615   	15.9152
340	-96.0483	-67.7769	17.6446   	16.0842
341	-96.0483	-67.3745	15.6205   	16.8669
342	-96.0483	-67.619 	22.8997   	17.3501
343	-96.0483	-67.3995	19.3521   	17.9   
344	-96.0483	-67.544 	20.1602   	17.4638
345	-96.0483	-67.6172	15.0242   	17.2738
346	-96.0483	-67.8073	22.812    	16.5629
347	-96.0483	-67.9651	77.9474   	17.2531
348	-96.0483	-67.9513	51.8645   	16.3474
349	-96.0483	-67.6581	14.8561   	16.9192
350	-96.0483	-67.4715	11.6466   	17.4044
351	-96.0483	-67.8415	3.51638   	16.4739
352	-96.0483	-68.1429	2.97477   	16.453 
353	-96.0483	-67.9322	7.52283   	16.8645
354	-96.0483	-68.1869	-8.15214  	15.8216
355	-96.0483	-68.1951	13.2537   	16.0865
356	-96.0483	-67.7706	21.9458   	16.8512
357	-96.0483	-67.8859	35.5637   	17.0878
358	-96.0483	-67.9449	23.4582   	17.5954
359	-96.0483	-68.5525	56.3956   	17.0555
360	-96.0483	-68.2505	17.2054   	17.1748
361	-96.0483	-67.9342	13.1434   	17.2695
362	-96.0483	-68.3188	21.2049   	17.1313
363	-96.0483	-68.359 	19.0595   	16.684 
364	-96.0483	-68.1972	32.9637   	17.3943
365	-96.0483	-68.4558	13.5212   	16.0903
366	-96.0483	-68.4327	23.7463   	16.4667
367	-96.0483	-67.9856	26.6583   	17.8392
368	-96.0483	-67.8944	20.3687   	17.6645
369	-96.0483	-67.9729	5.91706   	16.8204
370	-96.0483	-68.0319	34.5621   	16.9215
371	-96.0483	-68.1679	30.1897   	17.0967
372	-96.0483	-67.9622	23.5852   	17.6455
373	-96.0483	-67.4995	34.938    	18.3018
374	-96.0483	-67.8853	8.32327   	17.2818
375	-96.0483	-67.9731	41.5283   	17.306 
376	-96.0483	-67.8639	32.8599   	17.6014
377	-96.0483	-68.1142	53.5187   	17.8297
378	-96.0483	-67.9608	13.2167   	16.9978
379	-96.0483	-67.5022	17.9924   	17.9255
380	-96.0483	-67.616 	28.0575   	17.8517
381	-96.0483	-68.0889	28.0575   	17.1321
382	-96.0483	-67.827 	29.1998   	17.6255
383	-96.0483	-67.9175	29.1998   	17.8146
384	-96.0483	-68.0112	38.2131   	18.2393
385	-96.0483	-68.3806	11.876    	16.6091
386	-96.0483	-68.6899	21.5571   	16.8136
387	-96.0483	-68.3177	19.3223   	16.9712
388	-96.0483	-68.0109	18.7178   	17.3727
389	-96.0483	-68.1505	17.6224   	16.5209
390	-96.0483	-67.9092	17.6224   	17.1524
391	-96.0483	-68.2062	17.6224   	16.8814
392	-96.0483	-68.1934	5.67291   	16.3593
393	-96.0483	-68.2484	16.3739   	16.3165
394	-96.0483	-68.7289	26.3892   	16.34  
395	-96.0483	-68.4651	24.8043   	16.5683
396	-96.0483	-68.779 	0.695877  	16.2944
397	-96.0483	-68.5138	10.8077   	16.3702
398	-96.0483	-68.3921	11.2381   	16.7082
399	-96.0483	-68.5208	3.3397    	16.509 
400	-96.0483	-68.3278	15.6248   	16.8519
401	-96.0483	-68.4836	10.4347   	16.48  
402	-96.0483	-68.4951	7.33789   	16.057 
403	-96.0483	-68.7998	14.2518   	16.2054
404	-96.0483	-68.6062	24.6269   	17.4159
405	-96.0483	-69.1044	29.8527   	17.0774
406	-96.0483	-68.652 	29.8527   	17.0026
407	-96.0483	-69.0175	17.057    	16.5634
408	-96.0483	-68.7621	12.8985   	16.1197
409	-96.0483	-68.7363	12.8985   	16.505 
410	-96.0483	-68.6282	28.3507   	16.3698
411	-96.0483	-68.2946	7.03063   	16.8757
412	-96.0483	-68.5354	-1.17471  	16.1754
413	-96.0483	-68.6784	-1.17471  	16.2185
414	-96.0483	-68.8284	18.767    	16.0358
415	-96.0483	-68.5432	12.1458   	16.8466
416	-96.0483	-68.8368	11.7427   	16.75  
417	-96.0483	-68.6335	14.3804   	17.022 
418	-96.0483	-68.7477	30.139    	16.8222
419	-96.0483	-68.485 	64.1728   	17.6224
420	-96.0483	-68.4462	28.0971   	17.3006
421	-96.0483	-68.4149	11.9481   	16.958 
422	-96.0483	-68.7924	46.4676   	17.02  
423	-96.0483	-68.9102	64.2273   	17.0048
424	-96.0483	-68.7218	58.1326   	17.2666
425	-96.0483	-68.7301	48.6313   	17.249 
426	-96.0483	-68.7654	43.8287   	16.7828
427	-96.0483	-68.8358	20.248    	16.4762
428	-96.0483	-68.8675	10.6078   	16.0722
429	-96.0483	-69.0096	2.41983   	15.8963
430	-96.0483	-68.7241	26.0726   	16.9479
431	-96.0483	-68.119 	35.2858   	16.8393
432	-96.0483	-67.9736	3.89294   	17.3842
433	-96.0483	-68.5903	3.89294   	16.6856
434	-96.0483	-68.8138	-0.469971 	16.1242
435	-96.0483	-69.0908	38.8826   	16.0393
436	-96.0483	-69.0131	16.6253   	16.0919
437	-96.0483	-69.1829	-4.27548  	15.4772
438	-96.0483	-68.8132	0.61279   	16.4828
439	-96.0483	-69.0158	9.58188   	16.1881
440	-96.0483	-68.9626	19.2011   	16.6856
441	-96.0483	-68.5815	36.6161   	17.0627
442	-96.0483	-68.7932	27.1371   	17.1978
443	-96.0483	-68.7978	16.4511   	16.6902
444	-96.0483	-68.9234	11.5761   	16.1456
445	-96.0483	-69.148 	6.9015    	15.6719
446	-96.0483	-69.0512	19.4064   	16.0317
447	-96.0483	-69.4898	4.32427   	15.3996
448	-96.0483	-69.4961	7.94823   	15.8312
449	-96.0483	-69.3923	-3.39582  	15.9121
450	-96.0483	-69.3978	-0.0377354	16.0104
451	-96.0483	-69.0871	28.3921   	16.598 
452	-96.0483	-69.0595	18.1147   	16.3199
453	-96.0483	-68.7854	14.7962   	16.6493
454	-96.0483	-69.2561	1.01527   	15.9716
455	-96.0483	-69.1696	14.8922   	16.3029
456	-96.0483	-69.2234	14.8922   	15.9006
457	-96.0483	-69.339 	4.83747   	15.8887
458	-96.0483	-69.0327	7.46995   	16.0127
459	-96.0483	-68.8039	21.9671   	16.5124
460	-96.0483	-68.6789	14.02     	16.5862
461	-96.0483	-69.2466	28.0226   	16.2717
462	-96.0483	-69.3174	28.0226   	16.1466
463	-96.0483	-68.9415	15.7146   	16.4434
464	-96.0483	-68.4701	15.7146   	16.722 
465	-96.0483	-69.1311	12.8899   	16.245 
466	-96.0483	-69.1948	16.1007   	16.2144
467	-96.0483	-68.8745	41.2757   	17.169 
468	-96.0483	-69.0505	43.4571   	16.7706
469	-96.0483	-69.0883	12.7248   	16.1048
470	-96.0483	-68.9189	30.0574   	16.4862
471	-96.0483	-69.2097	17.7378   	16.699 
472	-96.0483	-69.134 	37.2818   	17.3228
473	-96.0483	-69.3319	22.2991   	16.4264
474	-96.0483	-69.0974	25.2845   	16.3259
475	-96.0483	-69.1295	31.1986   	16.3897
476	-96.0483	-69.4222	29.598    	15.9138
477	-96.0483	-69.6788	27.1999   	15.3378
478	-96.0483	-69.8009	3.0135    	15.0509
479	-96.0483	-69.4039	10.0221   	15.3157
480	-96.0483	-69.4976	8.02301   	15.9203
481	-96.0483	-69.488 	9.36436   	16.0887
482	-96.0483	-69.753 	9.13149   	15.774 
483	-96.0483	-69.6799	-6.92828  	15.4065
484	-96.0483	-69.3817	10.1145   	15.8253
485	-96.0483	-69.5632	17.5671   	16.0594
486	-96.0483	-69.5317	15.035    	15.629 
487	-96.0483	-69.6589	10.223    	15.9615
488	-96.0483	-69.6985	10.2304   	16.1937
489	-96.0483	-69.4609	17.7285   	16.3066
490	-96.0483	-69.5496	10.3247   	15.9456
491	-96.0483	-69.3529	9.65483   	16.1302
492	-96.0483	-69.369 	17.1139   	16.1432
493	-96.0483	-69.2382	12.1262   	16.4201
494	-96.0483	-69.2975	19.1554   	16.1348
495	-96.0483	-69.035 	25.4417   	16.8829
496	-96.0483	-69.397 	25.8564   	16.0745
497	-96.0483	-69.2772	28.4741   	16.2987
498	-96.0483	-69.8832	26.6566   	16.1479
499	-96.0483	-69.8897	28.4422   	15.7691
-102.54999999
