gen	min    	avg    	max    	std    
0  	146.854	276.869	420.356	48.7468
1  	146.854	276.662	424.15 	48.5752
2  	146.854	276.287	424.818	47.8781
3  	144.915	276.021	423.009	47.9892
4  	134.285	275.788	431.305	48.3648
5  	134.094	275.584	418.428	48.3783
6  	134.094	275.523	414.26 	49.5576
7  	128.533	275.285	444.205	50.4555
8  	128.533	275.084	426.362	50.2739
9  	128.533	274.808	437.103	50.2265
10 	128.183	274.701	436.14 	49.9468
11 	121.245	274.471	416.656	49.7902
12 	116.38 	274.316	417.136	49.8247
13 	116.38 	274.113	441.335	50.7031
14 	116.38 	273.84 	433.697	50.4034
15 	116.38 	273.604	435.88 	51.3561
16 	116.38 	273.315	435.674	51.3395
17 	115.761	272.982	409.558	51.973 
18 	115.761	272.821	407.793	52.2805
19 	115.761	272.619	411.902	51.9609
20 	115.761	272.345	422.444	50.7605
21 	113.507	272.068	405.394	50.1303
22 	113.507	271.79 	409.012	50.0742
23 	113.507	271.541	456.769	50.1285
24 	113.507	271.323	430.152	49.5811
25 	113.507	271.229	405.096	48.6698
26 	113.507	271.205	405.096	50.5271
27 	112.69 	271.113	399.584	50.2219
28 	110.047	270.883	400.285	50.1384
29 	110.047	270.645	399.087	50.6296
30 	110.047	270.396	402.054	50.2816
31 	110.047	270.187	415.232	50.1632
32 	110.047	269.901	411.298	49.4062
33 	110.047	269.741	405.219	48.3896
34 	110.047	269.515	395.949	48.4188
35 	109.491	269.378	416.53 	48.0481
36 	109.491	269.257	414.997	48.6124
37 	109.491	268.892	415.37 	48.3003
38 	104.843	268.666	416.522	48.2751
39 	104.843	268.433	416.522	49.1577
40 	104.843	268.29 	408.106	48.4018
41 	104.843	268.169	395.7  	48.6544
42 	104.843	268.095	388.836	47.9192
43 	104.843	267.891	403.645	48.3887
44 	104.843	267.883	406.612	47.778 
45 	104.843	267.537	441.948	47.9509
46 	104.843	267.028	409.947	49.0792
47 	104.843	266.757	409.947	48.6314
48 	104.843	266.667	401.52 	48.7664
49 	104.843	266.359	419.018	48.6932
50 	104.843	266.229	411.514	48.6036
51 	104.204	266.084	393.234	48.4374
52 	104.204	265.83 	394.71 	49.6253
53 	99.4394	265.755	428.701	49.9078
54 	99.4394	265.569	417.668	49.5926
55 	99.4394	265.331	406.043	49.754 
56 	99.4394	265.294	409.562	50.5368
57 	99.4394	264.953	423.783	50.9461
58 	99.4394	264.708	424.017	50.9209
59 	99.4394	264.432	423.547	51.1825
60 	94.0768	264.105	406.656	50.9011
61 	94.0768	263.91 	408.166	50.1332
62 	94.0768	263.753	412.05 	49.4605
63 	94.0768	263.623	394.551	48.6393
64 	94.0195	263.403	409.738	50.3462
65 	94.0195	263.244	414.97 	51.3605
66 	94.0195	263.031	416.193	52.446 
67 	94.0195	262.954	416.193	52.594 
68 	94.0195	262.643	415.224	50.5866
69 	94.0195	262.342	403.495	49.4022
70 	94.0195	262.326	409.849	48.9757
71 	94.0195	262.058	393.856	48.843 
72 	94.0195	261.817	418.871	49.3303
73 	94.0195	261.806	402.572	49.1441
74 	94.0195	261.578	405.101	49.8085
75 	94.0195	261.365	407.196	49.8894
76 	94.0195	260.971	407.196	51.7433
77 	94.0195	260.72 	407.196	50.9597
78 	94.0195	260.403	395.832	51.6715
79 	94.0195	260.163	409.015	52.4878
80 	94.0195	259.818	400.884	51.9232
81 	94.0195	259.858	394.133	52.2198
82 	94.0195	259.642	412.891	52.5693
83 	94.0195	259.463	418.547	51.8787
84 	94.0195	259.372	415.631	51.1354
85 	94.0195	259.204	422.843	50.1747
86 	94.0195	259.083	410.85 	50.2736
87 	94.0163	258.879	401.722	50.8389
88 	94.0163	258.799	421.625	52.5877
89 	94.0163	258.504	431.024	52.2764
90 	94.0163	258.082	422.613	51.1991
91 	94.0163	257.751	421.814	51.2558
92 	94.0163	257.458	425.759	50.5857
93 	94.0163	257.171	418.373	50.2735
94 	94.0163	257.041	411.376	50.4896
95 	94.0163	256.789	418.236	50.6131
96 	94.0163	256.629	402.093	50.8007
97 	94.0163	256.597	410.515	51.1398
98 	94.0163	256.401	409.634	50.3069
99 	93.5554	256.238	394.991	50.8683
100	93.5554	255.784	431.857	51.1747
101	93.5554	255.431	424.731	51.7282
102	93.5554	255.091	412.098	52.8737
103	93.5554	254.777	412.537	53.4542
104	93.1211	254.481	406.834	52.5467
105	93.1211	254.204	401.062	51.5957
106	93.1211	254.062	401.882	50.7957
107	93.1211	253.817	397.426	50.5651
108	93.1211	253.748	412.907	50.6546
109	93.1211	253.663	398.432	52.3711
110	93.1211	253.676	405.922	52.6502
111	93.1211	253.562	400.472	53.429 
112	93.1211	253.299	398.298	52.8957
113	93.1211	253.068	396.435	52.3724
114	93.1211	253.06 	416.728	51.6225
115	93.1211	253.007	416.728	51.1809
116	92.6366	252.767	402.154	51.9964
117	92.6366	252.524	404.853	52.7919
118	92.6366	252.19 	450.201	52.8221
119	92.6366	251.892	419.369	53.9086
120	92.6366	251.585	412.197	52.9286
121	92.6366	251.427	399.807	53.3458
122	92.6366	251.028	436.053	52.2848
123	92.3978	250.909	437.814	53.4271
124	92.1798	250.721	447.295	53.7355
125	92.1798	250.413	444.86 	53.4767
126	92.1798	250.264	422.868	53.8149
127	92.1798	250.063	421.244	53.4843
128	92.1798	249.751	416.169	54.4137
129	92.1798	249.327	426.997	54.4582
130	92.1798	249.155	427.11 	53.4205
131	92.1798	248.994	393.212	53.4039
132	92.1798	249.036	392.572	52.8461
133	92.1798	248.865	387.911	53.2767
134	92.1798	248.467	386.435	53.2712
135	92.1798	248.143	388.08 	51.3996
136	92.1798	247.901	391.06 	50.3988
137	92.1798	247.458	407.785	49.9414
138	92.1798	247.272	409.61 	50.0409
139	92.1798	247.105	401.277	50.0331
140	92.1798	246.973	401.277	50.4971
141	92.1798	246.687	402.726	49.7595
142	92.1798	246.521	397.5  	50.1808
143	90.1501	246.131	398.368	50.4005
144	90.1501	245.982	400.47 	50.8755
145	90.1501	245.749	395.944	50.3793
146	90.1501	245.636	402.874	51.8001
147	90.1501	245.179	407.959	52.8652
148	90.1501	244.923	404.972	51.9358
149	90.1501	244.878	403.199	51.8298
150	90.1501	244.908	401.138	51.4687
151	90.1501	244.662	403.405	51.4557
152	90.1501	244.418	407.727	51.1905
153	90.1501	244.087	430.597	50.444 
154	90.1501	243.803	394.223	49.8591
155	90.1501	243.826	408.445	50.281 
156	90.1501	243.581	427.097	49.7141
157	90.1501	243.221	394.279	49.5589
158	90.1501	242.947	394.059	49.9357
159	90.1501	242.812	394.499	49.2682
160	90.1501	242.396	432.947	49.5541
161	88.9196	242.03 	416.888	49.5961
162	88.9196	241.787	398.084	50.0807
163	88.9196	241.7  	410.64 	51.2081
164	88.9196	241.573	397.838	52.3235
165	88.0504	241.387	397.786	52.0713
166	88.0504	241.099	397.573	51.1736
167	88.0504	240.725	400.245	51.2296
168	88.0504	240.515	421.757	51.8022
169	88.0504	240.216	434.186	51.8749
170	87.9074	239.958	409.219	50.4944
171	87.9074	239.776	389.745	49.794 
172	87.9074	239.75 	385.258	50.1239
173	87.9074	239.563	389.198	49.6541
174	87.2775	239.416	383.123	48.2303
175	87.2775	239.244	395.653	48.3883
176	87.2775	239.012	380.824	49.235 
177	87.2775	238.895	382.683	49.3573
178	87.2775	238.781	402.526	49.6873
179	87.2775	238.669	410.959	50.1413
180	87.2775	238.408	392.773	49.5699
181	87.2775	238.216	374.26 	48.3124
182	87.2775	238.01 	392.497	48.3044
183	87.2775	237.749	412.923	48.9578
184	87.2775	237.722	387.975	49.2397
185	87.2775	237.596	406.943	49.375 
186	87.2775	237.456	399.547	49.28  
187	87.2775	237.373	387.118	51.115 
188	87.2775	237.063	393.203	51.3808
189	87.2775	237.09 	375.399	50.532 
190	87.2775	236.985	403.489	50.0936
191	86.9634	236.854	401.393	50.0967
192	86.9634	236.739	378.442	50.5997
193	86.9238	236.534	393.051	49.9382
194	86.9238	236.403	379.033	49.5567
195	85.2947	236.335	389.566	49.3968
196	85.2947	236.125	388.027	49.7536
197	85.2947	236.051	386.862	49.9892
198	85.2947	235.753	380.951	49.3646
199	85.2947	235.443	385.898	50.0142
200	85.2947	235.226	381.533	50.6517
201	85.2947	234.968	396.201	50.2979
202	85.2947	234.851	393.071	51.4073
203	85.2947	234.433	379.174	49.9111
204	85.2947	234.279	389.722	49.8311
205	85.2947	234.13 	391.527	50.037 
206	85.2947	234.043	383.698	49.961 
207	85.2947	234.062	372.708	49.3466
208	85.2947	233.94 	375.338	49.3743
209	85.2947	233.811	378.741	50.1536
210	85.2947	233.775	390.572	49.9887
211	85.2947	233.582	383.443	48.8318
212	85.2947	233.248	383.443	48.997 
213	85.2947	233.072	404.76 	48.7166
214	85.2947	232.775	412.649	48.5501
215	85.2947	232.431	385.682	49.3406
216	85.2947	232.402	382.968	50.202 
217	85.2947	232.09 	382.968	50.8636
218	85.2947	231.911	378.522	49.702 
219	85.2947	231.78 	378.522	48.7127
220	85.2947	231.672	378.934	47.9239
221	85.2947	231.363	387.506	48.347 
222	85.2947	231.093	381.732	49.1418
223	85.2947	230.873	385.674	49.5555
224	85.2947	230.697	372.769	49.4743
225	85.2947	230.526	377.742	50.3791
226	85.2947	230.268	381.367	50.6637
227	85.2947	229.817	390.792	50.6469
228	85.2947	229.601	396.126	49.3887
229	85.2947	229.421	379.642	48.5825
230	85.2947	229.407	374.452	48.4607
231	85.2947	229.177	373.567	48.7403
232	85.2947	229.039	381.196	48.6716
233	85.2947	228.819	382.257	47.5824
234	85.2947	228.559	363.961	47.7078
235	85.2947	228.413	371.729	47.7783
236	85.2947	228.212	361.598	47.3294
237	85.2947	228.09 	374.408	47.364 
238	85.2947	227.867	361.165	47.4726
239	85.2947	227.684	370.36 	48.927 
240	85.2947	227.561	375.306	48.6488
241	85.2947	227.259	395.127	48.8607
242	85.2947	227.095	386.235	49.0219
243	85.2947	226.946	386.652	48.468 
244	85.2947	226.666	400.591	49.6903
245	85.2947	226.343	397.997	49.3122
246	85.2947	226.237	380.252	49.7795
247	85.2947	226.035	380.898	48.9636
248	85.2947	225.784	363.502	48.8865
249	85.2947	225.686	369.324	47.9886
250	85.2947	225.439	369.324	47.4291
251	85.2947	225.239	380.57 	47.1509
252	85.2947	225.036	360.241	46.7702
253	85.2947	224.68 	359.738	46.7081
254	85.2947	224.426	370.358	47.7199
255	85.2947	224.227	358.198	47.8238
256	85.2947	223.853	358.198	46.3464
257	85.2947	223.671	370    	46.5644
258	85.2947	223.551	373.315	46.2945
259	85.2947	223.451	358.631	45.7266
260	85.2947	223.288	361.677	46.1168
261	85.2947	222.905	351.853	46.0396
262	85.2947	222.722	345.743	46.5867
263	85.2947	222.442	371.402	48.0372
264	85.2947	222.194	367.671	47.1617
265	85.2947	221.91 	387.309	48.1576
266	85.2947	221.639	376.593	47.8232
267	85.2947	221.49 	376.593	48.4243
268	84.8744	221.303	377.086	48.0013
269	84.8744	221.111	393.195	47.7927
270	84.8744	220.85 	384.669	47.8693
271	82.5169	220.778	373.521	46.5178
272	82.5169	220.466	376.961	47.0211
273	82.5169	220.354	373.374	46.7349
274	82.5169	220.229	375.346	47.643 
275	82.5169	220.163	368.95 	47.4534
276	82.5169	219.797	367.201	46.4494
277	82.5169	219.662	371.5  	46.9891
278	82.5169	219.529	368.506	46.9438
279	82.5169	219.318	363.05 	45.9548
280	81.47  	219.282	366.907	46.7995
281	81.47  	218.843	368.354	47.2733
282	81.47  	218.736	370.053	47.4105
283	81.47  	218.572	370.053	47.4381
284	81.47  	218.403	372.096	48.7613
285	81.47  	218.336	369.479	48.7527
286	81.47  	218.138	364.645	49.1354
287	81.47  	218.009	364.645	47.8941
288	81.3336	217.731	352.69 	47.3844
289	81.3336	217.502	349.921	46.914 
290	81.3336	217.415	365.955	47.4905
291	81.3336	217.196	377.845	47.0689
292	81.3336	216.977	366.959	47.1253
293	81.3336	216.867	346.267	47.1907
294	81.3336	216.65 	372.484	47.6645
295	81.3336	216.448	371.062	47.1068
296	81.3336	216.244	371.19 	47.0074
297	81.3336	216.069	371.19 	47.0848
298	81.3336	215.881	358.468	46.7998
299	81.3336	215.818	366.211	46.2752
300	81.3336	215.652	366.211	46.2306
301	81.3336	215.483	356.756	45.6137
302	81.3336	215.442	357.944	45.6007
303	81.3336	215.228	370.66 	46.1767
304	81.3336	214.966	377.695	46.3209
305	81.3336	214.665	384.289	46.1636
306	81.3336	214.522	351.533	45.7227
307	81.3336	214.345	350.356	46.5658
308	81.3336	214.162	358.031	46.8957
309	81.3336	213.988	346.182	45.7949
310	81.3336	213.851	345.187	45.9658
311	81.3336	213.654	363.575	46.1631
312	81.3336	213.575	368.053	45.9771
313	81.3336	213.339	378.574	45.7513
314	81.3336	213.08 	358.359	45.4448
315	81.3336	212.853	365.338	45.6943
316	81.3336	212.718	367.644	46.4437
317	81.103 	212.579	367.644	45.6984
318	81.103 	212.376	360.525	45.1095
319	81.0949	212.179	369.08 	45.4647
320	81.0949	212.213	339.247	44.8917
321	81.0949	212.228	345.593	45.0849
322	81.0949	212.111	362.158	44.9731
323	81.0949	212.087	362.158	44.9751
324	81.0949	211.904	362.158	44.8245
325	81.0949	211.704	372.847	45.5026
326	81.0949	211.545	374.356	45.4751
327	81.0949	211.257	374.356	44.9349
328	81.0949	210.905	374.356	46.1613
329	81.0949	210.794	366.471	46.4629
330	81.0949	210.666	346.434	45.8618
331	81.0609	210.457	368.214	46.8307
332	81.0609	210.23 	359.877	46.2169
333	81.0609	210.065	339.323	46.3973
334	81.0609	209.924	336.719	46.1759
335	81.0609	209.715	344.391	46.383 
336	81.0609	209.541	350.427	46.6024
337	81.0609	209.347	348.764	46.2981
338	81.0609	209.312	348.764	46.0144
339	81.0609	209.067	361.654	45.6465
340	81.0609	208.946	361.056	46.0531
341	81.0609	208.812	340.804	45.766 
342	81.0609	208.615	330.888	45.7562
343	81.0609	208.477	344.907	44.7156
344	81.0609	208.318	342.27 	45.2347
345	81.0609	208.109	341.859	44.3974
346	81.0609	207.88 	345.316	44.876 
347	81.0181	207.734	341.859	44.7908
348	81.0181	207.631	341.859	43.6263
349	81.0181	207.55 	336.892	44.2091
350	81.0181	207.398	360.106	43.921 
351	81.0181	207.257	360.106	44.0606
352	81.0181	207.289	351.117	44.349 
353	81.0181	207.046	334.106	43.7524
354	81.0181	207.039	334.101	44.4641
355	81.0181	206.952	364.328	45.3644
356	81.0181	206.802	340.076	45.7773
357	81.0181	206.667	338.053	44.8764
358	81.0181	206.465	352.443	43.7122
359	81.0181	206.159	340.494	43.897 
360	81.0181	206.077	341.866	44.2943
361	81.0181	205.934	345.561	45.0126
362	81.0181	205.686	340.913	45.0886
363	81.0181	205.44 	341.184	45.6952
364	81.0181	205.306	354.526	45.4043
365	81.0181	205.224	355.256	45.2492
366	81.0181	205.05 	341.417	44.2402
367	81.0181	204.731	344.419	44.3407
368	81.0181	204.609	347.827	44.3391
369	81.0181	204.504	359.169	44.9962
370	81.0181	204.455	345.399	43.9258
371	81.0181	204.134	365.988	44.0023
372	81.0181	203.992	346.816	43.5905
373	81.0181	203.774	357.171	43.2137
374	81.0181	203.699	347.868	44.0816
375	81.0181	203.521	348.213	44.8067
376	81.0181	203.304	366.372	44.9811
377	81.0181	203.084	349.247	44.4716
378	81.0181	202.975	365.766	44.6679
379	81.0181	202.788	370.7  	45.6297
380	81.0181	202.7  	358.181	44.4977
381	81.0181	202.729	358.739	44.4627
382	81.0181	202.575	343.684	43.4711
383	81.0181	202.361	315.888	42.5556
384	81.0181	202.185	319.168	42.2393
385	81.0181	201.962	316.505	42.5351
386	81.0181	201.983	336.285	42.6909
387	81.0181	201.832	334.53 	42.6176
388	81.0181	201.727	330.319	42.8536
389	81.0181	201.624	347.814	42.8008
390	81.0181	201.611	336.044	42.3901
391	81.0181	201.43 	326.596	42.7397
392	81.0181	201.257	340.166	43.1221
393	81.0181	200.963	318.26 	43.4279
394	81.0181	200.818	323.018	44.2273
395	81.0181	200.542	341.1  	43.9866
396	81.0181	200.438	343.592	43.5947
397	81.0181	200.301	353.676	43.772 
398	81.0181	200.135	345.6  	43.2326
399	81.0181	200.057	351.818	43.568 
400	81.0181	199.821	357.717	43.1363
401	81.0181	199.658	351.577	42.8798
402	81.0181	199.578	346.495	43.6577
403	81.0181	199.37 	353.2  	43.5313
404	81.0181	199.199	347.24 	42.7347
405	81.0181	199.105	360.133	42.3317
406	81.0181	198.91 	336.209	42.812 
407	81.0181	198.687	336.209	42.8455
408	81.0181	198.59 	336.209	41.9296
409	81.0181	198.367	344.612	41.7592
410	81.0181	198.256	338.474	41.837 
411	81.0181	198.112	332.561	41.7892
412	81.0181	198.143	338.641	41.8614
413	81.0181	198.194	329.303	42.2222
414	81.0181	198.065	340.135	41.8408
415	81.0181	197.998	318.257	41.4654
416	81.0181	197.862	331.468	41.8406
417	81.0181	197.707	321.298	41.7091
418	81.0181	197.752	317.32 	41.4098
419	81.0181	197.637	332.252	42.5788
420	81.0181	197.424	332.252	42.7063
421	81.0181	197.203	343.721	42.0885
422	81.0181	196.926	341.845	42.8353
423	81.0181	196.914	341.353	42.8955
424	81.0181	196.797	341.713	43.4329
425	81.0064	196.678	339.789	42.9669
426	81.0064	196.414	364.622	44.0078
427	81.0064	196.291	370.845	44.0584
428	81.0064	195.965	352.385	43.2475
429	81.0064	195.757	339.038	43.9195
430	81.0064	195.664	325.927	42.723 
431	81.0064	195.539	327.164	41.8431
432	81.0064	195.488	326.551	41.2671
433	81.0064	195.301	348.059	41.4337
434	81.0064	194.928	346.5  	42.1724
435	81.0064	194.703	336.372	42.1652
436	81.0064	194.709	319.113	42.3952
437	81.0064	194.399	342.972	42.776 
438	81.0064	194.224	334.775	42.8471
439	81.0064	194.13 	338.317	41.5201
440	81.0064	193.776	337.434	40.594 
441	81.0064	193.59 	334.775	40.5702
442	81.0064	193.335	334.068	40.4254
443	81.0064	193.173	333.374	41.2257
444	81.0064	193.025	313.653	40.5267
445	81.0064	192.963	316.128	40.435 
446	81.0064	192.848	316.128	40.3739
447	81.0064	192.776	313.642	40.3099
448	81.0064	192.753	319.397	40.6754
449	81.0064	192.804	320.059	40.7751
450	81.0064	192.651	320.74 	41.1912
451	81.0064	192.546	331.198	41.535 
452	81.0064	192.422	331.198	41.8534
453	81.0064	192.298	322.497	41.9632
454	81.0064	192.131	327.213	42.0338
455	81.0064	191.907	341.521	42.0135
456	81.0064	191.729	338.428	42.5317
457	81.0064	191.539	342.238	42.1615
458	81.0064	191.309	341.597	41.4044
459	81.0064	191.246	329.772	41.22  
460	81.0064	191.12 	338.722	41.4178
461	81.0064	191.019	332.972	41.2178
462	81.0064	190.939	322.2  	40.991 
463	81.0064	190.81 	321.812	40.4175
464	81.0064	190.754	328.01 	41.382 
465	81.0064	190.641	339.06 	42.0161
466	81.0064	190.454	325.193	41.7624
467	81.0064	190.429	329.425	41.7513
468	81.0064	190.207	354.942	41.9548
469	81.0064	190.008	347.641	40.6653
470	81.0064	189.727	316.244	39.8687
471	81.0064	189.679	335.17 	40.232 
472	81.0064	189.478	324.922	39.6363
473	81.0064	189.572	340.672	40.2288
474	81.0064	189.422	340.672	40.8838
475	81.0064	189.278	341.309	40.7599
476	81.0064	189.092	339.578	40.8855
477	81.0064	188.987	322.697	40.5863
478	81.0064	188.881	310.498	40.8569
479	80.8551	188.845	316.553	40.8281
480	80.8551	188.667	333.092	40.8328
481	80.8551	188.591	326.28 	41.3415
482	80.8551	188.487	324.864	40.9198
483	80.8551	188.303	340.404	40.9249
484	80.8551	188.107	337.904	41.5353
485	80.8551	187.967	328.393	40.1788
486	80.8551	188.028	318.166	39.8904
487	80.8551	188.024	326.986	40.5437
488	80.8551	187.982	324.252	40.4398
489	80.8551	187.979	327.915	40.1143
490	80.8551	187.714	328.709	39.4018
491	80.8551	187.467	330.609	40.5409
492	80.8551	187.303	309.616	39.6317
493	80.8551	187.209	318.85 	39.3522
494	80.8551	187.204	313.593	38.7412
495	80.8551	187.245	315.152	37.9714
496	80.8551	187.082	302.915	37.8741
497	80.8551	186.906	308.166	38.5041
498	80.8551	186.717	306.125	39.0997
499	80.8551	186.651	331.824	39.4292
79.48000001
