gen	min    	avg    	max    	std    
0  	107.815	123.909	127.038	2.42297
1  	107.815	123.981	127.007	2.43316
2  	107.815	123.946	126.916	2.41992
3  	107.815	123.916	126.916	2.60783
4  	107.815	123.892	126.908	2.72466
5  	101.949	123.756	127.101	2.81217
6  	78.4528	123.776	127.103	3.08724
7  	78.4528	123.778	127.078	3.04284
8  	78.4528	123.801	126.819	3.04211
9  	78.4528	123.733	126.954	3.07806
10 	78.4528	123.749	127.153	3.15384
11 	78.4528	123.753	127.031	3.4442 
12 	78.4528	123.705	127.071	3.56453
13 	78.4528	123.746	127.108	3.70198
14 	78.4528	123.752	127.074	3.36633
15 	73.6469	123.654	127.081	3.90119
16 	73.6469	123.776	127.663	3.60907
17 	73.6469	123.687	127.73 	3.70269
18 	73.6469	123.621	127.613	3.74523
19 	73.6469	123.686	127.695	3.717  
20 	73.6469	123.626	127.637	3.98677
21 	73.6469	123.747	127.658	3.54053
22 	73.6469	123.729	127.489	3.43296
23 	73.6469	123.749	127.791	3.49185
24 	73.6469	123.777	127.791	3.28986
25 	73.6469	123.808	127.546	3.37645
26 	73.6469	123.745	127.551	3.63214
27 	73.6469	123.78 	127.502	3.4987 
28 	73.6469	123.732	127.554	3.59608
29 	73.6469	123.831	127.395	3.64873
30 	73.6469	123.77 	127.252	3.7267 
31 	73.6469	123.823	127.193	3.51687
32 	73.6469	123.812	127.245	3.22493
33 	73.6469	123.825	127.119	3.22976
34 	73.6469	123.777	127.235	3.513  
35 	73.6469	123.782	127.609	3.48474
36 	73.6469	123.78 	127.115	3.40255
37 	73.6469	123.874	127.185	3.31941
38 	73.6469	123.831	127.212	3.61576
39 	71.4553	123.885	127.273	3.56635
40 	71.4553	123.821	127.487	3.82535
41 	71.4553	123.759	127.453	3.92554
42 	71.4553	123.67 	127.443	4.0975 
43 	71.4553	123.814	127.436	3.89855
44 	71.4553	123.771	127.222	3.66416
45 	71.4553	123.827	128.324	3.67286
46 	71.4553	123.952	127.837	3.314  
47 	71.4553	123.938	127.814	3.0599 
48 	71.4553	123.875	127.694	3.23722
49 	71.4553	123.871	127.825	3.23731
50 	68.0892	123.818	128.164	3.97081
51 	68.0892	123.887	127.777	3.88412
52 	68.0892	123.831	127.777	4.08687
53 	68.0892	123.857	127.762	3.78174
54 	68.0892	123.917	127.95 	3.64622
55 	68.0892	123.819	127.868	4.06522
56 	68.0892	123.927	127.738	3.37019
57 	68.0892	123.806	128.999	3.95629
58 	68.0892	123.959	129.084	3.6135 
59 	68.0892	123.866	128.744	4.16068
60 	68.0892	123.97 	128.733	3.51692
61 	68.0892	123.935	129.008	3.39443
62 	68.0892	123.995	129.97 	3.48889
63 	68.0892	124.02 	128.639	3.59595
64 	68.0892	123.861	129.155	3.87524
65 	68.0892	123.813	129.165	4.20765
66 	68.0892	123.888	128.366	3.6129 
67 	68.0892	123.861	129.053	3.96789
68 	68.0892	123.969	128.252	3.27557
69 	68.0892	123.93 	128.246	3.68728
70 	68.0892	123.896	128.154	3.84728
71 	68.0892	123.788	128.214	3.99706
72 	68.0892	123.893	127.942	3.51788
73 	68.0892	123.85 	127.942	4.12401
74 	68.0892	123.98 	127.765	3.84947
75 	66.5721	123.914	127.91 	3.89965
76 	66.5721	124.001	127.924	3.24152
77 	66.4423	123.884	131.357	3.87133
78 	66.4423	123.902	128.204	3.70501
79 	66.4423	123.827	128.178	3.91176
80 	66.4423	123.896	127.755	3.51452
81 	66.4423	123.885	128.132	3.57079
82 	66.4423	124.023	129.082	3.36438
83 	66.4423	123.901	128.037	3.92   
84 	66.4423	123.941	128.948	3.60884
85 	66.4423	123.863	128.463	4.17255
86 	66.4423	123.689	129.803	4.49189
87 	66.4423	123.745	128.822	4.57178
88 	66.4423	123.883	129.221	3.84336
89 	66.4423	123.851	129.154	3.69818
90 	66.4423	123.781	128.24 	4.43936
91 	66.4423	123.819	128.26 	4.22777
92 	66.4423	123.826	128.518	4.08552
93 	66.4423	124.013	128.513	3.82921
94 	66.4423	124.007	128.315	3.45641
95 	60.5327	124.017	128.516	3.91186
96 	60.5327	124.065	128.002	4.01044
97 	60.5327	124.001	128.599	4.16232
98 	60.5327	123.986	128.37 	4.18508
99 	60.5327	124.089	130.56 	3.53559
100	60.5327	123.842	129.081	4.31658
101	60.5327	123.753	130.422	4.69105
102	60.5327	123.798	129.174	4.62378
103	60.5327	123.713	129.084	4.93635
104	53.0553	123.652	129.147	5.04965
105	53.0553	123.897	128.539	4.51148
106	53.0553	123.698	129.18 	5.14603
107	53.0553	123.733	131.429	4.55833
108	53.0553	123.849	130.977	4.03659
109	53.0553	123.784	130.286	4.3524 
110	53.0553	123.899	130.664	3.98142
111	53.0553	123.994	130.439	3.94018
112	53.0553	123.935	130.318	4.59509
113	53.0553	123.949	130.877	4.06068
114	53.0553	123.951	131.586	4.55267
115	53.0553	123.897	130.483	4.12521
116	53.0553	123.876	128.491	4.54612
117	53.0553	124.024	128.661	3.83003
118	53.0553	124.11 	128.681	3.7989 
119	53.0553	124.107	128.263	3.72338
120	53.0553	124.083	128.261	3.79896
121	53.0553	123.968	128.708	3.91107
122	53.0553	123.934	128.66 	4.55383
123	53.0553	123.935	129.029	4.34583
124	53.0553	123.998	130.199	3.91018
125	53.0553	124.048	130.362	3.93746
126	53.0553	124.004	129.842	4.56334
127	53.0553	123.911	128.592	4.65681
128	53.0553	123.958	128.6  	4.26691
129	52.6381	123.986	128.482	4.91837
130	52.6381	123.944	128.842	5.51929
131	52.6381	123.941	129.068	5.65461
132	52.6381	124.003	129.457	5.54115
133	52.6381	123.99 	129.457	5.90949
134	52.6381	124.104	128.97 	5.03944
135	52.6381	124.039	129.241	4.61844
136	52.6381	123.981	128.98 	5.28603
137	52.6381	124.028	129.388	4.98758
138	52.6381	123.945	128.724	5.59265
139	52.6381	123.877	129.061	5.75943
140	52.5015	123.963	128.643	5.62742
141	52.5015	123.952	128.817	5.34397
142	52.5015	124.061	128.817	4.64972
143	52.5015	124.144	128.691	3.81589
144	52.5015	124.006	128.691	4.62274
145	52.5015	124.038	128.72 	4.88434
146	52.5015	124.034	128.962	5.36021
147	52.5015	123.966	129.112	5.56808
148	52.5015	123.876	129.073	5.48983
149	52.5015	123.999	129.087	5.25524
150	52.5015	124.083	129.453	4.39128
151	52.5015	124.055	129.736	4.77649
152	52.5015	123.99 	129.624	4.81363
153	52.5015	124.115	129.643	4.30575
154	52.5015	124.154	132.061	4.09494
155	52.5015	124.069	129.446	4.18379
156	52.5015	124.079	129.915	4.77293
157	52.5015	124    	130.699	4.95866
158	51.0841	124.022	130.699	5.32855
159	50.9898	123.961	130.799	5.61718
160	50.9898	123.952	131.093	5.56315
161	50.9898	123.852	131.093	5.62268
162	50.9898	123.977	131.014	4.62944
163	50.9898	123.955	130.284	5.05916
164	50.9898	123.876	130.593	5.12829
165	50.9898	124.02 	129.829	4.93498
166	50.9898	124.045	129.626	4.20314
167	49.6659	123.936	129.383	4.89816
168	49.6659	123.784	132.414	5.94847
169	49.6659	123.844	130.395	5.86459
170	47.6826	123.91 	130.416	6.02309
171	46.9425	123.79 	130.497	6.31761
172	46.9425	123.784	130.166	6.28346
173	46.9425	123.809	129.791	6.31657
174	46.9425	123.91 	129.958	6.24384
175	46.9425	123.874	131.628	6.2914 
176	46.9425	123.904	130.104	6.13619
177	46.9425	123.951	130.733	5.2453 
178	45.8208	123.93 	133.486	5.49317
179	45.8208	123.966	130.674	5.51768
180	45.8208	123.888	129.914	6.00322
181	45.8208	123.981	129.914	5.40725
182	45.8208	123.909	130.152	5.66621
183	45.8208	123.972	129.516	5.4714 
184	45.8208	123.91 	129.953	5.71501
185	45.8208	124.153	130.976	4.76828
186	45.8208	124.162	130.369	4.64093
187	45.8208	124.086	130.82 	4.72505
188	45.8208	124.023	130.184	5.33472
189	45.8208	124.019	130.887	5.54253
190	45.8208	123.917	131.168	5.16539
191	45.8208	123.995	130.2  	5.13173
192	45.7266	123.982	129.981	5.75189
193	45.7266	124.218	129.981	4.61757
194	45.7266	124.249	129.307	4.46103
195	45.7266	124.275	129.012	4.24702
196	45.7266	124.27 	129.016	4.0343 
197	45.7266	124.218	130.583	4.86612
198	45.7266	124.273	130.631	4.41589
199	45.7266	124.296	129.753	4.09463
200	45.7266	124.22 	129.638	4.82746
201	45.7266	124.225	129.272	4.86801
202	45.7266	124.075	129.49 	5.39973
203	45.7266	123.985	129.838	5.60065
204	45.7266	124.109	129.896	5.18415
205	45.7266	124.114	130.559	5.24199
206	45.7266	124.245	130.239	4.78835
207	45.7266	124.188	130.049	4.92592
208	45.7266	124.173	129.547	4.94719
209	45.7266	124.15 	130.217	5.12499
210	45.7266	124.211	129.899	5.05946
211	45.7266	124.231	129.454	5.17418
212	45.7266	124.245	129.279	4.60618
213	45.7266	124.285	129.279	4.15542
214	45.7266	124.235	129.11 	4.67741
215	45.7266	124.147	129.725	4.95297
216	45.7266	124.203	129.67 	4.69031
217	45.7266	124.265	129.404	4.77592
218	45.7266	124.121	131.704	5.35812
219	45.7266	124.003	130.02 	6.04999
220	45.4301	124.103	130.07 	5.21659
221	45.4301	124.252	130.07 	4.90408
222	45.4301	124.31 	130.104	4.6291 
223	45.4301	124.306	129.651	4.59951
224	45.4301	124.136	129.51 	5.195  
225	45.1716	124.21 	129.652	5.0367 
226	45.1716	124.233	129.955	4.78152
227	45.1716	124.243	129.948	4.73291
228	45.1716	124.155	130.589	5.02796
229	45.1716	124.171	130.589	5.05258
230	45.1716	124.305	130.82 	4.16342
231	45.1716	124.201	130.366	4.19077
232	45.1716	124.116	129.432	4.89355
233	45.1716	124.135	130.668	5.40423
234	45.1716	124.116	130.855	5.52868
235	45.1716	124.171	129.872	5.6345 
236	45.1716	124.136	130.328	5.53582
237	45.1716	124.231	130.633	5.39768
238	45.1716	124.238	130.472	5.05668
239	45.1514	124.22 	131.764	4.9964 
240	45.1514	124.244	131.764	4.34377
241	45.1514	124.197	131.761	5.02329
242	45.1514	124.195	130.025	5.09773
243	45.1514	124.225	131.412	4.60363
244	45.1514	123.96 	130.983	6.02017
245	45.1514	124.049	130.421	5.75672
246	45.1514	124.21 	131.103	5.49266
247	45.1514	124.049	130.887	6.13714
248	45.1514	124.157	130.771	5.20001
249	45.1514	124.072	131.093	5.08248
250	45.1514	124.112	131.253	5.27279
251	45.1514	124.083	132.271	5.69129
252	43.3891	124.197	131.665	6.01925
253	43.3891	124.085	131.365	6.36879
254	43.3891	124.08 	131.436	6.20041
255	43.3891	124.218	133.89 	5.35213
256	43.3662	124.103	131.1  	5.85019
257	43.3662	124.171	130.502	5.81535
258	43.3662	124.084	130.554	6.2344 
259	43.3662	124.178	130.959	5.73759
260	43.3662	124.123	130.981	5.56954
261	43.3662	124.116	130.651	5.57533
262	43.3662	124.06 	131.276	5.55103
263	43.3662	124.094	131.08 	4.99639
264	43.3662	124.151	131.556	4.89318
265	43.3662	124.096	130.885	5.23638
266	43.3662	124.261	130.691	4.78558
267	43.3662	124.219	130.885	5.18449
268	43.3662	124.169	132.631	5.80939
269	43.3662	124.115	133.36 	6.13637
270	43.3662	124.077	132.881	5.99699
271	43.1107	124.12 	131.964	5.98063
272	43.1107	124.121	132.397	5.9601 
273	43.1107	124.264	133.571	5.16983
274	43.1107	124.329	131.91 	4.75797
275	43.1107	124.267	131.938	5.22055
276	43.1107	124.153	131.267	5.3165 
277	43.1107	124.191	131.039	5.50514
278	43.1107	124.174	131.21 	5.76754
279	43.0984	124.151	131.872	6.09248
280	43.0984	124.115	131.291	6.11884
281	43.0984	123.982	132.656	6.54805
282	43.0984	123.923	131.507	6.94893
283	43.0984	123.926	131.487	7.13045
284	43.0984	124.054	131.277	6.75701
285	43.0984	124.111	131.559	6.6258 
286	43.0984	124.037	131.391	7.03107
287	43.0984	124.084	132.67 	6.4993 
288	43.0984	124.15 	135.511	6.32487
289	43.0984	124.055	132.808	6.42578
290	43.0984	124.161	131.689	6.14223
291	43.0984	124.315	132.281	4.82728
292	43.0984	124.409	132.281	4.57106
293	43.0984	124.244	131.764	5.42311
294	43.0984	124.224	131.958	5.07744
295	43.0984	124.258	131.556	5.67341
296	42.9663	124.093	131.453	5.82349
297	42.9663	124.107	131.315	5.86449
298	42.9663	124.224	131.324	5.36956
299	42.9663	124.209	131.053	5.31859
300	42.9663	124.172	131.732	5.41703
301	42.9574	124.104	131.905	5.56807
302	42.8625	123.993	131.905	6.37209
303	42.8625	123.906	131.115	6.72284
304	42.8625	123.942	131.913	6.76964
305	42.8625	123.909	130.619	6.71107
306	42.8625	123.965	131.084	5.52413
307	42.8625	124.057	132.065	5.37347
308	42.8625	124.039	131.404	5.31395
309	42.8625	124.092	132.641	5.88244
310	42.8625	124.043	131.662	5.58568
311	42.8625	124.03 	131.662	5.6313 
312	42.8625	124.038	133.003	6.23178
313	42.8625	124.071	132.093	5.64713
314	42.8625	123.996	132.276	5.92551
315	42.8625	123.985	132.539	6.03993
316	42.8625	123.89 	132.519	6.68575
317	42.8625	123.784	132.519	6.15673
318	42.8625	123.919	132.733	6.18078
319	42.8625	123.868	131.986	6.07473
320	42.8625	123.938	131.651	6.09472
321	42.8625	123.949	131.246	5.63256
322	42.8625	123.873	131.984	6.09186
323	42.8625	123.844	133.452	6.29678
324	42.8625	123.988	132.885	5.35948
325	42.8625	124.098	132.338	4.83464
326	42.8625	124.026	131.808	5.65907
327	42.8625	124.049	131.825	5.40301
328	42.8625	124.091	131.525	5.18894
329	42.8625	124.151	135.12 	5.04804
330	42.8625	124.079	131.864	5.04033
331	42.8625	124.15 	134.62 	5.41295
332	42.8625	124.126	132.652	6.0473 
333	42.8625	123.981	132.611	6.52325
334	42.8625	123.942	131.282	6.33127
335	42.8625	123.959	132.327	6.67107
336	42.8625	123.943	132.53 	6.71828
337	42.8625	124.003	132.951	6.32651
338	42.8625	124.111	133.261	6.28774
339	42.8625	124.081	132.147	5.95108
340	42.8625	124.033	131.881	5.91404
341	42.8625	124.121	131.376	5.91667
342	42.8625	124.094	133.047	6.59391
343	42.8625	123.992	131.373	6.91157
344	42.8625	123.976	131.524	7.03151
345	42.8625	123.877	131.295	6.87984
346	42.8625	123.99 	131.27 	6.45513
347	42.8625	123.865	131.677	6.9053 
348	42.8625	124.047	131.799	6.43   
349	42.8625	123.947	131.694	6.92801
350	42.8625	124.092	136.108	6.7022 
351	42.8625	124.087	132.186	6.86204
352	42.8625	124.075	132.12 	6.01138
353	42.8625	124.11 	131.662	5.97733
354	42.8625	124.187	132.14 	5.80675
355	42.8625	124.176	137.137	6.22586
356	42.8625	124.16 	134.899	6.209  
357	42.8625	123.958	133.268	6.4161 
358	42.8625	124.008	132.587	6.31792
359	42.8625	123.983	132.325	6.29289
360	42.8625	124.08 	136.021	6.51789
361	42.8625	124.203	133.526	5.92719
362	42.8625	124.266	132.39 	5.16531
363	42.8625	124.132	132.294	5.84518
364	42.8625	124.084	131.946	5.427  
365	42.8625	124.088	131.814	6.55712
366	42.8625	124.126	132.495	6.38506
367	42.8625	124.069	132.848	6.66881
368	42.8625	124.033	132.103	7.08465
369	42.8625	124.163	132.103	6.44389
370	42.8625	124.132	132.088	6.8071 
371	42.8625	124.001	132.088	7.30488
372	42.8625	123.964	133.442	7.17766
373	42.8625	123.866	133.104	7.21461
374	42.8625	123.787	132.849	7.6    
375	42.8625	123.919	132.071	7.17881
376	42.8625	123.962	132.639	7.26418
377	42.8625	123.781	133.036	7.77003
378	42.8625	123.774	132.303	7.48432
379	42.8625	123.781	132.208	7.12943
380	42.8625	123.934	132.319	6.57234
381	42.8625	124.053	132.212	6.38262
382	42.8625	123.779	132.439	7.68374
383	42.8625	123.877	132.201	6.8241 
384	42.8625	123.795	132.084	7.08227
385	42.8625	123.75 	132.346	7.04664
386	42.8625	123.937	132.863	6.5808 
387	42.8625	124.051	132.557	6.47867
388	42.8625	124.173	132.683	5.40814
389	42.8625	124.152	132.801	5.816  
390	42.8625	124.099	132.907	5.71175
391	42.8589	124.035	132.243	6.25649
392	42.8589	124.131	131.701	6.50514
393	42.8589	124.344	133.539	6.0664 
394	42.8589	124.404	134.01 	5.60176
395	42.8589	124.495	134.77 	5.2127 
396	42.8589	124.448	134.01 	4.77363
397	42.8589	124.463	134.01 	4.72938
398	42.8589	124.328	134.175	5.27223
399	42.8589	124.174	132.999	5.81395
400	42.8589	123.998	132.416	6.41093
401	42.8589	124.138	132.644	5.95257
402	42.8589	124.026	133.733	6.40528
403	42.8589	123.994	133.047	6.60335
404	42.8589	123.851	132.689	7.15926
405	42.8589	124.082	132.667	6.63964
406	42.8496	124.097	132.83 	6.19455
407	42.8496	124.077	132.792	6.41706
408	42.8496	124.028	133.632	7.0813 
409	42.8355	124.042	132.353	7.05631
410	42.8355	124.018	132.25 	7.08284
411	42.8355	123.981	132.143	6.57317
412	42.8355	123.835	135.906	6.78469
413	42.8355	123.999	132.474	6.21751
414	42.8355	123.986	132.814	6.68944
415	42.8355	124.042	132.407	6.85337
416	42.8355	124.045	132.779	6.77965
417	42.8355	124.133	132.65 	6.77579
418	42.8355	124.102	133.077	6.85357
419	42.8355	124.026	132.697	7.00244
420	42.8355	123.986	132.803	6.90219
421	42.8355	123.897	132.6  	7.08814
422	42.8355	124.046	132.55 	5.86904
423	42.8355	124.003	132.794	6.26853
424	42.8355	124.129	132.803	5.69395
425	42.8355	124.249	132.803	5.50523
426	42.8355	124.248	133.355	5.52932
427	42.8355	124.136	132.786	5.83227
428	42.8355	124.12 	133.883	5.98854
429	42.8355	124.136	135.174	6.12811
430	42.8355	124.129	135.174	6.21147
431	42.8355	123.985	133.78 	6.74799
432	42.8355	123.94 	133.78 	6.95921
433	42.8355	124.036	133.599	6.75023
434	42.8355	124.13 	133.693	6.79908
435	42.8355	124.071	133.674	6.59572
436	42.8355	124.058	133.674	6.52892
437	42.8355	124.255	133.217	5.86616
438	42.8355	124.266	133.297	5.83444
439	42.8355	124.228	132.984	5.63378
440	42.8355	124.314	132.959	5.56803
441	42.8355	124.19 	133.1  	5.94814
442	42.8355	124.083	132.841	6.30748
443	42.8355	124.211	132.549	5.17858
444	42.8355	124.164	133.761	5.65339
445	42.8355	124.123	132.974	5.92868
446	42.8355	123.94 	132.65 	6.76356
447	42.8355	123.961	134.085	6.13211
448	42.8355	123.952	133.343	6.40936
449	42.8355	124.004	133.674	6.63824
450	42.8355	124.045	133.461	6.0821 
451	42.8355	123.985	132.05 	6.52072
452	42.8355	124.031	132.705	6.77488
453	42.8355	124.143	133    	6.46602
454	42.8355	124.008	133.09 	7.08906
455	42.8355	123.922	133.124	7.32027
456	42.8355	123.916	133.334	7.06666
457	42.8355	123.902	132.695	7.28288
458	42.8355	123.951	132.695	7.0854 
459	42.8355	124.088	133.331	6.30892
460	42.8355	124.031	135.989	6.34561
461	42.8355	124.051	133.199	6.11811
462	42.8355	124    	134.18 	6.37931
463	42.8355	123.973	133.614	6.70876
464	42.8355	123.974	133.291	6.94368
465	42.8355	124.015	133.124	7.09603
466	42.8355	124.09 	133.008	6.71431
467	42.8355	124.064	133.412	6.7679 
468	42.8355	124.178	133.13 	6.52548
469	42.8355	124.11 	134.34 	7.05777
470	42.8355	124.063	133.388	6.92575
471	42.8355	124.099	133.528	6.25107
472	42.8355	124.059	133.236	6.14906
473	42.8355	123.95 	133.259	6.18437
474	42.8355	123.858	133.698	6.7626 
475	42.8355	123.952	133.786	5.80021
476	42.8355	123.945	133.994	6.14957
477	42.8355	123.673	133.741	6.92399
478	42.8355	123.707	133.547	7.08831
479	42.8355	123.757	136.493	6.93349
480	42.8355	123.805	133.128	6.4619 
481	42.8355	123.783	133.111	6.63086
482	42.8355	123.799	132.89 	7.33476
483	42.8355	123.796	132.813	6.35895
484	42.8355	123.886	133.315	6.12909
485	42.8355	123.82 	133.227	6.07265
486	42.8355	123.844	133.299	6.29656
487	42.8355	123.917	134.138	6.42812
488	42.8355	123.833	133.137	6.43825
489	42.8355	123.814	132.983	6.71575
490	42.8355	123.658	132.648	7.18623
491	42.8355	123.486	132.827	7.59147
492	42.8355	123.378	133.388	8.18175
493	42.8355	123.496	133.502	7.70973
494	42.8355	123.537	133.502	7.20105
495	42.8355	123.805	135.094	6.99035
496	42.8355	123.815	134.122	7.05239
497	42.8355	123.745	134.065	7.05998
498	42.8355	123.74 	133.63 	7.21578
499	42.8355	123.72 	132.967	7.22086
40.78000001
