gen	min     	avg     	max     	std    
0  	-927.924	-914.942	-913.506	1.59229
1  	-927.924	-914.977	-913.349	1.67724
2  	-927.924	-914.947	-913.378	1.65106
3  	-927.924	-915.005	-913.502	1.74196
4  	-931.247	-914.976	-913.485	1.79761
5  	-931.247	-915.016	-913.292	1.87821
6  	-931.247	-914.978	-913.48 	1.80339
7  	-933.19 	-915.047	-913.475	1.9623 
8  	-933.19 	-915.053	-913.482	2.01548
9  	-933.19 	-915.017	-913.065	2.00055
10 	-933.19 	-915.016	-912.864	1.9562 
11 	-933.19 	-914.958	-912.813	1.89294
12 	-933.19 	-914.959	-912.841	1.91335
13 	-933.19 	-915.028	-912.984	2.09274
14 	-933.19 	-915.105	-912.935	2.17534
15 	-933.19 	-915.079	-913.052	2.16577
16 	-933.19 	-915.089	-913.052	2.1142 
17 	-933.19 	-915.045	-913.19 	1.97135
18 	-933.19 	-915.056	-913.177	2.01236
19 	-933.19 	-914.992	-912.645	1.85378
20 	-933.19 	-914.982	-912.395	1.7728 
21 	-934.608	-915.029	-912.395	1.99472
22 	-934.608	-915.033	-912.395	2.0067 
23 	-934.608	-915.001	-912.488	2.04519
24 	-934.608	-914.993	-913.083	2.00387
25 	-934.608	-915.007	-913.177	2.04219
26 	-934.608	-914.929	-913.163	1.72197
27 	-934.608	-914.977	-913.211	1.81936
28 	-934.608	-914.951	-913.369	1.84269
29 	-943.556	-915.004	-913.159	2.13   
30 	-943.556	-915.014	-912.561	2.25313
31 	-943.556	-915.014	-912.561	2.15539
32 	-960.3  	-915.02 	-912.78 	2.57759
33 	-960.3  	-915.085	-912.966	2.9376 
34 	-960.3  	-915.056	-911.29 	2.66392
35 	-960.3  	-915.131	-912.222	3.08763
36 	-960.3  	-915.11 	-912.336	3.10298
37 	-960.3  	-915.122	-912.336	3.2437 
38 	-960.3  	-915.121	-912.601	3.08228
39 	-960.374	-915.129	-912.662	3.2325 
40 	-960.374	-915.102	-913.032	2.67635
41 	-960.374	-915.154	-913.05 	2.85737
42 	-960.485	-915.172	-912.677	3.18392
43 	-960.485	-915.099	-912.863	3.03238
44 	-963.673	-915.06 	-912.701	3.29124
45 	-963.673	-915.099	-912.813	3.22026
46 	-963.673	-915.036	-912.757	2.69282
47 	-963.673	-915.146	-912.85 	3.36312
48 	-963.673	-915.057	-912.842	2.69177
49 	-963.673	-915.074	-912.697	3.08003
50 	-963.673	-915.138	-912.655	3.37545
51 	-963.673	-915.156	-912.713	3.3409 
52 	-963.673	-915.108	-912.854	3.16501
53 	-970.398	-915.218	-911.612	3.79535
54 	-970.398	-915.158	-911.612	3.36936
55 	-970.398	-915.135	-911.615	3.20264
56 	-970.398	-915.053	-912.264	2.83928
57 	-970.398	-915.11 	-912.304	3.03073
58 	-970.398	-915.112	-911.185	3.54265
59 	-970.55 	-915.186	-912.29 	3.63293
60 	-970.55 	-915.216	-912.177	3.88982
61 	-970.55 	-915.076	-912.606	2.99661
62 	-970.55 	-915.099	-912.684	3.4677 
63 	-970.55 	-915.099	-912.619	3.49815
64 	-970.55 	-915.133	-912.258	3.3967 
65 	-970.55 	-915.158	-912.444	3.56255
66 	-970.55 	-915.153	-912.433	3.69493
67 	-970.55 	-915.085	-912.09 	3.23532
68 	-970.55 	-915.079	-912.134	3.53986
69 	-970.55 	-915.093	-910.62 	3.54392
70 	-970.55 	-915.078	-910.62 	3.18382
71 	-970.55 	-915.119	-910.539	3.50818
72 	-970.55 	-915.171	-911.529	3.38185
73 	-971.125	-915.171	-911.574	3.88606
74 	-971.125	-915.223	-911.958	4.06559
75 	-971.125	-915.178	-912.027	3.44252
76 	-971.125	-915.167	-910.886	3.68856
77 	-974.95 	-915.253	-911.942	4.27923
78 	-982.48 	-915.311	-911.938	4.8248 
79 	-982.48 	-915.252	-911.592	4.67382
80 	-982.48 	-915.23 	-911.429	4.45979
81 	-982.48 	-915.248	-911.421	4.64336
82 	-982.48 	-915.166	-911.68 	4.23589
83 	-984.385	-915.243	-911.896	4.35112
84 	-984.385	-915.234	-911.848	4.37666
85 	-984.385	-915.243	-911.848	4.74534
86 	-986.535	-915.279	-911.947	4.81429
87 	-986.535	-915.187	-911.924	4.11791
88 	-986.535	-915.222	-911.018	4.39455
89 	-986.535	-915.322	-911.934	5.16198
90 	-986.535	-915.231	-911.179	4.05882
91 	-986.535	-915.198	-910.612	3.66649
92 	-986.535	-915.111	-911.512	3.4991 
93 	-986.535	-915.113	-911.52 	3.66769
94 	-986.535	-915.176	-911.518	4.25431
95 	-986.535	-915.248	-911.686	4.70607
96 	-986.535	-915.301	-911.786	5.37579
97 	-986.535	-915.429	-909.967	5.89021
98 	-986.535	-915.396	-910.758	5.90309
99 	-986.535	-915.338	-911.876	5.80601
100	-986.535	-915.203	-912.12 	4.72978
101	-986.535	-915.186	-912.221	4.51466
102	-986.535	-915.16 	-911.753	4.34002
103	-986.535	-915.204	-911.754	4.31032
104	-986.535	-915.331	-911.836	4.76024
105	-986.535	-915.322	-910.896	4.22069
106	-986.535	-915.317	-911.543	4.19635
107	-986.535	-915.285	-911.058	4.09374
108	-986.535	-915.102	-911.061	3.35266
109	-986.535	-915.133	-911.159	3.77503
110	-986.535	-915.215	-911.489	4.6252 
111	-988.874	-915.274	-912.074	4.99812
112	-988.874	-915.104	-912.296	4.2435 
113	-988.874	-915.076	-912.341	3.49754
114	-988.874	-915.088	-912.358	4.03748
115	-988.874	-915.188	-910.38 	4.74353
116	-988.874	-915.125	-910.012	3.81399
117	-988.874	-915.128	-910.655	3.47794
118	-990.173	-915.272	-910.62 	4.66296
119	-990.173	-915.263	-911.024	4.57813
120	-990.173	-915.353	-911.053	4.84851
121	-990.439	-915.378	-911.926	5.47894
122	-990.439	-915.292	-911.819	4.96175
123	-990.439	-915.248	-911.909	4.3992 
124	-990.439	-915.252	-911.903	4.46638
125	-990.439	-915.057	-911.67 	3.4625 
126	-990.439	-915.198	-912.209	4.13456
127	-990.439	-915.229	-912.277	4.65728
128	-990.439	-915.236	-912.189	4.71308
129	-990.439	-915.281	-912.189	4.68406
130	-990.439	-915.38 	-912.143	5.22765
131	-990.439	-915.281	-912.155	4.83366
132	-990.439	-915.316	-911.542	4.55241
133	-990.439	-915.403	-911.269	4.84509
134	-990.439	-915.442	-911.23 	5.43998
135	-990.47 	-915.475	-911.662	5.74587
136	-990.47 	-915.4  	-911.673	4.86066
137	-990.47 	-915.433	-912    	4.98874
138	-990.47 	-915.4  	-911.917	5.0696 
139	-990.47 	-915.508	-912.254	5.47901
140	-990.47 	-915.446	-912.156	4.72042
141	-990.47 	-915.455	-911.137	4.80846
142	-990.47 	-915.311	-911.212	3.97587
143	-990.47 	-915.311	-911.212	4.23798
144	-990.47 	-915.312	-911.187	4.49695
145	-990.47 	-915.392	-911.007	5.18292
146	-990.47 	-915.43 	-911.302	5.06701
147	-990.47 	-915.515	-911.245	5.29158
148	-990.47 	-915.497	-911.216	5.40406
149	-990.47 	-915.521	-911.732	5.42928
150	-990.47 	-915.561	-911.509	5.45854
151	-990.47 	-915.469	-910.713	4.87721
152	-990.47 	-915.48 	-910.915	5.07463
153	-990.47 	-915.415	-911.045	4.6014 
154	-990.47 	-915.418	-911.357	4.58697
155	-990.47 	-915.248	-911.421	3.5927 
156	-990.47 	-915.265	-911.433	4.34852
157	-990.47 	-915.274	-908.063	4.10843
158	-990.47 	-915.277	-908.566	4.59793
159	-990.47 	-915.3  	-910.72 	4.85219
160	-990.47 	-915.341	-910.877	5.10454
161	-990.47 	-915.414	-911.05 	5.73133
162	-990.47 	-915.497	-911.445	5.79623
163	-990.47 	-915.521	-911.779	5.76032
164	-990.47 	-915.422	-911.533	5.03259
165	-990.47 	-915.457	-911.533	5.25656
166	-990.47 	-915.402	-911.375	4.65063
167	-990.47 	-915.435	-910.506	4.52211
168	-990.47 	-915.488	-911.156	4.82908
169	-990.47 	-915.431	-910.328	4.80993
170	-990.47 	-915.398	-911.246	4.18257
171	-990.47 	-915.481	-910.711	4.84943
172	-990.47 	-915.498	-910.813	4.99643
173	-990.47 	-915.453	-910.765	4.84749
174	-990.47 	-915.462	-911.125	5.02082
175	-990.47 	-915.476	-911.168	4.71983
176	-990.47 	-915.498	-911.643	4.9462 
177	-990.47 	-915.571	-911.579	5.41348
178	-990.47 	-915.52 	-911.358	5.02686
179	-990.47 	-915.553	-911.398	5.57864
180	-990.47 	-915.509	-911.644	5.02895
181	-990.47 	-915.489	-912.091	5.28274
182	-990.47 	-915.48 	-911.964	5.08441
183	-990.47 	-915.49 	-911.495	5.42549
184	-990.47 	-915.638	-911.495	5.58943
185	-990.47 	-915.617	-911.495	5.69871
186	-990.47 	-915.542	-911.375	5.54313
187	-990.47 	-915.599	-911.596	5.96438
188	-990.47 	-915.552	-910.207	5.37243
189	-990.47 	-915.564	-909.668	5.46095
190	-990.47 	-915.581	-910.502	5.58404
191	-990.47 	-915.536	-911.505	5.30191
192	-990.47 	-915.437	-911.399	4.41264
193	-990.47 	-915.384	-911.582	4.21181
194	-990.47 	-915.43 	-909.861	4.61646
195	-990.47 	-915.371	-911.045	4.52763
196	-990.47 	-915.378	-911.285	4.562  
197	-990.47 	-915.392	-911.362	4.12854
198	-990.47 	-915.377	-911.369	3.88624
199	-990.47 	-915.481	-910.953	4.68104
200	-990.47 	-915.444	-909.55 	4.75642
201	-990.47 	-915.391	-908.797	4.62229
202	-990.47 	-915.412	-910.455	4.70922
203	-990.64 	-915.438	-910.547	4.85091
204	-990.64 	-915.545	-910.572	5.68762
205	-990.64 	-915.594	-910.885	5.8657 
206	-990.64 	-915.578	-909.469	5.65556
207	-990.64 	-915.609	-909.975	5.58266
208	-990.64 	-915.705	-910.126	6.47877
209	-990.64 	-915.566	-910.592	5.59929
210	-990.64 	-915.554	-910.579	4.84864
211	-990.64 	-915.579	-909.778	5.10626
212	-990.64 	-915.46 	-909.428	5.01091
213	-990.64 	-915.427	-909.578	5.29541
214	-990.64 	-915.375	-909.334	4.92897
215	-990.64 	-915.366	-909.492	4.64786
216	-990.64 	-915.377	-909.517	4.95258
217	-990.64 	-915.434	-909.522	5.746  
218	-990.64 	-915.338	-909.701	5.10029
219	-990.64 	-915.381	-909.759	4.58759
220	-990.64 	-915.44 	-909.759	4.99218
221	-990.64 	-915.482	-909.4  	5.13742
222	-990.64 	-915.363	-909.754	4.74411
223	-990.64 	-915.409	-909.407	4.93384
224	-990.64 	-915.528	-909.409	5.6259 
225	-990.64 	-915.446	-910.041	5.04329
226	-990.64 	-915.521	-910.129	5.43832
227	-990.64 	-915.48 	-910.129	5.90029
228	-990.64 	-915.421	-909.239	5.17718
229	-990.64 	-915.41 	-909.53 	5.57355
230	-990.64 	-915.404	-909.514	5.45441
231	-990.64 	-915.493	-909.94 	5.37888
232	-990.64 	-915.439	-909.627	4.9352 
233	-990.64 	-915.412	-910.522	4.71515
234	-990.64 	-915.48 	-910.321	5.12227
235	-990.64 	-915.462	-910.135	4.82578
236	-990.64 	-915.44 	-910.094	4.80206
237	-990.64 	-915.497	-909.699	5.0754 
238	-990.64 	-915.502	-910.378	4.81566
239	-990.64 	-915.335	-910.584	4.09746
240	-990.64 	-915.429	-909.365	4.72132
241	-990.64 	-915.52 	-908.741	5.36355
242	-990.64 	-915.527	-909.812	4.98168
243	-990.64 	-915.546	-909.727	5.44906
244	-990.64 	-915.561	-909.528	5.4413 
245	-992.121	-915.564	-909.106	5.47557
246	-992.121	-915.631	-908.783	5.61317
247	-992.121	-915.604	-908.692	5.24881
248	-992.121	-915.52 	-909.704	4.80883
249	-992.121	-915.558	-909.88 	5.31285
250	-992.121	-915.577	-909.378	5.64641
251	-992.121	-915.511	-909.378	5.61798
252	-992.121	-915.637	-909.647	6.0908 
253	-992.121	-915.763	-909.322	6.71811
254	-992.121	-915.717	-909.947	6.32666
255	-992.121	-915.739	-909.639	6.39057
256	-992.121	-915.719	-909.543	6.18779
257	-992.121	-915.681	-908.322	5.70886
258	-992.121	-915.612	-908.131	5.59294
259	-992.121	-915.608	-909.564	5.53039
260	-992.121	-915.644	-909.578	5.73936
261	-992.121	-915.741	-909.034	6.15803
262	-992.121	-915.715	-909.524	5.71685
263	-992.121	-915.617	-909.747	5.13935
264	-992.121	-915.671	-910.015	5.61849
265	-992.121	-915.628	-909.596	5.36759
266	-992.121	-915.583	-909.596	5.34804
267	-992.121	-915.705	-909.415	5.63936
268	-992.121	-915.806	-909.366	6.39865
269	-992.359	-915.836	-907.494	6.63852
270	-992.359	-915.651	-905.224	5.97506
271	-992.359	-915.591	-907.517	5.52615
272	-992.359	-915.556	-908.709	5.15317
273	-992.359	-915.454	-908.145	4.81535
274	-992.359	-915.443	-909.079	4.50026
275	-992.359	-915.514	-908.611	5.05643
276	-992.359	-915.55 	-908.594	5.63974
277	-992.359	-915.638	-908.714	5.77646
278	-992.359	-915.483	-909.579	4.91627
279	-992.359	-915.605	-908.287	5.31953
280	-992.359	-915.695	-908.623	5.93571
281	-992.359	-915.546	-908.823	5.75487
282	-992.359	-915.636	-908.874	6.07019
283	-992.359	-915.6  	-908.874	5.77679
284	-992.359	-915.664	-909.12 	6.08635
285	-992.359	-915.575	-907.731	5.35607
286	-992.359	-915.602	-909.103	5.7055 
287	-992.359	-915.54 	-909.651	5.13625
288	-992.359	-915.435	-909.422	4.64037
289	-992.359	-915.476	-909.22 	4.56856
290	-992.359	-915.523	-909.157	4.85052
291	-992.359	-915.596	-909.229	5.34911
292	-992.359	-915.529	-909.157	4.98333
293	-992.359	-915.661	-908.701	5.32263
294	-992.359	-915.613	-909.767	5.44813
295	-992.359	-915.748	-909.548	5.91221
296	-992.359	-915.491	-907.992	4.47362
297	-992.359	-915.558	-909.11 	4.94153
298	-992.359	-915.595	-909.731	5.24309
299	-992.359	-915.568	-909.786	5.34819
300	-992.359	-915.613	-909.639	5.20925
301	-992.359	-915.682	-909.444	5.29464
302	-992.359	-915.628	-909.385	4.95265
303	-992.359	-915.663	-909.363	4.84672
304	-992.359	-915.687	-909.322	4.90017
305	-992.359	-915.61 	-909.322	4.49356
306	-992.359	-915.653	-909.459	4.7285 
307	-992.359	-915.846	-909.335	5.66328
308	-992.359	-915.889	-909.008	6.0364 
309	-992.359	-915.936	-909.008	5.69837
310	-992.359	-915.922	-908.958	6.00755
311	-992.359	-915.872	-907.842	5.95201
312	-992.359	-915.898	-907.842	6.34191
313	-992.359	-915.764	-907.627	5.65938
314	-992.359	-915.795	-908.38 	5.94777
315	-992.359	-915.69 	-906.399	5.74739
316	-992.359	-915.704	-906.743	5.74685
317	-992.359	-915.678	-906.739	5.74771
318	-992.359	-915.603	-907.153	5.30008
319	-992.359	-915.743	-907.133	6.11919
320	-992.359	-915.809	-907.874	6.27323
321	-992.359	-915.756	-907.874	5.56261
322	-992.359	-915.806	-907.415	6.03397
323	-992.359	-915.821	-907.524	5.8626 
324	-992.359	-915.931	-904.548	6.69865
325	-992.359	-915.921	-906.229	6.52202
326	-992.359	-915.919	-907.484	6.71476
327	-992.359	-915.898	-907.267	6.73499
328	-992.359	-915.927	-907.032	6.42129
329	-992.359	-915.946	-907.532	6.60688
330	-992.359	-915.816	-907.327	5.99257
331	-992.359	-915.686	-907.227	5.23811
332	-992.359	-915.761	-907.052	5.69746
333	-992.359	-915.854	-907.39 	6.1507 
334	-992.359	-915.85 	-907.578	5.87044
335	-992.359	-915.921	-907.753	5.90015
336	-992.359	-915.913	-907.782	5.79746
337	-992.359	-915.836	-906.662	5.92161
338	-992.359	-915.729	-904.537	5.55425
339	-992.359	-915.822	-905.757	6.09486
340	-992.359	-915.841	-905.968	6.1606 
341	-992.359	-915.831	-906.258	5.8985 
342	-992.359	-915.867	-907.581	6.26812
343	-992.359	-915.973	-907.922	6.50091
344	-992.359	-915.941	-907.965	6.48098
345	-992.359	-915.836	-908.013	6.47014
346	-992.359	-915.843	-905.998	6.23095
347	-992.359	-915.915	-906.984	6.41114
348	-992.359	-915.819	-907.235	5.67185
349	-992.359	-915.845	-907.237	6.06589
350	-992.359	-915.886	-907.569	6.22292
351	-992.359	-915.933	-908.397	6.46444
352	-992.526	-915.873	-908.089	6.44326
353	-992.526	-915.837	-908.186	6.47514
354	-992.526	-915.842	-908.269	6.5741 
355	-992.526	-915.802	-908.431	5.85193
356	-992.526	-915.956	-908.288	6.45451
357	-992.526	-915.84 	-908.502	6.20588
358	-992.752	-915.736	-907.671	6.1187 
359	-992.752	-915.718	-907.245	6.22599
360	-992.752	-915.708	-906.931	6.33739
361	-992.752	-915.831	-906.931	7.02617
362	-992.752	-915.754	-908.669	6.60944
363	-992.752	-915.647	-906.608	6.4371 
364	-992.752	-915.702	-907.855	6.16383
365	-992.752	-915.578	-906.175	5.35079
366	-992.752	-915.62 	-906.313	5.77578
367	-992.794	-915.691	-906.472	5.95357
368	-992.794	-915.712	-906.497	6.14819
369	-992.794	-915.742	-905.605	6.4958 
370	-992.794	-915.717	-906.572	6.51067
371	-992.794	-915.796	-906.848	6.68941
372	-992.794	-915.925	-905.988	6.72547
373	-992.794	-915.872	-906.88 	6.34148
374	-992.794	-915.925	-906.88 	6.40188
375	-992.794	-915.879	-906.194	6.16431
376	-992.794	-915.881	-906.722	5.92281
377	-992.794	-915.774	-907.399	5.77437
378	-992.794	-915.863	-906.57 	6.03549
379	-992.794	-915.878	-904.191	6.27655
380	-992.794	-915.824	-905.337	5.64648
381	-992.794	-915.856	-906.629	6.06574
382	-992.794	-915.976	-906.24 	6.40642
383	-992.794	-916.006	-905.63 	6.91675
384	-992.794	-915.922	-905.714	6.41914
385	-992.794	-915.854	-905.714	6.44733
386	-992.794	-915.942	-905.526	6.40514
387	-992.794	-915.963	-904.506	6.41381
388	-992.794	-915.945	-905.503	6.76816
389	-992.794	-915.943	-905.463	6.20767
390	-992.794	-915.967	-905.637	5.99645
391	-992.794	-915.994	-905.637	6.48329
392	-992.794	-915.958	-905.251	6.45516
393	-992.794	-915.977	-905.564	6.67073
394	-992.794	-915.991	-905.499	6.67347
395	-992.794	-916.055	-905.757	6.73079
396	-992.794	-915.935	-905.757	6.25065
397	-992.794	-915.886	-905.717	5.85685
398	-992.794	-915.912	-906.138	6.10994
399	-992.794	-915.926	-906.247	6.21091
400	-992.794	-915.842	-906.308	5.37038
401	-992.794	-915.869	-906.275	5.69494
402	-992.794	-915.88 	-906.708	6.17787
403	-992.794	-915.875	-902.5  	5.79234
404	-992.794	-915.851	-902.333	6.15084
405	-992.794	-915.874	-906.258	6.18608
406	-992.794	-915.89 	-906.286	5.71917
407	-992.794	-915.898	-906.366	5.87238
408	-992.794	-915.954	-906.351	6.25696
409	-992.794	-915.852	-906.201	6.33236
410	-992.794	-915.95 	-906.455	6.65412
411	-992.794	-916.043	-906.453	7.03872
412	-992.794	-916.156	-906.484	7.36941
413	-992.794	-916.156	-903.639	7.00575
414	-992.794	-916.19 	-902.339	7.10523
415	-992.794	-916.022	-906.024	6.42864
416	-992.794	-915.929	-906.024	5.71982
417	-992.794	-915.944	-905.233	6.28342
418	-992.794	-916.061	-906.726	6.76515
419	-992.794	-916.117	-906.961	7.20081
420	-992.794	-916.011	-906.843	7.1012 
421	-992.794	-916.162	-906.971	7.47101
422	-992.794	-915.99 	-906.2  	6.27992
423	-992.794	-915.773	-906.369	5.22271
424	-992.794	-915.943	-904.54 	6.11879
425	-992.794	-915.842	-905.994	5.46218
426	-992.794	-916.041	-904.982	6.40103
427	-992.794	-915.981	-903.958	6.0412 
428	-992.794	-916.086	-904.958	6.72808
429	-992.794	-916.068	-905.18 	6.56379
430	-992.794	-916.165	-903.087	6.38787
431	-992.794	-916.056	-905.523	5.8513 
432	-992.794	-915.952	-905.691	5.40349
433	-992.794	-916.004	-906.142	5.94247
434	-992.794	-916.025	-905.439	5.85552
435	-992.794	-916.113	-906.142	6.09659
436	-992.794	-916.104	-907.337	6.4686 
437	-992.794	-916.054	-907.323	6.0153 
438	-992.794	-916.13 	-906.679	6.40067
439	-992.794	-916.097	-906.753	6.59899
440	-992.794	-916.201	-906.771	7.11613
441	-992.794	-916.227	-907.189	7.34003
442	-992.794	-916.154	-907.044	7.20265
443	-992.794	-916.146	-906.718	7.29076
444	-992.794	-916.303	-905.307	7.38473
445	-992.794	-916.287	-904.308	7.21025
446	-992.794	-916.433	-905.77 	7.35495
447	-992.794	-916.389	-902.606	7.05457
448	-992.794	-916.247	-906.749	6.40129
449	-992.794	-916.119	-906.749	5.87596
450	-992.794	-916.167	-906.737	6.24958
451	-992.794	-916.146	-905.708	6.85519
452	-992.794	-916.196	-905.633	6.74906
453	-992.794	-916.201	-905.633	6.64736
454	-992.794	-916.233	-905.633	6.28818
455	-992.794	-916.142	-905.581	6.37265
456	-992.794	-916.095	-906.509	5.99569
457	-992.794	-916.139	-906.655	6.5287 
458	-992.794	-916.186	-906.798	7.14865
459	-992.841	-916.278	-905.254	7.32707
460	-992.841	-916.277	-906.065	6.9206 
461	-992.841	-916.437	-906.319	7.4108 
462	-992.841	-916.384	-906.339	7.40163
463	-992.841	-916.356	-907.419	7.24902
464	-992.841	-916.365	-902.609	7.20097
465	-992.841	-916.268	-904.355	7.02306
466	-992.841	-916.35 	-905.708	7.24408
467	-992.841	-916.416	-906.585	7.28139
468	-992.841	-916.549	-907.188	7.60368
469	-992.841	-916.505	-907.047	7.57893
470	-992.841	-916.328	-906.563	7.26197
471	-992.841	-916.307	-906.544	7.23921
472	-992.841	-916.333	-906.01 	7.20273
473	-992.841	-916.459	-906.375	7.55303
474	-992.841	-916.426	-906.257	7.29247
475	-992.841	-916.256	-906.897	6.57965
476	-992.841	-916.316	-904.486	7.02042
477	-992.841	-916.29 	-902.469	7.14098
478	-992.841	-916.15 	-905.165	6.33836
479	-992.841	-915.969	-905.871	5.45574
480	-992.841	-916.18 	-905.958	6.58862
481	-992.841	-916.212	-906.559	6.57279
482	-992.841	-916.325	-906.662	6.63216
483	-992.841	-916.434	-906.54 	6.85829
484	-992.841	-916.457	-906.446	6.86984
485	-992.841	-916.34 	-906.443	6.40848
486	-993.062	-916.327	-906.337	6.5786 
487	-993.062	-916.384	-904.832	6.18971
488	-993.062	-916.349	-906.417	6.42595
489	-993.062	-916.331	-906.37 	6.81769
490	-993.062	-916.355	-906.373	6.80883
491	-993.062	-916.265	-904.175	6.2966 
492	-993.062	-916.429	-906.214	7.09455
493	-993.062	-916.471	-905.927	7.39349
494	-993.062	-916.41 	-904.147	7.12396
495	-993.062	-916.425	-905.392	7.3304 
496	-993.955	-916.484	-906.292	7.47703
497	-993.955	-916.635	-906.678	7.86493
498	-993.955	-916.52 	-905.422	7.51666
499	-993.955	-916.465	-905.353	7.41929
-999.99999999
