gen	min     	avg     	max     	std    
0  	-928.765	-915.181	-913.518	1.91237
1  	-928.854	-915.056	-913.522	1.81605
2  	-931.857	-915.081	-913.524	1.84836
3  	-931.857	-915.137	-913.495	1.91621
4  	-931.857	-915.106	-913.496	1.93648
5  	-942.204	-915.106	-913.513	2.06461
6  	-942.204	-915.06 	-913.504	1.94632
7  	-942.204	-915.013	-913.522	2.10215
8  	-942.204	-915.065	-913.484	2.18493
9  	-942.204	-915.1  	-913.184	2.15356
10 	-942.204	-915.098	-913.402	2.20056
11 	-942.204	-915.113	-913.495	2.16901
12 	-942.204	-915.137	-913.492	2.22079
13 	-942.204	-915.094	-913.433	2.1761 
14 	-942.204	-915.082	-913.468	2.0323 
15 	-942.204	-915.144	-913.462	2.29414
16 	-942.204	-915.082	-913.196	2.22684
17 	-942.204	-915.047	-912.951	2.10985
18 	-942.204	-915.009	-913.313	1.90481
19 	-942.204	-914.984	-913.327	1.81589
20 	-942.204	-915.022	-913.073	1.83923
21 	-942.204	-915.046	-912.505	2.01227
22 	-942.204	-915.067	-912.73 	1.96741
23 	-942.204	-915.167	-912.73 	2.23025
24 	-942.204	-915.264	-912.551	2.49025
25 	-942.204	-915.26 	-912.973	2.47984
26 	-942.204	-915.304	-912.96 	2.6138 
27 	-942.204	-915.235	-912.57 	2.41946
28 	-942.204	-915.175	-912.95 	2.30177
29 	-942.204	-915.103	-913.017	2.30444
30 	-942.204	-915.071	-913.016	2.14578
31 	-942.204	-915.067	-913.016	2.1139 
32 	-942.204	-915.048	-913.243	2.26781
33 	-942.204	-915.066	-913.125	2.06208
34 	-942.204	-915.056	-913.164	1.96116
35 	-942.204	-915.085	-913.084	2.23617
36 	-942.204	-915.128	-912.433	2.35161
37 	-942.204	-915.053	-912.894	2.21702
38 	-942.204	-915.071	-913.024	2.08012
39 	-942.204	-915.079	-912.025	2.12682
40 	-942.204	-915.082	-912.999	2.08396
41 	-942.204	-915.028	-912.96 	2.037  
42 	-942.204	-915.005	-912.981	1.94637
43 	-942.204	-914.994	-913.118	1.97984
44 	-942.204	-914.975	-913.141	2.01247
45 	-942.204	-914.994	-913.16 	2.02831
46 	-942.204	-914.985	-912.965	2.06834
47 	-947.966	-915.023	-913.02 	2.24228
48 	-947.966	-914.98 	-913.166	2.20713
49 	-956.504	-914.996	-913.136	2.54511
50 	-956.504	-915.005	-912.907	2.46983
51 	-956.504	-914.964	-912.56 	2.19275
52 	-956.504	-914.95 	-912.556	2.21449
53 	-956.504	-914.985	-912.729	2.40436
54 	-956.504	-915.058	-912.765	2.72757
55 	-970.314	-915.069	-911.591	3.03249
56 	-970.314	-915.158	-912.596	3.29489
57 	-970.314	-915.077	-913.118	2.93568
58 	-970.314	-915.108	-912.868	3.33835
59 	-970.314	-914.987	-912.749	2.99468
60 	-970.314	-914.995	-912.79 	3.07915
61 	-970.314	-914.928	-912.838	2.46681
62 	-970.314	-914.958	-912.777	3.12568
63 	-970.314	-914.959	-912.41 	2.61323
64 	-970.314	-914.925	-912.726	2.53178
65 	-970.314	-915.017	-912.791	2.7434 
66 	-970.314	-915.042	-911.391	2.79149
67 	-970.314	-915.074	-911.804	3.27145
68 	-970.314	-915.008	-911.843	2.90219
69 	-970.314	-915.049	-911.708	3.42428
70 	-970.314	-915.049	-910.605	3.15563
71 	-970.314	-915.048	-912.107	3.18548
72 	-970.314	-915.005	-912.107	2.84602
73 	-970.314	-914.972	-912.037	2.60899
74 	-970.314	-914.966	-912.062	2.69105
75 	-970.314	-915.024	-912.062	2.72456
76 	-970.741	-915.086	-911.743	3.29483
77 	-970.741	-915.019	-912.184	2.75954
78 	-972.028	-914.982	-911.959	3.20324
79 	-972.028	-914.995	-912.288	3.25265
80 	-972.028	-915.066	-909.664	3.7313 
81 	-972.028	-915.127	-911.709	4.20009
82 	-972.028	-915.089	-911.439	3.62467
83 	-972.028	-915.103	-912.597	3.46657
84 	-982.434	-915.096	-912.606	3.59016
85 	-982.434	-915.089	-912.347	4.0269 
86 	-982.434	-915.046	-912.147	3.75512
87 	-982.434	-915.011	-912.51 	4.15025
88 	-982.434	-914.966	-911.934	3.38313
89 	-982.434	-914.993	-912.433	3.28899
90 	-982.434	-914.971	-912.062	3.15067
91 	-982.434	-914.947	-912.482	2.96699
92 	-982.434	-914.946	-912.656	3.07329
93 	-982.434	-914.951	-912.785	2.98102
94 	-982.434	-914.997	-912.598	3.23441
95 	-982.434	-915.048	-912.596	3.85844
96 	-982.434	-915.043	-912.404	3.9047 
97 	-982.434	-915.049	-912.237	3.91365
98 	-982.434	-915.01 	-911.184	3.8289 
99 	-982.434	-914.934	-911.184	2.98049
100	-982.434	-914.983	-911.585	3.74652
101	-982.434	-914.972	-911.89 	3.72512
102	-984.987	-914.981	-911.871	3.82481
103	-984.987	-914.95 	-911.469	3.13618
104	-984.987	-914.971	-910.809	3.87101
105	-984.987	-915.025	-910.698	4.13043
106	-984.987	-915.044	-910.698	3.88287
107	-984.987	-914.981	-910.996	3.81229
108	-984.987	-914.964	-911.281	3.62257
109	-984.987	-914.875	-911.341	3.07202
110	-990.357	-914.994	-912.439	4.07367
111	-990.357	-915.092	-911.753	4.75861
112	-990.44 	-915.139	-905.991	5.34307
113	-990.44 	-914.96 	-911.596	3.97945
114	-990.44 	-915.012	-911.429	3.9438 
115	-990.44 	-915.018	-911.385	4.21461
116	-990.44 	-915.085	-911.111	4.60658
117	-990.44 	-915.037	-911.697	4.389  
118	-990.44 	-914.922	-911.796	3.68296
119	-990.44 	-914.773	-911.177	3.1051 
120	-990.44 	-914.837	-911.851	3.75813
121	-990.44 	-914.839	-911.851	3.27203
122	-990.44 	-914.833	-911.851	3.17626
123	-990.44 	-914.885	-912.289	4.0228 
124	-990.44 	-914.948	-909.198	4.3247 
125	-990.44 	-914.98 	-911.891	4.29886
126	-990.44 	-914.892	-911.841	3.31967
127	-990.44 	-914.997	-911.891	4.07808
128	-990.44 	-914.903	-911.891	3.1651 
129	-990.44 	-914.963	-911.703	3.27832
130	-990.44 	-915.032	-911.03 	3.73942
131	-990.44 	-915.053	-911.738	4.16594
132	-990.44 	-914.976	-911.466	3.57768
133	-990.44 	-915.02 	-911.287	3.9757 
134	-990.44 	-915.046	-911.746	3.90294
135	-990.44 	-914.87 	-911.746	3.22967
136	-990.44 	-914.996	-911.745	4.19592
137	-990.44 	-915.081	-912.047	4.93668
138	-990.44 	-914.938	-912.047	3.68573
139	-990.44 	-914.976	-912.047	3.84317
140	-990.44 	-914.909	-912.098	3.81234
141	-990.44 	-914.827	-911.887	3.17424
142	-990.44 	-914.904	-912.094	3.90272
143	-990.44 	-914.879	-911.913	3.91587
144	-990.44 	-914.854	-911.625	3.29381
145	-990.44 	-914.964	-911.893	4.21703
146	-990.44 	-914.803	-910.795	3.21279
147	-990.44 	-914.784	-908.944	3.17444
148	-990.44 	-914.778	-910.459	3.60903
149	-990.44 	-914.726	-910.647	3.18506
150	-990.44 	-914.787	-907.983	4.16396
151	-990.44 	-914.891	-910.537	4.92624
152	-990.44 	-914.891	-911.111	5.16707
153	-990.836	-914.88 	-911.27 	4.96513
154	-990.836	-914.775	-911.537	4.20413
155	-990.954	-914.759	-911.411	4.12403
156	-990.954	-914.834	-911.591	4.17245
157	-990.954	-914.883	-911.768	4.81381
158	-990.954	-914.952	-911.713	5.07554
159	-990.954	-914.806	-911.713	3.8458 
160	-990.954	-914.895	-911.72 	4.57528
161	-990.954	-914.906	-911.72 	4.00194
162	-990.954	-914.783	-911.656	3.63026
163	-990.954	-914.806	-911.821	4.20712
164	-990.954	-914.672	-911.966	3.12936
165	-990.954	-914.721	-911.91 	4.06343
166	-990.954	-914.782	-911.794	4.10051
167	-990.954	-914.697	-911.108	3.09938
168	-990.954	-914.74 	-910.19 	3.25733
169	-990.954	-914.775	-910.528	3.26987
170	-990.954	-914.883	-911.392	4.29636
171	-990.954	-914.973	-911.385	4.96302
172	-990.954	-914.88 	-911.52 	4.15104
173	-990.954	-914.861	-910.525	3.82765
174	-990.954	-914.778	-910.661	3.42496
175	-990.954	-914.821	-910.633	4.22574
176	-990.954	-914.912	-910.451	4.58258
177	-990.954	-914.864	-910.464	3.89877
178	-990.954	-914.952	-910.446	4.64884
179	-990.954	-915.033	-910.912	5.32002
180	-990.954	-914.975	-911.283	5.388  
181	-990.954	-914.762	-911.346	3.16077
182	-991.716	-914.823	-911.569	4.1494 
183	-991.716	-914.816	-910.59 	3.39585
184	-991.716	-914.819	-911.387	4.21433
185	-991.716	-914.917	-911.409	4.70852
186	-991.716	-915.015	-911.69 	5.43924
187	-991.716	-914.885	-910.368	4.50074
188	-991.716	-914.804	-911.218	3.43095
189	-991.716	-914.804	-911.742	3.91003
190	-991.716	-914.768	-911.527	3.71539
191	-991.716	-914.832	-909.524	4.58896
192	-991.716	-914.935	-910.943	5.18491
193	-991.716	-914.852	-910.765	4.79391
194	-991.716	-914.848	-910.553	4.78042
195	-991.716	-914.878	-910.553	4.0886 
196	-991.716	-914.917	-910.421	4.49746
197	-991.716	-914.818	-911.374	4.00576
198	-991.716	-914.824	-909.538	4.1003 
199	-991.716	-914.869	-910.903	4.6599 
200	-991.716	-914.798	-911.366	3.75773
201	-991.716	-914.846	-911.414	4.15127
202	-991.716	-914.731	-911.421	3.35399
203	-991.716	-914.781	-910.384	4.05624
204	-991.716	-914.762	-910.335	3.5617 
205	-991.716	-914.788	-910.61 	4.17954
206	-991.716	-914.847	-910.693	4.2548 
207	-991.716	-914.659	-910.723	3.25494
208	-991.716	-914.771	-910.893	4.23859
209	-991.716	-914.723	-910.646	3.50289
210	-991.716	-914.687	-910.791	3.35584
211	-991.716	-914.773	-910.765	4.08095
212	-992.922	-914.849	-910.571	4.80645
213	-992.922	-914.758	-910.763	3.45525
214	-992.922	-914.719	-910.723	3.36142
215	-992.922	-914.78 	-910.956	4.36187
216	-992.922	-914.654	-910.956	3.2354 
217	-992.922	-914.74 	-911.048	4.2311 
218	-992.922	-914.787	-911.328	4.28112
219	-992.922	-914.75 	-910.695	3.71039
220	-992.922	-914.769	-911.299	3.98473
221	-992.922	-914.745	-911.402	3.50981
222	-992.922	-914.851	-911.379	4.52474
223	-992.922	-914.913	-911.17 	5.07741
224	-992.922	-914.874	-911.172	5.14678
225	-993.126	-914.891	-911.428	5.16915
226	-993.126	-914.729	-911.386	4.25795
227	-993.126	-914.632	-910.455	3.3423 
228	-993.126	-914.686	-911.607	3.49586
229	-993.126	-914.756	-911.305	3.86749
230	-993.126	-914.747	-911.267	4.07254
231	-993.126	-914.787	-909.419	4.45203
232	-993.126	-914.654	-910.881	3.65314
233	-993.126	-914.768	-910.984	4.5598 
234	-993.126	-914.917	-910.602	4.97153
235	-993.126	-914.822	-910.733	4.66351
236	-993.126	-914.812	-910.66 	4.11027
237	-993.126	-914.823	-911.441	4.37816
238	-993.126	-914.758	-911.214	4.33746
239	-993.126	-914.707	-911.322	4.29502
240	-993.126	-914.686	-911.165	4.03324
241	-993.126	-914.675	-911.165	4.00689
242	-993.126	-914.788	-911.011	4.8511 
243	-993.126	-914.765	-911.011	4.55739
244	-993.126	-914.71 	-911.13 	4.07122
245	-993.126	-914.606	-911.267	3.26523
246	-993.126	-914.607	-911.267	3.34718
247	-993.126	-914.626	-910.141	4.21516
248	-993.126	-914.745	-910.141	5.08671
249	-993.126	-914.754	-909.9  	5.48644
250	-993.126	-914.886	-909.92 	6.22485
251	-993.407	-914.925	-910.736	6.04647
252	-993.407	-914.831	-910.407	4.59854
253	-993.407	-914.7  	-910.71 	4.06447
254	-993.407	-914.741	-910.285	4.50353
255	-993.407	-914.67 	-910.677	3.90086
256	-993.407	-914.77 	-910.756	4.67652
257	-993.407	-914.748	-910.609	4.9308 
258	-993.407	-914.768	-910.182	4.70768
259	-993.407	-914.816	-910.145	4.8568 
260	-993.407	-914.765	-910.496	4.32549
261	-993.407	-914.615	-910.591	3.31718
262	-995.195	-914.665	-910.409	4.32345
263	-995.195	-914.621	-910.511	3.84617
264	-995.195	-914.591	-910.092	3.42065
265	-995.195	-914.604	-910.205	3.73362
266	-995.909	-914.643	-910.192	4.57019
267	-995.909	-914.59 	-910.013	3.87567
268	-995.909	-914.566	-909.339	4.38086
269	-995.909	-914.532	-908.965	4.17804
270	-995.909	-914.565	-909.234	4.1534 
271	-995.909	-914.484	-909.481	3.32437
272	-995.909	-914.504	-909.485	3.46054
273	-995.909	-914.481	-910.137	3.3247 
274	-995.909	-914.62 	-910.565	4.4317 
275	-995.909	-914.727	-910.638	4.91426
276	-995.909	-914.665	-910.276	3.50232
277	-995.909	-914.74 	-910.6  	4.26131
278	-995.909	-914.803	-908.574	4.91097
279	-995.909	-914.665	-909.023	4.33791
280	-995.909	-914.524	-910.383	3.61662
281	-995.909	-914.558	-909.204	3.56967
282	-995.909	-914.613	-910.03 	4.467  
283	-995.909	-914.609	-910.102	4.45479
284	-995.909	-914.645	-910.11 	4.84937
285	-995.909	-914.697	-909.259	5.35378
286	-995.909	-914.796	-909.191	5.43201
287	-995.909	-914.578	-908.341	3.67843
288	-995.909	-914.745	-909.261	4.7386 
289	-995.909	-914.647	-908.964	4.23636
290	-995.909	-914.64 	-909.159	4.49564
291	-995.909	-914.662	-909.655	4.17206
292	-995.909	-914.718	-909.839	4.32177
293	-995.909	-914.597	-909.989	3.65594
294	-995.909	-914.704	-909.399	4.61549
295	-995.909	-914.645	-909.548	4.75955
296	-995.909	-914.641	-909.384	4.57442
297	-995.909	-914.673	-909.605	4.69053
298	-995.909	-914.713	-909.928	5.13973
299	-995.909	-914.635	-910.04 	4.01203
300	-995.909	-914.763	-909.746	5.11851
301	-995.909	-914.578	-910.005	3.93077
302	-995.909	-914.596	-910.156	3.9985 
303	-995.909	-914.5  	-910.042	3.49762
304	-995.909	-914.508	-910.15 	3.47643
305	-995.909	-914.491	-907.441	3.49811
306	-995.909	-914.504	-909.191	3.53623
307	-995.909	-914.632	-909.708	4.5997 
308	-995.909	-914.59 	-908.645	4.54068
309	-995.909	-914.59 	-908.645	4.14196
310	-995.909	-914.506	-908.892	3.58941
311	-995.972	-914.539	-908.892	4.56445
312	-995.972	-914.597	-909.532	5.10768
313	-995.972	-914.615	-909.949	5.4301 
314	-996.094	-914.525	-910.095	4.53662
315	-996.094	-914.508	-910.014	4.49434
316	-996.094	-914.581	-909.932	4.97417
317	-996.094	-914.663	-910.12 	5.30684
318	-996.094	-914.603	-905.508	4.7941 
319	-996.094	-914.639	-909.203	5.30101
320	-996.094	-914.51 	-910.151	4.4345 
321	-996.094	-914.441	-910.217	4.05805
322	-996.094	-914.493	-910.189	4.49983
323	-996.094	-914.529	-910.27 	4.07793
324	-996.094	-914.642	-910.128	4.97079
325	-996.094	-914.613	-907.707	4.21845
326	-996.094	-914.803	-907.902	5.765  
327	-996.408	-914.743	-909.57 	5.11418
328	-996.408	-914.732	-909.667	5.13875
329	-996.408	-914.636	-909.244	4.06884
330	-996.408	-914.574	-909.176	3.76734
331	-996.408	-914.53 	-908.134	3.64295
332	-996.408	-914.501	-908.867	3.84193
333	-996.408	-914.591	-908.893	4.60153
334	-996.408	-914.644	-908.893	5.33593
335	-996.532	-914.64 	-909.227	5.36394
336	-996.532	-914.583	-909.229	4.59881
337	-996.532	-914.604	-908.605	5.39465
338	-996.532	-914.726	-909.087	5.54149
339	-996.532	-914.511	-909.087	3.92173
340	-996.532	-914.643	-909.456	4.74375
341	-996.532	-914.591	-909.718	4.35887
342	-996.532	-914.516	-909.642	4.62463
343	-996.532	-914.615	-909.717	5.48816
344	-996.532	-914.695	-909.512	5.93762
345	-996.532	-914.597	-909.473	5.06662
346	-996.532	-914.526	-909.547	4.22357
347	-996.532	-914.62 	-909.051	4.95447
348	-996.532	-914.435	-908.248	4.48514
349	-996.532	-914.319	-907.461	3.45731
350	-996.532	-914.35 	-907.72 	3.94772
351	-996.532	-914.246	-907.851	3.38776
352	-996.532	-914.375	-907.74 	4.3301 
353	-996.532	-914.37 	-907.471	4.55701
354	-996.532	-914.483	-907.669	5.33559
355	-996.532	-914.534	-907.652	5.40807
356	-996.532	-914.57 	-907.909	5.35419
357	-996.532	-914.445	-908.258	4.39762
358	-996.532	-914.559	-908.459	5.25978
359	-996.532	-914.492	-908.121	4.60129
360	-996.532	-914.433	-908.004	3.65086
361	-996.532	-914.438	-908.266	4.5436 
362	-996.532	-914.44 	-908.054	4.50762
363	-996.532	-914.498	-907.653	4.53644
364	-996.532	-914.505	-908.903	4.71232
365	-996.532	-914.511	-909.252	4.67809
366	-996.532	-914.491	-909.113	4.61095
367	-996.532	-914.472	-909.18 	4.22072
368	-996.532	-914.538	-908.922	5.10145
369	-996.532	-914.444	-908.855	4.21101
370	-996.532	-914.468	-909.138	3.63811
371	-996.532	-914.512	-909.353	4.57873
372	-996.532	-914.4  	-909.074	3.57585
373	-996.532	-914.558	-909.313	4.3834 
374	-996.532	-914.438	-909.606	3.60175
375	-996.532	-914.472	-909.591	3.65963
376	-996.532	-914.438	-909.002	3.5922 
377	-996.532	-914.486	-909.595	4.42953
378	-996.532	-914.532	-909.568	4.82437
379	-996.532	-914.569	-909.572	5.24125
380	-996.532	-914.51 	-909.52 	5.06743
381	-996.532	-914.572	-909.587	5.41736
382	-996.532	-914.584	-905.85 	5.81253
383	-996.532	-914.476	-907.751	5.25993
384	-996.532	-914.529	-908.66 	5.82289
385	-996.532	-914.407	-908.845	4.97732
386	-996.532	-914.497	-908.548	5.68656
387	-996.532	-914.253	-908.707	3.47801
388	-996.532	-914.301	-909.04 	4.11352
389	-996.532	-914.375	-909.685	4.49703
390	-996.532	-914.33 	-909.609	3.85992
391	-996.532	-914.397	-909.812	4.57558
392	-996.532	-914.475	-909.902	5.24076
393	-996.532	-914.404	-906.446	4.84494
394	-996.532	-914.359	-906.182	4.7505 
395	-996.532	-914.403	-906.584	4.93156
396	-996.532	-914.499	-908.286	4.80997
397	-996.532	-914.442	-907.94 	4.58761
398	-996.532	-914.522	-907.94 	4.71628
399	-996.532	-914.479	-907.922	4.20725
400	-996.532	-914.523	-907.904	4.76326
401	-996.532	-914.466	-908.319	4.83681
402	-996.532	-914.352	-908.428	4.61983
403	-996.532	-914.487	-908.428	5.38192
404	-996.809	-914.481	-908.367	5.35409
405	-996.809	-914.468	-908.724	5.32826
406	-996.809	-914.341	-908.859	4.43743
407	-996.809	-914.434	-909.089	5.28985
408	-996.809	-914.502	-908.482	5.61467
409	-996.809	-914.469	-908.482	4.84003
410	-996.809	-914.32 	-908.482	3.96977
411	-996.809	-914.43 	-903.909	4.23163
412	-996.809	-914.358	-905.889	4.29602
413	-996.809	-914.301	-907.014	4.18939
414	-996.809	-914.356	-907.406	4.67894
415	-996.809	-914.41 	-907.422	4.9688 
416	-996.809	-914.337	-907.418	4.56406
417	-996.809	-914.467	-906.654	5.73105
418	-996.809	-914.409	-906.518	5.38737
419	-996.809	-914.42 	-907.088	5.40838
420	-996.809	-914.294	-907.382	4.4254 
421	-996.809	-914.387	-907.345	4.5576 
422	-997.051	-914.355	-907.297	4.70711
423	-997.051	-914.224	-907.354	3.69556
424	-997.051	-914.272	-907.828	3.75501
425	-997.051	-914.229	-905.772	3.72257
426	-997.051	-914.313	-907.533	4.56744
427	-997.051	-914.342	-907.547	4.96899
428	-997.051	-914.324	-905.767	4.19698
429	-997.051	-914.204	-906.442	3.76523
430	-997.051	-914.168	-907.431	3.6155 
431	-997.051	-914.208	-907.8  	3.69955
432	-997.051	-914.136	-908.307	3.68021
433	-997.051	-914.126	-908.017	3.69571
434	-997.051	-914.292	-908.017	4.9707 
435	-997.051	-914.307	-908.017	5.81255
436	-997.051	-914.253	-908.056	5.46086
437	-997.051	-914.22 	-908.034	5.22934
438	-997.051	-914.224	-908.034	5.06498
439	-997.051	-914.275	-907.757	4.9951 
440	-997.051	-914.221	-908.588	4.65381
441	-997.051	-914.17 	-908.632	4.45057
442	-997.051	-914.301	-908.494	4.91741
443	-997.051	-914.133	-906.539	3.73956
444	-997.051	-914.129	-908.466	3.67427
445	-997.051	-914.042	-907.328	3.57246
446	-997.051	-914.098	-908.164	4.41404
447	-997.051	-914.182	-908.293	5.26217
448	-997.051	-914.269	-907.691	5.40937
449	-997.051	-914.313	-908.613	5.49783
450	-997.051	-914.389	-908.473	6.24321
451	-997.051	-914.548	-908.436	6.6766 
452	-997.051	-914.499	-908.463	5.99378
453	-997.051	-914.384	-906.961	5.88381
454	-997.051	-914.233	-907.8  	4.54218
455	-997.051	-914.248	-907.917	4.88273
456	-997.051	-914.218	-908.072	4.70557
457	-997.051	-914.181	-908.222	4.11569
458	-997.051	-914.17 	-908.222	4.55207
459	-997.051	-914.33 	-907.045	5.05403
460	-997.051	-914.263	-907.695	4.78226
461	-997.051	-914.253	-908.076	4.48838
462	-997.051	-914.355	-908.025	4.91132
463	-997.051	-914.207	-908.025	3.93292
464	-997.051	-914.187	-906.493	3.90207
465	-997.051	-914.191	-908.191	4.56005
466	-997.051	-914.213	-908.281	4.66536
467	-997.051	-914.094	-908.374	3.77766
468	-997.051	-914.266	-908.432	5.01454
469	-997.051	-914.209	-908.434	4.84773
470	-997.051	-914.211	-908.48 	4.5239 
471	-997.051	-914.257	-907.664	5.1299 
472	-997.051	-914.153	-908.202	4.50427
473	-997.051	-914.125	-908.308	4.27877
474	-997.051	-914.163	-908.295	4.81105
475	-997.547	-914.352	-906.489	5.5854 
476	-997.547	-914.276	-906.928	5.39494
477	-997.547	-914.204	-908.242	4.47518
478	-997.547	-914.221	-908.48 	4.47703
479	-997.547	-914.243	-908.398	5.31717
480	-997.547	-914.186	-908.425	4.24194
481	-997.547	-914.298	-908.484	5.06957
482	-997.547	-914.364	-904.717	5.27672
483	-997.547	-914.405	-907.252	5.65246
484	-997.547	-914.241	-907.252	4.48356
485	-997.547	-914.134	-907.528	3.86669
486	-997.547	-914.234	-907.499	4.77242
487	-997.547	-914.273	-907.594	5.02546
488	-997.547	-914.206	-907.699	4.45055
489	-997.547	-914.189	-907.893	4.40759
490	-997.547	-914.205	-905.807	4.83592
491	-997.644	-914.286	-906.461	5.67489
492	-997.644	-914.158	-907.399	4.85695
493	-997.644	-914.194	-906.396	4.66848
494	-997.644	-914.225	-907.412	4.55751
495	-997.644	-914.213	-907.407	4.98702
496	-997.644	-914.205	-907.458	5.17396
497	-997.644	-914.168	-905.699	4.90032
498	-997.644	-914.32 	-906.95 	5.72012
499	-997.644	-914.127	-906.762	3.81393
-999.99999999
