gen	min   	avg    	max    	std    
0  	11.035	22.1427	40.6806	5.30345
1  	11.035	21.9774	38.652 	5.29173
2  	10.026	22.2521	42.0401	5.4276 
3  	10.026	22.2607	41.3922	5.31035
4  	10.026	22.4053	40.474 	5.26184
5  	10.026	21.9689	38.9782	5.41644
6  	10.026	22.1362	42.9983	5.35653
7  	9.87558	22.3262	39.904 	5.32784
8  	9.87558	22.174 	39.904 	5.01312
9  	9.87558	22.1187	37.9233	5.0554 
10 	9.87558	22.2174	40.7263	5.25566
11 	9.87558	22.1265	39.24  	5.20773
12 	9.87558	22.0699	37.7   	5.2863 
13 	9.87558	22.2171	39.8517	5.16459
14 	9.87558	22.5416	40.8161	5.23537
15 	9.87558	22.4342	41.0156	5.43737
16 	9.87558	22.459 	41.0156	5.29675
17 	9.77908	22.0506	42.3067	5.25865
18 	9.77908	22.0447	40.3136	5.25916
19 	9.77908	22.1397	43.0507	5.27264
20 	9.77908	22.0051	39.832 	5.11015
21 	9.77908	22.3426	37.5893	4.90743
22 	9.77908	22.5336	40.5712	5.27067
23 	9.77908	22.2962	42.8834	5.35057
24 	9.77908	22.2118	39.4196	5.29197
25 	9.77908	22.391 	39.6367	5.39594
26 	9.77908	22.7364	39.1421	5.29157
27 	9.77908	22.4481	38.867 	5.16243
28 	9.77908	22.4257	38.2476	5.15784
29 	9.77908	22.5977	40.456 	5.24891
30 	9.77908	22.4341	41.6649	5.3041 
31 	9.77908	22.2032	38.7143	5.23141
32 	9.77908	22.5105	40.0228	5.2182 
33 	9.65001	22.5611	40.0228	5.43394
34 	9.65001	22.5304	41.7479	5.37333
35 	9.65001	22.6067	39.349 	5.36679
36 	9.65001	22.5157	39.654 	5.29155
37 	9.65001	22.2226	39.0583	5.23834
38 	9.65001	22.4072	42.6935	5.33996
39 	9.65001	22.554 	38.0263	5.32939
40 	8.74687	22.6339	39.0038	5.4552 
41 	8.74687	22.422 	40.6617	5.48865
42 	8.74687	22.6159	41.2576	5.57757
43 	8.74687	22.2489	40.3157	5.45054
44 	8.74687	22.0647	39.309 	5.23161
45 	8.74687	22.347 	39.309 	5.25027
46 	8.74687	22.2226	43.0566	5.47272
47 	8.74687	22.2989	39.2849	5.31973
48 	8.74687	22.2059	38.4993	5.38552
49 	8.74687	22.3701	40.7208	5.3625 
50 	8.74687	22.4352	39.9184	5.28459
51 	8.74687	22.4768	40.1923	5.34912
52 	8.74687	22.4507	38.4579	5.14942
53 	8.74687	22.3884	42.4558	5.39019
54 	8.74687	22.348 	40.6944	5.56538
55 	8.74687	22.5044	40.301 	5.28878
56 	8.74687	22.6316	38.7054	5.27838
57 	8.74687	21.8611	40.0691	5.05209
58 	8.74687	22.2048	40.0691	5.26604
59 	8.74687	22.3821	40.0691	5.4123 
60 	8.74687	22.4434	40.1608	5.35031
61 	8.74687	22.5182	41.3506	4.9776 
62 	8.74687	22.5944	41.3506	5.36078
63 	8.74687	22.509 	41.3506	5.38737
64 	8.74687	22.4067	41.154 	5.41175
65 	8.74687	22.2811	38.2061	5.03378
66 	8.74687	22.5672	41.4894	5.32843
67 	8.74687	22.5868	39.9833	5.42451
68 	8.74687	22.2983	40.6284	5.27231
69 	8.74687	22.416 	38.2964	5.43822
70 	8.74687	22.1936	40.2054	5.2259 
71 	8.74687	22.1076	38.8034	5.24732
72 	8.74687	22.4261	38.9881	5.37443
73 	8.74687	22.549 	41.995 	5.39875
74 	8.74687	22.5478	38.2809	5.24991
75 	8.74687	22.4455	38.998 	5.57895
76 	8.74687	22.2113	41.1152	5.40646
77 	8.74687	22.8305	40.2088	5.30833
78 	8.74687	22.047 	40.9158	5.24079
79 	8.74687	22.0958	40.9061	5.31848
80 	8.74687	22.3084	39.1413	5.1359 
81 	8.74687	22.373 	40.0592	5.27031
82 	8.74687	22.3986	41.9463	5.30109
83 	8.74687	22.6885	39.7091	5.36365
84 	8.74687	22.5744	41.5183	5.38148
85 	8.74687	22.3515	45.0771	5.35798
86 	8.74687	22.4804	40.0274	5.3186 
87 	8.74687	22.5198	40.9937	5.29273
88 	8.74687	22.6555	43.9319	5.49503
89 	8.74687	22.4371	38.4799	5.29286
90 	8.74687	22.6965	40.2667	5.58565
91 	8.74687	22.3988	40.9113	5.54425
92 	8.74687	22.6404	39.5606	5.18341
93 	8.74687	22.2908	39.0689	5.02532
94 	8.74687	22.1822	38.2532	5.13913
95 	8.74687	22.5835	40.0687	5.34022
96 	8.74687	22.5335	39.7086	5.37764
97 	8.74687	22.7359	39.9801	5.45575
98 	8.74687	22.5583	40.9011	5.35652
99 	8.74687	22.6684	38.7958	5.20778
100	8.74687	22.611 	38.9809	5.36511
101	8.74687	22.7494	40.4297	5.25076
102	8.74687	22.6401	40.2951	5.20602
103	8.74687	22.6943	42.1393	5.43279
104	8.74687	22.5505	40.5424	5.45467
105	8.74687	22.5744	39.9339	5.47563
106	8.74687	22.4946	40.6038	5.33408
107	8.74687	22.3185	39.2206	5.30343
108	8.74687	22.673 	42.0363	5.44636
109	8.74687	22.4774	40.7821	5.52236
110	8.74687	22.7087	40.5231	5.33325
111	8.74687	22.4385	39.2396	5.40805
112	8.74687	22.2765	37.9158	5.1981 
113	8.74687	22.3311	41.629 	5.21333
114	8.74687	22.1765	37.4001	5.30061
115	8.74687	22.5724	39.7295	5.39547
116	8.74687	22.7243	39.7799	5.2948 
117	8.74687	22.4333	39.9885	5.15652
118	8.74687	22.4841	38.9147	5.18886
119	8.74687	22.4762	39.4354	5.01562
120	8.74687	22.5038	40.7676	5.4852 
121	8.74687	22.2144	39.7117	5.24149
122	8.74687	22.5328	40.6673	5.1147 
123	8.74687	22.4631	40.2676	5.09203
124	8.74687	22.7202	38.1004	5.28725
125	8.74687	22.8874	40.3021	5.63959
126	8.74687	22.6327	40.3021	5.40347
127	8.74687	22.389 	40.6371	5.39911
128	8.74687	22.6007	38.8934	5.26887
129	8.74687	22.6654	39.6982	5.35071
130	8.74687	22.3303	38.0119	5.34996
131	8.74687	22.8031	39.0774	5.45652
132	8.74687	22.8313	41.9378	5.3866 
133	8.74687	23.2445	41.4461	5.6985 
134	8.74687	22.6471	40.3249	5.18161
135	8.74687	22.8048	40.3249	5.49314
136	8.74687	22.827 	38.7441	5.17542
137	8.74687	22.6296	38.7277	5.30082
138	8.74687	22.9482	40.9089	5.53971
139	8.74687	22.7763	41.5731	5.45688
140	8.74687	22.6826	39.8111	5.41873
141	8.74687	22.5464	39.5263	5.34762
142	8.74687	22.6604	39.4856	5.23762
143	8.74687	22.6617	39.7712	5.43107
144	8.74687	22.5683	42.1848	5.4721 
145	8.74687	22.6814	38.3243	5.22176
146	8.74687	22.8115	39.8966	5.39482
147	8.74687	22.6818	38.6715	5.26536
148	8.74687	22.8711	41.8282	5.44304
149	8.74687	22.6528	41.1365	5.27018
150	8.74687	22.1656	37.4764	5.02398
151	8.74687	22.6995	40.1751	5.42022
152	8.74687	22.0194	37.2908	5.00536
153	8.74687	22.6926	41.3935	5.32356
154	8.74687	22.4688	41.3935	5.49333
155	8.74687	22.4295	40.5006	5.30176
156	8.74687	22.7461	40.1281	5.38357
157	8.74687	22.4077	39.0315	5.24128
158	8.74687	22.5178	39.0102	5.35313
159	8.74687	22.4124	42.3   	5.53967
160	8.74687	22.7259	40.8336	5.57961
161	8.74687	22.5761	39.4431	5.39489
162	8.74687	22.7093	38.6641	5.31457
163	8.74687	22.8976	43.7298	5.49709
164	8.74687	22.7834	47.6731	5.80697
165	8.74687	22.4735	43.8572	5.35594
166	8.74687	22.2417	42.2851	5.17947
167	8.74687	22.7088	40.3219	5.20626
168	8.74687	22.5779	40.423 	5.30063
169	8.74687	22.5441	39.3606	5.22488
170	8.74687	22.8272	41.0369	5.22804
171	8.74687	22.5525	38.1351	5.1655 
172	8.74687	22.8678	41.6844	5.28699
173	8.74687	22.7589	39.3329	5.28746
174	8.74687	22.715 	41.9446	5.46432
175	8.74687	22.8283	45.1282	5.67125
176	8.74687	22.907 	42.0188	5.5578 
177	8.74687	22.6302	41.375 	5.42968
178	8.74687	22.6234	44.769 	5.52573
179	8.74687	22.646 	40.6947	5.37174
180	8.74687	22.3282	39.0412	5.29914
181	8.74687	22.8105	40.7826	5.50973
182	8.74687	22.4352	39.8631	5.27799
183	8.74687	22.9111	41.1363	5.22348
184	8.74687	22.5674	38.8283	5.1427 
185	8.74687	22.8695	43.3569	5.51646
186	8.74687	22.76  	38.2909	5.3259 
187	8.74687	22.7737	44.5152	5.45628
188	8.74687	22.6917	40.1808	5.34599
189	8.74687	22.8001	38.0597	5.45724
190	8.74687	22.9531	38.4807	5.34207
191	8.74687	22.687 	39.2473	5.15793
192	8.74687	22.7886	41.2398	5.36777
193	8.74687	22.5977	39.2052	5.29454
194	8.74687	22.7271	39.8968	5.35043
195	8.74687	22.7141	39.8968	5.28043
196	8.74687	23.0229	41.4975	5.57389
197	8.74687	22.9316	43.3954	5.37588
198	8.74687	22.955 	43.6586	5.43978
199	8.74687	22.8806	40.5772	5.37208
200	8.74687	22.8458	40.6683	5.39776
201	8.74687	23.147 	39.7329	5.6204 
202	8.74687	22.8917	40.1833	5.36432
203	8.74687	22.6749	37.1392	5.21568
204	8.74687	22.6435	40.3481	5.29308
205	8.74687	22.7357	41.6455	5.07208
206	8.74687	22.9226	46.5464	5.27475
207	8.74687	22.8036	42.8016	5.12965
208	8.74687	22.9175	39.782 	5.54676
209	8.74687	23.2181	41.7448	5.78728
210	8.74687	22.8033	40.848 	5.36147
211	8.74687	22.6968	40.8525	5.43016
212	8.74687	23.0705	37.9875	5.27991
213	8.74687	23.2915	41.6493	5.71034
214	8.74687	22.9827	41.6493	5.70862
215	8.74687	22.7866	41.4289	5.51701
216	8.74687	22.8111	40.3946	5.47159
217	8.74687	22.8476	40.8592	5.42238
218	8.74687	23.2089	43.3582	5.53134
219	8.74687	23.1464	40.3015	5.52469
220	8.74687	22.9   	41.1549	5.42253
221	8.74687	23.0453	42.9265	5.33771
222	8.74687	22.8908	40.3627	5.45165
223	8.74687	23.1994	42.6315	5.42615
224	8.74687	23.2008	41.4354	5.36515
225	8.74687	23.3817	40.0093	5.3154 
226	8.74687	23.1394	40.6298	5.33964
227	8.74687	22.571 	41.0835	5.41768
228	8.74687	23.091 	43.9098	5.53096
229	8.74687	23.2171	45.766 	5.62286
230	8.74687	22.9102	45.0205	5.48708
231	8.74687	23.0232	41.0053	5.5158 
232	8.74687	23.3377	41.4994	5.7493 
233	8.74687	22.9526	39.8445	5.75959
234	8.74687	22.8423	44.6018	5.70456
235	8.74687	23.041 	42.7271	5.6729 
236	8.74687	23.2116	39.9849	5.65842
237	8.74687	23.3163	45.024 	5.60326
238	8.74687	23.1813	42.9519	5.47826
239	8.74687	22.9273	41.3746	5.42677
240	8.74687	23.0482	38.6682	5.46258
241	8.74687	23.07  	40.7353	5.4423 
242	8.74687	22.6267	43.7923	5.59655
243	8.74687	23.0312	42.0621	5.22871
244	8.74687	23.2245	40.3831	5.28657
245	8.74687	22.9518	44.5189	5.67162
246	8.74687	23.1287	38.8065	5.24559
247	8.74687	23.3001	42.0199	5.39838
248	8.74687	23.1484	42.056 	5.55933
249	8.74687	22.929 	43.4491	5.46784
250	8.74687	22.9314	41.3138	5.45052
251	8.74687	23.069 	40.2958	5.61182
252	8.74687	22.8541	46.2912	5.58591
253	8.74687	23.1404	43.2454	5.46171
254	8.74687	23.2025	43.3658	5.4954 
255	8.74687	23.0582	41.7241	5.52421
256	8.74687	23.7128	44.7876	5.66414
257	8.74687	23.1837	41.548 	5.51377
258	8.74687	23.4686	45.3966	5.66743
259	8.74687	23.1142	45.3966	5.65635
260	8.74687	23.2769	45.3966	5.83398
261	8.74687	22.9883	40.6254	5.53381
262	8.74687	22.9573	43.9461	5.83234
263	8.74687	22.8941	40.1628	5.58103
264	8.74687	23.3426	41.9179	5.67192
265	8.74687	23.207 	41.9179	5.57131
266	8.74687	23.1476	42.4377	5.77684
267	8.74687	23.108 	40.3211	5.45645
268	8.74687	23.1747	42.4024	5.75149
269	8.74687	23.4143	41.9946	5.66667
270	8.74687	23.4715	43.9094	5.68246
271	8.74687	22.8759	43.4575	5.50487
272	8.74687	23.1824	42.0545	5.79732
273	8.74687	23.1503	41.3177	5.46393
274	8.74687	23.1808	42.8864	5.55595
275	8.74687	23.7549	41.0221	5.62301
276	8.74687	23.4868	43.5542	5.76952
277	8.74687	23.1214	43.6931	5.56035
278	8.74687	23.0967	40.9539	5.60055
279	8.74687	23.1976	40.9409	5.53518
280	8.74687	23.2098	42.6878	5.62017
281	8.74687	23.2439	42.9632	5.61294
282	8.74687	23.0773	42.9632	5.39577
283	8.74687	23.3072	42.0123	5.56924
284	8.74687	23.0065	42.1592	5.46206
285	8.74687	23.296 	46.888 	5.57539
286	8.74687	23.2521	45.7861	5.48459
287	8.74687	23.206 	45.7861	5.40226
288	8.74687	23.5258	41.7439	5.71699
289	8.74687	23.5497	41.0447	5.83511
290	8.74687	23.3272	40.1204	5.54007
291	8.74687	23.0714	44.0814	5.44755
292	8.74687	23.2171	41.9696	5.51134
293	8.74687	23.3494	40.426 	5.35646
294	8.74687	23.7015	43.3041	5.53509
295	8.74687	23.1161	40.426 	5.50656
296	8.74687	23.3942	39.497 	5.61511
297	8.74687	23.2518	41.4901	5.53887
298	8.74687	23.513 	40.2983	5.50988
299	8.74687	23.4711	41.268 	5.49764
300	8.74687	23.4296	41.0607	5.56456
301	8.74687	23.0365	40.8753	5.45003
302	8.74687	23.07  	42.4586	5.60924
303	8.74687	23.306 	45.3136	5.67781
304	8.74687	23.082 	44.5934	5.52744
305	8.74687	23.3215	41.1089	5.48428
306	8.74687	23.4272	41.7165	5.60029
307	8.74687	23.4689	42.4787	5.49037
308	8.74687	23.4318	43.6599	5.46301
309	8.74687	23.591 	42.9337	5.68416
310	8.74687	23.2107	42.5752	5.52472
311	8.74687	23.5992	43.0939	5.79283
312	8.74687	23.5922	43.1025	5.77319
313	8.74687	23.3369	41.913 	5.5555 
314	8.74687	23.3676	42.1753	5.71408
315	8.74687	23.0937	42.3948	5.76026
316	8.74687	23.1564	41.2105	5.64603
317	8.74687	23.3457	43.5745	5.64824
318	8.74687	23.3035	43.5745	5.64316
319	8.74687	23.1949	40.4853	5.43342
320	8.74687	23.1037	40.6751	5.47709
321	8.74687	23.3813	41.2985	5.45996
322	8.74687	23.3358	41.0859	5.45376
323	8.74687	23.1825	39.796 	5.59175
324	8.74687	23.1569	44.4733	5.47925
325	8.74687	23.2947	41.4679	5.53749
326	8.74687	23.2568	44.0648	5.39665
327	8.74687	23.2028	39.7146	5.53876
328	8.74687	23.519 	45.3544	5.52709
329	8.74687	23.2783	42.0755	5.63114
330	8.74687	23.1413	43.3657	5.72768
331	8.74687	23.3942	43.4044	5.52935
332	8.74687	23.5268	43.4044	5.71704
333	8.74687	23.2361	42.6509	5.69117
334	8.74687	23.476 	45.536 	5.76467
335	8.74687	23.4566	40.1307	5.45014
336	8.74687	23.6061	47.3378	5.56027
337	8.74687	23.2445	46.3109	5.62949
338	8.74687	23.3279	44.5092	5.66973
339	8.74687	23.008 	40.9954	5.67948
340	8.74687	23.475 	42.611 	5.68381
341	8.74687	23.4033	43.1468	5.51518
342	8.74687	23.233 	40.5182	5.48003
343	8.74687	23.5297	40.2002	5.48545
344	8.74687	23.4823	44.6241	5.59697
345	8.74687	23.7721	44.6241	5.65782
346	8.74687	23.6621	41.7488	5.5673 
347	8.74687	23.2146	45.1415	5.56367
348	8.74687	23.2746	42.4558	5.57824
349	8.74687	23.0626	39.7812	5.51538
350	8.74687	23.4475	43.4765	5.56911
351	8.74687	23.1804	41.1038	5.32948
352	8.74687	23.3938	41.0523	5.63636
353	8.74687	23.1483	44.4353	5.52337
354	8.74687	23.5323	40.5671	5.51832
355	8.74687	23.5782	41.2665	5.7677 
356	8.74687	23.2019	40.6392	5.41632
357	8.74687	23.1304	42.2322	5.52183
358	8.74687	23.4499	45.7791	5.71526
359	8.74687	23.3085	43.3316	5.5826 
360	8.74687	23.1037	42.0397	5.25614
361	8.74687	23.4491	42.0397	5.50774
362	8.74687	23.2525	39.6253	5.56798
363	8.74687	23.6279	41.5   	5.68816
364	8.74687	23.4249	43.2896	5.41101
365	8.74687	23.4407	43.315 	5.5085 
366	8.74687	23.5663	42.949 	5.50206
367	8.74687	23.513 	41.8985	5.73834
368	8.74687	23.2983	43.1056	5.57529
369	8.74687	23.6332	45.0057	5.89448
370	8.74687	23.4666	45.0057	5.71753
371	8.74687	23.7314	46.3232	5.6874 
372	8.74687	23.5455	45.363 	5.70874
373	8.74687	23.3279	41.8015	5.6277 
374	8.74687	22.989 	43.7065	5.72076
375	8.74687	23.6088	43.7065	5.8643 
376	8.74687	23.0927	43.251 	5.57599
377	8.74687	23.5876	42.1599	5.66621
378	8.74687	23.3954	42.9035	5.71677
379	8.74687	23.7592	44.6623	5.64054
380	8.74687	23.5386	43.1176	5.60915
381	8.74687	23.4095	42.5573	5.66995
382	8.74687	23.2637	43.0373	5.62634
383	8.74687	23.2827	41.9819	5.63485
384	8.74687	23.7166	40.9526	5.54087
385	8.74687	23.3573	45.9089	5.66671
386	8.74687	23.3973	41.9916	5.51473
387	8.74687	23.5184	41.4754	5.48575
388	8.74687	23.73  	44.2732	5.64203
389	8.74687	23.6885	44.4077	6.15775
390	8.74687	23.4334	44.8939	5.81263
391	8.74687	23.7698	44.1468	5.57078
392	8.74687	23.5517	43.3843	5.42217
393	8.74687	23.4245	41.643 	5.33653
394	8.74687	23.3718	39.4582	5.41485
395	8.74687	23.2395	40.8596	5.45712
396	8.74687	23.4667	39.3445	5.46532
397	8.74687	23.3744	40.0112	5.27976
398	8.74687	23.7346	40.2021	5.73222
399	8.74687	23.5391	41.3254	5.54549
400	8.74687	23.3434	41.1678	5.60254
401	8.74687	23.4034	45.7677	5.6581 
402	8.74687	23.9607	44.5473	5.77276
403	8.74687	23.4914	42.1543	5.69978
404	8.74687	23.5688	42.3065	5.60811
405	8.74687	23.3288	38.4638	5.29935
406	8.74687	23.3486	42.1633	5.59299
407	8.74687	23.2879	40.0481	5.39819
408	8.74687	23.4268	41.4588	5.57033
409	8.74687	23.4144	41.0015	5.76727
410	8.74687	23.5731	43.5496	5.64668
411	8.74687	23.4848	45.8837	5.77586
412	8.74687	23.4799	44.9549	5.9411 
413	8.74687	23.7409	44.5997	5.99341
414	8.74687	23.8998	46.9503	5.86892
415	8.74687	23.7361	46.9503	5.90654
416	8.74687	23.6677	47.7266	5.85983
417	8.74687	23.5646	42.8955	5.52492
418	8.74687	23.391 	42.9903	5.68332
419	8.74687	23.5198	42.9218	5.90807
420	8.74687	23.5098	44.4164	5.66139
421	8.74687	23.6162	42.4854	5.62505
422	8.74687	23.4845	41.2021	5.79041
423	8.74687	23.5292	48.3572	5.81048
424	8.74687	23.561 	44.7727	5.8506 
425	8.74687	23.4009	42.2046	5.76552
426	8.74687	23.464 	42.7051	5.76912
427	8.74687	23.8646	42.7051	5.67053
428	8.74687	23.6361	42.7051	5.81635
429	8.74687	23.6584	44.1865	5.73066
430	8.74687	23.6239	45.6847	5.52003
431	8.74687	23.9106	45.8096	5.57546
432	8.74687	23.5679	41.7921	5.54106
433	8.74687	23.5725	43.9723	5.77678
434	8.74687	23.4881	41.0948	5.70452
435	8.74687	23.7256	41.6885	5.77407
436	8.74687	23.664 	41.4648	5.51341
437	8.74687	23.6926	45.9157	5.65679
438	8.74687	23.3797	45.9157	5.70613
439	8.74687	23.4241	43.3866	5.6351 
440	8.74687	23.4759	43.6755	5.7574 
441	8.74687	23.6365	43.5198	5.70831
442	8.74687	23.8017	43.6636	5.71401
443	8.74687	23.5987	44.7581	5.68041
444	8.74687	23.4502	50.0271	5.70953
445	8.74687	23.7179	42.7507	5.96478
446	8.74687	23.3966	44.9445	5.77453
447	8.74687	23.6595	53.6447	5.93555
448	8.74687	23.7815	46.4829	5.89548
449	8.74687	23.5831	43.8635	6.0225 
450	8.74687	23.7974	41.0405	5.78255
451	8.74687	23.6033	42.9784	5.613  
452	8.74687	23.866 	43.7149	5.82597
453	8.74687	23.5303	42.2887	5.76735
454	8.74687	23.6767	41.5481	5.65439
455	8.74687	23.7521	46.0894	5.69905
456	8.74687	23.5742	46.6176	5.93633
457	8.74687	23.6937	47.2017	6.06148
458	8.74687	23.7315	47.2017	5.88464
459	8.74687	23.7918	45.0528	5.70319
460	8.74687	23.4635	41.929 	5.55113
461	8.74687	23.5568	43.7269	5.79248
462	8.74687	23.5034	41.0812	5.7784 
463	8.74687	23.5184	42.2257	5.8707 
464	8.74687	23.8503	46.3312	6.02051
465	8.74687	23.7825	43.5215	5.76203
466	8.74687	23.8898	43.5215	5.80665
467	8.74687	23.923 	46.0151	5.77026
468	8.74687	23.8478	42.5659	5.80529
469	8.74687	23.7184	43.1731	5.74506
470	8.74687	23.4678	43.1731	5.63283
471	8.74687	23.2682	43.4005	5.7014 
472	8.74687	23.4671	41.3572	5.67725
473	8.74687	24.1623	42.31  	5.58206
474	8.74687	23.5018	42.31  	5.71224
475	8.74687	23.6238	42.31  	5.8995 
476	8.74687	23.5179	40.7817	5.53892
477	8.74687	23.8005	43.3601	6.06616
478	8.74687	23.7037	44.5284	5.83766
479	8.74687	23.7524	44.5339	5.89175
480	8.74687	23.6601	43.4804	5.69135
481	8.74687	23.6007	49.7952	5.7462 
482	8.74687	23.5603	41.2347	5.71696
483	8.74687	23.6754	45.3021	5.85705
484	8.74687	23.5107	44.7343	5.88247
485	8.74687	23.6098	44.7343	5.66495
486	8.74687	23.8601	42.5875	5.5842 
487	8.74687	23.7616	42.943 	5.66538
488	8.74687	23.6964	45.3894	5.7277 
489	8.74687	23.8601	41.6211	5.82189
490	8.74687	23.8241	43.3753	5.7679 
491	8.74687	23.8387	41.7009	5.74427
492	8.74687	23.6054	43.738 	5.99387
493	8.74687	23.6785	43.9483	5.92813
494	8.74687	23.7987	46.3518	5.68845
495	8.74687	23.6224	45.5212	5.8927 
496	8.74687	23.7527	45.3769	5.96129
497	8.74687	23.8044	43.4493	5.94175
498	8.74687	23.7952	44.6371	5.63877
499	8.74687	23.7466	46.1985	5.78989
6.87000001
