gen	min    	avg    	max    	std    
0  	9.94631	22.4014	43.5015	5.27042
1  	9.94631	22.1499	43.433 	5.35676
2  	9.94631	22.4438	38.7087	5.36367
3  	9.94631	22.4229	40.413 	5.427  
4  	9.94631	22.1455	37.2309	5.28755
5  	9.94631	22.328 	41.0168	5.22878
6  	9.94631	22.0281	38.9066	5.27234
7  	9.94631	22.2334	39.8912	5.25555
8  	9.94631	22.212 	39.546 	5.23223
9  	9.94631	22.3939	42.4522	5.32472
10 	9.94631	22.0907	38.1236	5.25124
11 	9.94631	22.3247	41.7294	5.41532
12 	9.94631	22.4186	42.083 	5.42873
13 	9.94631	22.3722	42.083 	5.28989
14 	9.94631	22.2593	41.2896	5.34408
15 	9.94631	22.0061	39.5701	5.25566
16 	9.94631	22.2324	40.8073	5.30784
17 	9.94631	22.6952	42.1896	5.33555
18 	9.94631	22.2387	41.4851	5.15103
19 	9.94631	21.8842	37.6335	5.15033
20 	9.94631	22.3003	37.764 	5.3351 
21 	9.94631	22.2716	38.3649	5.351  
22 	9.94631	22.1328	41.2387	5.54207
23 	9.94631	22.2174	40.4901	5.40263
24 	9.94631	22.2224	43.6564	5.3908 
25 	9.94631	22.2129	39.5117	5.3297 
26 	9.86907	22.1898	39.0143	5.21905
27 	9.86907	22.2214	40.1284	5.34403
28 	9.86907	22.3795	41.8154	5.58808
29 	9.86907	22.0498	40.3174	5.23218
30 	9.86907	22.0685	36.9328	5.29926
31 	9.86907	22.5961	38.8251	5.30255
32 	9.86907	22.3897	38.8251	5.09087
33 	9.86907	22.2443	42.8784	5.41211
34 	9.86907	22.0622	38.0393	5.11751
35 	9.86907	22.2107	35.714 	5.09085
36 	9.86907	22.3691	38.6806	5.38134
37 	9.6624 	22.3067	41.0697	5.17756
38 	9.6624 	22.3056	40.0423	5.19711
39 	9.6624 	22.6738	39.2656	5.4663 
40 	9.6624 	22.4997	42.3859	5.28271
41 	9.6624 	22.5805	41.8086	5.42935
42 	9.6624 	22.0823	39.2848	5.24081
43 	9.6624 	22.3637	40.9036	5.19171
44 	9.6624 	22.3642	39.369 	5.09479
45 	9.6624 	22.5496	42.3819	5.63051
46 	9.6624 	22.5439	39.4158	5.45257
47 	9.6624 	22.4102	41.9087	5.43676
48 	9.6624 	22.3044	39.9547	5.283  
49 	9.6624 	22.1816	39.9547	5.33878
50 	9.6624 	22.0192	38.5793	5.1413 
51 	9.6624 	22.1659	40.7118	5.01898
52 	9.6624 	22.1679	37.9011	5.1019 
53 	9.6624 	22.2733	38.3943	5.20449
54 	9.6624 	22.3489	41.4238	5.21008
55 	9.6624 	22.138 	40.6569	5.25751
56 	9.6624 	22.1827	38.8111	5.33819
57 	9.6624 	22.306 	42.2589	5.36865
58 	9.6624 	22.0111	36.8049	5.18895
59 	9.6624 	22.2073	38.7394	5.20046
60 	9.6624 	22.4257	40.0288	5.28412
61 	9.6624 	22.817 	38.6558	5.42061
62 	9.6624 	22.377 	42.7698	5.37573
63 	9.6624 	22.417 	42.3264	5.33161
64 	9.6624 	22.274 	39.8539	5.29298
65 	9.6624 	22.483 	41.4449	5.35598
66 	9.6624 	22.1221	41.4526	5.08012
67 	9.6624 	22.2343	37.6957	5.00677
68 	9.6624 	22.4537	39.2645	5.20425
69 	9.6624 	22.4612	41.8855	5.38848
70 	9.6624 	22.4856	41.149 	5.44113
71 	9.6624 	22.416 	41.149 	5.40557
72 	9.6624 	21.9755	38.0296	5.20202
73 	9.6624 	22.8215	42.36  	5.41091
74 	9.6624 	22.7567	42.36  	5.42293
75 	9.6624 	22.4133	40.5694	5.41306
76 	9.6624 	22.4549	39.3743	5.31895
77 	9.6624 	22.4616	40.5433	5.72548
78 	9.6624 	22.237 	39.4536	5.2206 
79 	9.6624 	22.6953	40.2603	5.18846
80 	9.6624 	22.5417	40.2603	5.34593
81 	9.47289	22.2337	43.2473	5.48341
82 	9.47289	22.536 	42.0457	5.41323
83 	9.16012	22.3253	41.3815	5.19669
84 	9.16012	22.0704	40.2181	5.30357
85 	9.16012	22.4831	40.2181	5.40875
86 	9.16012	22.5975	40.2181	5.4895 
87 	9.16012	22.6191	41.2303	5.53629
88 	9.16012	22.4371	39.0542	5.40237
89 	9.16012	22.5211	41.1215	5.59137
90 	9.16012	22.4724	41.1215	5.27621
91 	9.16012	22.2187	40.9168	5.22699
92 	9.16012	22.258 	39.6066	5.19989
93 	9.16012	22.5773	39.5599	5.21278
94 	9.16012	22.9295	44.3769	5.61091
95 	9.16012	22.7267	39.6651	5.30841
96 	9.16012	22.4125	40.9403	5.30524
97 	9.16012	22.2   	38.4837	5.25288
98 	9.16012	22.712 	37.8382	5.36252
99 	9.16012	22.5556	39.7525	5.18357
100	9.16012	22.2824	39.7525	5.32821
101	9.16012	22.2346	38.4065	5.08627
102	9.16012	22.6722	38.8632	5.29688
103	9.16012	22.4019	39.0275	5.25467
104	9.16012	22.491 	38.1634	5.28461
105	9.16012	22.5886	38.5783	5.40559
106	9.16012	22.4997	38.8542	5.43746
107	9.16012	22.5548	40.752 	5.29088
108	9.16012	22.9966	39.26  	5.36178
109	9.16012	22.5137	42.821 	5.37019
110	9.16012	22.1604	39.26  	5.16692
111	9.16012	22.4402	40.2468	5.31069
112	9.16012	22.3598	40.1582	5.26186
113	9.16012	22.234 	40.1582	5.12963
114	9.16012	22.2895	39.574 	5.29405
115	9.16012	22.2821	40.814 	5.25524
116	9.16012	22.5498	38.9648	5.17368
117	9.16012	22.3495	41.6402	5.31707
118	9.16012	22.56  	42.1881	5.41492
119	9.16012	22.3434	40.9158	5.23898
120	9.16012	22.503 	40.9158	5.02783
121	9.16012	22.4764	39.6767	5.24931
122	9.16012	22.5686	41.1204	5.47792
123	9.16012	22.5895	40.0848	5.41622
124	9.16012	22.5862	38.9437	5.21618
125	9.16012	22.4178	41.4293	5.20199
126	9.16012	22.7398	44.4873	5.53639
127	9.16012	22.3812	38.3931	5.36412
128	9.16012	23.31  	42.906 	5.93108
129	9.16012	22.9891	41.5699	5.69744
130	9.16012	22.7915	41.4663	5.53282
131	9.16012	22.519 	42.0002	5.34985
132	9.16012	22.4567	41.2906	5.2929 
133	9.16012	22.9776	45.0303	5.56078
134	9.16012	22.4622	42.9626	5.35644
135	9.16012	22.6712	39.3732	5.43428
136	9.16012	22.5865	38.6965	5.21062
137	9.16012	22.5379	38.6965	5.29826
138	9.16012	22.7261	38.6384	5.40301
139	9.16012	22.8531	40.8576	5.68603
140	9.16012	22.235 	39.7774	5.46428
141	9.16012	22.8823	42.8733	5.39838
142	9.16012	22.9686	42.8733	5.65834
143	9.16012	22.5722	39.0458	5.09131
144	9.16012	22.9415	39.1474	5.33081
145	9.16012	22.8173	39.1474	5.33081
146	9.16012	22.7259	36.2641	5.16956
147	9.16012	22.5952	41.8342	5.3148 
148	9.16012	22.8345	41.8342	5.65932
149	9.16012	23.0941	39.9511	5.38108
150	9.16012	23.0069	40.3164	5.52927
151	9.16012	23.0327	39.9559	5.33091
152	9.16012	22.8626	39.1071	5.45173
153	9.16012	22.7487	39.2412	5.20387
154	9.16012	22.4135	38.9427	5.23513
155	9.16012	22.9727	40.3727	5.48896
156	9.16012	22.8107	40.2247	5.21657
157	9.16012	22.6842	43.2483	5.49604
158	9.16012	22.5394	40.3362	5.47252
159	9.16012	22.9426	41.4452	5.82403
160	9.16012	22.5883	40.2554	5.57883
161	9.16012	22.6756	39.5066	5.34469
162	9.16012	23.1749	40.3143	5.39664
163	9.16012	22.8759	40.2513	5.18706
164	9.16012	22.9022	45.3698	5.53058
165	9.16012	22.669 	43.804 	5.29285
166	9.16012	23.1775	43.804 	5.34562
167	9.16012	22.7087	41.9232	5.30283
168	9.16012	22.4781	38.8502	5.21109
169	9.16012	23.034 	40.295 	5.46466
170	9.16012	22.7011	41.9641	5.39738
171	9.16012	22.5758	39.5313	5.37344
172	9.16012	23.111 	39.7042	5.42261
173	9.16012	23.0872	42.9502	5.49901
174	9.16012	22.786 	40.4955	5.44401
175	9.16012	22.4996	41.796 	5.60589
176	9.16012	22.9167	42.915 	5.52911
177	9.16012	23.0213	41.3445	5.46303
178	9.16012	22.8748	41.6136	5.38153
179	9.16012	22.797 	41.5188	5.42265
180	9.16012	22.7056	40.5056	5.316  
181	9.16012	22.7188	39.5413	5.30468
182	9.16012	22.7067	44.5165	5.69756
183	9.16012	22.831 	39.7656	5.44845
184	9.16012	22.8268	40.518 	5.40101
185	9.16012	22.7228	42.161 	5.51367
186	9.16012	23.0909	43.415 	5.46937
187	9.16012	23.19  	40.5351	5.47717
188	9.16012	22.8198	46.655 	5.56378
189	9.16012	22.767 	38.9999	5.49712
190	9.16012	23.2846	42.6351	5.51304
191	9.16012	22.9946	38.0166	5.33465
192	9.16012	23.0934	42.1436	5.52761
193	9.16012	23.047 	42.058 	5.4272 
194	9.16012	23.1587	40.7142	5.65612
195	9.16012	22.616 	40.7142	5.26858
196	9.16012	22.5157	44.5823	5.49649
197	9.16012	22.9624	41.2219	5.43938
198	9.16012	22.968 	38.6335	5.18953
199	9.16012	23.0996	42.0336	5.4808 
200	9.16012	23.0969	44.0049	5.46252
201	9.16012	22.9919	40.2866	5.41729
202	9.16012	23.1362	42.0048	5.38819
203	9.16012	22.8315	39.5861	5.18144
204	9.16012	23.0601	42.0218	5.37954
205	9.16012	22.7098	39.0214	5.20784
206	9.16012	22.8735	42.0544	5.47136
207	9.16012	22.7618	40.6028	5.55331
208	9.16012	22.8096	41.2184	5.18951
209	9.16012	22.9482	43.5604	5.38894
210	9.16012	22.7297	40.4336	5.53119
211	9.16012	22.5153	40.4336	5.39691
212	9.16012	22.8644	40.8328	5.52153
213	9.16012	23.0928	39.8217	5.45206
214	9.16012	22.8007	43.3047	5.13519
215	9.16012	23.0359	42.189 	5.7445 
216	9.16012	23.0723	41.8913	5.64106
217	9.16012	23.1374	42.4497	5.54449
218	9.16012	23.1742	42.4497	5.84451
219	9.16012	22.9805	41.1572	5.61405
220	9.16012	23.1842	42.8504	5.5871 
221	9.16012	23.4236	42.9698	5.8871 
222	9.16012	23.1278	39.1741	5.37959
223	9.16012	23.0628	43.2021	5.68387
224	9.16012	23.3481	44.572 	5.73148
225	9.16012	23.0344	42.9285	5.34758
226	9.16012	23.0571	41.3008	5.26716
227	9.16012	22.8165	39.0572	5.34646
228	9.16012	23.1147	40.5719	5.47709
229	9.16012	23.022 	41.1531	5.56841
230	9.16012	23.1097	42.9583	5.57607
231	9.16012	23.0028	41.2   	5.56219
232	9.16012	23.2322	44.1499	5.78706
233	9.16012	23.1465	42.6753	5.64563
234	9.16012	22.7518	41.9711	5.24407
235	9.16012	22.7432	41.9711	5.35196
236	9.16012	22.9731	41.9711	5.62994
237	9.16012	23.0734	40.5161	5.44173
238	9.16012	23.3663	40.2334	5.36695
239	9.16012	23.0094	42.1226	5.62029
240	9.16012	23.2206	42.932 	5.46104
241	9.16012	22.8585	42.8033	5.48195
242	9.16012	23.2782	43.4004	5.64177
243	9.16012	22.8986	42.1008	5.39922
244	9.16012	23.0929	42.2786	5.4779 
245	9.16012	23.0394	42.3152	5.67045
246	9.16012	23.1476	42.3152	5.62974
247	9.16012	23.23  	42.5715	5.49845
248	9.16012	23.4105	42.6114	5.38883
249	9.16012	23.5128	45.707 	5.53685
250	9.16012	23.1531	44.5498	5.49616
251	9.16012	23.0739	39.2429	5.39248
252	9.16012	23.1325	43.6276	5.55861
253	9.16012	22.7677	43.6276	5.45834
254	9.16012	22.8567	39.8263	5.29509
255	9.16012	22.9705	39.5757	5.40329
256	9.16012	23.0329	40.6642	5.45616
257	9.16012	23.1926	43.9262	5.69818
258	9.16012	22.9104	40.9468	5.37878
259	9.16012	22.7082	40.6674	5.44412
260	9.16012	22.7191	41.022 	5.59665
261	9.16012	22.913 	42.7392	5.42312
262	9.16012	23.3643	42.7392	5.72343
263	9.16012	23.1728	41.9228	5.36195
264	9.16012	22.943 	41.7082	5.5039 
265	9.16012	23.1624	41.3056	5.43674
266	9.16012	22.9078	45.0589	5.53128
267	9.16012	23.4609	41.1076	5.64217
268	8.34858	23.0987	42.1313	5.50217
269	8.34858	22.9343	43.0069	5.62932
270	8.34858	23.0621	41.3766	5.39133
271	8.34858	22.9608	41.3766	5.42215
272	8.34858	23.1149	38.9804	5.44482
273	8.34858	23.0916	39.8051	5.65668
274	8.34858	22.9644	45.9703	5.52885
275	8.34858	22.9583	39.0037	5.31533
276	8.34858	22.8091	40.8983	5.35008
277	8.34858	23.144 	41.6714	5.46336
278	8.34858	23.3439	43.1316	5.66604
279	8.34858	23.0801	41.1311	5.7616 
280	8.34858	23.0741	39.012 	5.42072
281	8.34858	22.693 	38.2038	5.42572
282	8.34858	23.0578	44.6707	5.55367
283	8.34858	22.9263	38.7712	5.34928
284	8.34858	23.1572	43.3162	5.5194 
285	8.34858	23.5155	44.2962	5.58407
286	8.34858	23.154 	46.628 	5.57458
287	8.34858	23.0943	42.5903	5.50597
288	8.34858	23.0518	40.858 	5.61972
289	8.34858	23.3216	39.4621	5.60481
290	8.34858	23.1509	39.4621	5.4746 
291	8.34858	23.1613	40.7444	5.40579
292	8.34858	23.0838	40.9377	5.57283
293	8.34858	23.145 	38.1207	5.36654
294	8.34858	23.1551	42.7122	5.34852
295	8.34858	23.1079	42.0787	5.93827
296	8.34858	23.4251	40.0736	5.54453
297	8.34858	23.419 	40.404 	5.56036
298	8.34858	23.451 	43.3658	5.4529 
299	8.34858	23.1027	39.4727	5.36418
300	8.34858	23.0804	39.333 	5.47282
301	8.34858	23.2827	43.3794	5.64328
302	8.34858	23.0694	40.0655	5.57142
303	8.34858	23.124 	39.4751	5.66187
304	8.34858	23.2877	41.6601	5.61325
305	8.34858	23.4177	41.3409	5.5037 
306	8.34858	23.5216	44.2782	5.33915
307	8.34858	23.459 	42.8591	5.43248
308	8.34858	23.4811	42.8591	5.61849
309	8.34858	23.5369	42.8959	5.57402
310	8.34858	23.1933	42.8225	5.65943
311	8.34858	23.1082	45.0924	5.4931 
312	8.34858	23.3388	45.2513	5.7672 
313	8.34858	23.0651	44.9626	5.56957
314	8.34858	23.3926	41.4611	5.74761
315	8.34858	23.4685	41.4611	5.6206 
316	8.34858	23.0662	43.0431	5.27749
317	8.34858	23.4942	44.1752	5.55077
318	8.34858	23.4755	47.1781	5.56493
319	8.34858	23.3423	41.2889	5.57829
320	8.34858	23.0692	43.5966	5.54734
321	8.34858	23.1143	49.9223	5.58217
322	8.34858	23.2281	45.3153	5.52669
323	8.34858	23.2581	45.1149	5.73089
324	8.34858	23.3106	45.1149	5.49014
325	8.34858	22.9865	45.0405	5.49676
326	8.34858	23.6216	40.7259	5.51168
327	8.34858	23.6382	40.7728	5.78795
328	8.34858	23.4982	39.1061	5.49855
329	8.34858	23.372 	43.2131	5.66125
330	8.34858	23.3199	42.4025	5.65203
331	8.34858	22.9745	43.7522	5.60187
332	8.34858	23.3829	43.7522	5.46203
333	8.34858	23.4566	41.9415	5.62212
334	8.34858	23.1294	40.6749	5.40515
335	8.34858	23.1015	42.9125	5.53533
336	8.34858	22.9235	40.0129	5.42981
337	8.34858	23.0597	43.1483	5.60802
338	8.34858	23.0528	43.3344	5.66193
339	8.34858	23.0762	43.1483	5.76219
340	8.34858	23.1206	41.8217	5.49616
341	8.34858	23.3249	41.6165	5.6005 
342	8.34858	23.4368	41.2189	5.49086
343	8.34858	23.7246	43.2079	5.72419
344	8.34858	23.4123	41.7173	5.49171
345	8.34858	23.5543	42.6493	5.48519
346	8.34858	23.281 	41.0205	5.36611
347	8.34858	23.3244	40.3527	5.42668
348	8.34858	23.5335	42.7494	5.66775
349	8.34858	23.4574	41.9631	5.74892
350	8.34858	23.2259	42.1474	5.58405
351	8.34858	23.5843	42.6792	5.72277
352	8.34858	23.2798	41.0423	5.48106
353	8.34858	23.4507	41.1838	5.42787
354	8.34858	23.6173	41.0677	5.53108
355	8.34858	23.3593	44.2935	5.65214
356	8.34858	23.182 	40.4229	5.49103
357	8.34858	23.4526	43.2105	5.42069
358	8.34858	23.4355	41.3884	5.36812
359	8.34858	23.5465	40.9916	5.55988
360	8.34858	23.4205	42.1128	5.70733
361	8.34858	23.1396	41.786 	5.46777
362	8.34858	23.0984	43.24  	5.43807
363	8.34858	23.2478	43.6533	5.71482
364	8.34858	23.1776	42.8135	5.5963 
365	8.34858	23.3647	42.8135	5.82667
366	8.34858	23.0889	44.8405	5.69529
367	8.34858	23.3773	42.6848	5.65116
368	8.34858	23.3909	40.0883	5.403  
369	8.34858	23.5752	43.5886	5.67448
370	8.34858	23.2353	43.3848	5.75347
371	8.34858	23.3914	43.9915	5.63185
372	8.34858	23.3007	43.2321	5.77119
373	8.34858	23.7377	43.1059	5.61792
374	8.34858	23.3816	42.1503	5.5892 
375	8.34858	23.4004	46.1247	5.67694
376	8.34858	23.3525	41.6999	5.5871 
377	8.34858	23.7073	41.568 	5.64159
378	8.34858	23.3848	43.6317	5.55493
379	8.34858	23.5741	42.2543	5.66696
380	8.34858	23.4786	41.5992	5.46467
381	8.34858	23.3084	41.9501	5.51752
382	8.34858	23.499 	43.329 	5.76253
383	8.34858	23.3474	45.3843	5.70263
384	8.34858	23.653 	44.1523	5.77146
385	8.34858	23.3256	39.4551	5.62168
386	8.34858	23.4995	40.639 	5.40674
387	8.34858	23.7486	45.9447	6.06772
388	8.34858	23.3704	42.4782	5.80399
389	8.34858	23.4446	43.4054	5.49397
390	8.34858	23.5601	44.3497	5.69802
391	8.34858	23.6677	44.9567	5.87212
392	8.34858	23.2126	41.3268	5.62253
393	8.34858	23.5614	47.6638	5.78359
394	8.34858	23.6339	47.352 	5.83988
395	8.34858	23.5451	43.5598	5.78659
396	8.34858	23.7488	44.8093	5.80941
397	8.34858	23.7038	40.0886	5.86327
398	8.34858	23.6289	41.7159	5.9645 
399	8.34858	23.4888	41.4009	5.745  
400	8.34858	23.5396	44.5407	5.77868
401	8.34858	23.8086	47.6787	5.79213
402	8.34858	23.2939	40.4682	5.50861
403	8.34858	23.7549	43.7364	5.82149
404	8.34858	23.6964	43.7364	5.71148
405	8.34858	23.7152	43.6827	5.73387
406	8.34858	23.5463	41.8732	5.60954
407	8.34858	23.9488	41.9452	5.62716
408	8.34858	23.2734	46.3028	5.57694
409	8.34858	23.3938	46.3028	5.44717
410	8.34858	23.3043	43.6608	5.6163 
411	8.34858	23.7894	42.2588	5.66545
412	8.34858	23.6422	44.291 	5.82162
413	8.34858	23.7951	44.291 	5.59302
414	8.34858	23.5149	44.2486	5.62377
415	8.34858	23.5731	41.0474	5.487  
416	8.34858	23.5907	46.945 	6.05145
417	8.34858	23.5975	44.8286	5.98883
418	8.34858	23.4859	43.5167	5.74934
419	8.34858	23.5463	41.6464	5.67874
420	8.34858	23.7457	41.3524	5.75225
421	8.34858	23.7859	41.3524	5.7681 
422	8.34858	23.4515	41.812 	5.80892
423	8.34858	23.2698	47.7995	5.64711
424	8.34858	23.6405	44.2561	5.68547
425	8.34858	23.6195	45.2105	5.71842
426	8.34858	23.4998	40.8207	5.49925
427	8.34858	23.566 	43.8213	5.756  
428	8.34858	23.5069	45.382 	5.77018
429	8.34858	23.6761	45.382 	5.74452
430	8.34858	23.4134	40.5728	5.59696
431	8.34858	23.5949	44.0659	5.90951
432	8.34858	23.4247	41.351 	5.66827
433	8.34858	23.4509	43.3237	5.76765
434	8.34858	23.4931	42.9778	5.78277
435	8.34858	23.9687	44.6722	6.02207
436	8.34858	23.7627	42.1406	5.7293 
437	8.34858	23.4778	41.2725	5.61243
438	8.34858	23.7516	45.2836	5.92299
439	8.34858	24.0665	45.907 	6.21645
440	8.34858	23.6779	44.6825	6.16932
441	8.34858	23.8277	42.1764	5.98973
442	8.34858	23.3591	42.5953	5.80186
443	8.34858	23.5419	41.4717	5.7253 
444	8.34858	23.7295	45.2527	5.63044
445	8.34858	23.7274	41.6304	5.69105
446	8.34858	24.0404	42.6027	5.9698 
447	8.34858	23.8069	46.3455	5.75353
448	8.34858	23.2351	42.5357	5.58507
449	8.34858	23.7604	41.4674	5.81862
450	8.34858	23.9296	41.4551	5.59015
451	8.34858	23.3813	43.1116	5.54974
452	8.34858	23.7321	44.0997	5.76887
453	8.34858	23.779 	42.6081	5.67465
454	8.34858	23.2501	42.4814	5.50865
455	8.34858	23.9282	42.4814	5.65991
456	8.34858	24.045 	45.4579	5.72905
457	8.34858	23.6379	42.1679	5.77122
458	8.34858	23.6363	44.684 	5.73158
459	8.34858	23.7387	42.0678	5.63863
460	8.34858	23.6321	41.5719	5.71962
461	8.34858	23.6703	44.3772	5.71912
462	8.34858	23.5769	42.6313	6.0125 
463	8.34858	23.6195	42.451 	6.05487
464	8.34858	23.6907	44.2657	5.88163
465	8.34858	23.9158	45.9397	5.73991
466	8.34858	23.5481	44.9411	5.55908
467	8.34858	23.8725	45.1512	6.09727
468	8.34858	23.5827	48.7337	5.75683
469	8.34858	23.8328	42.9745	5.82836
470	8.34858	23.9993	43.5493	5.53414
471	8.34858	23.6759	42.0914	5.55234
472	8.34858	23.5575	44.7265	5.77735
473	8.34858	23.7073	45.2445	5.76716
474	8.34858	23.6873	42.7209	5.81741
475	8.34858	23.8129	44.7714	5.82484
476	8.34858	23.6431	41.9105	5.51258
477	8.34858	23.6574	43.9194	5.64987
478	8.34858	23.8973	40.0622	5.4368 
479	8.34858	23.6655	43.7343	5.73987
480	8.34858	24.0315	47.266 	5.70092
481	8.34858	23.6277	44.8009	5.886  
482	8.34858	24.1347	50.2076	5.84709
483	8.34858	23.6428	45.5309	5.77924
484	8.34858	23.7274	45.3557	5.71118
485	8.34858	24.0951	45.3557	5.93375
486	8.34858	23.884 	43.405 	5.84298
487	8.34858	23.4901	42.1587	5.75672
488	8.34858	23.7241	43.56  	6.00016
489	8.34858	23.4952	47.529 	5.89794
490	8.34858	23.8759	42.7887	6.04173
491	8.34858	24.0547	43.59  	5.68799
492	8.34858	24.04  	44.5759	5.77337
493	8.34858	24.0598	43.438 	5.88537
494	8.34858	24.0281	43.3146	5.89498
495	8.34858	24.1236	47.837 	6.02923
496	8.34858	23.9934	47.837 	5.98008
497	8.34858	23.8105	42.9182	5.75399
498	8.34858	24.0892	44.6039	5.83188
499	8.34858	23.6204	43.1129	5.87796
6.87000001
