gen	min   	avg    	max    	std    
0  	10.181	22.1366	40.8591	5.17451
1  	10.181	22.213 	41.2608	5.20988
2  	9.92431	22.1829	41.2193	5.54257
3  	9.92431	22.6207	40.3388	5.20979
4  	9.92431	22.3319	42.5355	5.40054
5  	9.92431	21.8782	39.57  	5.21633
6  	9.92431	22.1952	40.8771	5.28908
7  	9.92431	22.0365	40.8473	5.41673
8  	9.92431	21.8001	40.9024	5.42089
9  	9.92431	21.9968	40.9464	5.39644
10 	9.8522 	22.3612	40.9757	5.38096
11 	9.8522 	22.3718	40.0857	5.23343
12 	9.8522 	21.8889	40.0761	5.20463
13 	9.8522 	22.0353	41.8312	5.31968
14 	9.50665	22.2309	42.6091	5.24414
15 	9.50665	22.44  	40.1797	5.29986
16 	9.50665	22.5649	39.115 	5.37209
17 	9.50665	22.1406	37.5528	5.12326
18 	9.50665	22.1836	40.193 	5.13833
19 	9.50665	22.4576	40.2168	5.30479
20 	9.31289	22.2253	38.1594	5.24274
21 	9.31289	22.1356	38.3915	5.34524
22 	9.31289	22.1448	40.2299	4.99586
23 	9.31289	22.1037	38.6768	5.14448
24 	9.31289	22.3433	40.2586	5.31435
25 	9.31289	22.3685	38.4963	5.2199 
26 	9.31289	22.3728	40.5896	5.25129
27 	9.31289	22.0718	38.6578	5.23788
28 	9.31289	22.0735	37.9995	5.24461
29 	9.31289	22.2423	37.7085	5.272  
30 	9.31289	22.2626	37.2524	5.38387
31 	9.31289	22.3125	42.0544	5.3154 
32 	9.31289	22.4801	39.353 	5.32794
33 	9.31289	22.3869	39.5761	5.11699
34 	9.31289	22.1564	36.9581	5.13375
35 	9.31289	22.2562	38.1471	5.33722
36 	9.31289	21.8927	38.1471	4.93447
37 	9.14055	22.5385	43.6224	5.33807
38 	9.14055	22.2552	37.2951	5.10843
39 	9.14055	21.9396	38.6654	5.08844
40 	9.14055	22.1354	38.4643	5.07451
41 	9.14055	22.0476	39.9916	5.10025
42 	9.14055	22.1716	36.3783	5.01055
43 	9.14055	22.3851	39.5523	5.1335 
44 	9.14055	22.3906	38.0475	5.15766
45 	9.14055	22.2962	37.661 	5.25257
46 	9.14055	22.2243	38.7949	5.19702
47 	9.14055	22.4222	39.8682	5.22184
48 	9.14055	22.4597	38.0401	5.28541
49 	9.14055	22.4501	38.0323	5.35267
50 	9.14055	22.0582	41.1252	5.16698
51 	9.14055	22.0787	38.5467	5.29875
52 	9.14055	22.046 	39.6332	5.35515
53 	9.14055	22.68  	40.4465	5.35144
54 	9.14055	22.4375	40.9132	5.35379
55 	9.14055	21.8895	42.5188	5.1852 
56 	9.14055	22.4103	38.6532	5.17083
57 	9.14055	22.6388	38.9033	5.14698
58 	9.14055	22.3857	40.3511	5.41631
59 	9.14055	22.2698	38.8052	5.5122 
60 	9.14055	21.9642	38.7286	5.21949
61 	9.14055	22.3828	39.0334	5.29867
62 	9.14055	22.3416	40.9104	5.26518
63 	9.14055	22.088 	39.4448	5.24075
64 	9.14055	22.0108	40.5331	5.29877
65 	9.14055	22.304 	40.8272	5.29978
66 	9.14055	22.2575	41.238 	5.34746
67 	9.14055	22.3078	40.1731	5.16134
68 	9.14055	22.2734	39.8347	5.30291
69 	9.14055	22.5064	38.583 	5.28356
70 	9.14055	22.4677	40.5112	5.20028
71 	9.14055	22.4668	38.5978	5.39244
72 	9.14055	22.2974	42.0632	5.3545 
73 	9.14055	22.7306	40.132 	5.44722
74 	9.14055	22.4196	41.9229	5.39641
75 	9.14055	22.4184	39.4377	5.44404
76 	9.14055	22.2633	37.958 	5.25057
77 	9.14055	22.4105	40.9505	5.02111
78 	9.14055	22.5334	40.9505	5.21624
79 	9.14055	22.3146	44.1562	5.29676
80 	9.14055	22.2986	39.1203	5.01184
81 	9.14055	22.4543	38.0644	5.29229
82 	9.14055	22.3951	41.4679	5.11715
83 	9.14055	22.396 	38.939 	5.32173
84 	9.14055	22.6966	38.441 	5.05905
85 	9.14055	22.4549	43.6555	5.29026
86 	9.14055	22.5361	43.6555	5.1994 
87 	9.14055	22.633 	39.4531	5.37001
88 	9.14055	22.7517	40.7427	5.12477
89 	9.14055	22.7167	40.7527	5.23453
90 	9.14055	22.5692	41.9022	5.30234
91 	9.14055	22.385 	40.7527	5.31085
92 	9.14055	22.6622	40.7399	5.39024
93 	9.14055	22.388 	39.335 	5.07851
94 	9.14055	22.5472	41.6244	5.37016
95 	9.14055	22.6227	42.0868	5.53759
96 	9.14055	22.4941	40.5432	5.66031
97 	9.14055	22.2325	42.0895	5.43128
98 	9.14055	22.3753	39.5418	5.4808 
99 	9.14055	22.6434	40.1544	4.90573
100	9.14055	22.4138	39.405 	5.14744
101	9.14055	22.9116	40.2793	5.49587
102	9.14055	22.581 	40.537 	5.22024
103	9.14055	22.4581	40.9811	5.33988
104	9.14055	22.4481	40.5234	5.12251
105	9.14055	22.5817	40.3991	5.35988
106	9.14055	22.4751	41.6461	5.19806
107	9.14055	22.3955	37.9556	5.45679
108	9.14055	22.6622	39.7835	5.42809
109	9.14055	22.5748	39.1742	5.32097
110	9.14055	22.5984	39.919 	5.23419
111	9.14055	22.4842	39.0758	5.46745
112	9.14055	22.6402	40.2566	5.41882
113	9.14055	22.4619	39.5746	5.44162
114	9.14055	22.3244	39.0905	5.31392
115	9.14055	22.1099	39.2229	5.16575
116	9.14055	22.6438	44.1604	5.45076
117	9.14055	22.7357	44.1604	5.47562
118	9.14055	22.55  	40.3257	5.37845
119	9.14055	22.8278	42.1518	5.61056
120	9.14055	22.4929	39.5609	5.37991
121	9.14055	22.4342	38.4828	5.37921
122	9.14055	22.5187	41.867 	5.35292
123	9.14055	22.5291	41.7673	5.34121
124	9.14055	22.4968	41.5885	5.28938
125	9.14055	22.5101	40.5637	5.43232
126	9.14055	22.9721	39.4806	5.43979
127	9.14055	22.701 	38.6955	5.31679
128	9.14055	22.431 	39.2895	5.11257
129	9.14055	22.4072	39.2895	5.09752
130	9.14055	22.4093	39.4431	5.11766
131	9.14055	22.5155	42.8765	5.27482
132	9.14055	22.0556	42.083 	5.31461
133	9.14055	22.5674	41.5949	5.47334
134	9.14055	22.5427	36.9241	4.98783
135	9.14055	22.4526	40.6487	5.27763
136	9.14055	22.8023	40.2426	5.48869
137	9.14055	22.5352	41.0258	5.34483
138	9.14055	22.8762	37.8529	5.23909
139	9.14055	22.5931	37.9065	5.18001
140	9.14055	22.5618	40.2931	5.37737
141	9.14055	22.8229	41.9423	5.3537 
142	9.14055	22.3958	38.9621	5.28546
143	9.14055	22.5861	40.0459	5.33158
144	9.14055	22.3921	38.0386	5.09992
145	9.14055	22.6494	39.1613	5.18114
146	9.14055	23.0138	41.2475	5.42235
147	9.14055	22.5439	37.1903	5.06332
148	9.14055	22.7803	38.5545	5.20853
149	9.14055	22.8712	40.1785	5.57166
150	9.14055	22.9307	42.5678	5.53006
151	9.14055	22.7906	40.2734	5.10758
152	9.14055	23.0655	44.7423	5.56703
153	9.14055	22.8075	39.1444	5.58555
154	9.14055	23.0647	41.7482	5.25802
155	9.14055	22.6125	41.5144	5.51562
156	9.14055	22.8687	43.4327	5.47857
157	9.14055	22.8875	41.5144	5.53691
158	9.14055	22.9495	40.48  	5.39683
159	9.14055	22.7554	39.8758	5.44812
160	9.14055	22.5522	37.6459	5.3016 
161	9.14055	23.1856	41.0044	5.35441
162	9.14055	23.0548	45.3113	5.64811
163	9.14055	22.8108	43.17  	5.48644
164	9.14055	22.4846	42.6428	5.52806
165	9.14055	22.5454	40.3278	5.32295
166	9.14055	22.5814	38.65  	5.07158
167	9.14055	22.7812	42.1202	5.67245
168	9.14055	22.8844	41.2087	5.57111
169	9.14055	22.8239	39.8028	5.44129
170	9.14055	23.1273	41.046 	5.38251
171	9.14055	23.0342	42.7703	5.36921
172	9.14055	22.9169	42.0496	5.5052 
173	9.14055	22.5408	41.0489	5.46313
174	9.14055	22.9919	40.3724	5.50039
175	8.97355	22.8295	40.1386	5.2597 
176	8.97355	22.8206	39.6431	5.12189
177	8.97355	22.7248	43.0928	5.40854
178	8.97355	22.6705	42.3648	5.43186
179	8.97355	22.845 	42.0641	5.34456
180	8.97355	22.5036	40.2766	5.27676
181	8.97355	22.8486	40.2766	5.33352
182	8.97355	22.8131	42.1424	5.4041 
183	8.97355	22.868 	40.3054	5.34996
184	8.97355	22.9168	40.7462	5.54609
185	8.97355	22.8148	40.6684	5.31515
186	8.97355	22.7117	39.3532	5.26055
187	8.97355	23.019 	37.9878	5.31514
188	8.97355	22.9594	39.0801	5.47897
189	8.97355	22.5472	40.8826	5.30408
190	8.97355	22.6823	39.5618	5.11906
191	8.97355	22.9374	39.4971	5.38576
192	8.97355	22.7329	40.3817	5.49103
193	8.97355	23.163 	43.3981	5.58988
194	8.97355	22.848 	39.8438	5.50619
195	8.97355	23.081 	39.5649	5.01571
196	8.97355	22.7645	40.5813	5.37448
197	8.97355	22.6265	45.0413	5.21559
198	8.97355	22.9607	42.413 	5.45756
199	8.97355	22.8312	41.6541	5.522  
200	8.97355	23.123 	39.4263	5.45097
201	8.97355	22.9111	38.3476	5.44764
202	8.97355	22.7245	42.9404	5.39291
203	8.97355	22.8472	42.9404	5.46551
204	8.97355	22.9599	43.8897	5.4873 
205	8.97355	23.0533	43.8897	5.47088
206	8.97355	23.0291	40.3365	5.30709
207	8.97355	22.9168	41.2149	5.50822
208	8.97355	22.6755	39.9667	5.35829
209	8.97355	22.9582	42.4077	5.42915
210	8.97355	23.0772	39.933 	5.54464
211	8.97355	23.0862	42.376 	5.60807
212	8.97355	22.7658	40.3369	5.58188
213	8.97355	22.7424	39.6339	5.3706 
214	8.97355	22.7427	42.4343	5.49771
215	8.97355	22.8543	44.6975	5.39049
216	8.97355	22.7006	37.6161	5.11543
217	8.97355	22.8697	40.8143	5.48785
218	8.97355	22.9848	40.0126	5.42339
219	8.97355	22.7851	38.8889	5.25725
220	8.97355	22.5604	38.4262	5.39299
221	8.97355	22.9318	41.6292	5.36629
222	8.97355	22.7872	43.5557	5.50898
223	8.97355	22.8727	43.4051	5.41008
224	8.97355	23.0543	38.0427	5.464  
225	8.97355	22.975 	40.9978	5.51478
226	8.97355	22.4573	37.5815	5.35852
227	8.97355	23.2933	39.7749	5.44275
228	8.97355	23.054 	40.5554	5.46145
229	8.97355	23.0332	40.6095	5.42152
230	8.97355	22.9477	39.5648	5.22558
231	8.97355	22.9646	42.8975	5.36889
232	8.97355	23.1948	39.6626	5.62693
233	8.97355	22.9271	41.6163	5.49197
234	8.82136	22.822 	43.7263	5.6107 
235	8.82136	22.9958	39.8281	5.52411
236	8.82136	23.3124	44.3269	5.73871
237	8.82136	23.235 	44.0179	5.46598
238	8.82136	23.1859	38.5812	5.19661
239	8.82136	23.1234	40.0928	5.42142
240	8.82136	23.087 	40.1662	5.51663
241	8.82136	22.6956	43.1468	5.68714
242	8.82136	22.9323	40.4079	5.38623
243	8.82136	23.175 	41.1519	5.50074
244	8.82136	23.11  	40.8907	5.50883
245	8.82136	22.7432	40.8406	5.5195 
246	8.82136	22.8523	42.8897	5.2083 
247	8.82136	23.0182	42.8897	5.40318
248	8.82136	22.8552	42.0011	5.60362
249	8.82136	23.1602	38.9868	5.21913
250	8.82136	23.0342	40.7445	5.62942
251	8.82136	23.0613	41.4824	5.30438
252	8.82136	23.1918	41.9894	5.3408 
253	8.82136	23.2046	41.5487	5.55734
254	8.82136	23.2967	43.2479	5.42012
255	8.82136	22.9371	41.6091	5.41713
256	8.82136	22.9686	41.3897	5.32864
257	8.82136	22.9334	39.9045	5.52867
258	8.82136	23.1953	40.1265	5.4889 
259	8.82136	23.1362	39.7051	5.36167
260	8.82136	23.0385	40.5826	5.59963
261	8.82136	23.0437	39.993 	5.14595
262	8.82136	23.1323	41.0846	5.35582
263	8.82136	23.3821	42.3131	5.58522
264	8.82136	23.5133	38.6678	5.56145
265	8.82136	23.1564	41.2709	5.49937
266	8.82136	23.2036	39.0385	5.34675
267	8.82136	23.2926	43.0684	5.44692
268	8.82136	23.0424	43.0684	5.56034
269	8.82136	23.0319	41.4679	5.49453
270	8.82136	23.3493	41.584 	5.52033
271	8.82136	23.2885	40.5671	5.37991
272	8.82136	23.1692	40.5671	5.42462
273	8.82136	23.1048	40.5671	5.34823
274	8.82136	23.3198	40.6075	5.39914
275	8.82136	22.9303	40.6075	5.49746
276	8.82136	23.3857	38.7566	5.3234 
277	8.82136	23.0588	40.8951	5.39954
278	8.82136	23.1394	40.8297	5.63964
279	8.82136	23.2597	43.8771	5.4644 
280	8.82136	23.3448	41.314 	5.55008
281	8.82136	23.1216	39.8045	5.3466 
282	8.82136	23.6264	45.9659	5.5984 
283	8.82136	23.4266	41.8616	5.48792
284	8.82136	23.3075	41.1949	5.51288
285	8.82136	22.9947	39.876 	5.48371
286	8.82136	23.0704	43.8036	5.55118
287	8.82136	23.1314	43.5354	5.59883
288	8.82136	23.252 	43.2163	5.80708
289	8.82136	22.8094	39.2752	5.45657
290	8.82136	22.762 	40.4487	5.54712
291	8.82136	23.2893	41.8029	5.56674
292	8.82136	23.5618	41.8029	5.55338
293	8.82136	23.131 	43.1938	5.54051
294	8.82136	23.1976	43.8674	5.33434
295	8.82136	23.2472	44.0471	5.51391
296	8.82136	23.2505	42.8216	5.62351
297	8.82136	23.2685	41.0021	5.5821 
298	8.82136	23.0474	40.1313	5.46481
299	8.82136	23.0529	40.5434	5.54648
300	8.82136	22.9226	41.0259	5.52718
301	8.80773	23.1486	40.0817	5.47473
302	8.80773	23.2596	40.0995	5.44569
303	8.80773	23.3779	38.7145	5.52197
304	8.80773	23.2429	43.5207	5.46181
305	8.80773	23.4701	40.9316	5.74368
306	8.80773	23.5061	46.8602	5.71821
307	8.80773	23.4704	42.9558	5.57412
308	8.80773	23.395 	46.6153	5.66445
309	8.80773	23.3327	41.8194	5.42205
310	8.80773	23.6298	41.2383	5.5296 
311	8.80773	23.4272	41.0601	5.63312
312	8.80773	23.5844	41.37  	5.86723
313	8.80773	23.5818	40.5937	5.67951
314	8.80773	23.4339	41.6641	5.68835
315	8.80773	23.255 	38.8518	5.37986
316	8.80773	23.3938	43.6548	5.62681
317	8.80773	23.4778	41.9927	5.59665
318	8.80773	23.3848	41.68  	5.42076
319	8.80773	23.3516	41.0916	5.43304
320	8.80773	23.4148	40.7402	5.83083
321	8.80773	23.4962	42.2237	5.87078
322	8.80773	23.4709	44.7465	5.75661
323	8.80773	23.4416	43.3925	5.95629
324	8.80773	23.552 	42.8605	5.8658 
325	8.80773	23.4337	41.0962	5.6972 
326	8.80773	23.2497	42.7246	5.57069
327	8.80773	23.592 	45.3078	5.79053
328	8.80773	23.3082	42.3973	5.68337
329	8.80773	23.3999	39.7809	5.6227 
330	8.80773	23.3816	43.8952	5.48835
331	8.80773	23.3636	41.055 	5.31793
332	8.80773	23.1804	40.9564	5.76687
333	8.80773	23.4501	40.3698	5.41957
334	8.80773	23.8337	41.9408	5.53485
335	8.80773	23.8536	44.6798	5.62404
336	8.80773	23.6435	40.5811	5.60055
337	8.80773	23.6437	47.9135	5.53185
338	8.80773	23.6124	41.2558	5.51149
339	8.80773	23.4207	40.9015	5.54511
340	8.80773	23.7837	42.7004	5.72836
341	8.80773	23.7512	40.2516	5.50409
342	8.80773	23.9583	40.6804	5.62165
343	8.80773	23.6529	45.0351	5.72391
344	8.80773	23.8056	41.3458	5.85686
345	8.80773	23.7968	46.8169	5.9101 
346	8.80773	23.2799	42.1355	5.39406
347	8.80773	23.626 	41.6339	5.57855
348	8.80773	23.5725	40.6737	5.58894
349	8.80773	23.7674	39.9886	5.36158
350	8.80773	23.4942	43.4184	5.52881
351	8.80773	23.6316	42.257 	5.64393
352	8.80773	23.2232	43.489 	5.53048
353	8.80773	23.3277	46.512 	5.66678
354	8.80773	23.1725	42.315 	5.58877
355	8.80773	23.9868	43.2851	5.83823
356	8.80773	23.3643	46.3531	5.46645
357	8.80773	23.4492	45.7224	5.86987
358	8.80773	23.7984	45.177 	5.84794
359	8.80773	23.6233	43.7514	5.84072
360	8.80773	23.8063	43.978 	5.88013
361	8.80773	24.0601	43.7514	5.79464
362	8.80773	23.4875	43.3593	5.72176
363	8.80773	23.7608	44.5354	5.90483
364	8.80773	23.6532	41.5735	5.66036
365	8.80773	23.6328	39.6352	5.41819
366	8.80773	23.4089	40.0758	5.36543
367	8.80773	23.3959	43.1782	5.70516
368	8.80773	23.3082	41.8249	5.56805
369	8.80773	23.4056	41.7438	5.52301
370	8.80773	23.6626	44.7247	5.57921
371	8.80773	23.4531	43.3583	5.52458
372	8.80773	23.4606	44.881 	5.549  
373	8.80773	23.3587	43.1633	5.67903
374	8.80773	23.5728	44.7472	5.60785
375	8.80773	23.6488	41.7756	5.7252 
376	8.80773	23.7566	43.8706	5.90994
377	8.80773	23.8775	44.8864	5.72936
378	8.80773	23.487 	41.3924	5.7953 
379	8.80773	23.2554	42.5095	5.609  
380	8.80773	23.5191	43.7616	5.86637
381	8.80773	23.7654	46.4547	5.87304
382	8.80773	23.4099	40.5915	5.43366
383	8.80773	23.8621	42.8074	5.88711
384	8.80773	23.635 	42.0757	5.7081 
385	8.80773	23.584 	39.4669	5.45319
386	8.80773	23.4761	41.9718	5.55075
387	8.80773	23.5554	42.0834	5.46854
388	8.80773	23.338 	43.033 	5.60818
389	8.80773	23.2922	42.1891	5.52195
390	8.80773	23.5409	45.0335	5.8326 
391	8.80773	23.5156	42.8643	5.52773
392	8.80773	23.6889	44.0112	5.66662
393	8.80773	23.8215	41.9907	5.58301
394	8.80773	23.4945	46.3589	5.69171
395	8.80773	23.6359	44.7739	5.64582
396	8.80773	23.6902	44.7386	5.70424
397	8.80773	23.6491	43.8165	5.75851
398	8.80773	23.6467	44.0259	5.75189
399	8.80773	23.6092	43.6976	5.61018
400	8.80773	23.7897	43.4394	5.75626
401	8.80773	23.4422	44.5539	5.65008
402	8.80773	23.5858	40.6481	5.6033 
403	8.80773	23.4898	42.9631	5.66562
404	8.80773	23.3188	42.6149	5.54908
405	8.80773	23.3964	42.9553	5.71304
406	8.80773	23.6979	43.1598	5.8629 
407	8.80773	23.7059	41.6255	5.65785
408	8.80773	23.9379	44.791 	5.7312 
409	8.80773	23.7401	45.0876	5.87037
410	8.80773	23.6341	42.3279	5.55919
411	8.80773	23.731 	40.6899	5.63181
412	8.80773	24.0664	42.3977	5.74985
413	8.80773	23.9724	41.8114	5.70028
414	8.80773	24.0666	41.4412	5.74088
415	8.80773	23.7559	42.011 	5.66277
416	8.80773	23.8134	43.51  	5.73204
417	8.80773	23.6634	44.539 	5.74189
418	8.80773	23.6559	45.236 	5.66632
419	8.80773	23.9158	43.2498	5.73912
420	8.80773	23.9786	43.1338	5.90634
421	8.80773	23.7155	42.9484	5.77495
422	8.80773	23.9438	44.0629	5.9033 
423	8.80773	23.6253	45.0987	5.97029
424	8.80773	23.9545	43.1072	6.00837
425	8.80773	23.8369	42.7427	5.88898
426	8.80773	23.8023	46.0274	5.90885
427	8.80773	24.0919	43.3014	6.0634 
428	8.80773	23.9703	45.5756	5.88608
429	8.80773	23.9974	45.5756	5.81873
430	8.80773	23.76  	45.5756	5.96969
431	8.80773	23.9661	42.6406	5.61602
432	8.80773	23.5975	44.2209	5.46079
433	8.80773	24.0939	49.3967	5.71324
434	8.80773	24.0461	45.2251	5.89782
435	8.80773	23.9082	43.3314	5.96035
436	8.80773	23.9331	45.7278	5.89275
437	8.80773	24.1302	42.4689	5.88364
438	8.80773	24.1719	46.1493	6.01716
439	8.80773	23.804 	43.7364	5.94068
440	8.80773	23.929 	45.9784	5.76675
441	8.80773	23.7706	41.3523	5.90571
442	8.80773	24.0148	43.0604	5.77785
443	8.80773	23.8141	39.9739	5.56064
444	8.80773	23.9604	45.229 	5.94442
445	8.80773	23.6472	41.2871	5.62691
446	8.80773	23.7516	43.0818	5.7321 
447	8.80773	23.9352	43.3761	5.91129
448	8.80773	23.9633	43.6885	5.69077
449	8.80773	23.8833	48.5264	5.96027
450	8.80773	23.9379	43.3798	5.55709
451	8.80773	24.1269	44.3351	5.80224
452	8.80773	24.0827	46.0389	5.96722
453	8.80773	23.9385	47.0638	6.0056 
454	8.80773	24.0777	43.401 	5.89196
455	8.80773	24.0561	45.7071	5.88454
456	8.80773	24.0437	46.1864	5.68173
457	8.80773	23.9015	41.9971	5.80788
458	8.80773	24.1425	43.7937	5.91094
459	8.80773	23.9366	40.5877	5.72772
460	8.80773	23.9235	44.6191	6.02461
461	8.80773	23.8772	43.1831	5.73348
462	8.80773	24.0193	43.7358	5.98261
463	8.80773	23.9732	44.6848	5.68345
464	8.80773	24.0164	41.6741	5.50482
465	8.80773	23.9396	43.6784	5.69836
466	8.80773	23.6442	44.3041	5.77869
467	8.80773	23.8371	43.5154	5.74397
468	8.80773	23.9413	42.3598	5.60367
469	8.80773	23.9756	43.9148	5.65399
470	8.80773	24.5128	46.8009	6.04887
471	8.80773	23.9505	45.9208	5.97405
472	8.80773	24.3992	47.9231	5.91124
473	8.80773	23.8905	42.8049	5.78061
474	8.80773	24.1231	45.4091	5.9811 
475	8.80773	24.4041	45.4214	5.92973
476	8.80773	24.3232	44.0209	5.99308
477	8.80773	24.0331	44.549 	5.77971
478	8.80773	24.1295	44.3828	5.9537 
479	8.80773	24.0918	46.7804	6.03965
480	8.80773	24.1331	46.7804	6.10487
481	8.80773	24.1597	44.8147	5.97728
482	8.80773	24.1099	48.8641	6.14317
483	8.80773	23.566 	45.5839	5.84214
484	8.80773	23.9149	44.0928	5.85106
485	8.80773	24.1032	43.3459	5.86462
486	8.80773	24.1326	40.7522	5.80037
487	8.80773	24.0973	44.7828	5.8074 
488	8.80773	24.2469	49.2207	6.04964
489	8.80773	23.9364	42.393 	5.90495
490	8.80773	24.1341	42.7197	5.85928
491	8.80773	24.0525	44.0164	5.65827
492	8.80773	23.9587	44.0246	5.57471
493	8.80773	24.2003	44.0246	5.82189
494	8.80773	24.1051	45.8786	5.83586
495	8.80773	24.0366	41.4527	5.43601
496	8.80773	24.0155	43.2635	5.71952
497	8.80773	24.1698	48.2452	5.98802
498	8.80773	23.7623	47.3095	5.82472
499	8.80773	24.0514	41.8704	5.84764
6.87000001
