gen	min    	avg    	max    	std    
0  	438.805	721.791	1007.34	92.0333
1  	416.792	718.537	1464.55	98.6665
2  	416.792	725.91 	3223.32	156.077
3  	416.792	726.347	2805.08	155.404
4  	416.792	737.73 	5093.92	257.284
5  	414.032	743.733	5093.92	286.99 
6  	414.032	754.433	6187.62	352.361
7  	414.032	761.236	6221.16	363.35 
8  	414.032	760.851	6289.98	363.531
9  	406.417	764.222	6209.18	366.643
10 	406.417	819.629	23808.5	993.724
11 	406.417	803.255	11662.2	619.113
12 	406.417	792.793	6799.68	487.836
13 	406.417	860.031	22894  	1160.11
14 	406.417	848.799	17413.9	958.927
15 	406.417	876.244	21316.3	1207.46
16 	406.417	865.127	17345.6	974.542
17 	406.417	861.214	9113.94	766.682
18 	406.417	849.516	9113.81	704.178
19 	406.417	844.219	8547.63	651.793
20 	406.417	856.462	8547.63	678.36 
21 	406.417	877.568	12926.7	831.538
22 	394.329	872.975	8273.16	773.414
23 	394.329	866.105	8123.38	741.336
24 	394.329	879.322	8036.56	789.836
25 	394.329	881.955	7988.41	768.84 
26 	394.329	888.361	7435.35	769.143
27 	394.329	898.803	7517.83	779.916
28 	394.329	902.763	7555.71	797.15 
29 	394.329	899.689	6762.92	762.633
30 	394.329	937.237	24486.9	1150.1 
31 	394.329	912.366	6799.5 	815.479
32 	394.329	907.201	6385.64	777.066
33 	394.329	901.917	6332.68	751.848
34 	394.329	915.726	6332.68	777.376
35 	394.329	916.906	6263.74	781.195
36 	394.329	924.179	6563.18	805.666
37 	394.329	918.901	6325.07	773.432
38 	394.329	931.462	9620.34	837.82 
39 	383.996	921.095	6343.33	781.663
40 	383.996	936.475	11853.7	868.316
41 	383.996	966.218	12220.4	999.535
42 	383.996	982.813	11851.9	1044.3 
43 	383.996	1014.36	12046.7	1161.23
44 	383.996	1044.27	23204.1	1395.33
45 	383.996	1021.51	12158.7	1164.03
46 	383.996	1051.63	23298.4	1438.49
47 	383.996	1022.5 	13891.9	1191.44
48 	383.996	1025.55	12048.2	1133.71
49 	383.996	1010.58	11793.7	1077.44
50 	383.996	1010.91	11784.5	1094.54
51 	383.996	1027.14	16662.7	1228.08
52 	383.996	1146.61	46694.6	2257.29
53 	383.996	1131.11	31493.9	1905.25
54 	383.996	1123.51	21284.2	1663.92
55 	383.996	1115.65	21342.3	1692.44
56 	383.996	1152.17	24630.8	1883.47
57 	383.996	1127.71	21349.7	1698.58
58 	363.502	1161.56	19276.8	1670.78
59 	363.502	1204.3 	19140.9	1834.21
60 	352.218	1224.73	19140.9	1888.59
61 	352.218	1218.37	18034  	1867.52
62 	352.218	1294.19	19909.8	2154.71
63 	352.218	1333.35	28082  	2359.1 
64 	352.218	1314.81	19924.3	2194.42
65 	352.218	1314.99	19990.2	2191.86
66 	352.218	1339.98	19859.9	2204.85
67 	352.218	1310.88	17760.6	2117.01
68 	352.218	1290.79	17759.4	2049.52
69 	352.218	1285.74	17577  	1979.93
70 	325.934	1290.54	17577  	1984.87
71 	325.934	1338.57	40225.5	2382.46
72 	325.934	1319.19	20438.5	2071.7 
73 	325.934	1334.43	20398.7	2104.93
74 	325.934	1340.17	20519.7	2102.03
75 	325.934	1330.03	17592.1	2005.38
76 	325.934	1355.01	17388.3	2023.63
77 	325.934	1367.38	17361.6	2023.82
78 	325.934	1409   	19696.6	2203.73
79 	325.934	1387.36	19111.9	2135.46
80 	325.934	1509.85	43654.5	2787.73
81 	325.934	1529.7 	32443.6	2740.68
82 	325.934	1515.85	28086.5	2622.58
83 	325.934	1489.92	20781.5	2480.11
84 	325.934	1488.21	20843  	2470.04
85 	325.934	1530.8 	20766.7	2623.43
86 	325.934	1588.2 	24618.5	2790.53
87 	325.934	1599.55	20869.7	2712.61
88 	325.934	1605.31	20281.1	2701.32
89 	325.934	1587.06	20275.2	2580.39
90 	325.934	1573.77	19470.3	2535.43
91 	325.934	1624.99	22923.3	2686.43
92 	325.934	1650.36	25270.9	2857.75
93 	325.934	1670.05	23022.3	2812.32
94 	325.934	1652.63	22000.2	2716.65
95 	325.934	1689.24	22034.6	2759.23
96 	325.934	1739.78	28152.7	2992.21
97 	325.934	1741.47	25761.1	2992.68
98 	325.934	1746.5 	21944.4	2930.92
99 	325.934	1757.41	21222.9	2940.38
100	325.934	1740.29	19807.8	2889.42
101	325.934	1714.75	19001.4	2775.6 
102	325.934	1728.73	21510.8	2824.13
103	325.934	1701.49	18923.6	2714.68
104	325.934	1689.01	17619.8	2671.55
105	325.934	1698.75	17945  	2692.28
106	325.934	1708.63	17923.7	2683.87
107	325.934	1706.15	18001.2	2672.96
108	325.934	1726.21	18011.8	2686.04
109	325.934	1767.9 	18002.9	2779.47
110	325.934	1805.45	17478  	2815.57
111	325.934	1815.88	17234.8	2819.77
112	325.934	1796.47	17329.5	2769.01
113	325.934	1861.74	17221.5	2889.38
114	325.934	1863.17	17178.1	2851.72
115	325.934	1870.97	17236.8	2843.43
116	325.934	1887.32	17205.1	2852.76
117	325.934	1926.36	23822.1	3006.81
118	325.934	1878.92	20991.6	2877.66
119	325.934	1888.34	17190.6	2862.8 
120	325.934	1915.98	34522  	3042.83
121	325.934	1936.26	34445.5	3090.94
122	325.934	1941.87	20994.9	2978.76
123	325.934	1915.45	19258.7	2943.86
124	325.934	1927.26	19766.8	2977.32
125	325.934	1916.36	19694.4	2933.22
126	325.934	1959   	19676.9	3029.42
127	325.934	1964.2 	19680.7	3016.39
128	325.934	2000.91	29777.8	3195.98
129	325.934	1992.96	29625.7	3193.88
130	325.934	2035.58	34923.2	3464   
131	325.934	2024.23	34928  	3475.01
132	325.934	2013.82	29231.4	3296.42
133	325.934	1973.78	23212.5	3114.69
134	325.934	1973.86	23166.1	3113.92
135	325.934	1977.16	19719.6	3066.73
136	325.934	1957   	18738.5	2979.11
137	325.934	1947.89	18688.3	2967.46
138	325.934	2018.48	40608.6	3294.21
139	325.934	2029.45	39546.8	3335.06
140	325.934	2097.78	39583.8	3516.51
141	325.934	2087.35	39490.5	3498.27
142	325.934	2065.42	27021.9	3255.37
143	325.934	2055.32	25899.9	3133.4 
144	325.934	2101.25	25930.5	3259.71
145	325.934	2111.76	25994.8	3289.35
146	325.934	2074.28	21958.8	3167.95
147	325.934	2048.31	22023.8	3124.11
148	325.934	2132.97	63893.3	3809.97
149	325.934	2107.1 	41731.2	3492.16
150	325.934	2122.07	41988.4	3517.32
151	325.934	2102.33	23795.3	3349.21
152	325.934	2092.05	23310.9	3305.9 
153	325.934	2119.07	23256.4	3319.34
154	325.934	2098.9 	23269.8	3249.66
155	325.934	2112.12	23269.8	3308.17
156	325.934	2077.63	23269.8	3264.8 
157	325.934	2058.5 	23248.7	3217.17
158	325.934	2061.62	25150.3	3218.98
159	325.934	2058.37	24180.9	3275.65
160	325.934	2065.01	21867.7	3145.6 
161	325.934	2080.3 	21867.7	3207.28
162	325.934	2117.72	21902.4	3277.14
163	325.934	2145.62	21919.5	3292.09
164	325.934	2156.61	34735.6	3367.58
165	325.934	2132.73	21960.4	3242.03
166	325.934	2193.25	41163.2	3603.52
167	325.934	2173.39	30226.4	3473.72
168	325.934	2158.13	30315.7	3404.71
169	325.934	2226.34	45121.7	3804.83
170	325.934	2168.42	30422.7	3502.64
171	325.934	2181.27	26795.5	3473.16
172	325.934	2220.22	34593  	3618.22
173	325.934	2252.47	34527.2	3650.07
174	325.934	2298.82	34498.4	3819.14
175	325.934	2385.66	34542.6	4038.49
176	325.934	2379.45	33201  	3935.22
177	325.934	2345.76	31240.5	3857.09
178	325.934	2311.52	30821  	3661.47
179	325.934	2323.52	30293.3	3648.54
180	325.934	2321.11	24443.4	3550.87
181	325.934	2330.89	24390.7	3536.06
182	325.934	2422.07	24482.9	3694.51
183	325.934	2431.35	24520.1	3749.67
184	325.934	2436.93	22456.8	3729.24
185	325.934	2582.41	40567  	4219.6 
186	325.934	2576.57	39061.9	4124.74
187	325.934	2610.13	58132.5	4444.31
188	325.934	2545.82	28012.4	4024.48
189	325.934	2529.71	27019.6	3970.68
190	325.934	2561.15	27019.6	3971.97
191	325.934	2573.9 	25250.6	3957.51
192	325.934	2611.48	34785  	4234.52
193	325.934	2637.36	34701.1	4264.55
194	325.934	2690.16	34436.6	4268.92
195	325.934	2661.04	30898.4	4148.2 
196	325.934	2662.16	30898.4	4146.59
197	325.934	2699.46	28269.9	4126.62
198	303.256	2730.89	28467.1	4193.88
199	303.256	2729.69	28482.1	4192.27
200	303.256	2741.45	31100.2	4241.05
201	303.256	2760.12	28528.3	4195.16
202	303.256	2784.28	28528.3	4292.11
203	303.256	2771.37	28502.2	4266.43
204	303.256	2788.84	28502.2	4370.43
205	303.256	2842.53	28364  	4535.09
206	303.256	2891.3 	36402.1	4630.92
207	303.256	2908.03	36426.3	4646.05
208	303.256	2950.77	35193.9	4740.35
209	303.256	2902.25	35204.7	4637.44
210	303.256	2887.83	29028.7	4522.01
211	303.256	3017.25	40923.9	5002.38
212	303.256	2986.84	36763.3	4795.24
213	303.256	2998.16	36763.3	4849.08
214	303.256	3026.6 	34345  	4881.24
215	303.256	3054.34	36394.6	4974.01
216	303.256	3032.7 	34311.7	4872.38
217	303.256	3046.79	34317.2	4859.76
218	303.256	3056.42	33711.6	4740.83
219	303.256	3069.24	33442.5	4653.64
220	303.256	3044.8 	30848.2	4567.67
221	303.256	3016.55	28450  	4512.19
222	303.256	3045.26	28691.2	4616.23
223	303.256	3032.5 	28389.8	4474.73
224	303.256	3060.53	28394.2	4453.01
225	303.256	3121.56	28394.2	4552.33
226	303.256	3185.46	33618.7	4737.46
227	303.256	3196.95	33618.7	4786.19
228	303.256	3273.9 	33618.7	4881.03
229	303.256	3259.3 	30846.7	4859.15
230	303.256	3283.93	26895.9	4832.55
231	303.256	3313.35	32328.7	4939.65
232	303.256	3287.67	32325.7	4965.45
233	303.256	3256.03	32621.6	4951.58
234	303.256	3292.08	32712.8	5033.85
235	303.256	3319.36	32642.1	4942.33
236	303.256	3371.05	33686.6	5133.77
237	303.256	3396.61	33258.8	5174.19
238	303.256	3393.53	32683.7	5154.38
239	303.256	3421.86	32683.7	5165.04
240	303.256	3361.68	32061.9	5032.1 
241	303.256	3360.1 	31344.3	5070.86
242	303.256	3391.44	27950.6	5109.12
243	303.256	3386.3 	27918.3	5155.07
244	303.256	3424.14	27846.4	5268.18
245	303.256	3499.68	31068.7	5418.69
246	303.256	3487.41	28008.5	5297.98
247	303.256	3540.12	27981.5	5343.53
248	303.256	3569.84	54282.3	5766.63
249	303.256	3568.95	42356.3	5765.87
250	303.256	3569.26	37492  	5690.41
251	303.256	3642.11	37562.3	5794.33
252	303.256	3725.4 	71526.4	6241.5 
253	303.256	3797.71	54083.7	6238.36
254	303.256	3800.95	41828.9	6172.82
255	303.256	3823.67	38666.1	6172.03
256	303.256	3790.23	38666.1	6091.15
257	303.256	3812.7 	35745.1	6124.3 
258	303.256	3854.64	38862.1	6168.74
259	303.256	3939.26	46412.8	6447.65
260	303.256	3901.02	38970.8	6322.53
261	303.256	3896.61	35908.5	6230.15
262	303.256	4006.84	49483.3	6485.09
263	303.256	3926.73	42419.7	6289.66
264	303.256	4046.99	62470.6	6722.53
265	303.256	4056.66	59377.6	6764.04
266	303.256	3984.44	44785.7	6571.37
267	303.256	3973.56	44774.4	6559.11
268	303.256	3908.64	42410.7	6440.79
269	303.256	3964.81	42390.5	6302.63
270	303.256	3950.04	42390.5	6323.36
271	303.256	3945.14	40420.5	6245.57
272	303.256	3959.57	33223.8	6047.3 
273	303.256	4080.69	55911.3	6427.02
274	303.256	4022.05	33969.4	6176.87
275	303.256	4045.53	38860.9	6234.21
276	303.256	4055.75	38926.3	6364.78
277	303.256	4079.67	33963  	6397.86
278	303.256	4074.04	41564.6	6553.16
279	303.256	4160.88	44537  	6746.44
280	303.256	4086.67	41536.5	6536.62
281	303.256	4119.53	42526.6	6552.32
282	303.256	4131.47	42526.6	6649.39
283	303.256	4170.99	42526.6	6628.75
284	303.256	4144.34	33944.8	6473.28
285	303.256	4095.83	33918.6	6419.78
286	303.256	4080.71	32994.2	6379.81
287	303.256	4110.89	44925.6	6618.2 
288	303.256	4158.18	33015.1	6532.2 
289	303.256	4136.81	32371.5	6363.38
290	303.256	4168.03	32281.7	6371.43
291	303.256	4190.54	36351.4	6538.8 
292	303.256	4166.11	33808  	6372.33
293	303.256	4186.59	33783.8	6457.93
294	303.256	4154.08	33783.8	6362.39
295	303.256	4175.6 	38625.8	6508.05
296	303.256	4151.59	37689.4	6465.98
297	303.256	4153.81	37250.4	6493.32
298	303.256	4226.46	37230.5	6640.79
299	303.256	4239.6 	36507.5	6431.33
300	303.256	4233.67	36167.2	6382.21
301	303.256	4407.42	42093.3	6950.93
302	303.256	4411.55	42093.3	6930.69
303	303.256	4492.21	42158.4	7046.01
304	303.256	4537.33	41635.6	6930.14
305	303.256	4594.25	56635.5	7279.27
306	303.256	4578.04	56653.7	7342.01
307	303.256	4546.17	50828.7	6934.13
308	303.256	4528.81	50412  	6710.96
309	303.256	4494.16	36939.6	6572.03
310	303.256	4563.44	48426.4	6817.04
311	303.256	4585.47	44287.4	6899.02
312	303.256	4570.16	44140  	7022.79
313	303.256	4553.48	39824.7	6903.97
314	303.256	4622.62	44430.5	7172.34
315	303.256	4668.19	44319.4	7207.34
316	303.256	4691.61	44312.3	7222.18
317	303.256	4726.15	44285.2	7242.23
318	303.256	4772.9 	44225.5	7376.21
319	303.256	4765.4 	43343.1	7304.24
320	303.256	4817.83	43343.1	7409.58
321	303.256	4837.11	43292.5	7398.26
322	303.256	4934.11	51432.9	7773.5 
323	303.256	4973.49	56666.7	8027.32
324	303.256	5083.77	56704.4	8178.3 
325	303.256	5039.09	51327.2	7891.05
326	303.256	5008.59	46258.7	7766.94
327	303.256	4937.03	46233.6	7683.01
328	303.256	4939.87	45284.9	7760.94
329	303.256	4880.8 	65469.8	7768.87
330	303.256	4865.39	46047.9	7603.41
331	303.256	4921.18	45210.7	7706.57
332	303.256	4959.2 	42366.6	7801.02
333	303.256	4946.55	42381.3	7805.1 
334	303.256	4884.61	52915.1	7653.54
335	303.256	4937.22	52915.1	7838.05
336	303.256	4942.43	53008.8	7904.01
337	303.256	4992.56	48470.4	7961.24
338	303.256	4984.35	46283.4	7866.85
339	303.256	4969.57	42354.6	7929.83
340	303.256	4961.7 	41896.8	7818.64
341	303.256	5034.06	48855.3	7973.18
342	303.256	5101.16	53646  	8057.03
343	303.256	5021.02	48685.1	7945.68
344	303.256	5028.52	47786.4	7829.8 
345	303.256	4961.41	41714.1	7593.09
346	303.256	4960.9 	38670.7	7468.48
347	303.256	5042.73	41948.9	7604.61
348	303.256	5029.71	54188.8	7749.96
349	303.256	5012.29	48899.3	7719.04
350	303.256	4976.99	48953.6	7640.74
351	303.256	4978.23	47535.2	7736.73
352	303.256	5082.22	47611  	7953.07
353	303.256	5077.53	47541.1	7854.37
354	303.256	5066.19	47879  	8011.58
355	303.256	5103.1 	47849.3	8164.29
356	303.256	5067.16	46151.1	7950.59
357	303.256	5051.41	42785.1	7757.53
358	303.256	5075.32	41659.4	7760.83
359	303.256	5044.66	41221.6	7770.13
360	303.256	5057.05	38963.9	7701.3 
361	303.256	5116.62	40449.8	7688.18
362	303.256	5129.55	40449.8	7587.72
363	303.256	5189.47	53146.8	7999.13
364	303.256	5228.15	50253  	7848.1 
365	303.256	5161.12	50150.5	7631.07
366	303.256	5191.34	50162.1	7856.44
367	303.256	5358.97	58033.8	8357.38
368	303.256	5326.94	52516.5	8234.23
369	303.256	5283.95	50239  	8082.07
370	303.256	5307.27	50178  	8127.85
371	303.256	5443.29	50159.3	8179.49
372	303.256	5439.31	48469.2	8183.52
373	303.256	5491.72	56755.8	8443.39
374	303.256	5380.13	48674.8	8233.81
375	303.256	5502.96	48577.1	8436.9 
376	303.256	5565.47	48577.1	8562.59
377	303.256	5589.83	48577.1	8659.94
378	303.256	5533.02	48559.7	8465.62
379	303.256	5592.9 	69611.6	8885.3 
380	303.256	5557.2 	50012.6	8607.23
381	303.256	5533.98	56898.5	8667.87
382	303.256	5543.74	70092.5	8832.24
383	303.256	5546.34	56908.4	8723.78
384	303.256	5672.85	56901.2	8981.68
385	303.256	5601.95	52873.2	8759.1 
386	303.256	5529.19	51867.3	8525.15
387	303.256	5581.04	51926.7	8652.67
388	303.256	5610.51	48633.9	8544.72
389	303.256	5569.44	48611  	8527.58
390	303.256	5709.01	55035.4	8737.19
391	303.256	5750.15	48899.3	8685.08
392	303.256	5705.65	48574.4	8746.26
393	303.256	5713.76	48563.4	8714.93
394	303.256	5703.82	45670.9	8634.35
395	303.256	5692.81	45637.3	8656.23
396	303.256	5624.89	45914.5	8506.5 
397	303.256	5633.26	49349.7	8667.39
398	303.256	5807.09	76043  	9415.44
399	303.256	5697.87	61936.2	9005.77
400	303.256	5752.91	51272.1	9112.37
401	303.256	5759.89	65687.3	9400.2 
402	303.256	5857.3 	63389.1	9490.96
403	303.256	5788.43	53702.5	9199.76
404	303.256	5724.9 	51165  	8925.69
405	303.256	5742.45	54029.6	9010.69
406	303.256	5724.56	50552.8	8892.13
407	303.256	5782.72	63865.1	9314.3 
408	303.256	5729.97	63688.8	9273.4 
409	303.256	5759.63	63776.3	9404.86
410	303.256	5753.81	63776.3	9371.88
411	303.256	5875.66	63788.7	9425.64
412	303.256	5882.94	58469.1	9236.39
413	303.256	5882.4 	50557.2	9065.16
414	303.256	6058.68	50640.9	9358.88
415	303.256	6113.05	53113.4	9655.28
416	303.256	6117.72	53033.5	9656.7 
417	303.256	6032.33	59243.6	9695.08
418	303.256	6086.83	76683.8	9952.24
419	303.256	6091.57	78549.4	9946.55
420	303.256	6089.84	52905  	9668.7 
421	303.256	6175.61	83494.6	10149.8
422	303.256	6205.1 	67598.3	9966.39
423	303.256	6286.43	67659.1	10070.9
424	303.256	6361.1 	58933.3	10396.9
425	303.256	6409.37	52985  	10351.7
426	303.256	6437.81	56855  	10559.5
427	303.256	6411.65	53055.7	10239.4
428	303.256	6387.49	53071.8	10176.1
429	303.256	6326.62	53148.6	9957.08
430	303.256	6220.42	52977.3	9799.29
431	303.256	6175.56	52768.8	9732.31
432	303.256	6214.02	57489.6	9889.92
433	303.256	6120.38	57416.3	9807.99
434	303.256	6117.26	57733.9	9860.04
435	303.256	6086.19	52088.7	9673.83
436	303.256	5980.29	64212.4	9700.64
437	303.256	5943.79	62472.6	9498.62
438	303.256	5844.71	52265.8	9234.85
439	303.256	5890.75	58647.8	9467.14
440	303.256	5960.85	52121.3	9478.44
441	303.256	6018.58	52350  	9519.17
442	303.256	5950.73	52347.6	9426.04
443	303.256	5946.7 	59365.5	9528.97
444	303.256	6064.6 	59365.2	9624.41
445	303.256	5992.49	61130.3	9776.32
446	303.256	6117.33	62126.6	9822.41
447	303.256	6055.34	62013.4	9581.59
448	303.256	6056.45	61968.7	9620.67
449	303.256	5937.06	60337.3	9486.89
450	303.256	5970.7 	53987.6	9506.79
451	303.256	5969.32	53506.6	9448.11
452	303.256	5988.9 	61240.8	9610.07
453	303.256	5896.7 	61215.4	9449.83
454	303.256	5858.87	53374.9	9111.92
455	303.256	5806.94	53374.9	8971.04
456	303.256	5776.27	61421.4	9153.45
457	303.256	5814.41	53422.1	9231   
458	303.256	5753.54	53552.1	9090.27
459	303.256	5753.88	69660.6	8946.13
460	303.256	5829.32	57638.8	8931.06
461	303.256	5867.67	54984.9	8966.16
462	303.256	5845.32	55707.7	8916.68
463	303.256	5864.31	52065  	8903.6 
464	303.256	5833.43	50824.9	8824.5 
465	303.256	5830.74	50791.4	8922.03
466	303.256	5796.02	50828.5	8778   
467	303.256	5848.85	53812.5	8922.96
468	303.256	5858.19	56188  	9085.15
469	303.256	5996.73	56207.3	9400.66
470	303.256	5920.17	53927.6	8993.76
471	303.256	5810.58	47634.4	8812.19
472	303.256	5869.89	47634.4	8932.35
473	303.256	5809.56	47565.7	8833.02
474	303.256	5760.36	47044.1	8688.23
475	303.256	5661.04	48377  	8516.26
476	303.256	5663.74	48263.6	8424.27
477	303.256	5697.24	46980  	8473.12
478	303.256	5848.42	46980  	8824.86
479	303.256	5954.94	70636.3	9326.05
480	303.256	5941.8 	54162.4	9241.31
481	303.256	5924.54	52712.1	9152.8 
482	303.256	6021.14	61453.2	9391.55
483	303.256	5998.08	61426.9	9497.92
484	303.256	5946.19	49424.7	9352.89
485	303.256	5864.13	57406.9	9257.92
486	303.256	5826.92	57371  	9274.09
487	303.256	5831.68	53624.3	9120.27
488	303.256	5983.75	72381.2	9553.61
489	303.256	6067.48	67200.5	9642.7 
490	303.256	5981.67	65287.8	9445.7 
491	303.256	5939.57	65261.7	9469.17
492	303.256	5979.44	65261.7	9791.44
493	303.256	5976.29	61075.7	9721.99
494	303.256	5915.74	57202.5	9397.09
495	303.256	5904.53	53582.8	9212.52
496	303.256	5822.41	52906.2	9067.36
497	303.256	5929.45	76539.4	9639.26
498	303.256	5848.25	66447.3	9378.43
499	303.256	5809.43	66508.5	9116.72
102.61000001
