gen	min    	avg    	max   	std    
0  	469.666	715.378	1187.3	94.4322
1  	456.562	714.001	1257.3	96.8526
2  	449.733	714.403	1968.84	107.265
3  	444.904	724.98 	8939.47	311.102
4  	433.434	726.254	8997.57	313.544
5  	433.434	716.877	1922   	120.987
6  	416.483	721.606	1874.51	124.261
7  	410.907	720.531	1820.91	120.595
8  	410.907	721.258	1773.19	119.498
9  	410.907	724.382	1830.87	121.69 
10 	410.907	724.47 	1849.16	124.185
11 	410.907	733.216	3671.39	165.414
12 	410.907	731.516	3671.39	165.276
13 	410.907	729.207	1792.3 	130.545
14 	410.907	759.167	11407.4	530.234
15 	410.907	761.359	11501.5	535.29 
16 	356.359	807.865	17630.7	888.179
17 	356.359	809.864	17634.2	906.121
18 	356.359	790.915	12589.8	715.306
19 	356.359	792.066	12544.4	711.55 
20 	356.359	795.217	12646.3	712.733
21 	356.359	790.001	9869.8 	597.966
22 	356.359	788.368	9570.92	537.719
23 	356.359	789.062	7043.17	504.154
24 	356.359	789.866	5632.91	486.367
25 	356.359	831.298	13516.4	727.79 
26 	356.359	823.531	10031.2	658.841
27 	356.359	832.545	10107.3	704.952
28 	356.359	823.22 	7914.22	627.516
29 	356.359	825.952	7464.13	618.407
30 	356.359	820.214	6639.95	576.469
31 	356.359	823.562	6715.26	587.949
32 	356.359	820.798	5605.33	561.83 
33 	356.359	836.148	8966.54	631.134
34 	356.359	846.695	7477.71	639.784
35 	356.359	847.847	7539.65	638.323
36 	356.359	859.521	9900.07	715.055
37 	356.359	862.251	7632.35	664.56 
38 	356.359	869.247	5792.58	658.914
39 	356.359	876.931	5792.58	664.358
40 	356.359	898.03 	7676.51	751.755
41 	356.359	896.326	7698.16	753.872
42 	356.359	899.617	6046.22	735.242
43 	356.359	907.151	8032.91	761.754
44 	356.359	933.655	12474.4	915.194
45 	356.359	929.655	10529.8	867.975
46 	356.359	941.179	10569.1	920.802
47 	356.359	947.789	8991.54	911.261
48 	356.359	947.396	8952.87	915.925
49 	356.359	942.546	8895.39	874.606
50 	356.359	949.315	11801.2	938.846
51 	356.359	962.316	11741.6	1000.51
52 	356.359	968.747	11741.6	1007.43
53 	356.359	977.936	14861  	1100.07
54 	356.359	961.324	11791.7	984.049
55 	356.359	964.479	10756.1	972.909
56 	356.359	975.204	10756.3	1007.1 
57 	356.359	1060.49	35465.7	1861.82
58 	356.359	1036.28	28240.3	1556.02
59 	356.359	1041.72	20011  	1406.52
60 	356.359	1045.86	19506.2	1404.83
61 	356.359	1043.16	19510.1	1414.7 
62 	356.359	1024.02	16139.7	1254.18
63 	356.359	1081.62	22660.8	1584.99
64 	356.359	1056.06	16945.1	1386.15
65 	356.359	1034.52	16013.9	1269.29
66 	356.359	1043.45	13093.2	1258.16
67 	356.359	1089.73	28802  	1629.28
68 	356.359	1065.98	15655.1	1370.11
69 	356.359	1066.66	13066.4	1366.53
70 	356.359	1072.31	13066.4	1381.18
71 	356.359	1065.09	13103.6	1262.03
72 	356.359	1080.09	13052.4	1299.71
73 	356.359	1118.6 	12771.2	1405.9 
74 	356.359	1154.68	18536.1	1553.39
75 	356.359	1154.43	18525.7	1548.64
76 	356.359	1216.61	40239.9	2100.02
77 	356.359	1191.1 	18603.7	1668.31
78 	356.359	1188.86	15590.3	1581.85
79 	356.359	1195.94	15590.3	1595.76
80 	356.359	1188.64	12911.3	1524.23
81 	356.359	1206.83	20837.6	1661.69
82 	356.359	1208.48	17926.2	1632.4 
83 	356.359	1199.13	15834.5	1604.22
84 	356.359	1255.94	25731.1	1943.86
85 	356.359	1236.79	18997.2	1809.76
86 	356.359	1243.57	18895.4	1755.24
87 	356.359	1203.27	15788.7	1588.63
88 	356.359	1195.36	11626.2	1504.75
89 	356.359	1265.51	30538.6	1928.06
90 	356.359	1244.8 	14139.2	1663.35
91 	356.359	1258.51	14116.9	1666.68
92 	356.359	1249.25	14166.4	1650.1 
93 	356.359	1267.94	14566.3	1687.65
94 	356.359	1253.17	12084.7	1615.21
95 	356.359	1237.08	12084.7	1570.63
96 	356.359	1237.19	11866.9	1555.96
97 	356.359	1246.53	11243.7	1557.04
98 	356.359	1288.02	15995.9	1697.23
99 	356.359	1351.81	37368.9	2147.57
100	356.359	1401.13	37381.2	2374.79
101	356.359	1366.11	25131.5	2037.95
102	356.359	1374.05	25212  	2057.65
103	356.359	1404.05	39392.5	2434.61
104	356.359	1359.29	25289.8	2036.51
105	356.359	1348.07	17162.4	1912.09
106	356.359	1351.12	16960.1	1901.6 
107	356.359	1431.6 	45530  	2471.35
108	356.359	1437.14	30300  	2226.89
109	356.359	1424.77	18126.4	2020.21
110	356.359	1454.99	18126.4	2113.13
111	356.359	1489.07	32132.2	2412.65
112	356.359	1520.85	22057.2	2446.18
113	356.359	1578.01	21916.4	2655.89
114	356.359	1583.55	21950.2	2630.28
115	356.359	1559.48	20706.7	2509.95
116	356.359	1583.4 	20569.8	2551.71
117	356.359	1706.32	56142.3	3535.89
118	356.359	1640.88	34489.5	2900.26
119	356.359	1768.02	34467.2	3443.67
120	356.359	1830.16	34406.3	3651.13
121	356.359	1809.02	34167.7	3480.93
122	356.359	1857.8 	33327.8	3629.09
123	356.359	1903.52	33341.6	3713.19
124	356.359	1893.34	32605.3	3548.3 
125	356.359	1934.05	30787.3	3579.87
126	356.359	1964.47	30802.1	3725.17
127	356.359	1977.96	29201.5	3706.35
128	356.359	1949.14	29212.9	3507.74
129	356.359	1972.72	24889.5	3384.84
130	356.359	1994.45	23393.7	3374.65
131	356.359	1952.52	22316.2	3246.07
132	356.359	2012.51	22316.2	3354.82
133	356.359	1978.06	22316.2	3283.29
134	356.359	1968.35	22418.9	3290.04
135	356.359	1981.26	22316.2	3258.71
136	356.359	2005.66	22285  	3266.02
137	356.359	1991.16	21237.6	3222.33
138	356.359	1988.58	24090.6	3255.76
139	324.176	1978.08	20197.1	3154.89
140	324.176	2044.43	59018.5	3804.48
141	324.176	2016.15	35169.4	3409.83
142	324.176	2050.36	37010.4	3629.5 
143	324.176	2040.78	34379  	3453.12
144	324.176	2035.68	33877.7	3365.71
145	324.176	2104.12	33833.1	3618.04
146	324.176	2075.73	27013.2	3436.04
147	324.176	2128.79	38578.3	3885.53
148	324.176	2150.9 	37348.5	3772.3 
149	324.176	2172.02	36965.9	3725.66
150	324.176	2195.28	32824.9	3754.42
151	324.176	2231.53	32788.7	3792.36
152	324.176	2309.98	53833.8	4212.91
153	324.176	2318.66	32806.7	3992.71
154	324.176	2266.07	28379.5	3863.58
155	324.176	2287.98	28754.6	3916.49
156	324.176	2260.25	28751.6	3809.01
157	324.176	2257.93	25725  	3767.28
158	324.176	2214.7 	25165.3	3586.13
159	324.176	2288.19	40500.4	3843.61
160	324.176	2350.02	40560.7	3968.66
161	324.176	2502.14	52966.6	4564.35
162	324.176	2529.47	40523.8	4438.78
163	324.176	2516.9 	34520.8	4281.82
164	324.176	2550.73	34502.6	4250.56
165	324.176	2524.25	31886  	4159.61
166	324.176	2505.91	29013  	4092.19
167	324.176	2530.9 	28981.6	4186.79
168	324.176	2557.29	27886.5	4234.11
169	324.176	2544.37	27829.5	4118.37
170	324.176	2567.39	27057.6	4113.89
171	324.176	2618.97	27137.2	4221.51
172	324.176	2752.24	58247.2	4841.28
173	324.176	2726.33	34785.2	4536.59
174	324.176	2722.82	34910.5	4431.1 
175	324.176	2719.6 	27691  	4320.15
176	324.176	2694.01	27079.1	4257.18
177	324.176	2743.75	29414.8	4396.76
178	324.176	2741.89	38930.2	4551.35
179	324.176	2858.67	45953.2	5035.43
180	324.176	2942.25	45969.1	5269.17
181	324.176	2942.14	37710.2	5137.41
182	324.176	2996.61	37317.8	5250.81
183	324.176	2998.76	34006.8	5084.84
184	324.176	3056.69	33941.9	5155.58
185	324.176	3029.24	30517.9	5059.01
186	324.176	3046.04	29960.8	5047.04
187	324.176	3109.14	35425.8	5102.08
188	324.176	3174.89	39513.8	5339.84
189	324.176	3209.91	39271.9	5471.3 
190	324.176	3299.24	39271.9	5556.98
191	324.176	3308.82	36237.5	5490.57
192	324.176	3266.88	31742  	5309.76
193	324.176	3284.09	31703.3	5321.18
194	324.176	3284.84	33053.1	5424.3 
195	324.176	3328   	34378.3	5526.58
196	324.176	3330.28	34462.9	5550.38
197	324.176	3300.88	31702.6	5501.89
198	324.176	3350.1 	42298.5	5751.75
199	324.176	3374.89	44422  	5766.25
200	324.176	3308.4 	36515.3	5607.75
201	324.176	3365.31	37559.1	5828.42
202	324.176	3391.5 	41305.1	5950.02
203	324.176	3396.67	48040.9	6133.9 
204	324.176	3415.49	41356.4	5963.91
205	324.176	3492.18	41356.4	6093.19
206	324.176	3529.48	39564.2	5918.76
207	324.176	3601.8 	39599.8	6035.52
208	324.176	3575.82	36555.8	5975.01
209	324.176	3544.33	33520.6	5899.46
210	324.176	3511.72	39996.4	5955.11
211	324.176	3483.91	39897.8	5923.92
212	324.176	3599.23	39901.2	5986.55
213	324.176	3602.21	39947.8	5940.36
214	324.176	3635.45	37882.1	6091   
215	324.176	3620.75	37080.5	5966.38
216	324.176	3569.99	40104.1	5931.86
217	324.176	3606.72	40137  	6097.96
218	324.176	3639.55	43277  	6176.96
219	324.176	3651.07	42786.2	6066.72
220	324.176	3745.56	37255.5	6031.85
221	324.176	3775.56	37238.6	6143.79
222	324.176	3722.24	37226.8	5918.72
223	324.176	3738.86	37275.2	5966.58
224	324.176	3785.86	37275.2	6112.05
225	324.176	3824.45	37275.2	6128.47
226	324.176	3877.33	60097  	6532.54
227	324.176	3865.21	50987.8	6726.47
228	324.176	3861.27	49534.9	6564.99
229	324.176	3849.59	52311.6	6720.37
230	324.176	3820.16	49615.1	6560.65
231	324.176	3768.17	37351.1	6307.77
232	324.176	3753.26	35910.9	6172.83
233	324.176	3729.72	35486.2	6053.98
234	324.176	3722.71	34979.4	5997.48
235	324.176	3745.67	38197.7	6146.87
236	324.176	3766.13	40552.5	6230.87
237	324.176	3783.64	40236.7	6171.61
238	324.176	3827.18	44382.3	6315.61
239	324.176	3772.22	40114  	6146.17
240	324.176	3723.36	38375  	6057.21
241	324.176	3823.88	38375  	6392.47
242	324.176	3785.18	38189.8	6277.11
243	324.176	3796.15	37598.4	6201.93
244	324.176	3741.31	37598.4	6102.61
245	324.176	3763.18	37538.1	6082.54
246	324.176	3736.3 	35815.2	5997.48
247	324.176	3782.29	44492.8	6027.09
248	324.176	3723.56	35089.2	5729.9 
249	324.176	3806.01	36826.3	5948.3 
250	324.176	3777.52	33072.4	5887.05
251	324.176	3762.13	33090.1	5817.32
252	324.176	3772.13	31300.3	5759.2 
253	324.176	3791.9 	30360.1	5794.53
254	324.176	3830.26	30360.1	5796.86
255	324.176	3828.55	30360.1	5863.35
256	324.176	3769.14	30251  	5717.03
257	324.176	3883.51	47852.6	6081.44
258	324.176	3832.37	35413  	5893.1 
259	324.176	3844.11	35420.4	5927.39
260	324.176	3823.94	33260.9	5832.86
261	324.176	3881.78	39519  	6106.34
262	324.176	3935.88	39832.8	6325.68
263	324.176	3916.05	39505.4	6273.86
264	324.176	3864.23	38725.1	6214.62
265	324.176	3899.59	44114.8	6334.66
266	324.176	3893.46	38755.6	6233.67
267	324.176	3988.45	39937  	6369.31
268	324.176	3959.35	35550.6	6153.11
269	324.176	4000.04	36552.6	6321.35
270	324.176	3968.62	36482.6	6340.61
271	324.176	3976.43	36477.3	6302.18
272	324.176	4016.39	36477.3	6386.67
273	324.176	4083.38	36477.3	6575.92
274	324.176	4050.39	36551.1	6489.12
275	324.176	4044.21	36402.3	6372.23
276	324.176	4095.33	36308.9	6411.4 
277	324.176	4153.69	91614.4	7026.13
278	324.176	4175.69	65399.4	6770.73
279	324.176	4257.27	65345.1	7012.85
280	324.176	4210.77	49066.9	6684.99
281	324.176	4179.66	42930.9	6663.4 
282	324.176	4136.14	40375.8	6573.94
283	324.176	4162.98	49036.9	6626.43
284	324.176	4153.64	50596.9	6769.04
285	324.176	4217.33	50571.1	6987.5 
286	324.176	4168.4 	48975.1	6878.29
287	324.176	4194.66	48975.1	6729.55
288	324.176	4313.22	55931.6	7085   
289	324.176	4322   	48964.3	7014.4 
290	324.176	4321.09	46029.8	7030.6 
291	324.176	4315.01	46934.1	6880.39
292	324.176	4338.53	37634.8	6806.14
293	324.176	4316.59	39729.6	6727.56
294	324.176	4333.7 	39729.6	6730   
295	324.176	4466.98	79186.5	7407.29
296	324.176	4383.35	46616.3	6871.93
297	324.176	4457.99	42081.4	6933.13
298	324.176	4485.24	42116.9	6975.07
299	324.176	4523.74	42116.7	6982.83
300	324.176	4573.56	42096  	7239.33
301	324.176	4654.85	42096  	7335.41
302	324.176	4626.18	41842.5	7104.35
303	324.176	4638.63	41837.2	7188.45
304	324.176	4639.4 	41919.3	7168.38
305	324.176	4679.55	52558.9	7491.9 
306	324.176	4683.62	52587.7	7301.53
307	324.176	4670.56	40857.5	7265.65
308	324.176	4762.48	47390.3	7455.17
309	324.176	4816.19	46883  	7640.46
310	324.176	4858.52	46836.1	7752.87
311	324.176	4930.46	46836.1	7860.2 
312	324.176	4942.81	46836.1	7781.83
313	324.176	5027.99	47631.5	7976.05
314	324.176	5115.19	73044.9	8350.88
315	324.176	5152.5 	55277  	8217.75
316	324.176	5219.63	56006.7	8466.54
317	324.176	5265.15	52168.7	8452.56
318	324.176	5171.21	55661.1	8250.43
319	324.176	5119.28	52184.5	8186.64
320	324.176	5149.46	52193.2	8117.06
321	324.176	5222.98	64735.1	8368.66
322	324.176	5157.72	64659.2	8242.74
323	324.176	5280.41	65419.6	8329.63
324	324.176	5365.03	65419.6	8814.26
325	324.176	5302.25	48989.9	8494.07
326	324.176	5359.45	48989.9	8502.31
327	324.176	5464.6 	80763.9	8984.25
328	324.176	5459.07	82848.9	9040.09
329	324.176	5461.07	63221  	8698.72
330	324.176	5449.91	49363.2	8474.13
331	324.176	5406.11	48890.4	8430.09
332	324.176	5415.76	47000  	8490.13
333	324.176	5400.22	46959.5	8381.08
334	324.176	5390.12	45012.9	8239.07
335	324.176	5436.43	44645.5	8253.83
336	324.176	5569.02	65092.5	8654.32
337	324.176	5516.33	44932.9	8420.16
338	324.176	5591.02	59343  	8874.06
339	324.176	5626.93	64081.5	9423.08
340	324.176	5632.42	58914.1	9120.27
341	324.176	5617.36	47825.3	8935.79
342	324.176	5662.29	62535.4	9151.33
343	324.176	5752.32	50697.4	9123.47
344	324.176	5803.15	50667.4	9294.77
345	324.176	5749.07	50684  	9213.3 
346	324.176	5748.66	50711.2	9165.72
347	324.176	5832.65	50509  	9251.35
348	324.176	5868.41	56510.5	9221.14
349	324.176	5958.75	80292.3	9696.44
350	324.176	5973.38	80314.6	9834.14
351	324.176	5883.36	67237.1	9603.46
352	324.176	5813.03	57556.4	9267.15
353	324.176	6017.04	65295.4	9865.01
354	324.176	6018.4 	57816.1	9633.88
355	324.176	6089.04	57816.1	9586.53
356	324.176	6076.94	52393.5	9640.97
357	324.176	5970.84	49637.7	9308.45
358	324.176	6022.86	74507  	9488.89
359	324.176	5927.31	49704.2	9217.43
360	322.194	5959.31	49704.2	9335.35
361	322.194	5966.63	50495.8	9394.44
362	322.194	5959.19	50414.9	9420.2 
363	322.194	5959.2 	49515.3	9329.56
364	322.194	6150.58	63448.2	9805.44
365	322.194	6179.8 	63470.9	10056.7
366	322.194	6191.79	60651  	9816.61
367	322.194	6258.77	55509.7	9737.82
368	322.194	6228.92	52219.9	9514.86
369	322.194	6189.18	48192.6	9419.59
370	322.194	6169.27	46637.6	9456.7 
371	322.194	6153.02	47318.1	9338.94
372	322.194	6097.52	53944.9	9404.69
373	322.194	6057.68	59168.2	9338.87
374	322.194	6073.38	49530.8	9298.25
375	322.194	6071.74	49512.8	9369.95
376	322.194	6061.3 	49560.8	9378.72
377	322.194	6054.27	47271.4	9234.3 
378	322.194	6036.25	51910.8	9161.67
379	322.194	6045.01	47131.6	8883.48
380	322.194	6007.89	42616.5	8694.52
381	322.194	6121.41	58445.7	9148.47
382	322.194	6239.31	59784.6	9492.42
383	322.194	6253.13	59784.6	9563.77
384	322.194	6348.19	59598.8	9762.42
385	322.194	6362.72	59415.6	9740.81
386	322.194	6710.59	70467.2	10444.4
387	322.194	6670.48	70467.2	10503.2
388	322.194	6670.55	67552.6	10216.8
389	322.194	6721.48	62731.2	10114  
390	322.194	6723.91	63756.5	10352.2
391	322.194	6686.09	58064.5	10235.3
392	322.194	6772.77	58090.3	10188  
393	322.194	6886.57	58107  	10179.6
394	322.194	6923.84	58084.6	10153.6
395	322.194	6975.59	56710.4	10194  
396	322.194	7029.32	56332.1	10134.9
397	322.194	7133.39	94121.4	10648.4
398	322.194	7083.56	71516.3	10262.4
399	322.194	7201.78	71468.2	10350.6
400	322.194	7132.89	54345  	10236.9
401	322.194	7171.41	58019.4	10349.1
402	322.194	7151.95	54607  	10308.6
403	322.194	7219.59	93579.9	10781.8
404	322.194	7273.94	61784.5	10485.7
405	322.194	7219.53	61861.1	10581.5
406	322.194	7190.27	61861.1	10640.9
407	322.194	7155.51	55935.8	10615.1
408	322.194	7202.48	54665.2	10502.2
409	322.194	7110.41	71599  	10683.2
410	322.194	7212.36	60969.7	10843  
411	322.194	7209.8 	60500.9	10666  
412	322.194	7287.61	60517.7	10781.6
413	322.194	7333.17	60517.7	10706.2
414	322.194	7326.83	60513.1	10671.7
415	322.194	7388.41	62287.7	10784.3
416	322.194	7375.22	62323.9	10771  
417	322.194	7411.4 	62303.9	10862.5
418	322.194	7387.66	62306.1	10806.7
419	322.194	7414.09	87237.9	11151.3
420	322.194	7488.76	84430.6	11333.6
421	322.194	7458.7 	79119.7	11188.9
422	322.194	7561.38	65155.8	11029.5
423	322.194	7566.57	62413.7	10886.1
424	322.194	7571.93	59484.7	10864.4
425	322.194	7567.13	54642  	10796.3
426	322.194	7599.67	54040.9	10931.3
427	322.194	7733.03	78503.1	11391.8
428	322.194	7819.52	74237.1	11625.3
429	322.194	7837.8 	74237.1	11858.6
430	322.194	7824.03	74237.1	11659.6
431	322.194	7941.89	62141.4	11543  
432	322.194	7894.2 	61899.8	11474.4
433	322.194	7792.19	61927.4	11392.4
434	322.194	7841.8 	69940.4	11421.5
435	322.194	7892.91	84915.4	11731.3
436	322.194	7899.86	84915.4	11805  
437	322.194	7765.84	59470.8	11305.8
438	322.194	7920.27	59414.5	11485.6
439	322.194	7937.83	77555.2	11554.3
440	322.194	7948.69	57213.8	11348.3
441	322.194	8004.32	54243.3	11451.4
442	322.194	8063.04	65754.8	11849.7
443	322.194	8122.73	65754.8	11804.7
444	322.194	8125.42	89872.7	12036.4
445	322.194	8055.75	67125.7	11901.2
446	322.194	7980.71	67125.7	11920  
447	322.194	7936.13	67105.4	12006  
448	322.194	7954.11	69511.9	11572.7
449	322.194	7908.99	61968.4	11298.2
450	322.194	7973.59	67091.1	11870.2
451	322.194	7986.36	64220.1	11620.9
452	322.194	7968.62	57239.1	11568.6
453	322.194	7903.8 	55518.1	11441.8
454	322.194	7851.91	57838.8	11385.2
455	322.194	7836.09	55629.8	11250.9
456	322.194	7783.78	60465.9	11151.4
457	322.194	7872.69	60465.9	11026  
458	322.194	7789.7 	56007.4	10826  
459	322.194	7913.64	58033.8	11077.2
460	322.194	7867.12	67173.8	11297.4
461	322.194	7983.65	64992.2	11678.1
462	322.194	8031.29	62466.5	11482.9
463	322.194	7998.63	62466.5	11590.5
464	322.194	8000.14	63416  	11465.6
465	322.194	7967.36	62409.6	11350.8
466	322.194	8039.02	62255.8	11373  
467	322.194	8014.61	61968.8	11392.3
468	322.194	7998.85	56211.2	11255.9
469	322.194	8010.2 	56233.2	11185.2
470	322.194	8194.38	93241.9	11793.9
471	322.194	8188.58	76907.1	11639.2
472	322.194	8157.1 	64733.7	11412.6
473	322.194	8208.82	80798.6	11643.4
474	322.194	8232.03	66427.6	11497.7
475	322.194	8255.95	66460.3	11388.9
476	322.194	8332.29	57970.5	11522.3
477	322.194	8253.54	57946.6	11581.6
478	322.194	8334.13	56235.5	11536.2
479	322.194	8413.88	56207.6	11569.5
480	322.194	8559.69	93723.2	12032.3
481	322.194	8511.56	69927.4	11947.7
482	322.194	8688.69	107789 	12547.5
483	322.194	8552.83	76346.5	12251.3
484	322.194	8463.01	63277.9	11891.7
485	322.194	8556.53	82614.7	12381.5
486	322.194	8416.69	82554.7	12378.2
487	322.194	8406.31	88091  	12773.6
488	322.194	8357.63	71595.7	12345.5
489	322.194	8305.64	68224.6	12234.4
490	322.194	8450.76	68231.9	12546.3
491	322.194	8522.94	68067.6	12608.5
492	322.194	8704.32	93620.8	12805.2
493	322.194	8916.57	73069.1	12897.2
494	322.194	8905.99	74496.7	13137.3
495	322.194	8878.74	74470.8	13175.2
496	322.194	8886.9 	74517.4	13343.3
497	322.194	8883.15	73057.6	13259.1
498	322.194	8813.19	73057.6	13200  
499	322.194	8895.34	70376  	13488.2
102.61000001
