gen	min        	avg        	max        	std        
0  	1.37869e+06	2.04489e+07	5.88225e+07	1.18635e+07
1  	825918     	2.03927e+07	5.79243e+07	1.18413e+07
2  	825841     	2.03351e+07	5.4958e+07 	1.16321e+07
3  	825841     	2.02795e+07	5.92534e+07	1.16493e+07
4  	817485     	2.02103e+07	5.44501e+07	1.16038e+07
5  	817485     	2.01422e+07	5.37315e+07	1.17038e+07
6  	568140     	2.00945e+07	5.55093e+07	1.16571e+07
7  	568140     	2.00932e+07	5.53575e+07	1.17097e+07
8  	568140     	2.00163e+07	5.44697e+07	1.16311e+07
9  	568140     	1.9976e+07 	5.37299e+07	1.16433e+07
10 	211033     	1.99062e+07	5.36433e+07	1.15987e+07
11 	211033     	1.9811e+07 	5.50276e+07	1.16836e+07
12 	211033     	1.97541e+07	5.55577e+07	1.16749e+07
13 	211033     	1.97243e+07	5.40267e+07	1.14981e+07
14 	211033     	1.97344e+07	5.45734e+07	1.15103e+07
15 	211033     	1.96994e+07	5.21426e+07	1.16371e+07
16 	210981     	1.96476e+07	5.13748e+07	1.16702e+07
17 	210981     	1.95894e+07	5.33483e+07	1.16624e+07
18 	210981     	1.95565e+07	5.93571e+07	1.18424e+07
19 	210981     	1.94991e+07	5.86335e+07	1.19793e+07
20 	210981     	1.94664e+07	5.39592e+07	1.18229e+07
21 	210981     	1.94088e+07	5.70335e+07	1.18327e+07
22 	193379     	1.93456e+07	5.7002e+07 	1.18151e+07
23 	193379     	1.92901e+07	5.78872e+07	1.17065e+07
24 	193379     	1.92044e+07	5.34188e+07	1.14842e+07
25 	193379     	1.91733e+07	5.33994e+07	1.14964e+07
26 	176649     	1.91678e+07	5.28698e+07	1.13338e+07
27 	176649     	1.91672e+07	5.59616e+07	1.14905e+07
28 	176649     	1.91704e+07	5.79703e+07	1.15029e+07
29 	167474     	1.91704e+07	5.79526e+07	1.15881e+07
30 	167474     	1.91343e+07	5.58686e+07	1.1603e+07 
31 	167474     	1.90931e+07	5.38863e+07	1.13671e+07
32 	167474     	1.90376e+07	5.38888e+07	1.14025e+07
33 	167474     	1.89938e+07	5.57198e+07	1.13358e+07
34 	167474     	1.89309e+07	5.56717e+07	1.13523e+07
35 	167474     	1.8909e+07 	5.41038e+07	1.13587e+07
36 	167474     	1.88722e+07	5.25094e+07	1.12943e+07
37 	167474     	1.88048e+07	5.08851e+07	1.13435e+07
38 	167474     	1.87569e+07	5.09598e+07	1.14452e+07
39 	167474     	1.87161e+07	5.54862e+07	1.13748e+07
40 	167474     	1.86819e+07	5.49657e+07	1.13132e+07
41 	154484     	1.8642e+07 	5.39423e+07	1.1472e+07 
42 	154484     	1.85627e+07	5.3178e+07 	1.14469e+07
43 	154484     	1.85473e+07	5.20393e+07	1.14098e+07
44 	154484     	1.85032e+07	4.98645e+07	1.11972e+07
45 	154484     	1.84654e+07	4.9841e+07 	1.09805e+07
46 	154484     	1.842e+07  	4.88793e+07	1.11324e+07
47 	154484     	1.8404e+07 	4.83689e+07	1.13549e+07
48 	154484     	1.83628e+07	5.26096e+07	1.14774e+07
49 	154484     	1.82996e+07	5.83377e+07	1.15649e+07
50 	154484     	1.82598e+07	5.66087e+07	1.16916e+07
51 	154484     	1.81956e+07	5.26114e+07	1.15696e+07
52 	154484     	1.81153e+07	5.61835e+07	1.14201e+07
53 	154484     	1.80717e+07	5.61835e+07	1.1546e+07 
54 	154484     	1.80144e+07	5.4955e+07 	1.14327e+07
55 	154484     	1.79897e+07	5.42346e+07	1.12908e+07
56 	154484     	1.79321e+07	5.34671e+07	1.11973e+07
57 	154484     	1.79114e+07	5.50212e+07	1.13257e+07
58 	154484     	1.78489e+07	5.64014e+07	1.11536e+07
59 	154484     	1.77788e+07	5.32171e+07	1.09602e+07
60 	154484     	1.7732e+07 	5.3217e+07 	1.10073e+07
61 	154484     	1.77403e+07	5.55956e+07	1.1031e+07 
62 	153047     	1.77005e+07	5.19239e+07	1.1096e+07 
63 	153047     	1.76511e+07	6.32926e+07	1.12335e+07
64 	153040     	1.75825e+07	6.24356e+07	1.0954e+07 
65 	153040     	1.7607e+07 	5.55375e+07	1.09319e+07
66 	153040     	1.75484e+07	5.39626e+07	1.10568e+07
67 	153040     	1.74921e+07	5.19074e+07	1.08442e+07
68 	153040     	1.74258e+07	4.99449e+07	1.08169e+07
69 	153040     	1.73352e+07	4.99445e+07	1.08625e+07
70 	153040     	1.72601e+07	4.99445e+07	1.09618e+07
71 	153040     	1.71947e+07	4.84847e+07	1.09215e+07
72 	153040     	1.71601e+07	5.27361e+07	1.10165e+07
73 	153040     	1.71272e+07	5.02709e+07	1.11319e+07
74 	153040     	1.7076e+07 	5.00611e+07	1.10652e+07
75 	153040     	1.70169e+07	4.82107e+07	1.08116e+07
76 	153040     	1.69362e+07	5.07663e+07	1.08064e+07
77 	146950     	1.6864e+07 	5.04537e+07	1.0732e+07 
78 	146950     	1.68221e+07	4.91408e+07	1.0779e+07 
79 	146950     	1.6776e+07 	4.8551e+07 	1.07939e+07
80 	146950     	1.6708e+07 	4.85826e+07	1.08393e+07
81 	146950     	1.66313e+07	5.37993e+07	1.07531e+07
82 	146950     	1.65921e+07	5.08127e+07	1.08096e+07
83 	145048     	1.65563e+07	5.01355e+07	1.07377e+07
84 	145048     	1.64987e+07	5.01355e+07	1.07196e+07
85 	145048     	1.64207e+07	4.98299e+07	1.05861e+07
86 	145048     	1.63774e+07	5.12645e+07	1.05619e+07
87 	141649     	1.62953e+07	4.86391e+07	1.03976e+07
88 	141638     	1.62208e+07	5.56052e+07	1.04723e+07
89 	140986     	1.61588e+07	5.33781e+07	1.04068e+07
90 	140986     	1.6139e+07 	5.25864e+07	1.02955e+07
91 	140986     	1.60959e+07	5.28308e+07	1.02214e+07
92 	140986     	1.60207e+07	5.70044e+07	1.01069e+07
93 	140653     	1.59568e+07	4.99361e+07	1.00656e+07
94 	140653     	1.59277e+07	4.95301e+07	1.01482e+07
95 	140653     	1.58793e+07	5.26258e+07	9.96264e+06
96 	140653     	1.58588e+07	5.26258e+07	9.87483e+06
97 	140653     	1.58325e+07	4.99112e+07	9.87758e+06
98 	140653     	1.57847e+07	4.64845e+07	9.71731e+06
99 	140653     	1.57461e+07	5.41313e+07	9.80877e+06
100	140653     	1.57147e+07	5.20341e+07	9.71375e+06
101	140596     	1.56781e+07	4.75203e+07	9.84011e+06
102	140596     	1.55939e+07	5.17318e+07	1.00201e+07
103	140596     	1.5543e+07 	4.61304e+07	1.00366e+07
104	140596     	1.55249e+07	4.61304e+07	9.96436e+06
105	140596     	1.5526e+07 	5.74874e+07	1.00865e+07
106	117176     	1.5499e+07 	4.81845e+07	1.00276e+07
107	117176     	1.54228e+07	4.81969e+07	9.98809e+06
108	116572     	1.54041e+07	5.37796e+07	1.00452e+07
109	116572     	1.53736e+07	4.8933e+07 	9.84943e+06
110	116572     	1.52974e+07	4.78292e+07	9.7866e+06 
111	116572     	1.52344e+07	4.73285e+07	9.53513e+06
112	116572     	1.51816e+07	4.7328e+07 	9.65583e+06
113	116572     	1.51325e+07	5.00575e+07	9.62692e+06
114	116572     	1.50715e+07	4.7487e+07 	9.51881e+06
115	116572     	1.50541e+07	4.74886e+07	9.50934e+06
116	116572     	1.50095e+07	4.5271e+07 	9.52607e+06
117	116556     	1.49604e+07	5.40075e+07	9.6472e+06 
118	116556     	1.49312e+07	4.55661e+07	9.5976e+06 
119	116539     	1.48934e+07	4.52711e+07	9.58605e+06
120	116539     	1.48818e+07	4.52506e+07	9.79203e+06
121	115248     	1.48264e+07	4.51951e+07	9.6419e+06 
122	115248     	1.48126e+07	4.58183e+07	9.67381e+06
123	115248     	1.47689e+07	4.58185e+07	9.66355e+06
124	115248     	1.47152e+07	5.08403e+07	9.74911e+06
125	115248     	1.46444e+07	4.66744e+07	9.69366e+06
126	115248     	1.46114e+07	4.66023e+07	9.60684e+06
127	115189     	1.45801e+07	4.65406e+07	9.71744e+06
128	115189     	1.45238e+07	4.59663e+07	9.69817e+06
129	115189     	1.45221e+07	4.58586e+07	9.59356e+06
130	115189     	1.44802e+07	4.58586e+07	9.58595e+06
131	115189     	1.44326e+07	4.60291e+07	9.47883e+06
132	115189     	1.43901e+07	4.58586e+07	9.53179e+06
133	115189     	1.42976e+07	5.58056e+07	9.63509e+06
134	115189     	1.42559e+07	4.62784e+07	9.58665e+06
135	115189     	1.41829e+07	4.90459e+07	9.51896e+06
136	115189     	1.41174e+07	4.37864e+07	9.46919e+06
137	115189     	1.40557e+07	4.39639e+07	9.33541e+06
138	115189     	1.40176e+07	4.51065e+07	9.45543e+06
139	115189     	1.39751e+07	4.52219e+07	9.43586e+06
140	115189     	1.39445e+07	4.46363e+07	9.53736e+06
141	115189     	1.39292e+07	4.46362e+07	9.46052e+06
142	115189     	1.38624e+07	4.44934e+07	9.32569e+06
143	115189     	1.38263e+07	4.36642e+07	9.21911e+06
144	115189     	1.37839e+07	4.2808e+07 	9.09715e+06
145	86673.8    	1.37378e+07	4.46913e+07	9.04955e+06
146	86673.8    	1.37076e+07	4.42755e+07	9.04895e+06
147	86673.8    	1.36874e+07	4.34816e+07	8.88662e+06
148	86673.8    	1.3685e+07 	4.39244e+07	8.9566e+06 
149	86673.8    	1.36101e+07	4.35819e+07	8.99572e+06
150	86673.8    	1.3565e+07 	4.61287e+07	8.89258e+06
151	86673.8    	1.3516e+07 	4.41412e+07	9.05164e+06
152	86420.6    	1.34707e+07	4.45449e+07	9.07703e+06
153	86420.6    	1.34222e+07	4.41401e+07	9.08162e+06
154	86039      	1.33716e+07	4.36651e+07	8.89137e+06
155	86039      	1.33433e+07	4.13673e+07	8.68905e+06
156	76508.8    	1.33303e+07	4.01039e+07	8.58341e+06
157	76508.8    	1.32886e+07	3.99379e+07	8.59482e+06
158	76508.8    	1.32291e+07	4.20133e+07	8.66859e+06
159	76082.7    	1.31851e+07	4.04787e+07	8.50964e+06
160	76082.7    	1.31594e+07	4.04787e+07	8.48941e+06
161	76003.3    	1.31198e+07	3.94078e+07	8.60703e+06
162	76003.3    	1.30738e+07	3.94263e+07	8.58773e+06
163	76003.3    	1.3035e+07 	3.87833e+07	8.51925e+06
164	76003.3    	1.30118e+07	3.87299e+07	8.57937e+06
165	76003.3    	1.30132e+07	4.06101e+07	8.68636e+06
166	76003.3    	1.29559e+07	4.75788e+07	8.66066e+06
167	76003.3    	1.29476e+07	4.69634e+07	8.47404e+06
168	75766.8    	1.28992e+07	4.49619e+07	8.46369e+06
169	75738.3    	1.28795e+07	4.40415e+07	8.44935e+06
170	75738.3    	1.28381e+07	4.35798e+07	8.41993e+06
171	75738.3    	1.27829e+07	4.62026e+07	8.30434e+06
172	75738.3    	1.27695e+07	4.0741e+07 	8.17244e+06
173	75738.3    	1.27586e+07	4.19168e+07	8.23519e+06
174	75738.3    	1.27374e+07	4.1743e+07 	8.262e+06  
175	75738.3    	1.27148e+07	4.08215e+07	8.20827e+06
176	75738.3    	1.26635e+07	3.94967e+07	8.14613e+06
177	75738.3    	1.26228e+07	3.89192e+07	8.04033e+06
178	75738.3    	1.2584e+07 	3.81048e+07	7.98796e+06
179	75738.3    	1.25344e+07	3.81049e+07	8.03805e+06
180	75738.3    	1.25133e+07	3.68351e+07	8.1086e+06 
181	75738.3    	1.24445e+07	3.6888e+07 	8.1045e+06 
182	75738.3    	1.23837e+07	3.69342e+07	8.05475e+06
183	75738.3    	1.23231e+07	4.09323e+07	8.10594e+06
184	73995.8    	1.23003e+07	4.03932e+07	8.16609e+06
185	73995.8    	1.22737e+07	3.961e+07  	8.07955e+06
186	73995.8    	1.22374e+07	3.961e+07  	8.26574e+06
187	73995.8    	1.21984e+07	3.95894e+07	8.29128e+06
188	73995.8    	1.21886e+07	3.83854e+07	8.22881e+06
189	73995.8    	1.21329e+07	3.70654e+07	8.22456e+06
190	73995.8    	1.21226e+07	4.22498e+07	8.25268e+06
191	73995.8    	1.2073e+07 	3.99795e+07	8.16185e+06
192	72953.9    	1.20179e+07	4.25571e+07	8.20563e+06
193	72953.9    	1.20279e+07	3.99428e+07	8.13753e+06
194	72953.9    	1.19927e+07	4.00061e+07	8.05194e+06
195	72914.8    	1.19901e+07	3.74656e+07	8.05222e+06
196	72914.8    	1.19436e+07	3.74664e+07	8.17263e+06
197	72914.8    	1.19467e+07	3.74664e+07	8.0499e+06 
198	72914.8    	1.19347e+07	3.74664e+07	7.89193e+06
199	72700.4    	1.1869e+07 	3.82433e+07	7.85487e+06
200	72700.4    	1.18363e+07	4.05506e+07	7.7509e+06 
201	72700.4    	1.17873e+07	4.02177e+07	7.71176e+06
202	72700.4    	1.17242e+07	4.01448e+07	7.69528e+06
203	72700.4    	1.16468e+07	3.83094e+07	7.54653e+06
204	72700.4    	1.16094e+07	3.89758e+07	7.5461e+06 
205	72700.4    	1.15724e+07	3.89576e+07	7.5396e+06 
206	72700.4    	1.15444e+07	3.84782e+07	7.51721e+06
207	72700.4    	1.15023e+07	4.00173e+07	7.62083e+06
208	72700.4    	1.14791e+07	3.84105e+07	7.5963e+06 
209	72700.4    	1.14316e+07	3.82426e+07	7.4806e+06 
210	72700.4    	1.14065e+07	3.94259e+07	7.51507e+06
211	72700.4    	1.13828e+07	3.78276e+07	7.55366e+06
212	72700.4    	1.13357e+07	3.75952e+07	7.48574e+06
213	72700.4    	1.12748e+07	3.65642e+07	7.55946e+06
214	72700.4    	1.12498e+07	3.6666e+07 	7.52818e+06
215	72700.4    	1.1225e+07 	3.64998e+07	7.41557e+06
216	72700.4    	1.11885e+07	3.64998e+07	7.36149e+06
217	72700.4    	1.11714e+07	4.36059e+07	7.54872e+06
218	72700.4    	1.11055e+07	3.69647e+07	7.40732e+06
219	72700.4    	1.10739e+07	3.69306e+07	7.41275e+06
220	72700.4    	1.10262e+07	3.92598e+07	7.38284e+06
221	72700.4    	1.09702e+07	3.74792e+07	7.45543e+06
222	72700.4    	1.09441e+07	3.8741e+07 	7.42717e+06
223	72700.4    	1.09309e+07	3.89523e+07	7.52017e+06
224	72700.4    	1.0883e+07 	3.89531e+07	7.42633e+06
225	72700.4    	1.08813e+07	3.8952e+07 	7.33725e+06
226	63131.2    	1.08386e+07	3.77705e+07	7.25162e+06
227	63117.4    	1.08149e+07	3.743e+07  	7.11672e+06
228	63117.4    	1.08035e+07	3.58128e+07	7.13609e+06
229	63117.4    	1.07497e+07	3.63951e+07	7.26417e+06
230	63117.4    	1.07234e+07	3.48959e+07	7.16019e+06
231	63117.4    	1.07199e+07	3.49447e+07	7.0452e+06 
232	63117.4    	1.07005e+07	3.49447e+07	7.00108e+06
233	63117.4    	1.06656e+07	3.45547e+07	6.92465e+06
234	63015.6    	1.06201e+07	3.44543e+07	6.84161e+06
235	63015.6    	1.05993e+07	3.68287e+07	6.99135e+06
236	63015.6    	1.05787e+07	3.61771e+07	6.97105e+06
237	63015.6    	1.05404e+07	3.61802e+07	6.95816e+06
238	63015.6    	1.05156e+07	3.6179e+07 	6.86854e+06
239	63015.6    	1.04684e+07	3.39318e+07	6.8033e+06 
240	63015.6    	1.04399e+07	3.40119e+07	6.79383e+06
241	63015.6    	1.0404e+07 	3.4724e+07 	6.77066e+06
242	63015.6    	1.0365e+07 	3.48777e+07	6.7229e+06 
243	63015.6    	1.03446e+07	3.25906e+07	6.61358e+06
244	63009.4    	1.02696e+07	3.25924e+07	6.61577e+06
245	63005      	1.02576e+07	3.24101e+07	6.67111e+06
246	63005      	1.02574e+07	3.2976e+07 	6.65468e+06
247	63005      	1.02055e+07	3.28987e+07	6.60707e+06
248	63005      	1.01723e+07	3.31257e+07	6.55828e+06
249	63005      	1.01444e+07	3.26335e+07	6.40191e+06
250	63005      	1.014e+07  	3.2565e+07 	6.47093e+06
251	63005      	1.01237e+07	3.26268e+07	6.52696e+06
252	63005      	1.00908e+07	3.18034e+07	6.5136e+06 
253	63005      	1.00755e+07	3.18034e+07	6.52917e+06
254	63005      	1.0026e+07 	3.61336e+07	6.59815e+06
255	63005      	9.99433e+06	3.39521e+07	6.5638e+06 
256	63005      	9.98668e+06	3.16457e+07	6.4484e+06 
257	63005      	9.98306e+06	3.16316e+07	6.44695e+06
258	63005      	9.96359e+06	3.44149e+07	6.56201e+06
259	63005      	9.93913e+06	3.51684e+07	6.57717e+06
260	63005      	9.9118e+06 	3.43441e+07	6.53622e+06
261	62958.1    	9.89593e+06	3.408e+07  	6.70543e+06
262	62958.1    	9.87461e+06	3.59879e+07	6.81953e+06
263	62958.1    	9.83279e+06	3.42853e+07	6.72624e+06
264	62958.1    	9.82186e+06	3.42853e+07	6.63756e+06
265	62958.1    	9.76525e+06	3.42675e+07	6.69312e+06
266	62958.1    	9.72182e+06	3.84019e+07	6.81786e+06
267	62958.1    	9.67301e+06	3.42197e+07	6.84559e+06
268	62958.1    	9.6543e+06 	3.25881e+07	6.80878e+06
269	62958.1    	9.62728e+06	3.43713e+07	6.78566e+06
270	62958.1    	9.58002e+06	3.30257e+07	6.74622e+06
271	62958.1    	9.55371e+06	3.29005e+07	6.67754e+06
272	62958.1    	9.51924e+06	3.1453e+07 	6.52501e+06
273	62958.1    	9.49437e+06	3.11075e+07	6.37384e+06
274	62958.1    	9.47253e+06	3.19975e+07	6.28869e+06
275	62958.1    	9.43918e+06	3.19975e+07	6.28359e+06
276	56745.1    	9.42332e+06	3.07014e+07	6.2137e+06 
277	56745.1    	9.41094e+06	3.57053e+07	6.20924e+06
278	56745.1    	9.39095e+06	3.07878e+07	6.14529e+06
279	56745.1    	9.35242e+06	2.99854e+07	6.02285e+06
280	56745.1    	9.32143e+06	2.89554e+07	5.97621e+06
281	55787.6    	9.30286e+06	2.8868e+07 	5.89298e+06
282	55787.6    	9.28359e+06	2.88675e+07	5.9667e+06 
283	55787.6    	9.28089e+06	2.87232e+07	5.91574e+06
284	55787.6    	9.25525e+06	2.95472e+07	6.01852e+06
285	55787.6    	9.23169e+06	2.9556e+07 	6.0143e+06 
286	55787.6    	9.2113e+06 	2.9556e+07 	5.94838e+06
287	55787.6    	9.18484e+06	2.9556e+07 	5.86582e+06
288	55787.6    	9.18772e+06	2.89215e+07	5.87111e+06
289	55787.6    	9.17807e+06	2.89215e+07	5.9008e+06 
290	55787.6    	9.1517e+06 	3.28328e+07	5.96354e+06
291	55787.6    	9.11617e+06	3.28542e+07	5.9568e+06 
292	55787.6    	9.10701e+06	3.03496e+07	5.9841e+06 
293	55787.6    	9.10282e+06	3.06431e+07	6.00458e+06
294	55783.5    	9.05999e+06	3.06431e+07	5.89935e+06
295	55783.5    	9.03222e+06	3.06433e+07	5.79102e+06
296	55783.5    	9.00246e+06	2.79686e+07	5.72484e+06
297	55783.5    	8.97785e+06	2.97164e+07	5.76092e+06
298	55783.5    	8.9712e+06 	3.06986e+07	5.77203e+06
299	55783.5    	8.96055e+06	2.8926e+07 	5.68084e+06
300	55783.5    	8.9464e+06 	2.9093e+07 	5.71787e+06
301	55783.5    	8.91684e+06	2.932e+07  	5.73184e+06
302	55783.5    	8.88951e+06	2.9205e+07 	5.67007e+06
303	55783.5    	8.895e+06  	2.90088e+07	5.65612e+06
304	55783.5    	8.8755e+06 	2.79559e+07	5.61124e+06
305	55783.5    	8.84034e+06	2.9427e+07 	5.66742e+06
306	55783.5    	8.81842e+06	2.92838e+07	5.61783e+06
307	55783.5    	8.79605e+06	2.92593e+07	5.65609e+06
308	55779.1    	8.78925e+06	2.87881e+07	5.67156e+06
309	55779.1    	8.77488e+06	2.9471e+07 	5.66221e+06
310	55779.1    	8.75583e+06	2.80165e+07	5.60808e+06
311	55779.1    	8.74194e+06	2.92844e+07	5.70764e+06
312	55779.1    	8.7177e+06 	2.9045e+07 	5.61694e+06
313	55779.1    	8.72677e+06	2.74375e+07	5.52733e+06
314	55779.1    	8.71452e+06	2.7477e+07 	5.43479e+06
315	55679.9    	8.71588e+06	2.69164e+07	5.51567e+06
316	55679.9    	8.70415e+06	2.77148e+07	5.54351e+06
317	55679.9    	8.68973e+06	2.54548e+07	5.41432e+06
318	55627.4    	8.68158e+06	2.54365e+07	5.41901e+06
319	55627.4    	8.68566e+06	2.51868e+07	5.47556e+06
320	30038.3    	8.66241e+06	3.06238e+07	5.58554e+06
321	30038.3    	8.65922e+06	3.03429e+07	5.63737e+06
322	30038.3    	8.62551e+06	2.976e+07  	5.62377e+06
323	29065.9    	8.61839e+06	2.90482e+07	5.57474e+06
324	29065.9    	8.57163e+06	2.7865e+07 	5.42876e+06
325	29065.9    	8.55524e+06	2.7795e+07 	5.40997e+06
326	29065.9    	8.54265e+06	2.92627e+07	5.48191e+06
327	29065.9    	8.51782e+06	2.88523e+07	5.38712e+06
328	29057.6    	8.5034e+06 	3.16835e+07	5.40626e+06
329	29057.6    	8.51259e+06	3.16733e+07	5.36675e+06
330	29057.6    	8.48432e+06	3.1289e+07 	5.3624e+06 
331	29057.6    	8.45291e+06	2.63953e+07	5.23447e+06
332	29057.6    	8.42346e+06	2.65394e+07	5.20732e+06
333	29057.6    	8.40225e+06	2.6475e+07 	5.20055e+06
334	28866.7    	8.42083e+06	2.54427e+07	5.29718e+06
335	28866.7    	8.3959e+06 	2.99098e+07	5.35648e+06
336	28866.7    	8.33783e+06	2.92054e+07	5.31243e+06
337	28866.7    	8.30301e+06	2.92054e+07	5.27824e+06
338	28866.7    	8.28482e+06	2.73455e+07	5.32006e+06
339	28866.7    	8.29077e+06	2.73061e+07	5.33654e+06
340	28866.7    	8.26657e+06	2.75239e+07	5.33073e+06
341	28866.7    	8.24183e+06	3.16759e+07	5.35705e+06
342	23829.3    	8.23411e+06	2.7626e+07 	5.24709e+06
343	23829.3    	8.1955e+06 	2.7149e+07 	5.22669e+06
344	23829.3    	8.18531e+06	2.64069e+07	5.21581e+06
345	23829.3    	8.17888e+06	2.6807e+07 	5.20782e+06
346	23829.3    	8.1872e+06 	2.68068e+07	5.21509e+06
347	23829.3    	8.15416e+06	2.75636e+07	5.16589e+06
348	23829.3    	8.1219e+06 	2.55525e+07	5.16224e+06
349	23829.3    	8.07524e+06	2.55525e+07	5.1169e+06 
350	23829.3    	8.04979e+06	2.44289e+07	5.07211e+06
351	23829.3    	8.02789e+06	2.49486e+07	5.03849e+06
352	23804.6    	8.00519e+06	2.49486e+07	5.12622e+06
353	23804.6    	7.97141e+06	2.66455e+07	5.17954e+06
354	23464      	7.95343e+06	2.83394e+07	5.17216e+06
355	23464      	7.93447e+06	2.83394e+07	5.11507e+06
356	23464      	7.92726e+06	2.80709e+07	5.19895e+06
357	23464      	7.89868e+06	2.66218e+07	5.14116e+06
358	23464      	7.89383e+06	2.73438e+07	5.10376e+06
359	23464      	7.88501e+06	2.46657e+07	4.91558e+06
360	23464      	7.84817e+06	2.46666e+07	4.87069e+06
361	23464      	7.83025e+06	2.49053e+07	4.96379e+06
362	23464      	7.83038e+06	2.48888e+07	4.94153e+06
363	18718.2    	7.81634e+06	2.4707e+07 	4.98153e+06
364	18706.6    	7.79685e+06	2.4707e+07 	4.9214e+06 
365	18706.6    	7.7804e+06 	2.65454e+07	4.77712e+06
366	18706.6    	7.75693e+06	2.64184e+07	4.81394e+06
367	18703.3    	7.73062e+06	2.59161e+07	4.85394e+06
368	18703.3    	7.736e+06  	2.72976e+07	4.98461e+06
369	18703.3    	7.71245e+06	2.59135e+07	4.88355e+06
370	18703.3    	7.69885e+06	2.59135e+07	4.86837e+06
371	18703.3    	7.71319e+06	2.55909e+07	4.86587e+06
372	18421.5    	7.70041e+06	2.6148e+07 	4.88765e+06
373	18421.5    	7.6841e+06 	2.55372e+07	4.94383e+06
374	18421.5    	7.67387e+06	2.61234e+07	4.91529e+06
375	18421.5    	7.63721e+06	2.65957e+07	4.99507e+06
376	18120.9    	7.62428e+06	2.61285e+07	4.97378e+06
377	18120.9    	7.57848e+06	2.61285e+07	4.93632e+06
378	18120.9    	7.59508e+06	2.88822e+07	5.01309e+06
379	18120.9    	7.57655e+06	2.87886e+07	5.04023e+06
380	18120.9    	7.57171e+06	2.89067e+07	4.99553e+06
381	18120.9    	7.55581e+06	2.62074e+07	4.96889e+06
382	18120.9    	7.57181e+06	2.58536e+07	4.84091e+06
383	18120.9    	7.57476e+06	2.56787e+07	4.88279e+06
384	18120.9    	7.55481e+06	2.80661e+07	4.82711e+06
385	18120.9    	7.5129e+06 	2.79729e+07	4.79978e+06
386	18120.9    	7.5022e+06 	2.4469e+07 	4.76797e+06
387	18120.9    	7.48506e+06	2.43992e+07	4.78613e+06
388	17987      	7.44908e+06	2.37602e+07	4.81202e+06
389	17987      	7.42043e+06	2.42649e+07	4.7721e+06 
390	17987      	7.40234e+06	2.38733e+07	4.64357e+06
391	17987      	7.40491e+06	2.38857e+07	4.63356e+06
392	17987      	7.36047e+06	2.37732e+07	4.60165e+06
393	17987      	7.34774e+06	2.31359e+07	4.62585e+06
394	17987      	7.32836e+06	2.45018e+07	4.72464e+06
395	17987      	7.30144e+06	2.40906e+07	4.65503e+06
396	17987      	7.30202e+06	2.34769e+07	4.71432e+06
397	17987      	7.29751e+06	2.29232e+07	4.706e+06  
398	17987      	7.27048e+06	2.2708e+07 	4.67234e+06
399	17987      	7.26239e+06	2.38039e+07	4.69734e+06
400	17987      	7.24064e+06	2.38039e+07	4.62989e+06
401	17987      	7.24517e+06	2.63121e+07	4.72087e+06
402	17987      	7.23574e+06	2.37859e+07	4.71073e+06
403	17987      	7.22975e+06	2.28596e+07	4.61867e+06
404	17987      	7.21475e+06	2.24613e+07	4.59181e+06
405	17987      	7.19595e+06	2.24613e+07	4.53201e+06
406	16174.5    	7.20183e+06	2.55432e+07	4.55203e+06
407	16174.5    	7.20572e+06	2.24613e+07	4.51681e+06
408	16174.5    	7.19223e+06	2.23814e+07	4.54611e+06
409	16174.5    	7.16603e+06	2.2346e+07 	4.62678e+06
410	16174.5    	7.1416e+06 	2.23416e+07	4.6427e+06 
411	16174.5    	7.12766e+06	2.22896e+07	4.61805e+06
412	16174.5    	7.10764e+06	2.22825e+07	4.61585e+06
413	16174.5    	7.11311e+06	2.25944e+07	4.55786e+06
414	13692      	7.08976e+06	2.39244e+07	4.65912e+06
415	13692      	7.06331e+06	2.39259e+07	4.65983e+06
416	13692      	7.03893e+06	2.33048e+07	4.62298e+06
417	13692      	7.02775e+06	2.3256e+07 	4.67397e+06
418	13692      	7.02394e+06	2.28208e+07	4.59667e+06
419	13692      	7.01001e+06	2.29859e+07	4.5725e+06 
420	13692      	6.98953e+06	2.17423e+07	4.49691e+06
421	13692      	6.95987e+06	2.15999e+07	4.43187e+06
422	13692      	6.94482e+06	2.50481e+07	4.4838e+06 
423	13687.7    	6.92538e+06	2.50481e+07	4.47495e+06
424	13687.7    	6.90592e+06	2.45198e+07	4.45327e+06
425	13687.7    	6.89716e+06	2.45198e+07	4.40564e+06
426	13463.6    	6.88492e+06	2.47645e+07	4.40434e+06
427	13463.6    	6.881e+06  	2.37043e+07	4.38718e+06
428	13463.6    	6.85541e+06	2.19631e+07	4.30094e+06
429	13463.6    	6.83256e+06	2.14887e+07	4.40763e+06
430	13463.6    	6.8258e+06 	2.14811e+07	4.33079e+06
431	13463.6    	6.80557e+06	2.28457e+07	4.30703e+06
432	13463.6    	6.79454e+06	2.28457e+07	4.28331e+06
433	13461.8    	6.77591e+06	2.13063e+07	4.2406e+06 
434	12122.9    	6.78318e+06	2.25628e+07	4.29779e+06
435	12122.9    	6.76544e+06	2.1537e+07 	4.22375e+06
436	12122.9    	6.75033e+06	2.25384e+07	4.24125e+06
437	12122.9    	6.73924e+06	2.15368e+07	4.24048e+06
438	12122.9    	6.74041e+06	2.11764e+07	4.25216e+06
439	12122.9    	6.74458e+06	2.11566e+07	4.26396e+06
440	12122.9    	6.73508e+06	2.28776e+07	4.36582e+06
441	9911.24    	6.73188e+06	2.48448e+07	4.42281e+06
442	9911.24    	6.73873e+06	2.38075e+07	4.46442e+06
443	9911.24    	6.71866e+06	2.33549e+07	4.39269e+06
444	9911.24    	6.70955e+06	2.27004e+07	4.38406e+06
445	9911.24    	6.69248e+06	3.01015e+07	4.3844e+06 
446	9911.24    	6.67585e+06	2.70778e+07	4.40947e+06
447	9911.24    	6.64425e+06	2.25621e+07	4.32338e+06
448	9911.24    	6.61721e+06	2.23422e+07	4.32328e+06
449	9892       	6.60673e+06	2.26185e+07	4.34209e+06
450	9892       	6.59785e+06	2.26064e+07	4.30254e+06
451	9892       	6.58912e+06	2.23495e+07	4.25129e+06
452	9892       	6.58287e+06	2.20454e+07	4.25711e+06
453	9892       	6.56855e+06	2.23443e+07	4.23526e+06
454	9892       	6.56735e+06	2.25572e+07	4.22155e+06
455	9892       	6.53798e+06	2.23578e+07	4.23091e+06
456	9892       	6.52047e+06	2.13574e+07	4.11878e+06
457	9892       	6.50646e+06	2.13561e+07	4.04403e+06
458	9892       	6.50252e+06	2.1476e+07 	4.05775e+06
459	9892       	6.51117e+06	2.26449e+07	4.14408e+06
460	9892       	6.49779e+06	2.21494e+07	4.1614e+06 
461	9892       	6.49609e+06	2.21316e+07	4.12984e+06
462	9892       	6.47049e+06	2.21316e+07	4.09423e+06
463	9892       	6.45083e+06	2.15523e+07	4.0688e+06 
464	9892       	6.42955e+06	2.15523e+07	4.1054e+06 
465	9892       	6.42125e+06	2.13839e+07	4.04852e+06
466	9892       	6.42121e+06	2.09372e+07	4.0153e+06 
467	9892       	6.4031e+06 	2.09496e+07	4.00297e+06
468	9891.05    	6.42437e+06	2.09496e+07	4.10986e+06
469	9891.05    	6.44385e+06	2.20182e+07	4.04876e+06
470	9891.05    	6.44674e+06	2.31763e+07	4.09783e+06
471	9891.05    	6.44484e+06	2.22685e+07	4.09539e+06
472	9891.05    	6.44736e+06	2.10479e+07	4.06724e+06
473	9891.05    	6.42647e+06	1.97686e+07	4.03674e+06
474	9891.05    	6.43977e+06	1.96499e+07	4.05706e+06
475	9891.05    	6.44042e+06	1.95899e+07	3.98484e+06
476	9891.05    	6.41869e+06	2.40645e+07	4.10447e+06
477	9891.05    	6.41286e+06	2.16685e+07	4.09505e+06
478	9845.33    	6.40653e+06	2.17271e+07	4.071e+06  
479	9845.33    	6.40715e+06	2.09456e+07	4.09235e+06
480	9845.33    	6.37249e+06	2.05824e+07	4.12011e+06
481	9845.33    	6.34717e+06	2.05824e+07	4.11026e+06
482	9845.33    	6.32541e+06	2.05824e+07	4.12018e+06
483	9845.33    	6.29381e+06	2.4057e+07 	4.12524e+06
484	9845.33    	6.25623e+06	2.34305e+07	4.11527e+06
485	9845.33    	6.25355e+06	2.36255e+07	4.14664e+06
486	9845.33    	6.25675e+06	2.34919e+07	4.12446e+06
487	9845.33    	6.25868e+06	2.34309e+07	4.13128e+06
488	9845.33    	6.26086e+06	2.15069e+07	4.12499e+06
489	9845.33    	6.26728e+06	2.15071e+07	4.07222e+06
490	9845.33    	6.23599e+06	2.27301e+07	4.03647e+06
491	9845.33    	6.23169e+06	2.10026e+07	3.93693e+06
492	9845.33    	6.22979e+06	2.10026e+07	4.03395e+06
493	9845.33    	6.24331e+06	2.009e+07  	4.06049e+06
494	9845.33    	6.25644e+06	2.00292e+07	3.99041e+06
495	9845.33    	6.24024e+06	2.02689e+07	3.90213e+06
496	9845.33    	6.21585e+06	2.1496e+07 	3.83016e+06
497	9845.33    	6.20498e+06	2.1246e+07 	3.73752e+06
498	9845.33    	6.1727e+06 	2.14621e+07	3.82999e+06
499	9824.3     	6.15328e+06	2.12462e+07	3.86966e+06
-209.87999999
