gen	min   	avg        	max        	std        
0  	785295	2.03514e+07	5.57678e+07	1.12776e+07
1  	785295	2.03025e+07	5.41949e+07	1.1313e+07 
2  	785295	2.02357e+07	5.36105e+07	1.12166e+07
3  	785295	2.01806e+07	5.29483e+07	1.10366e+07
4  	784539	2.00994e+07	5.29483e+07	1.10806e+07
5  	784539	2.00522e+07	5.15222e+07	1.11703e+07
6  	582049	2.00069e+07	5.1402e+07 	1.11887e+07
7  	582049	1.99305e+07	5.13193e+07	1.11811e+07
8  	582049	1.98711e+07	4.98447e+07	1.11935e+07
9  	498971	1.98104e+07	4.98237e+07	1.11116e+07
10 	498971	1.9765e+07 	5.06187e+07	1.12387e+07
11 	498971	1.97237e+07	5.09052e+07	1.12371e+07
12 	375176	1.96769e+07	5.18448e+07	1.12326e+07
13 	375176	1.96264e+07	5.04773e+07	1.125e+07  
14 	375176	1.95915e+07	5.08328e+07	1.11128e+07
15 	375176	1.95475e+07	5.5971e+07 	1.10987e+07
16 	375176	1.9494e+07 	5.59709e+07	1.10427e+07
17 	372456	1.94242e+07	5.20556e+07	1.10534e+07
18 	372456	1.93597e+07	5.59744e+07	1.13028e+07
19 	372456	1.93321e+07	5.23404e+07	1.13607e+07
20 	372456	1.92742e+07	5.07556e+07	1.12171e+07
21 	292475	1.92488e+07	5.24301e+07	1.13472e+07
22 	292475	1.91717e+07	5.5692e+07 	1.12911e+07
23 	292475	1.91122e+07	5.02286e+07	1.11673e+07
24 	292475	1.90738e+07	5.43624e+07	1.12701e+07
25 	292475	1.89917e+07	5.17186e+07	1.11109e+07
26 	292475	1.89638e+07	5.17186e+07	1.10602e+07
27 	291532	1.89323e+07	5.08401e+07	1.12262e+07
28 	291363	1.89347e+07	5.30422e+07	1.13751e+07
29 	291363	1.89007e+07	5.28043e+07	1.13132e+07
30 	291363	1.8843e+07 	5.50489e+07	1.12745e+07
31 	291363	1.87761e+07	5.62111e+07	1.12193e+07
32 	285974	1.86775e+07	5.47544e+07	1.11951e+07
33 	281337	1.86054e+07	5.41939e+07	1.11678e+07
34 	281337	1.85729e+07	5.41782e+07	1.13212e+07
35 	268823	1.84987e+07	5.41782e+07	1.14085e+07
36 	264872	1.83941e+07	5.35842e+07	1.14017e+07
37 	263273	1.83393e+07	5.36048e+07	1.13967e+07
38 	263273	1.83107e+07	5.23455e+07	1.1429e+07 
39 	263273	1.82183e+07	5.23456e+07	1.12151e+07
40 	263273	1.81518e+07	5.19361e+07	1.09431e+07
41 	263273	1.80761e+07	5.2318e+07 	1.08842e+07
42 	263273	1.80231e+07	5.12141e+07	1.08166e+07
43 	259444	1.79422e+07	5.12197e+07	1.08478e+07
44 	259444	1.79336e+07	5.60921e+07	1.10331e+07
45 	241346	1.79052e+07	5.3625e+07 	1.08669e+07
46 	241346	1.78307e+07	5.75175e+07	1.0868e+07 
47 	241346	1.7749e+07 	5.3591e+07 	1.07714e+07
48 	241346	1.76611e+07	5.05804e+07	1.06946e+07
49 	235585	1.75913e+07	5.19979e+07	1.0475e+07 
50 	235585	1.7526e+07 	5.34348e+07	1.05194e+07
51 	235582	1.74537e+07	5.34348e+07	1.05817e+07
52 	204540	1.74126e+07	5.34348e+07	1.04674e+07
53 	204540	1.73449e+07	5.34445e+07	1.05001e+07
54 	204540	1.72882e+07	5.18122e+07	1.03062e+07
55 	204540	1.72679e+07	5.12382e+07	1.02896e+07
56 	203839	1.72129e+07	5.0357e+07 	1.03842e+07
57 	153717	1.71561e+07	5.20299e+07	1.04227e+07
58 	153717	1.71345e+07	5.20298e+07	1.03282e+07
59 	153717	1.70771e+07	5.12414e+07	1.03741e+07
60 	153717	1.69801e+07	5.45505e+07	1.03409e+07
61 	153717	1.69589e+07	5.09261e+07	1.03543e+07
62 	153695	1.69339e+07	4.845e+07  	1.02215e+07
63 	153695	1.68724e+07	4.84929e+07	1.02763e+07
64 	153695	1.67952e+07	4.88325e+07	1.04781e+07
65 	153695	1.6748e+07 	4.7905e+07 	1.04447e+07
66 	153695	1.66963e+07	4.7901e+07 	1.0469e+07 
67 	153131	1.66383e+07	4.84927e+07	1.03803e+07
68 	153131	1.65914e+07	4.84877e+07	1.01377e+07
69 	153131	1.65248e+07	5.13833e+07	1.02124e+07
70 	153131	1.65012e+07	5.75509e+07	1.01759e+07
71 	152463	1.64878e+07	5.29431e+07	1.02842e+07
72 	152463	1.64352e+07	5.11727e+07	1.03523e+07
73 	150531	1.64093e+07	5.09689e+07	1.03796e+07
74 	120992	1.63046e+07	5.63276e+07	1.02187e+07
75 	120992	1.62385e+07	5.01813e+07	1.01221e+07
76 	120992	1.61658e+07	4.80662e+07	9.97715e+06
77 	120992	1.61081e+07	4.55451e+07	9.89208e+06
78 	120992	1.60813e+07	4.98912e+07	9.86586e+06
79 	120992	1.6027e+07 	4.53708e+07	9.89958e+06
80 	120992	1.60145e+07	4.53708e+07	9.93846e+06
81 	120992	1.59883e+07	4.55796e+07	1.00057e+07
82 	114143	1.59391e+07	4.54118e+07	9.90423e+06
83 	114143	1.58903e+07	4.86947e+07	9.80216e+06
84 	113496	1.58183e+07	4.71994e+07	9.82626e+06
85 	113496	1.57809e+07	4.69466e+07	9.78896e+06
86 	113496	1.57304e+07	4.6824e+07 	9.77146e+06
87 	113496	1.56918e+07	4.68613e+07	9.76752e+06
88 	113496	1.56035e+07	4.7851e+07 	9.73277e+06
89 	113496	1.55616e+07	4.65869e+07	9.78028e+06
90 	113496	1.55134e+07	4.59772e+07	9.75765e+06
91 	113496	1.54579e+07	4.59772e+07	9.65994e+06
92 	113496	1.53908e+07	4.8613e+07 	9.69025e+06
93 	113496	1.53499e+07	4.76448e+07	9.62962e+06
94 	113496	1.53006e+07	4.97295e+07	9.63275e+06
95 	110635	1.52998e+07	5.08091e+07	9.79029e+06
96 	110635	1.52475e+07	4.6589e+07 	9.53202e+06
97 	110451	1.51887e+07	4.62186e+07	9.47754e+06
98 	110451	1.51423e+07	4.50635e+07	9.5449e+06 
99 	110444	1.51059e+07	4.47367e+07	9.46191e+06
100	109859	1.50717e+07	4.56039e+07	9.46811e+06
101	109384	1.50289e+07	4.40596e+07	9.45255e+06
102	106979	1.50053e+07	4.51503e+07	9.34273e+06
103	106979	1.49718e+07	4.41772e+07	9.35783e+06
104	106979	1.49234e+07	4.41772e+07	9.39538e+06
105	106979	1.48945e+07	4.40278e+07	9.25818e+06
106	105223	1.48514e+07	4.51573e+07	9.18425e+06
107	105223	1.48162e+07	4.3971e+07 	9.25228e+06
108	105223	1.48125e+07	4.58142e+07	9.31121e+06
109	105223	1.48046e+07	4.52712e+07	9.29197e+06
110	105223	1.47574e+07	4.44419e+07	9.21793e+06
111	105223	1.47251e+07	4.37737e+07	9.16948e+06
112	105223	1.4683e+07 	4.29805e+07	9.03974e+06
113	105223	1.46481e+07	4.44372e+07	9.04384e+06
114	105223	1.46329e+07	4.54924e+07	9.07217e+06
115	105223	1.46181e+07	4.60182e+07	9.19642e+06
116	104395	1.45553e+07	4.53946e+07	9.19965e+06
117	104395	1.45226e+07	5.02387e+07	9.22163e+06
118	104395	1.4478e+07 	4.56312e+07	9.07977e+06
119	104395	1.44253e+07	4.54886e+07	8.91477e+06
120	104395	1.43876e+07	4.57075e+07	8.91893e+06
121	104395	1.43804e+07	4.60868e+07	8.96673e+06
122	104395	1.4347e+07 	4.45481e+07	8.87046e+06
123	104395	1.42971e+07	4.45494e+07	8.9141e+06 
124	104395	1.42737e+07	4.58388e+07	8.96187e+06
125	104395	1.4241e+07 	4.45433e+07	8.85297e+06
126	104395	1.418e+07  	4.45875e+07	8.8546e+06 
127	104053	1.41445e+07	4.23511e+07	8.86913e+06
128	85094.5	1.41227e+07	4.23511e+07	9.03546e+06
129	85094.5	1.41125e+07	4.35726e+07	9.04375e+06
130	85094.5	1.40782e+07	4.23444e+07	8.81087e+06
131	82445.3	1.4036e+07 	4.28491e+07	8.76748e+06
132	82445.3	1.40089e+07	4.9739e+07 	8.7146e+06 
133	82445.3	1.39784e+07	4.97381e+07	8.85694e+06
134	82445.3	1.39368e+07	4.96031e+07	8.85093e+06
135	82445.3	1.38961e+07	4.74431e+07	8.73006e+06
136	82445.3	1.37989e+07	4.74431e+07	8.7708e+06 
137	82445.3	1.37391e+07	4.22415e+07	8.64142e+06
138	82445.3	1.36692e+07	4.22415e+07	8.57293e+06
139	82445.3	1.36388e+07	4.14855e+07	8.47112e+06
140	82445.3	1.35941e+07	4.08936e+07	8.79775e+06
141	82445.3	1.35505e+07	4.09308e+07	8.71349e+06
142	82445.3	1.35466e+07	4.02693e+07	8.69401e+06
143	82445.3	1.35188e+07	4.00056e+07	8.50302e+06
144	82445.3	1.35127e+07	4.78338e+07	8.48828e+06
145	82445.3	1.34532e+07	4.57648e+07	8.41877e+06
146	82445.3	1.33916e+07	4.22473e+07	8.33054e+06
147	82445.3	1.33453e+07	4.37358e+07	8.34617e+06
148	82445.3	1.32887e+07	4.22254e+07	8.30145e+06
149	82445.3	1.32603e+07	4.08251e+07	8.29431e+06
150	82445.3	1.3198e+07 	4.08251e+07	8.35925e+06
151	82445.3	1.31437e+07	3.99126e+07	8.18849e+06
152	82445.3	1.31092e+07	4.48612e+07	8.33483e+06
153	82445.3	1.30672e+07	4.49551e+07	8.30757e+06
154	82445.3	1.30114e+07	4.35595e+07	8.19152e+06
155	82445.3	1.29367e+07	4.27419e+07	8.16546e+06
156	82445.3	1.29006e+07	4.27398e+07	8.07219e+06
157	82445.3	1.28431e+07	4.09708e+07	8.16086e+06
158	82445.3	1.28516e+07	4.01229e+07	8.21065e+06
159	82445.3	1.27904e+07	3.93248e+07	8.22518e+06
160	82445.3	1.27445e+07	3.93248e+07	8.27587e+06
161	82445.3	1.27207e+07	4.1085e+07 	8.0114e+06 
162	82445.3	1.26845e+07	3.86317e+07	8.06934e+06
163	82445.3	1.26814e+07	4.00235e+07	8.2575e+06 
164	82445.3	1.26657e+07	3.90336e+07	8.07372e+06
165	82445.3	1.26421e+07	3.84861e+07	8.09166e+06
166	82445.3	1.26025e+07	4.05137e+07	8.33e+06   
167	82445.3	1.25533e+07	4.30286e+07	8.23291e+06
168	82445.3	1.2506e+07 	4.30285e+07	8.12032e+06
169	82445.3	1.25138e+07	3.80744e+07	8.07138e+06
170	82445.3	1.24713e+07	4.54218e+07	8.05397e+06
171	82445.3	1.2409e+07 	3.84544e+07	8.09329e+06
172	82445.3	1.23803e+07	3.84544e+07	8.09169e+06
173	82309  	1.23434e+07	3.89942e+07	8.1041e+06 
174	82309  	1.22965e+07	3.68067e+07	8.01341e+06
175	82309  	1.22799e+07	4.22593e+07	8.07562e+06
176	82309  	1.22698e+07	3.66055e+07	8.08648e+06
177	82309  	1.22221e+07	4.45423e+07	8.08389e+06
178	82309  	1.21836e+07	4.09466e+07	8.06467e+06
179	82043.7	1.21555e+07	3.71826e+07	7.89212e+06
180	81259.7	1.2124e+07 	3.65699e+07	7.82143e+06
181	81259.7	1.20953e+07	3.65627e+07	7.80783e+06
182	80582.7	1.20563e+07	3.6941e+07 	7.65789e+06
183	80582.7	1.20225e+07	3.6941e+07 	7.60192e+06
184	80442.9	1.19958e+07	3.85938e+07	7.70166e+06
185	80442.9	1.19667e+07	3.76755e+07	7.77205e+06
186	80442.9	1.19395e+07	3.68096e+07	7.76951e+06
187	80404.3	1.18928e+07	3.92796e+07	7.67278e+06
188	71350.1	1.18428e+07	3.54526e+07	7.49258e+06
189	71350.1	1.18106e+07	4.26523e+07	7.54122e+06
190	71350.1	1.17835e+07	4.0355e+07 	7.62579e+06
191	71350.1	1.17459e+07	3.69008e+07	7.45466e+06
192	71350.1	1.17173e+07	3.72299e+07	7.4072e+06 
193	71350.1	1.16755e+07	3.48938e+07	7.47899e+06
194	71350.1	1.16703e+07	3.91816e+07	7.69342e+06
195	71350.1	1.16426e+07	3.81465e+07	7.60845e+06
196	71350.1	1.16149e+07	3.97458e+07	7.60557e+06
197	71350.1	1.1593e+07 	4.00223e+07	7.56174e+06
198	71350.1	1.15522e+07	4.00225e+07	7.41685e+06
199	71350.1	1.15017e+07	4.17744e+07	7.4823e+06 
200	71350.1	1.14555e+07	3.89959e+07	7.49325e+06
201	71350.1	1.1434e+07 	3.8988e+07 	7.53736e+06
202	71350.1	1.13861e+07	3.89848e+07	7.3565e+06 
203	71350.1	1.13719e+07	3.83316e+07	7.31187e+06
204	71350.1	1.13236e+07	3.36682e+07	7.07132e+06
205	71350.1	1.13212e+07	3.28105e+07	6.97435e+06
206	71350.1	1.12862e+07	3.86066e+07	7.01559e+06
207	71350.1	1.12691e+07	3.5533e+07 	7.12624e+06
208	71350.1	1.12532e+07	3.55088e+07	7.07786e+06
209	71350.1	1.123e+07  	3.55113e+07	7.02958e+06
210	71350.1	1.12003e+07	3.55113e+07	7.01473e+06
211	71350.1	1.11615e+07	3.38339e+07	7.0281e+06 
212	71350.1	1.11428e+07	3.67003e+07	7.15449e+06
213	71350.1	1.10902e+07	3.56258e+07	7.15945e+06
214	71350.1	1.10649e+07	3.5382e+07 	7.02996e+06
215	71350.1	1.1082e+07 	3.42163e+07	6.96109e+06
216	71350.1	1.10513e+07	3.72366e+07	6.88358e+06
217	71334.1	1.10188e+07	3.88593e+07	6.88174e+06
218	71334.1	1.09964e+07	3.55167e+07	6.87785e+06
219	71334.1	1.09779e+07	3.54293e+07	7.01314e+06
220	71188.4	1.09448e+07	3.53108e+07	7.04574e+06
221	71188.4	1.08908e+07	3.56258e+07	7.04793e+06
222	71188.4	1.08594e+07	3.56205e+07	7.05517e+06
223	71188.4	1.08018e+07	3.83389e+07	7.08715e+06
224	71188.4	1.07677e+07	3.4697e+07 	6.96002e+06
225	71188.4	1.07802e+07	3.46968e+07	6.95391e+06
226	71188.4	1.07604e+07	3.45821e+07	6.92103e+06
227	71188.4	1.07462e+07	3.45821e+07	6.91223e+06
228	71188.4	1.0749e+07 	3.46154e+07	6.92092e+06
229	71188.4	1.06988e+07	3.70782e+07	6.87536e+06
230	71188.4	1.06708e+07	3.65185e+07	6.92717e+06
231	71188.4	1.06378e+07	3.62373e+07	6.99112e+06
232	71188.4	1.06143e+07	3.62908e+07	6.97578e+06
233	71188.4	1.05842e+07	3.5981e+07 	6.8189e+06 
234	71188.4	1.05744e+07	3.3444e+07 	6.63558e+06
235	71188.4	1.05644e+07	3.34035e+07	6.61857e+06
236	71188.4	1.05342e+07	3.389e+07  	6.57786e+06
237	71188.4	1.05308e+07	3.389e+07  	6.54864e+06
238	71188.4	1.05078e+07	3.34614e+07	6.49181e+06
239	71188.4	1.05063e+07	3.31909e+07	6.55508e+06
240	71188.4	1.04733e+07	3.31935e+07	6.64336e+06
241	71188.4	1.04609e+07	3.41575e+07	6.69296e+06
242	71188.4	1.04663e+07	3.3197e+07 	6.65714e+06
243	71188.4	1.04469e+07	3.30315e+07	6.5976e+06 
244	71188.4	1.04172e+07	3.30296e+07	6.5664e+06 
245	71173.9	1.042e+07  	3.30294e+07	6.62359e+06
246	71173.9	1.03946e+07	3.36103e+07	6.72224e+06
247	71173.9	1.03618e+07	3.36103e+07	6.60032e+06
248	71173.9	1.03326e+07	3.30366e+07	6.61256e+06
249	71160.5	1.03203e+07	3.44766e+07	6.68707e+06
250	71160.5	1.02916e+07	3.24801e+07	6.67647e+06
251	71160.5	1.028e+07  	3.50994e+07	6.72166e+06
252	70893.8	1.02574e+07	3.50994e+07	6.64351e+06
253	70893.8	1.02672e+07	3.4913e+07 	6.73083e+06
254	70893.8	1.02144e+07	3.49166e+07	6.7781e+06 
255	70893.8	1.02376e+07	3.44686e+07	6.848e+06  
256	70893.8	1.02041e+07	3.32163e+07	6.77825e+06
257	70893.8	1.02275e+07	3.32005e+07	6.70813e+06
258	61783.9	1.02021e+07	3.29591e+07	6.74984e+06
259	61783.9	1.01628e+07	3.22424e+07	6.6383e+06 
260	61783.9	1.01245e+07	3.22424e+07	6.58579e+06
261	61783.9	1.01039e+07	3.50758e+07	6.63298e+06
262	61783.9	1.007e+07  	3.21465e+07	6.63187e+06
263	61780.2	1.00655e+07	3.36598e+07	6.60683e+06
264	61774.1	1.00226e+07	3.36598e+07	6.48073e+06
265	61773.6	9.98779e+06	3.36599e+07	6.41813e+06
266	61773.6	9.94458e+06	3.39314e+07	6.43034e+06
267	61738.4	9.94587e+06	3.39313e+07	6.46735e+06
268	61738.4	9.90747e+06	3.19296e+07	6.4915e+06 
269	61738.4	9.90148e+06	3.33284e+07	6.61938e+06
270	61738.4	9.88731e+06	3.31747e+07	6.61635e+06
271	61738.4	9.85257e+06	3.63977e+07	6.64413e+06
272	61738.4	9.84735e+06	3.62733e+07	6.57209e+06
273	61738.4	9.81035e+06	3.87194e+07	6.66453e+06
274	61738.4	9.78441e+06	3.80044e+07	6.69234e+06
275	61738.4	9.81537e+06	3.80379e+07	6.82395e+06
276	61738.4	9.76275e+06	3.8038e+07 	6.74089e+06
277	61738.4	9.72077e+06	3.61489e+07	6.5823e+06 
278	60918.6	9.67667e+06	3.70991e+07	6.59295e+06
279	60572.8	9.63099e+06	3.70991e+07	6.57484e+06
280	60159.8	9.59968e+06	3.66528e+07	6.66275e+06
281	60159.8	9.56143e+06	3.67504e+07	6.55288e+06
282	60159.8	9.5814e+06 	3.74511e+07	6.66527e+06
283	60159.8	9.55881e+06	3.33258e+07	6.61486e+06
284	57568.4	9.51996e+06	3.22426e+07	6.4189e+06 
285	55055.3	9.48525e+06	3.43546e+07	6.4114e+06 
286	55055.3	9.4578e+06 	3.2941e+07 	6.31852e+06
287	55055.3	9.44747e+06	3.2476e+07 	6.16686e+06
288	55055.3	9.45206e+06	3.22759e+07	6.19601e+06
289	55055.3	9.41848e+06	3.22376e+07	6.19077e+06
290	55055.3	9.41404e+06	3.14003e+07	6.15488e+06
291	55055.3	9.39393e+06	3.13986e+07	6.12539e+06
292	54769.1	9.37213e+06	2.82353e+07	6.0944e+06 
293	54769.1	9.38728e+06	3.40189e+07	6.21686e+06
294	54769.1	9.3931e+06 	3.13788e+07	6.34441e+06
295	54769.1	9.35122e+06	3.24839e+07	6.29981e+06
296	54769.1	9.32625e+06	3.24839e+07	6.2031e+06 
297	54769.1	9.31064e+06	3.24701e+07	6.18598e+06
298	54769.1	9.26545e+06	3.7232e+07 	6.08168e+06
299	54769.1	9.25345e+06	3.382e+07  	6.14823e+06
300	54769.1	9.22372e+06	3.24717e+07	6.02137e+06
301	30258.9	9.18591e+06	3.19714e+07	6.0388e+06 
302	30258.9	9.17657e+06	3.35519e+07	6.09884e+06
303	30258.9	9.17663e+06	3.47527e+07	6.12617e+06
304	30258.9	9.1588e+06 	3.2413e+07 	6.06149e+06
305	30258.9	9.11284e+06	3.22105e+07	5.92218e+06
306	30258.9	9.07243e+06	3.15334e+07	5.92313e+06
307	30258.9	9.05949e+06	3.06648e+07	5.92422e+06
308	30258.4	9.0244e+06 	3.03022e+07	5.86557e+06
309	30258.4	8.99385e+06	2.90267e+07	5.77885e+06
310	30258.4	8.94459e+06	2.90298e+07	5.79687e+06
311	30258.4	8.94121e+06	2.90502e+07	5.84943e+06
312	30258.4	8.89868e+06	2.90538e+07	5.78566e+06
313	30258.4	8.86225e+06	2.85164e+07	5.69945e+06
314	30258.4	8.83126e+06	2.85171e+07	5.76197e+06
315	30258.4	8.798e+06  	2.98616e+07	5.71093e+06
316	30258.4	8.7684e+06 	2.64634e+07	5.66906e+06
317	30072.5	8.75964e+06	2.62327e+07	5.72977e+06
318	30072.5	8.72661e+06	2.93596e+07	5.79033e+06
319	29861.7	8.68643e+06	2.96319e+07	5.7204e+06 
320	29310.2	8.67967e+06	2.70995e+07	5.76628e+06
321	29310.2	8.65948e+06	2.89611e+07	5.74981e+06
322	29310.2	8.63245e+06	2.75257e+07	5.68728e+06
323	29310.2	8.60192e+06	2.68226e+07	5.68805e+06
324	29310.2	8.56501e+06	2.60796e+07	5.63304e+06
325	29310.2	8.57842e+06	2.67382e+07	5.56615e+06
326	24351.2	8.55773e+06	2.79809e+07	5.51423e+06
327	24351.2	8.53839e+06	2.72785e+07	5.4767e+06 
328	24335.3	8.51088e+06	2.67381e+07	5.59012e+06
329	24335.3	8.47325e+06	2.91179e+07	5.5002e+06 
330	24335.3	8.44909e+06	2.80416e+07	5.42217e+06
331	24335.3	8.44061e+06	2.67381e+07	5.42207e+06
332	24335.3	8.41868e+06	2.94808e+07	5.56245e+06
333	24335.3	8.40441e+06	2.64732e+07	5.45512e+06
334	24335.3	8.38669e+06	2.95133e+07	5.47507e+06
335	24335.3	8.36157e+06	2.97799e+07	5.49346e+06
336	24335.3	8.33076e+06	2.78914e+07	5.45027e+06
337	24335.3	8.3058e+06 	2.79809e+07	5.43764e+06
338	24335.3	8.28646e+06	2.74932e+07	5.37284e+06
339	24335.3	8.26819e+06	2.61021e+07	5.33311e+06
340	24335.3	8.2574e+06 	2.60969e+07	5.41498e+06
341	24335.3	8.24574e+06	2.61024e+07	5.42789e+06
342	24335.3	8.22146e+06	2.60712e+07	5.40133e+06
343	24335.3	8.22327e+06	2.61473e+07	5.44792e+06
344	23665.2	8.21088e+06	2.61377e+07	5.40444e+06
345	23396.5	8.17708e+06	2.89377e+07	5.44767e+06
346	23396.5	8.15187e+06	2.95836e+07	5.42527e+06
347	23396.5	8.13532e+06	2.96935e+07	5.39022e+06
348	23396.5	8.1138e+06 	2.83195e+07	5.30383e+06
349	23396.5	8.11482e+06	2.83214e+07	5.27121e+06
350	23396.5	8.09535e+06	2.78791e+07	5.28995e+06
351	23396.5	8.06747e+06	2.79678e+07	5.13941e+06
352	23396.5	8.03984e+06	2.52168e+07	5.12495e+06
353	23396.5	8.01568e+06	2.49382e+07	5.2203e+06 
354	23396.5	7.9951e+06 	2.49382e+07	5.19944e+06
355	23304.2	7.96586e+06	2.46956e+07	5.02061e+06
356	23304.2	7.97016e+06	2.46975e+07	5.0723e+06 
357	23304.2	7.93466e+06	2.8581e+07 	5.08879e+06
358	23304.2	7.90784e+06	2.87374e+07	5.12723e+06
359	23304.2	7.89187e+06	2.43579e+07	5.16404e+06
360	23304.2	7.87709e+06	2.57706e+07	5.09972e+06
361	23304.2	7.86377e+06	2.7059e+07 	5.15033e+06
362	23304.2	7.85349e+06	2.58264e+07	5.0947e+06 
363	23304.2	7.82902e+06	2.49908e+07	5.11736e+06
364	23293.4	7.84106e+06	3.16671e+07	5.25441e+06
365	23293.4	7.80394e+06	3.1825e+07 	5.29235e+06
366	23293.4	7.76896e+06	2.64188e+07	5.21687e+06
367	23293.4	7.76107e+06	2.75915e+07	5.22221e+06
368	23293.4	7.76252e+06	2.54673e+07	5.11026e+06
369	23293.4	7.77001e+06	2.54673e+07	5.0664e+06 
370	23293.4	7.78414e+06	2.55037e+07	5.0835e+06 
371	23293.4	7.75644e+06	2.60283e+07	5.04733e+06
372	23293.4	7.7378e+06 	2.5508e+07 	5.0268e+06 
373	23293.4	7.73007e+06	2.5658e+07 	5.03107e+06
374	23293.4	7.7113e+06 	2.58534e+07	4.98404e+06
375	23293.4	7.67725e+06	2.6522e+07 	4.96158e+06
376	23293.4	7.67015e+06	2.79441e+07	5.0379e+06 
377	23293.4	7.66408e+06	2.79441e+07	4.95122e+06
378	23293.4	7.63663e+06	2.47599e+07	4.90787e+06
379	23293.4	7.62871e+06	2.53631e+07	4.89541e+06
380	23293.4	7.63417e+06	2.56824e+07	4.93921e+06
381	23293.4	7.61881e+06	2.53634e+07	4.86494e+06
382	21422.8	7.57617e+06	2.55471e+07	4.83776e+06
383	21422.8	7.56473e+06	2.43081e+07	4.89987e+06
384	21422.8	7.53198e+06	2.58544e+07	4.90326e+06
385	21422.8	7.53446e+06	2.57502e+07	4.83483e+06
386	21422.8	7.52105e+06	2.43087e+07	4.83564e+06
387	21422.8	7.48909e+06	2.36982e+07	4.76743e+06
388	21422.8	7.47161e+06	2.46405e+07	4.74784e+06
389	21422.8	7.43188e+06	2.46067e+07	4.75031e+06
390	21422.8	7.41789e+06	2.56877e+07	4.71316e+06
391	21422.8	7.42197e+06	2.33997e+07	4.64215e+06
392	21422.8	7.44059e+06	2.37397e+07	4.76505e+06
393	21422.8	7.41669e+06	2.64136e+07	4.69491e+06
394	19729.2	7.39252e+06	2.34744e+07	4.63969e+06
395	19729.2	7.39152e+06	2.4076e+07 	4.69523e+06
396	19729.2	7.37608e+06	2.39377e+07	4.70288e+06
397	19729.2	7.35656e+06	2.55072e+07	4.77824e+06
398	19729.2	7.34613e+06	2.49945e+07	4.6852e+06 
399	19729.2	7.34849e+06	2.30295e+07	4.53889e+06
400	19729.2	7.3366e+06 	2.22273e+07	4.44839e+06
401	19729.2	7.33528e+06	2.2842e+07 	4.53e+06   
402	19729.2	7.32934e+06	2.26077e+07	4.565e+06  
403	19729.2	7.30764e+06	2.43297e+07	4.53155e+06
404	19729.2	7.28905e+06	2.26095e+07	4.53045e+06
405	19729.2	7.2718e+06 	2.55939e+07	4.53342e+06
406	19729.2	7.2646e+06 	2.55939e+07	4.54057e+06
407	19729.2	7.24656e+06	2.39746e+07	4.62109e+06
408	19693.8	7.22857e+06	2.39747e+07	4.65007e+06
409	19693.8	7.20151e+06	2.35876e+07	4.60958e+06
410	19693.8	7.1687e+06 	2.69176e+07	4.61276e+06
411	19693.8	7.16043e+06	2.51043e+07	4.59862e+06
412	19693.8	7.13426e+06	2.51043e+07	4.53462e+06
413	19693.8	7.12532e+06	2.36576e+07	4.48495e+06
414	19693.8	7.10782e+06	2.35103e+07	4.43557e+06
415	19662.6	7.11032e+06	2.25771e+07	4.45945e+06
416	19662.6	7.117e+06  	2.2577e+07 	4.52321e+06
417	19662.6	7.11823e+06	2.24536e+07	4.46301e+06
418	19662.6	7.14138e+06	2.35043e+07	4.52227e+06
419	19662.6	7.14459e+06	2.35043e+07	4.6279e+06 
420	19662.6	7.13774e+06	2.73834e+07	4.57316e+06
421	19662.6	7.12383e+06	2.43284e+07	4.54643e+06
422	19662.6	7.14162e+06	2.46979e+07	4.56002e+06
423	19662.6	7.11963e+06	2.44063e+07	4.47364e+06
424	19662.6	7.08978e+06	2.30251e+07	4.37857e+06
425	19662.6	7.07404e+06	2.3327e+07 	4.3553e+06 
426	19662.6	7.07349e+06	2.46411e+07	4.40095e+06
427	19662.6	7.05554e+06	2.16601e+07	4.49255e+06
428	19662.6	7.04225e+06	2.75851e+07	4.50428e+06
429	19662.6	7.01117e+06	2.18921e+07	4.46445e+06
430	19662.6	7.0094e+06 	2.18974e+07	4.43727e+06
431	19662.6	7.00646e+06	2.36976e+07	4.49587e+06
432	19662.6	7.00985e+06	2.39114e+07	4.55109e+06
433	19662  	6.99885e+06	2.38803e+07	4.50857e+06
434	19662  	7.01002e+06	2.53127e+07	4.55403e+06
435	19662  	6.98602e+06	2.62876e+07	4.51623e+06
436	19662  	6.95993e+06	2.53123e+07	4.45395e+06
437	19662  	6.92284e+06	2.4639e+07 	4.3549e+06 
438	19662  	6.90456e+06	2.23841e+07	4.26875e+06
439	19662  	6.89467e+06	2.49877e+07	4.27908e+06
440	19662  	6.87106e+06	2.15248e+07	4.18026e+06
441	19662  	6.85726e+06	2.32936e+07	4.17658e+06
442	19662  	6.84077e+06	2.15791e+07	4.17147e+06
443	19662  	6.82711e+06	2.15791e+07	4.1678e+06 
444	19662  	6.80707e+06	2.15791e+07	4.2185e+06 
445	19662  	6.78755e+06	2.15791e+07	4.18121e+06
446	19662  	6.79102e+06	2.1761e+07 	4.18691e+06
447	19662  	6.77092e+06	2.22284e+07	4.21227e+06
448	19662  	6.75603e+06	2.58107e+07	4.21264e+06
449	19662  	6.73324e+06	2.20329e+07	4.1918e+06 
450	19662  	6.72206e+06	2.20329e+07	4.17996e+06
451	19662  	6.70787e+06	2.20059e+07	4.13376e+06
452	19662  	6.67684e+06	2.08785e+07	3.99331e+06
453	19662  	6.67166e+06	2.00966e+07	4.00654e+06
454	19662  	6.66017e+06	2.00966e+07	3.99099e+06
455	19662  	6.63892e+06	2.02759e+07	4.0168e+06 
456	19662  	6.59541e+06	2.0276e+07 	4.01874e+06
457	19662  	6.58868e+06	2.17545e+07	4.04357e+06
458	16404.1	6.57237e+06	2.01856e+07	4.01977e+06
459	16404.1	6.56482e+06	2.17223e+07	4.14752e+06
460	16404.1	6.54533e+06	2.17223e+07	4.21964e+06
461	16375.1	6.53699e+06	2.16727e+07	4.22005e+06
462	16375.1	6.54175e+06	2.16727e+07	4.12645e+06
463	16375.1	6.54426e+06	2.16727e+07	4.14552e+06
464	16375.1	6.5389e+06 	2.16708e+07	4.16417e+06
465	16375.1	6.51618e+06	1.87171e+07	4.14791e+06
466	16375.1	6.51209e+06	2.21225e+07	4.08921e+06
467	16375.1	6.50285e+06	2.1297e+07 	4.03205e+06
468	16375.1	6.48922e+06	1.94183e+07	3.94833e+06
469	16375.1	6.49169e+06	1.96837e+07	3.9494e+06 
470	16375.1	6.5161e+06 	1.92731e+07	3.82278e+06
471	16375.1	6.51544e+06	1.88099e+07	3.88442e+06
472	16375.1	6.50328e+06	1.90785e+07	3.91421e+06
473	16375.1	6.50924e+06	1.90786e+07	3.95308e+06
474	16375.1	6.49626e+06	1.92355e+07	3.87444e+06
475	16375.1	6.51858e+06	2.05656e+07	3.9405e+06 
476	16375.1	6.50543e+06	2.05656e+07	3.98827e+06
477	16375.1	6.52614e+06	2.05656e+07	4.04277e+06
478	16375.1	6.49667e+06	2.46851e+07	4.00595e+06
479	16375.1	6.49503e+06	1.918e+07  	3.93069e+06
480	16375.1	6.49338e+06	1.90039e+07	3.94023e+06
481	16375.1	6.45711e+06	2.15524e+07	3.94456e+06
482	11543.3	6.4513e+06 	1.94883e+07	3.94995e+06
483	11543.3	6.45808e+06	1.94418e+07	3.89468e+06
484	11543.3	6.46452e+06	1.97012e+07	3.93164e+06
485	11543.3	6.43413e+06	2.09053e+07	3.98352e+06
486	11543.3	6.44687e+06	1.97754e+07	3.99975e+06
487	11543.3	6.42494e+06	2.25773e+07	4.01901e+06
488	11543.3	6.40287e+06	2.20632e+07	3.93361e+06
489	11543.3	6.3615e+06 	1.97436e+07	3.86718e+06
490	11543.3	6.36209e+06	1.97436e+07	3.83207e+06
491	11543.3	6.3615e+06 	2.08752e+07	3.93886e+06
492	11543.3	6.32941e+06	2.56456e+07	3.90556e+06
493	11543.3	6.31688e+06	2.56227e+07	4.03568e+06
494	11543.3	6.30548e+06	2.48122e+07	4.01369e+06
495	5632.23	6.27625e+06	2.15753e+07	3.99007e+06
496	5322.06	6.27183e+06	2.15697e+07	4.03131e+06
497	5322.06	6.26533e+06	2.17737e+07	3.94978e+06
498	5322.06	6.25019e+06	1.94793e+07	3.9841e+06 
499	5322.06	6.24324e+06	1.93259e+07	3.91839e+06
-209.87999999
