gen	min     	avg    	max    	std    
0  	-66.5341	1887.02	5980.51	1162.46
1  	-153.607	1887.6 	5821.21	1167.71
2  	-153.607	1884.52	6109   	1185.16
3  	-153.607	1877.3 	6076.15	1178   
4  	-153.607	1869.42	6254.04	1168.04
5  	-153.607	1866.85	5907.06	1168.84
6  	-153.607	1868.51	7202.54	1186.2 
7  	-153.607	1863.66	6645.32	1176.67
8  	-153.607	1855.24	6174.4 	1168.71
9  	-153.607	1850.68	6484.4 	1166.92
10 	-153.607	1848.46	6194.13	1153.69
11 	-153.607	1847.35	5756.53	1173.19
12 	-153.607	1843.11	5548.09	1169.14
13 	-153.607	1841.92	5548.24	1173.78
14 	-169.483	1834.91	5467.62	1152.37
15 	-169.483	1838.63	5487.98	1132.94
16 	-170.037	1833.81	5881.74	1119.59
17 	-181.234	1830.16	5641.86	1118.26
18 	-181.234	1828.23	5219.12	1112.37
19 	-181.234	1821.4 	5593.56	1125.8 
20 	-181.234	1818.07	5593.56	1139.35
21 	-181.234	1814.25	5379.28	1131.43
22 	-181.234	1807.24	5690.2 	1117.48
23 	-181.234	1800.54	5690.2 	1107   
24 	-181.234	1794.99	5726.46	1121.29
25 	-181.234	1788.12	5726.46	1092.62
26 	-181.234	1779.85	5592.8 	1099.13
27 	-181.234	1773.59	5382.81	1085.14
28 	-181.234	1768.02	5226.38	1072.28
29 	-181.234	1765.61	5362.76	1077.6 
30 	-181.234	1762.44	5685.27	1101.22
31 	-181.234	1757.92	5696.42	1093.76
32 	-181.234	1753.05	5654.52	1097.68
33 	-181.234	1752.33	5571.92	1097.17
34 	-181.234	1745.08	5571.92	1107.59
35 	-216.886	1741.02	5519.2 	1115.69
36 	-232.899	1730.21	5229.94	1094.94
37 	-232.899	1724.63	5412.78	1085.27
38 	-232.899	1724.97	5539.16	1106.18
39 	-232.899	1721.55	5416.53	1097.35
40 	-232.899	1714.14	5416.53	1088.47
41 	-232.899	1715.51	5343.63	1102.19
42 	-235.344	1708.95	5490.95	1095.48
43 	-235.344	1703.55	5338.64	1092.08
44 	-235.344	1700.51	5309.07	1081.09
45 	-235.344	1694.42	5230.71	1094.66
46 	-235.344	1693.86	5230.71	1093.15
47 	-235.344	1688.27	5404.3 	1080.66
48 	-235.344	1685.38	5404.3 	1055.46
49 	-235.344	1681.49	5392.56	1038.72
50 	-235.344	1676.71	5602.56	1061.8 
51 	-235.344	1665.18	5398.8 	1072.23
52 	-235.344	1656.83	5339.97	1069.61
53 	-235.344	1652.61	5216.19	1053.97
54 	-235.344	1649.11	5249.5 	1050.24
55 	-235.344	1644.14	5020.33	1037.97
56 	-235.344	1641.58	5021.2 	1021.6 
57 	-235.344	1634.5 	4945.9 	1011.15
58 	-235.344	1631.9 	5144.73	1024.52
59 	-235.344	1621.61	5154.67	1021.74
60 	-235.344	1617.3 	5249.13	1010.79
61 	-235.344	1614.8 	5198.51	976.567
62 	-269.083	1610.71	5064.2 	977.707
63 	-269.083	1606.49	5089.09	984.717
64 	-269.083	1602.9 	5023.57	1004.05
65 	-269.083	1600.2 	4961.99	997.903
66 	-269.083	1597.67	4864.38	995.41 
67 	-269.083	1591.74	4853.81	987.6  
68 	-270.805	1581.81	5561.66	992.2  
69 	-270.805	1573.95	4997.84	981.285
70 	-270.805	1572   	5024   	990.985
71 	-270.805	1569.73	5413.5 	1003.06
72 	-270.805	1564.57	4776.2 	995.628
73 	-270.805	1560.7 	4744.22	980.822
74 	-270.805	1558.8 	5212.53	982.963
75 	-270.805	1552.78	5163.76	973.47 
76 	-273.322	1548.2 	5222.79	964.098
77 	-273.322	1541.11	5029.43	970.713
78 	-273.322	1534.09	4611.26	974.187
79 	-273.322	1531.6 	4657.88	976.66 
80 	-273.322	1521.96	4925.76	997.503
81 	-273.322	1518.67	4844.17	998.046
82 	-273.322	1513.61	4683.69	1001.23
83 	-273.322	1507.03	5046.99	993.994
84 	-273.322	1504.69	5097.3 	988.77 
85 	-273.322	1506.71	4940.6 	992.604
86 	-273.322	1507.27	5124.35	997.668
87 	-274.138	1503.11	5112.41	1004.34
88 	-274.138	1496.24	4998.99	995.788
89 	-274.138	1491.09	5046.73	992.532
90 	-274.138	1487.02	4843.91	965.112
91 	-274.138	1482.03	4823.38	946.336
92 	-284.068	1476.4 	5211.24	991.697
93 	-284.068	1477.4 	5213.82	995.723
94 	-284.068	1472.19	5217.38	1000.99
95 	-284.068	1468.59	4963.37	991.615
96 	-284.068	1466.34	5399.3 	999.421
97 	-284.068	1462.64	4982.04	985.698
98 	-284.068	1458.72	4768.15	977.647
99 	-285.723	1452.23	4718.06	976.451
100	-285.723	1446.69	4681.78	957.187
101	-285.723	1445.21	4679.5 	973.267
102	-285.723	1441.74	4976.61	977.477
103	-285.723	1439.79	4939.09	983.039
104	-285.723	1433.37	5740.35	986.234
105	-285.723	1427.62	4944.31	976.66 
106	-285.723	1424.16	5131.07	970.737
107	-286.71 	1419.55	5242.53	985.765
108	-286.71 	1409.65	5607.22	1006.79
109	-286.71 	1411.2 	5337.48	1001.1 
110	-286.71 	1406   	5068.14	999.631
111	-286.71 	1403.06	4955.6 	995.029
112	-286.71 	1397.6 	4832.03	979.458
113	-286.71 	1389.54	4653.39	964.198
114	-286.71 	1382.38	4549.34	945.439
115	-286.71 	1376.67	4784.43	932.699
116	-286.71 	1375.01	4568.96	916.857
117	-286.71 	1376.28	4624.74	937.29 
118	-286.71 	1371.18	4624.74	935.876
119	-286.71 	1367.02	4624.74	934.064
120	-294.446	1357.8 	5203.62	932.141
121	-294.446	1354.76	4737.98	909.881
122	-294.446	1351.43	4739.02	925.993
123	-319.002	1344.18	4854.26	932.527
124	-319.002	1339.09	4951.49	920.594
125	-319.002	1334.43	4826.3 	911.246
126	-334.824	1328.33	4841.59	905.514
127	-334.824	1324.52	4690.81	905.273
128	-334.824	1316.88	4608.29	882.59 
129	-334.824	1310.43	4599.04	861.321
130	-334.824	1306.7 	4367.15	849.124
131	-334.824	1306.31	5791.55	869.274
132	-334.824	1299.11	4979.28	851.407
133	-334.824	1294.13	4710.34	850.744
134	-334.824	1290.84	4516.62	846.448
135	-334.824	1286.01	4624   	824.669
136	-334.824	1282.99	4446.4 	827.738
137	-334.824	1280.18	6628.79	862.307
138	-334.824	1275.95	5608.89	847.398
139	-335.463	1273.35	4474.79	843.357
140	-335.463	1270.37	4318.84	845.33 
141	-335.463	1263.85	4030.38	822.878
142	-335.463	1261.11	4066.67	832.22 
143	-339.979	1256.44	4247.55	829.476
144	-339.979	1251.49	4642.84	822.118
145	-339.979	1250.59	4342.81	817.745
146	-339.979	1246.13	4215.13	830.383
147	-339.979	1243.78	4556.53	836.161
148	-339.979	1241.98	4528.49	838.485
149	-354.847	1239.64	4369.18	841.622
150	-354.847	1238.22	4155.78	847.22 
151	-354.847	1232.6 	4342.05	825.294
152	-354.847	1228.63	4089.93	830.161
153	-354.847	1227.91	4337.79	820.963
154	-354.847	1228.67	4048.25	808.118
155	-354.847	1221.72	3966.85	796.452
156	-354.847	1218.81	3886.53	801.552
157	-354.847	1217.1 	4481.16	818.801
158	-354.847	1211.14	4277.12	809.766
159	-354.847	1211.12	4108.75	798.814
160	-354.847	1212.27	4524.38	822.454
161	-354.847	1210.55	4225.02	813.852
162	-361.023	1206.39	4085.82	816.947
163	-361.023	1203.34	3933.22	822.241
164	-361.023	1199.93	4245.08	814.624
165	-361.023	1195.56	4214.5 	817.732
166	-361.023	1190.5 	3864.31	811.91 
167	-361.023	1191.68	4051.73	815.006
168	-361.023	1187.37	4367.69	819.101
169	-361.023	1181.08	3996.57	821.918
170	-361.023	1179.94	3926.59	812.368
171	-361.023	1180.39	4317.56	819.231
172	-361.023	1175.45	4332.22	811.114
173	-361.023	1170.72	4129.33	802.139
174	-361.023	1169.58	4074.31	805.634
175	-361.023	1165.68	4020.27	801.125
176	-361.023	1162.07	4028.75	785.372
177	-361.023	1159.52	4058.56	783.891
178	-361.023	1154.34	3959.02	775.661
179	-361.023	1150.95	3944.36	777.993
180	-361.023	1144.82	4461.45	799.987
181	-361.023	1140.35	4453.57	792.46 
182	-361.023	1137.46	4003.38	790.851
183	-361.023	1131.43	3959.06	795.333
184	-361.023	1125.18	3770.72	778.533
185	-361.023	1122.13	3770.72	772.982
186	-361.023	1120.47	3696.27	780.34 
187	-361.023	1120.59	3542.88	771.307
188	-361.023	1118.45	3542.88	768.164
189	-361.023	1115.34	3994.79	773.17 
190	-361.023	1111.59	4035.71	777.33 
191	-361.023	1107.5 	4046.32	772.733
192	-361.023	1105.85	3968.85	781.561
193	-361.023	1101.96	3913.5 	781.528
194	-361.023	1095.67	3980.14	784.07 
195	-361.023	1094.18	3949.2 	783.802
196	-361.023	1089.32	4710.17	778.853
197	-361.023	1084.26	4001.03	760.445
198	-361.023	1080.49	3651.6 	755.572
199	-361.023	1079.55	3774.95	737.43 
200	-361.023	1076.05	3774.95	747.706
201	-361.023	1068.94	4240.85	732.846
202	-361.023	1068.42	3684.36	723.328
203	-361.023	1067.07	3618.91	716.422
204	-361.023	1061.16	3754.53	733.971
205	-361.023	1060.31	4007.81	740.32 
206	-361.023	1060.42	4007.81	754.676
207	-361.023	1061.16	4191.8 	754.764
208	-361.023	1057.32	4007.81	739.989
209	-361.023	1053.64	3960.05	742.515
210	-361.023	1054.14	4346.38	757.771
211	-361.023	1050.12	4338.29	758.736
212	-361.023	1048.52	4143.76	750.845
213	-361.023	1046.64	4063.63	741.263
214	-361.023	1044.02	3893.13	739.76 
215	-361.023	1043.22	3904.33	744.464
216	-361.023	1039.04	3938.43	750.292
217	-361.023	1034.02	3938.43	753.379
218	-361.023	1030.18	4003.86	739.993
219	-361.023	1030.36	3838.98	735.963
220	-361.023	1031.44	3816.11	730.594
221	-361.023	1030.64	3781.2 	737.353
222	-361.023	1027.89	3534.61	724.893
223	-361.023	1023.86	3529.27	711.988
224	-361.023	1019.15	3529.27	700.02 
225	-361.023	1014.63	3529.27	695.233
226	-361.023	1007.98	3754.89	688.455
227	-361.023	1003.36	3493.02	692.806
228	-361.023	1000.69	3470.72	692.806
229	-361.023	995.499	3454.1 	695.117
230	-361.023	991.243	3445.42	704.568
231	-361.023	991.075	3533.47	720.263
232	-361.023	988.014	3568.34	712.448
233	-361.023	984.903	3367.98	711.922
234	-361.023	983.47 	3584.98	707.969
235	-361.023	987.887	3584.98	716.776
236	-361.023	982.02 	3439.38	707.398
237	-361.023	980.494	3719   	707.399
238	-361.023	976.794	3391.28	711.721
239	-361.023	973.069	3615.07	702.645
240	-361.023	970.374	3353.97	688.501
241	-361.023	967.876	3272.79	684.467
242	-361.023	965.362	4309.64	696.516
243	-361.023	967.563	4343.55	713.466
244	-361.023	961.394	3831.61	700.064
245	-361.023	958.873	3824.47	708.999
246	-361.023	955.279	3338.89	712.988
247	-361.023	958.907	3626.94	730.019
248	-361.023	958.831	4086.57	731.526
249	-361.023	953.878	4138.68	743.481
250	-361.023	953.395	4728.3 	754.694
251	-361.023	950.499	4222.92	740.998
252	-361.023	946.762	4081.21	735.758
253	-361.023	941.949	3663.04	722.627
254	-361.023	940.169	3664.94	715.696
255	-361.023	937.313	3493.89	702.433
256	-361.023	938.501	3541.01	695.957
257	-361.023	933.685	3535.98	692.973
258	-361.023	936.781	3790.14	714.491
259	-361.023	935.077	3874.31	710.985
260	-361.023	929.881	3774.45	702.652
261	-361.023	926.714	3841.52	701.567
262	-361.023	922.983	3683.88	681.624
263	-361.023	919.335	3683.88	692.288
264	-368.834	917.694	3574.15	695.806
265	-368.834	915.896	3575.71	694.014
266	-368.834	912.28 	3553.3 	699.046
267	-368.834	907.332	3492.02	685.787
268	-368.834	902.368	3332.07	675.226
269	-368.834	899.71 	3332.07	668.991
270	-368.834	896.651	3358   	671.979
271	-368.834	895.401	3325.09	656.319
272	-368.834	892.538	3348.84	669.574
273	-368.834	889.72 	3366.22	657.445
274	-368.834	885.028	3375.54	658.604
275	-368.834	883.713	3372.01	658.811
276	-368.834	882.096	3265.02	651.391
277	-368.834	881.123	3606.75	656.624
278	-368.834	878.404	3567.09	650.867
279	-368.834	876.47 	3372.77	640.444
280	-368.834	876.34 	3372.77	643.314
281	-368.834	873.496	3196.75	630.158
282	-368.834	868.404	2924.6 	625.932
283	-368.834	865.146	3542.89	633.224
284	-368.834	860.126	3576.53	635.324
285	-368.834	858.328	3530.54	633.041
286	-368.834	853.786	3512.08	628.078
287	-368.834	855.198	3452.61	626.837
288	-368.834	853.222	3505.79	628.387
289	-368.834	850.623	3490.09	628.839
290	-368.834	848.026	3329.57	624.349
291	-368.834	846.118	3317.31	620.132
292	-368.834	843.987	3163.99	611.902
293	-368.834	843.931	3470.93	619.113
294	-368.834	843.384	3347.26	620.882
295	-368.834	839.576	3136.6 	596.832
296	-368.834	833.948	3282.85	583.654
297	-368.834	830.601	2888.06	579.618
298	-368.834	826.809	2901.53	589.996
299	-368.834	823.685	3040.27	582.986
300	-368.834	825.213	2902.72	581.046
301	-368.834	824.026	2836.27	582.132
302	-368.834	822.413	2727.61	578.042
303	-368.834	820.336	2727.61	582.075
304	-368.834	817.632	2861.29	595.912
305	-368.834	814.652	3727.46	605.453
306	-368.834	815.273	3762.48	604.541
307	-368.834	812.272	2906.9 	588.091
308	-368.834	811.788	2644.94	580.885
309	-368.834	812.432	3162.77	600.963
310	-368.834	809.349	2900.04	591.932
311	-368.834	805.934	2836.3 	595.341
312	-368.834	809.045	3142.23	615.911
313	-368.834	804.538	2883.81	602.007
314	-368.834	799.212	3094.32	605.933
315	-368.834	797.302	2886.84	591.138
316	-368.834	796.574	2893.34	593.319
317	-368.834	794.993	2937.47	597.251
318	-368.834	793.231	2958.5 	598.071
319	-368.834	790.913	3185.9 	596.939
320	-368.834	787.643	3024.74	582.867
321	-368.834	783.367	3106.73	576.773
322	-368.834	781.405	2871.12	575.765
323	-368.834	780.853	2859.05	573.393
324	-368.834	778.725	2792.91	574.875
325	-368.834	778.19 	2836.58	574.146
326	-368.834	778.368	2792.89	579.767
327	-368.834	777.602	2733.98	573.655
328	-368.834	774.785	2695.95	568.626
329	-368.834	776.278	3100.55	576.772
330	-368.834	773.372	2930.44	569.893
331	-368.834	772.469	2762.92	570.23 
332	-368.834	773.9  	2762.92	569.912
333	-368.834	770.699	2574.07	569.653
334	-368.834	769.797	2604.69	590.297
335	-368.834	767.908	2754.07	591.278
336	-368.834	765.374	2740.69	593.881
337	-368.834	765.016	2739.3 	592.966
338	-368.834	759.26 	2945.62	575.603
339	-368.834	755.347	2971.09	585.948
340	-368.834	751.563	2901.63	581.458
341	-368.834	748.459	3024.23	577.705
342	-368.834	744.71 	2979.38	575.124
343	-370.706	740.728	2787.19	566.815
344	-370.706	738.102	2849.43	561.952
345	-370.706	735.559	2610.2 	561.705
346	-370.706	733.414	2855.29	562.562
347	-370.706	729.925	2817.84	560.518
348	-370.706	725.492	3431.96	558.939
349	-370.706	722.35 	2742.04	549.404
350	-370.706	719.341	2827.77	550.41 
351	-370.706	716.033	2714.51	559.069
352	-370.706	713.881	2716.16	549.923
353	-370.706	709.982	2847.53	540.975
354	-370.706	706.529	2867.06	541.383
355	-370.706	705.96 	2915.57	543.557
356	-370.706	703.885	2879.3 	534.66 
357	-370.706	701.39 	2627.13	531.807
358	-370.706	699.663	2572.61	523.123
359	-370.706	699.778	2568.39	532.284
360	-370.706	698.34 	2458.42	529.4  
361	-370.706	699.165	2558.44	537.903
362	-370.706	697.723	2657.07	544.584
363	-370.706	694.721	2589.18	534.385
364	-370.706	690.735	2711.44	521.41 
365	-370.706	688.819	2770.51	525.722
366	-370.706	686.9  	2760.17	533.119
367	-370.706	685.361	2875.95	530.863
368	-370.706	682.707	2902.77	538.188
369	-370.706	682.017	2726.4 	533.844
370	-370.706	680.498	2821.73	537.929
371	-370.706	676.584	2639.65	537.306
372	-388.729	676.509	2652.43	538.332
373	-388.729	675.494	2652.43	525.898
374	-388.729	673.324	2568.66	518.373
375	-388.729	668.548	2678.26	519.661
376	-388.729	667.568	2906.23	519.038
377	-388.729	662.531	2823.49	508.57 
378	-388.729	659.081	2875.73	509.468
379	-388.729	657.053	2746.68	506.264
380	-388.729	655.922	2808.52	503.829
381	-388.729	655.795	2558.66	502.272
382	-388.729	651.946	2402.04	502.956
383	-388.729	649.297	2502.91	501.448
384	-388.729	648.157	2420.99	488.081
385	-388.729	645.443	2342.07	487.168
386	-388.729	647.568	2577.45	491.473
387	-388.729	644.194	2521.19	490.595
388	-388.729	639.994	2562.78	491.131
389	-388.729	638.062	2566.74	481.742
390	-388.729	639.328	2403.78	484.931
391	-388.729	637.945	2447.93	488.892
392	-388.729	636.365	2629.69	488.706
393	-388.729	634.115	2586.47	493.038
394	-388.729	632.543	2525.42	494.04 
395	-388.729	629.721	2442.38	486.923
396	-388.729	627.38 	2608.54	485.804
397	-388.729	626.017	2459.59	491.783
398	-388.729	626.275	2565.56	502.774
399	-388.729	623.846	2509.8 	499.333
400	-388.729	621.704	2509.8 	488.613
401	-388.729	618.05 	2714.63	484.602
402	-388.729	614.648	2358.43	482.71 
403	-391.651	612.76 	2350.23	482.194
404	-391.651	611.172	2350.56	483.584
405	-391.651	609.157	2395   	485.156
406	-391.651	608.002	2358.44	496.546
407	-391.651	604.851	2354.11	490.666
408	-391.651	602.469	2288.98	484.202
409	-391.651	600.802	2434.91	483.497
410	-391.651	598.132	2237.45	475.764
411	-391.651	596.171	2175.51	456.911
412	-391.651	595.258	2111.78	453.825
413	-391.651	595.403	2222.79	459.94 
414	-391.651	594.144	2127.34	455.227
415	-391.651	592.089	2127.34	448.521
416	-391.651	590.515	2378.24	452.732
417	-391.651	589.113	2366.05	453.203
418	-391.651	586.888	2381.79	456.609
419	-391.651	584.517	2613.08	460.71 
420	-391.651	581.764	2248.06	450.052
421	-391.651	580.62 	2180.32	445.977
422	-391.651	579.805	2330.31	452.777
423	-391.651	577.266	2307.44	454.627
424	-391.651	574.454	2384.83	447.023
425	-391.651	571.719	2283.27	445.114
426	-391.651	568.801	2381.13	442.098
427	-391.651	567.958	2381.13	444.274
428	-391.651	569.207	2398.64	451.843
429	-391.651	566.461	2503.53	464.675
430	-391.651	565.362	2215.96	460.387
431	-391.651	564.178	2316.16	467.69 
432	-391.651	562.877	2256.47	461.891
433	-391.651	561.796	2286.78	457.303
434	-391.651	560.128	2478.59	456.77 
435	-391.651	559.203	2276.95	450.314
436	-391.651	558.686	2317.69	451.886
437	-391.651	556.829	2371.27	451.656
438	-391.651	556.498	2167.86	444.429
439	-391.651	555.009	2174.58	444.657
440	-391.651	554.629	2202.85	435.341
441	-391.651	553.365	2034.93	426.65 
442	-391.651	551.039	2003.65	422.425
443	-391.651	549.479	1997.1 	423.427
444	-391.651	549.266	2112.77	421.861
445	-391.651	547.769	2171.11	425.914
446	-391.651	544.974	2331.19	443.046
447	-391.651	542.658	2140.61	441.478
448	-391.651	540.763	2041.83	439.862
449	-391.651	538.958	1981.07	428.91 
450	-391.651	536.193	2078.19	423.497
451	-391.651	534.025	2121.88	424.871
452	-391.651	533.605	2121.88	430.276
453	-391.651	532.092	2121.88	434.533
454	-391.651	531.595	2107.19	434.133
455	-391.651	530.27 	1998.07	426.155
456	-391.651	527.421	2111.53	421.841
457	-391.651	526.029	1960.47	418.769
458	-391.651	524.978	2117.33	419.037
459	-391.651	526.544	2117.33	430.841
460	-391.651	522.062	2169.82	425.101
461	-391.651	518.809	1965.97	416.667
462	-391.651	516.833	2102.91	416.219
463	-391.651	518.507	2202.32	424.322
464	-391.651	516.722	2133.81	423.952
465	-391.651	514.47 	2077.94	419.573
466	-391.651	513.288	2077.94	413.915
467	-391.651	512.539	2257.63	414.69 
468	-391.651	509.242	1914.02	410.182
469	-391.651	507.418	1899.19	405.131
470	-391.651	506.838	2243.77	408.75 
471	-391.651	504.662	2087.62	406.358
472	-391.651	505.448	2128.35	413.655
473	-391.651	503.924	1983.68	415.787
474	-391.651	501.198	1976.29	412.234
475	-393.263	498.569	1924.89	407.706
476	-393.263	498.388	1869.19	409.469
477	-393.263	498.281	1863.69	406.917
478	-393.263	496.636	2282.21	408.115
479	-393.263	497.758	2019.1 	412.358
480	-393.263	495.519	2008.58	411.654
481	-393.263	496.962	1928.36	408.789
482	-393.263	496.628	1957.01	406.51 
483	-393.263	495.858	2119.85	410.955
484	-393.263	491.412	2414.07	411.741
485	-401.214	490.457	2100.13	405.04 
486	-401.214	489.314	2133.53	402.753
487	-401.214	487.728	2224.76	402.896
488	-401.214	487.195	2235.14	402.922
489	-401.214	486.168	2158.35	409.465
490	-401.214	482.47 	2279.56	404.971
491	-401.214	478.677	2083.2 	397.883
492	-401.214	476.744	2056.31	397.381
493	-401.214	474.761	2038.66	399.635
494	-401.214	472.566	2141.52	404.813
495	-401.214	471.292	2068.46	402.284
496	-401.214	472.655	2049.18	398.592
497	-401.214	470.819	2017.06	398.224
498	-401.214	468.41 	1980.96	401.572
499	-401.214	467.808	1898.92	405.291
-462.08999999
