gen	min     	avg    	max    	std    
0  	-35.0506	1872.78	6270.99	1118.83
1  	-35.0506	1868.67	6104.99	1117.37
2  	-35.0506	1862.36	6137.62	1121.17
3  	-63.7971	1854.98	5891.17	1117.46
4  	-63.7971	1848.2 	5591.13	1113.36
5  	-63.7971	1845.46	5600.3 	1101.4 
6  	-63.7971	1838.16	5568.9 	1124.95
7  	-99.1021	1830.75	5405.01	1133.85
8  	-99.1021	1820.55	5529.67	1115.42
9  	-103.013	1814.26	5482.04	1094.85
10 	-103.013	1808.51	5193.31	1097.77
11 	-103.013	1811.51	5150.45	1097.31
12 	-103.013	1806.59	5451.27	1096   
13 	-103.013	1794.54	5988.27	1097.72
14 	-122.823	1790.21	5714.33	1094.56
15 	-122.823	1786.73	5740.68	1099.2 
16 	-122.823	1786.14	5669.09	1097.47
17 	-122.823	1782.74	5447.45	1088.27
18 	-122.823	1778.35	5290.5 	1083.9 
19 	-122.823	1776.9 	5137.58	1096.03
20 	-122.823	1769.17	5116.01	1089.42
21 	-122.823	1769.96	5663.05	1089.49
22 	-122.823	1766.26	5659.84	1084.1 
23 	-122.823	1763.27	6145.54	1114.99
24 	-122.823	1759.81	5688.33	1110.46
25 	-122.823	1755.25	5350.46	1112.12
26 	-150.843	1747.08	5401.51	1104   
27 	-150.843	1741.94	5401.51	1094.3 
28 	-150.843	1744.1 	5704.05	1092.77
29 	-150.843	1739.31	5397.71	1084.18
30 	-150.843	1736.42	5382.51	1091.8 
31 	-150.843	1730.68	5192.73	1097.59
32 	-151.581	1726.45	5192.73	1097.47
33 	-162.479	1726.38	5521.57	1102.62
34 	-162.479	1723.94	5541.39	1105.42
35 	-162.479	1717.78	5207.57	1106.78
36 	-162.479	1711.79	5214.76	1101.3 
37 	-162.479	1708.29	5172.89	1082.15
38 	-162.479	1702.81	4922.73	1079.98
39 	-162.479	1698.03	4966.81	1077.15
40 	-162.479	1698.36	5170.77	1089   
41 	-202.691	1694.12	5429.36	1108.51
42 	-202.691	1688.56	5252.19	1107.86
43 	-214.702	1681.63	6165.06	1107.02
44 	-214.702	1675.39	5815.86	1094.21
45 	-214.702	1668.55	5735.31	1067.58
46 	-214.702	1665.73	5735.31	1070.51
47 	-214.702	1656.26	5579.18	1054.69
48 	-214.702	1655   	6206.3 	1072.45
49 	-225.931	1648.3 	5659.86	1041.67
50 	-235.436	1641.79	5068.81	1040   
51 	-235.436	1640.44	5069.92	1036.75
52 	-235.436	1640.04	5561.58	1063.69
53 	-235.436	1632.94	5652.85	1029.93
54 	-235.436	1627.09	5113.85	1016.38
55 	-235.436	1624.17	4826.81	1018.14
56 	-235.436	1619.17	5013.91	1022.33
57 	-235.436	1611.71	5009.62	1022.09
58 	-235.436	1604.94	5505.09	1014.56
59 	-244.475	1597.25	4939.85	1013.44
60 	-244.475	1591.8 	4832.98	996.276
61 	-244.475	1588.26	4713.05	985.042
62 	-244.475	1586.75	4926.42	1006.8 
63 	-244.475	1583.72	4956.33	1015.87
64 	-244.475	1579.5 	5040.79	1001.76
65 	-244.475	1576.8 	4857.21	1004.93
66 	-244.475	1570.6 	5014.73	1006.66
67 	-244.475	1567.04	5063.09	1022.44
68 	-244.475	1556.67	5037.11	1014.21
69 	-244.475	1553.84	5321.36	1002.09
70 	-244.475	1551.05	5157.15	1001.77
71 	-244.475	1544.72	5128.33	1008.43
72 	-244.475	1536.72	5431.68	1016.3 
73 	-244.475	1528.69	5431.68	1008.53
74 	-244.475	1525.76	5743.39	995.453
75 	-244.475	1521.38	5382.03	994.82 
76 	-244.475	1520.04	5329.25	996    
77 	-256.889	1521.14	5228.67	992.375
78 	-256.889	1514.05	4855.25	990.676
79 	-256.889	1509.3 	4703.58	980.854
80 	-256.889	1502.1 	4811.59	950.267
81 	-256.889	1498.57	4710.39	947.529
82 	-256.889	1500.7 	5924.14	968.22 
83 	-256.889	1494.36	4946.59	954.289
84 	-256.889	1490.89	4699.35	952.403
85 	-272.219	1485.35	4924.87	960.518
86 	-274.446	1485.64	4929.02	968.345
87 	-274.446	1479.56	4632.23	945.174
88 	-279.449	1474.15	4659.42	958.552
89 	-279.449	1468.61	5743.8 	960.515
90 	-290.024	1459.57	5318.2 	953.345
91 	-290.024	1458.73	4787.53	940.846
92 	-290.024	1453.75	4644.12	936.617
93 	-290.024	1453.93	5174.52	933.679
94 	-304.573	1448.62	4891.9 	923.038
95 	-304.573	1448.96	4559.35	939.427
96 	-304.573	1445.22	4481.44	892.454
97 	-304.573	1444.11	4485.15	901.92 
98 	-304.573	1441.95	4632.37	916.233
99 	-304.573	1443.37	5146.47	924.374
100	-304.573	1436.07	5161.26	919.004
101	-304.573	1433.38	4816.07	883.944
102	-304.573	1427.99	4870.31	879.341
103	-304.573	1424.33	4422.93	888.175
104	-304.573	1418.7 	5065.96	899.151
105	-304.573	1409.89	4762.43	887.826
106	-304.573	1404.6 	4580.46	879.116
107	-304.573	1398.53	4597.5 	887.535
108	-304.573	1393.7 	4912.54	894.872
109	-304.573	1387.24	6039.75	904.008
110	-304.573	1380.38	5179.17	902.954
111	-304.573	1379.12	5425.39	910.872
112	-304.573	1374.69	4575.55	907.291
113	-304.573	1369.27	4305.94	890.456
114	-304.573	1363.58	4386.28	875.033
115	-304.573	1361.74	4386.28	874.234
116	-304.573	1356.55	4380.9 	874.275
117	-314.776	1353.17	4331.45	862.344
118	-314.776	1352.83	4295.83	871.917
119	-314.776	1355.23	4585.23	879.996
120	-314.776	1350.13	4459.31	872.605
121	-314.776	1349.09	4221.82	869.451
122	-314.776	1344.21	4179.01	860.038
123	-314.776	1339.48	4128.38	848.487
124	-314.776	1336.91	4755.13	851.221
125	-314.776	1333.53	4738.01	873.726
126	-314.776	1327.03	4738.01	868.414
127	-314.776	1325.68	4762.02	865.2  
128	-314.776	1322.2 	4731.72	868.118
129	-314.776	1321.96	4648.67	876.222
130	-314.776	1314.9 	4628.22	860.073
131	-314.776	1313.54	4916.35	869.229
132	-314.776	1308.62	4754.98	859.593
133	-314.776	1302.62	4649.8 	859.682
134	-314.776	1298.71	5119.49	869.68 
135	-314.776	1293.24	4946.81	865.501
136	-314.776	1290.61	4274.41	847.15 
137	-314.776	1289.86	4271.32	844.441
138	-314.776	1286.58	4466.95	845.484
139	-314.776	1284.33	4405.06	828.981
140	-314.776	1284.1 	4198.32	828.353
141	-314.776	1281.08	4513   	851.214
142	-314.776	1276.3 	4333.7 	822.34 
143	-314.776	1271.75	4483   	835.477
144	-314.776	1268.54	4276.42	822.847
145	-314.776	1266.44	4170.72	836.982
146	-314.776	1265.05	4188.99	846.671
147	-314.776	1263.66	4199.61	845.664
148	-314.776	1259.47	4199.61	831.506
149	-314.776	1255.03	4232.34	842.276
150	-322.183	1255.51	4187.56	841.189
151	-322.183	1253.04	4345.46	844.749
152	-322.183	1249.87	4288.09	834.325
153	-322.183	1246.25	4783.26	861.612
154	-331.677	1240.33	4651.95	853.328
155	-331.677	1236.35	4682.8 	832.508
156	-346.361	1230.24	4551.47	832.72 
157	-346.361	1225.18	4552.07	838.642
158	-346.361	1218.06	5157.11	825.934
159	-346.361	1212.26	5120.19	824.007
160	-346.361	1207.59	5120.19	820.482
161	-346.361	1205.22	4522.94	825.103
162	-346.361	1205.01	4297.64	815.248
163	-346.361	1199.86	4233.18	784.216
164	-357.107	1195.15	4250.25	792.823
165	-357.107	1193.62	4283.8 	771.98 
166	-357.107	1192.41	4041.07	771.135
167	-357.107	1189.17	3850.44	763.949
168	-357.107	1185.2 	3881.01	778.989
169	-357.107	1183.84	3873.47	780.577
170	-357.107	1181.97	3717.43	782.553
171	-357.107	1179.27	3685.95	783.338
172	-357.107	1176.89	3705.48	792.456
173	-357.107	1174.82	3702.43	796.218
174	-357.107	1173.21	3861.58	802.552
175	-357.107	1170.38	3823.12	800.134
176	-357.107	1166.87	4640.98	792.466
177	-357.107	1164.34	4018.72	778.237
178	-357.107	1167.35	4118.91	787.657
179	-357.107	1162.96	3979.86	791.888
180	-357.107	1159.08	4223.24	786.346
181	-357.107	1155.51	3898.84	774.877
182	-357.107	1150.95	3746.31	774.53 
183	-357.107	1145.89	3840.48	764.566
184	-357.107	1143.75	3648.02	759.553
185	-357.107	1139.07	3633.05	752.742
186	-357.107	1136.42	3581.58	754.135
187	-357.107	1132.59	3581.58	750.632
188	-357.107	1130.18	3929.04	757.013
189	-357.107	1126.03	3851.42	759.75 
190	-357.107	1119.77	3562.16	743.311
191	-357.107	1118.03	3588.56	746.096
192	-357.107	1113.12	3533.87	745.013
193	-357.107	1107.32	3533.87	744.655
194	-357.107	1104.84	3692   	730.426
195	-358.921	1102.98	3666.32	748.907
196	-358.921	1099.56	3794.78	749.841
197	-358.921	1102.39	3938.87	770.017
198	-358.921	1097.24	3920.1 	760.635
199	-358.921	1096.7 	4366.94	754.641
200	-361.478	1091.38	3718.71	729.105
201	-361.478	1090.32	3558.57	725.521
202	-362.861	1086.64	3463.47	729.871
203	-362.861	1083.39	3463.47	730.424
204	-362.861	1078.36	3422.56	734.688
205	-362.861	1072.26	4263.86	723.776
206	-362.861	1067.89	3546.95	708.565
207	-362.861	1064.36	3532.62	707.409
208	-362.861	1062.8 	3525.75	701.135
209	-362.861	1061.6 	3490.55	711.021
210	-362.861	1058.29	3334.08	717.262
211	-362.861	1057.09	3300.54	710.681
212	-362.861	1052.73	3300.54	718.495
213	-362.861	1048.01	3604.35	712.026
214	-362.861	1042.66	3598.19	716.67 
215	-362.861	1038.91	3605.42	715.526
216	-362.861	1034.61	3584.35	712.175
217	-362.861	1030.81	3436   	705.924
218	-362.861	1033.72	3436   	726.049
219	-362.861	1031.52	3812.8 	724.468
220	-362.861	1029.55	3753.14	714.212
221	-362.861	1026.28	3442.82	709.24 
222	-362.861	1022.71	3690.11	705.95 
223	-362.861	1022.11	3687.2 	705.459
224	-362.861	1017.66	3433.6 	706.013
225	-362.861	1016.72	3663.2 	694.546
226	-362.861	1015.66	3730.26	706.841
227	-362.861	1013.45	3505.08	702.352
228	-362.861	1015.79	4149.37	707.05 
229	-362.861	1011.02	4101.26	705.154
230	-362.861	1007.99	3708.48	700.753
231	-362.861	1003.8 	3660.17	686.042
232	-362.861	1001.6 	4016.34	686.188
233	-362.861	1000.1 	3884.53	703.91 
234	-366.675	995.826	3838.55	700.561
235	-366.675	994.679	3700.5 	696.6  
236	-366.675	992.534	3689.18	704.449
237	-366.675	994.046	3991.37	714.209
238	-366.675	989.312	4001.97	707.207
239	-366.675	986.152	3765.6 	714.419
240	-366.675	983.497	3628.88	706.141
241	-366.675	982.422	3313.37	685.812
242	-366.675	976.933	4267.95	685.637
243	-366.675	974.645	4206.62	700.761
244	-366.675	971.856	4167.59	712.391
245	-366.675	967.133	4267.17	711.81 
246	-366.675	964.383	3997.68	706.829
247	-366.675	959.103	4269.92	702.024
248	-366.675	953.736	4152.62	686.35 
249	-366.675	949.496	3754.15	683.913
250	-366.675	946.224	3821.27	694.091
251	-366.675	941.507	3648.74	682.092
252	-366.675	939.629	3526.52	672.685
253	-366.675	936.451	3526.52	671.239
254	-366.675	934.883	3934.31	678.773
255	-366.675	932.194	3689.24	659.897
256	-366.675	927.451	3557.82	645.688
257	-366.675	923.582	3742.04	637.309
258	-366.675	918.749	3543.43	631.652
259	-366.675	914.558	3618.43	643.15 
260	-366.675	910.474	3523.96	642.093
261	-366.675	912.164	3470.71	637.661
262	-366.675	909.134	3399.35	640.296
263	-366.675	911.076	3569.97	655.299
264	-366.675	906.717	4031.05	652.655
265	-366.675	903.985	4102.39	643.498
266	-366.675	903.854	4102.39	642.85 
267	-366.675	906.614	3407.34	637.777
268	-366.675	905.982	3407.34	629.809
269	-366.675	901.04 	3604.5 	620.384
270	-366.675	896.711	3273.45	626.305
271	-366.675	892.533	3486.92	637.079
272	-366.675	892.284	3640.06	641.753
273	-366.675	888.915	3668.4 	637.422
274	-366.675	886.403	3835.62	631.799
275	-366.675	881.516	3600.04	639.926
276	-366.675	880.156	3582.49	639.962
277	-366.675	878.405	3723.31	637.7  
278	-366.675	874.586	3361.72	630.915
279	-366.675	870.807	4014.69	642.174
280	-366.675	871.14 	3597.36	640.747
281	-366.675	866.375	3617.33	641.894
282	-366.675	864.384	3622.98	647.27 
283	-366.675	860.501	3617.33	639.557
284	-366.675	858.48 	3602.12	636.369
285	-366.675	852.018	3590.01	617.58 
286	-366.675	847.335	3515.38	600.113
287	-366.675	846.302	3245.66	608.778
288	-366.675	846.728	3330.04	608.489
289	-366.675	845.343	3311.67	603.992
290	-366.675	842.941	3189   	598.966
291	-366.675	840.395	3189   	598.956
292	-366.675	840.447	3161.43	596.78 
293	-366.675	838.133	3114.72	596.212
294	-366.675	834.807	3073.87	585.513
295	-366.675	832.9  	2962.94	587.343
296	-366.675	830.959	2962.94	584.969
297	-366.675	826.932	3020.68	574.974
298	-366.675	822.748	2989.03	569.071
299	-366.675	819.132	2989.03	560.683
300	-366.675	817.779	2989.03	557.446
301	-366.675	816.014	2763.66	555.318
302	-366.675	816.7  	2765.91	564.223
303	-366.675	815.398	2649.04	557.094
304	-366.675	813.937	2854.73	557.545
305	-366.675	811.005	2749.63	557.429
306	-366.675	807.341	2728.04	546.498
307	-366.675	805.632	2714.27	542.02 
308	-368.023	805.835	2739.25	541.906
309	-368.023	804.624	2689.14	537.121
310	-368.023	802.467	2646.95	540.6  
311	-368.023	800.28 	2651.74	546.874
312	-368.023	798.633	2731.07	553.357
313	-368.023	797.453	2648.16	560.35 
314	-368.023	794.948	2614   	547.111
315	-368.023	793.119	2614   	547.08 
316	-368.023	793.699	2486.7 	549.188
317	-368.023	793.434	2518.78	549.606
318	-368.023	793.123	2894.89	554.481
319	-368.023	790.423	2894.89	554.116
320	-368.023	789.069	2948.43	565.827
321	-368.023	786.868	3083.88	557.794
322	-368.023	785.969	3041.74	561.073
323	-368.023	782.485	3056.21	565.755
324	-368.023	781.266	2900.06	565.129
325	-368.023	777.298	3622.68	552.303
326	-368.023	773.578	3745.07	557.401
327	-368.023	771.055	2755.09	549.854
328	-368.023	767.553	2724.43	546.852
329	-368.023	763.125	2610.26	532.712
330	-368.023	759.72 	2994.02	539.921
331	-368.023	756.609	2977.09	538.463
332	-368.023	755.945	2837.98	533.595
333	-368.023	752.314	2776.91	522.345
334	-371.003	749.635	2831.8 	530.214
335	-371.003	746.164	2802.13	515.554
336	-371.003	744.494	2689.61	531.692
337	-371.003	744.129	2661.94	535.435
338	-371.003	742.798	2594.61	520.024
339	-371.003	742.433	2624.05	527.389
340	-371.003	742.879	2741.67	534.763
341	-371.003	739.263	2733.67	525.599
342	-371.003	736.339	2528.23	530.505
343	-371.003	735.541	2682.26	532.675
344	-371.003	734.303	2580.68	525.531
345	-371.003	733.145	3346.92	532.372
346	-371.003	732.072	2646.25	523.526
347	-372.367	731.844	2927.02	521.577
348	-372.367	728.78 	2736.16	518.223
349	-372.367	725.222	3186.45	525.672
350	-372.367	724.049	2711.69	525.173
351	-372.367	722.563	2686.39	528.188
352	-372.367	720.943	3121.91	524.772
353	-372.367	717.496	3062.15	512.999
354	-372.367	718.638	3220.27	522.47 
355	-372.367	715.609	3168.28	531.179
356	-372.367	713.76 	3098.92	511.548
357	-372.367	710.226	2679.36	508.035
358	-372.367	708.668	2620.08	504.506
359	-372.367	710.682	2632.47	503.242
360	-372.367	709.574	2596.05	503.541
361	-372.367	707.188	2412.6 	492.766
362	-372.367	708.94 	2982.84	515.274
363	-372.367	705.747	2384.5 	505.498
364	-372.367	703.252	2540.4 	510.527
365	-372.367	700.618	2382.68	500.138
366	-372.367	697.58 	2402.53	499.784
367	-372.367	693.668	2404.12	499.052
368	-372.367	693.306	2232.42	492.849
369	-372.367	689.261	2232.42	492.87 
370	-372.367	688.905	2726.47	506.29 
371	-372.367	687.865	2708.94	499.639
372	-372.367	686.041	2616.03	492.955
373	-372.367	683.391	2656.96	493.654
374	-372.367	680.995	2637   	487.106
375	-376.507	678.798	2613.39	491.74 
376	-376.507	675.876	2475.78	496.024
377	-376.507	675.024	2453.38	488.226
378	-376.507	674.74 	2521.28	495.077
379	-376.507	671.586	2594.7 	502.68 
380	-376.507	669.692	2669.14	500.431
381	-376.507	670.576	2658.41	508.438
382	-376.507	669.86 	2527.04	496.079
383	-376.507	667.883	2598.9 	496.196
384	-376.507	665.198	2690.89	500.336
385	-376.507	661.693	2688.11	504.692
386	-376.507	661.476	2626.18	501.249
387	-376.507	659.632	2640.76	497.898
388	-381.149	658.143	2640.76	501.491
389	-381.149	656.276	2614.91	501.611
390	-381.149	656.093	2587.34	500.374
391	-381.149	653.681	2559.77	486.803
392	-381.149	650.008	3248.58	484.74 
393	-381.149	648.002	3202.28	477.906
394	-381.149	646.614	2642.43	470.962
395	-382.67 	645.556	2350.58	473.79 
396	-382.67 	645.995	2229.62	464.339
397	-382.67 	644.455	2280.7 	463.208
398	-382.67 	643.44 	2784.6 	468.77 
399	-382.67 	644.183	2360   	479.251
400	-382.67 	639.47 	2386.92	480.668
401	-382.67 	636.177	2393.45	475.331
402	-382.67 	632.938	2268.71	468.098
403	-382.67 	631.59 	2229.71	456.153
404	-382.67 	628.167	2243.42	465.361
405	-382.67 	628.162	2330.62	466.846
406	-382.67 	627.705	2249.26	458.539
407	-382.67 	626.782	2363.77	462.065
408	-382.67 	624.866	2363.77	461.883
409	-382.67 	623.233	2531.2 	459.616
410	-382.67 	619.781	2370.26	462.408
411	-382.67 	616.737	2399.67	474.666
412	-382.67 	615.33 	2437.33	473.838
413	-382.67 	612.541	2468.21	484.775
414	-382.67 	612.463	2642.26	489.538
415	-382.67 	609.218	2352.56	482.132
416	-382.67 	606.461	2352.56	470.814
417	-382.67 	607.322	2215.81	459.356
418	-382.67 	605.393	2218   	457.655
419	-382.67 	606.356	2437.14	463.303
420	-382.67 	603.752	2428.65	455.417
421	-382.67 	603.44 	2392   	458.003
422	-382.67 	602.151	2360.61	457.353
423	-382.67 	601.358	2260.77	455.825
424	-382.67 	599.664	2260.57	468.635
425	-382.67 	596.674	2260.57	452.796
426	-382.67 	594.24 	2623.64	452.267
427	-382.67 	592.318	2180.78	453.563
428	-382.67 	591.798	2173.36	458.991
429	-382.67 	588.442	2227.13	460.946
430	-382.67 	585.824	2359.2 	456.872
431	-382.67 	582.687	2316.39	454.836
432	-382.67 	579.75 	2225.74	457.476
433	-382.67 	575.991	2244.53	462.284
434	-382.67 	574.633	2181.41	448.535
435	-382.67 	575.209	2182.47	455.385
436	-382.67 	573.768	2146.37	449.823
437	-382.67 	571.877	2224.07	450.846
438	-382.67 	570.967	2161.35	444.049
439	-382.67 	568.927	2157.48	448.427
440	-382.67 	567.563	2206.05	449.902
441	-382.67 	566.163	2167.39	449.75 
442	-382.67 	565.782	2011.79	437.385
443	-382.67 	565.707	2647.27	450.768
444	-382.67 	564.44 	2615.49	447.838
445	-382.67 	562.546	2428.94	451.948
446	-382.67 	560.791	2252.57	447.258
447	-382.67 	559.263	2370.46	442.362
448	-382.67 	556.871	2207.82	448.127
449	-382.67 	554.758	2186.47	438.289
450	-382.67 	554.041	2160.58	434.654
451	-382.67 	552.176	2191.82	436.73 
452	-382.67 	550.171	2141.23	426.663
453	-382.67 	551.596	2399.09	431.347
454	-382.67 	551.464	2500.57	429.404
455	-382.67 	549.033	2482.74	432.256
456	-382.67 	546.588	2247.75	421.579
457	-382.67 	545.322	2176.14	423.418
458	-382.67 	542.266	2162.05	423.504
459	-382.67 	540.942	2162.05	424.834
460	-382.67 	539.45 	2131.65	423.343
461	-382.67 	537.277	2122.78	413.216
462	-382.67 	536.968	2040.77	414.064
463	-382.67 	537.543	2073.23	427.25 
464	-382.67 	536.968	1975.63	434.346
465	-382.67 	538.028	2139.52	437.557
466	-382.67 	535.882	2075.36	432.792
467	-382.67 	534.668	3048.48	429    
468	-382.67 	531.081	2183.46	418.673
469	-382.67 	530.78 	2389.09	419.579
470	-382.67 	529.47 	2389.09	414.039
471	-382.67 	528.052	2235.76	416.979
472	-382.67 	526.05 	2748.91	416.538
473	-382.67 	523.68 	2277.15	417.25 
474	-382.67 	524.382	2032.91	416.593
475	-382.67 	521.177	2212.43	407.644
476	-382.67 	517.135	2201.8 	411.024
477	-382.67 	515.795	2064.97	421.163
478	-382.67 	514.103	2072.22	428.903
479	-382.67 	510.99 	2022.49	432.632
480	-382.67 	506.234	2022.49	426.825
481	-382.67 	504.955	2025.99	414.979
482	-382.67 	504.845	2013.96	416.848
483	-382.67 	502.246	2157.84	424.714
484	-382.67 	499.871	2110.29	417.76 
485	-382.67 	497.7  	2118.6 	419.634
486	-382.67 	497.878	2158.08	411.009
487	-382.67 	496.502	2095.5 	412.262
488	-382.67 	495.15 	2147.13	408.757
489	-382.67 	495.284	2147.13	407.237
490	-388.154	492.971	2491.92	412.879
491	-388.154	493.2  	2453.94	412.92 
492	-388.154	492.752	2260.25	407.426
493	-388.154	494.662	2257.69	413.143
494	-388.154	493.352	2253.81	408.788
495	-388.154	490.929	2193.39	405.998
496	-388.154	488.76 	2193.39	398.115
497	-388.154	486.495	2193.39	388.361
498	-388.154	484.366	2113.73	383.312
499	-388.154	481.825	1963.41	384.394
-462.08999999
