gen	min   	avg    	max    	std    
0  	45.764	1820.44	6140.31	1138.09
1  	45.764	1813.75	5358   	1110.37
2  	45.764	1811.79	5461.32	1117.7 
3  	-15.1632	1803.49	6111.04	1101.16
4  	-15.1632	1802.65	6111.04	1116.61
5  	-94.6561	1796.87	5900.72	1115.89
6  	-94.6561	1793.95	5614.58	1114.6 
7  	-94.6561	1789.4 	5456.58	1107.5 
8  	-94.6561	1782.61	5456.58	1112.12
9  	-94.6561	1776.1 	5456.58	1104.38
10 	-94.6561	1773.78	5424.94	1088.39
11 	-121.518	1767.58	5655.07	1098.49
12 	-133.945	1766.71	5878.22	1099.56
13 	-133.945	1761.16	5925.46	1103.55
14 	-133.945	1753.47	5925.46	1099.77
15 	-133.945	1756.95	7683.04	1112.32
16 	-166.642	1749.72	5653.35	1082.53
17 	-166.642	1744.27	5467.63	1071   
18 	-166.642	1741.66	6196.8 	1081.77
19 	-166.642	1747.18	6516.7 	1104.5 
20 	-166.642	1744.05	6508.46	1100.25
21 	-166.642	1739.79	6201.42	1100.48
22 	-170.304	1732.82	5679.21	1085.52
23 	-170.304	1732.26	5582.87	1085.96
24 	-170.304	1727.84	5605.78	1102.67
25 	-170.304	1724.19	5553.72	1116.07
26 	-170.304	1715.89	5062.3 	1100.65
27 	-170.304	1709.19	6010.14	1090.42
28 	-170.304	1705.52	6217.79	1101.58
29 	-174.162	1704.38	6013.26	1072.38
30 	-174.162	1701.16	5408.98	1049.88
31 	-174.162	1696.14	5408.98	1056.34
32 	-174.162	1692.13	5388.35	1051.7 
33 	-175.345	1689.26	5724.62	1038.97
34 	-175.345	1683.44	5582.33	1040.01
35 	-175.345	1678.04	5664.05	1039.67
36 	-206.018	1673.78	5723.18	1042.05
37 	-206.018	1663.95	5687.87	1031.75
38 	-209.891	1664.87	5682.47	1044.52
39 	-209.891	1662.17	5494.27	1054.84
40 	-209.891	1654   	5828.56	1053.35
41 	-209.891	1648.4 	5740.33	1039.21
42 	-209.891	1640.1 	5674.21	1054.35
43 	-209.891	1636.33	5342.55	1056.85
44 	-209.891	1629.06	5214.87	1049.28
45 	-209.891	1622.85	5086.97	1041.07
46 	-209.891	1623.26	5132.13	1037.99
47 	-209.891	1619.3 	4991.29	1032.44
48 	-209.891	1619.23	5289.14	1036.26
49 	-215.628	1615.25	5067.48	1028.4 
50 	-215.628	1607.23	5137.53	1025.08
51 	-215.628	1600.79	5115.21	1014.76
52 	-216.005	1598.94	4994.13	1012.64
53 	-216.005	1592.22	4844.47	990.703
54 	-216.005	1589.32	5340.15	1010.5 
55 	-216.005	1581.83	4957.58	999.372
56 	-223.57 	1575.95	4829.26	996.342
57 	-223.57 	1570.77	4862.55	993.827
58 	-223.57 	1567.45	4861.96	989.225
59 	-223.57 	1563.93	4787.18	969.818
60 	-223.57 	1561.11	5196.49	978.064
61 	-223.57 	1560.09	4996.42	990.523
62 	-223.57 	1561.07	4996.42	1006.64
63 	-246.461	1561.5 	5231.17	1028.21
64 	-246.461	1556.63	5844.58	1026.37
65 	-246.461	1549.56	5361.7 	1005.88
66 	-246.461	1546.82	5428.92	1008.21
67 	-246.461	1541.58	5521.27	1022.7 
68 	-246.461	1532.78	5270.93	1012.19
69 	-246.461	1530.03	5345.91	1022.6 
70 	-246.461	1524.57	5302.64	1001.95
71 	-246.461	1520.66	4922.44	995.444
72 	-250.241	1514.98	4892.64	986.116
73 	-250.241	1511.1 	4892.64	984.391
74 	-251.35 	1509.79	4807.27	993.052
75 	-251.35 	1505.12	4777.1 	995.633
76 	-251.35 	1500.53	4863.15	991.571
77 	-251.35 	1496.75	5474.13	988.9  
78 	-251.35 	1495.6 	5016.9 	968.926
79 	-251.35 	1489.79	4874.33	958.84 
80 	-251.35 	1488.18	4794.84	948.82 
81 	-251.35 	1481.11	4733.42	936.416
82 	-251.35 	1477.15	4729.39	953.005
83 	-251.35 	1476.47	4931.93	955.204
84 	-251.35 	1466.7 	5195.01	958.95 
85 	-251.35 	1463.38	4729.05	971.303
86 	-251.35 	1464.27	4660.76	965.559
87 	-251.35 	1456.2 	4470.99	960.255
88 	-251.35 	1453.4 	4493.14	954.559
89 	-257.578	1453.26	4293.61	947.959
90 	-257.578	1450.17	4348.29	963.365
91 	-257.578	1448.97	6244.49	970.047
92 	-257.578	1448.61	5657.45	974.042
93 	-257.578	1447.63	4809.43	957.082
94 	-257.578	1443.7 	4789.18	971.464
95 	-257.578	1437.88	4789.78	969.603
96 	-257.578	1430.04	4712.39	964.413
97 	-257.578	1426.15	4513.63	952.861
98 	-257.578	1420.72	4599.83	936.997
99 	-257.578	1415.12	4784.23	943.95 
100	-257.578	1410.96	4389.33	915.711
101	-257.578	1405.7 	4421.99	902.514
102	-257.578	1400.61	4749.17	924.538
103	-257.578	1397.88	4419.83	922.999
104	-257.578	1391.95	5017.07	911.312
105	-257.578	1386.72	4944.1 	932.609
106	-257.578	1382.11	5519.22	953.463
107	-257.578	1374.73	5655.49	937.367
108	-257.578	1368.69	5532.04	915.848
109	-257.578	1363.19	4830.06	909.956
110	-257.578	1356.18	4572.2 	886.125
111	-283.326	1354.67	4852.74	894.216
112	-283.326	1352.46	4852.74	869.276
113	-283.326	1350   	4717.35	866.105
114	-283.326	1341.56	4752.25	859.127
115	-283.326	1340.2 	4696.14	856.436
116	-283.326	1338.4 	4980.12	873.436
117	-294.641	1336.66	4767.01	871.55 
118	-294.641	1332.03	4882.89	874.603
119	-294.641	1330.03	4780.09	885.134
120	-294.641	1327.61	4685.96	860.177
121	-294.641	1321.75	4577.12	848.44 
122	-294.641	1321.49	4566.21	847.735
123	-299.914	1316.21	4595.39	846.817
124	-307.66 	1315.73	4608.45	853.063
125	-307.66 	1312.73	4643.01	866.301
126	-307.66 	1309.28	4537.99	859.539
127	-307.66 	1310.93	4537.99	859.578
128	-307.66 	1304.32	4784.02	856.046
129	-307.66 	1299.32	4783.62	860.223
130	-329.467	1295.19	4219.22	862.706
131	-329.467	1289.75	4256.83	857.062
132	-329.467	1283.58	4136.84	837.547
133	-329.467	1280.44	4165.8 	839.142
134	-329.467	1279.53	3988.79	850.776
135	-329.467	1278.63	3898.57	863.437
136	-329.467	1276.56	4102.72	855.652
137	-329.467	1273.71	4026.54	840.23 
138	-329.467	1268.79	4393.46	848.244
139	-329.467	1272.04	4468.54	862.73 
140	-329.467	1271.48	4696.78	859.094
141	-329.467	1269.07	4696.78	876.596
142	-329.467	1261.51	4696.78	859.166
143	-329.467	1258.21	5371.82	860.465
144	-329.467	1252.52	4629.96	830.037
145	-329.467	1248.89	4542.06	821.127
146	-329.467	1243.24	4092.15	808.578
147	-329.467	1237.1 	4000.26	795.767
148	-329.467	1234.21	4072.57	800.183
149	-329.467	1230   	4167.88	822.61 
150	-329.467	1227.26	4187.93	819.716
151	-329.467	1224.12	4206.55	809.354
152	-329.467	1221.97	4177.93	813.673
153	-329.467	1217.37	4048.47	804.915
154	-329.467	1213.5 	3891.88	788.759
155	-329.467	1211.6 	3903.72	803    
156	-329.467	1206.65	3881.8 	805.664
157	-329.467	1201.65	4277.51	802.861
158	-329.467	1200.76	3763.73	799.205
159	-329.467	1197.74	3748.5 	798.866
160	-329.467	1194.44	3748.5 	798.725
161	-329.467	1192.92	4148.86	793.473
162	-329.467	1185.61	4579.34	786.635
163	-329.467	1181.26	3748.39	773.972
164	-329.467	1179.54	3757.78	787.019
165	-329.467	1176.91	4063.05	792.287
166	-329.467	1174.89	4173.46	793.305
167	-329.467	1171.78	4184.72	791.605
168	-329.467	1167.87	4192.32	794.756
169	-329.467	1162.98	4192.32	787.761
170	-329.467	1162.01	4416.37	797.961
171	-329.467	1154.53	4198.46	797.699
172	-329.467	1150.61	4030.04	781.824
173	-329.467	1146.05	3845.84	765.334
174	-329.467	1146.79	4053.92	768.001
175	-329.467	1140.58	3821.85	776.872
176	-329.467	1138.5 	3796.93	767.312
177	-329.467	1134.01	4005.03	776.034
178	-329.467	1132.54	4309.22	778.545
179	-329.467	1127.68	3800.56	775.886
180	-329.467	1124.4 	3706.37	760.04 
181	-329.467	1121.14	4276.02	755.029
182	-329.467	1118.19	3947.17	750.231
183	-329.467	1117.82	3927.72	757.501
184	-329.467	1112.41	3927.72	729.528
185	-329.467	1106.95	3927.72	738.429
186	-329.467	1100.06	3706.13	736.458
187	-329.467	1097.49	3706.13	730.866
188	-329.467	1092.88	4157.05	736.815
189	-329.467	1091.98	3881.7 	731.908
190	-329.467	1089.51	4173.41	752.163
191	-329.467	1085.98	4131.36	745.702
192	-329.467	1084.39	4105.3 	743.32 
193	-329.467	1082.38	3971.42	738.91 
194	-329.467	1077.85	3892.62	745.11 
195	-329.467	1076.54	3817.45	737.937
196	-343.521	1071.16	3508.13	725.277
197	-343.521	1070.17	3604.17	716.336
198	-343.521	1066.1 	3640.22	726.521
199	-343.521	1064.8 	3593.66	718.584
200	-343.521	1059.9 	3612.56	712.987
201	-343.521	1056.47	3379.24	702.569
202	-343.521	1056.58	4396.33	739.494
203	-343.521	1055.53	3802.51	734.4  
204	-350.7  	1057.81	4059.82	748.952
205	-350.7  	1054.22	4146.41	748.924
206	-350.7  	1052.69	3980.92	748.418
207	-350.7  	1048.93	3980.92	735.826
208	-350.7  	1044.83	3714.56	726.763
209	-350.7  	1042.37	3923.05	714.008
210	-350.7  	1039.19	4037.68	712.997
211	-350.7  	1033.64	4929.55	732.326
212	-350.7  	1028.39	4737.07	732.099
213	-350.7  	1023.62	4461.66	716.003
214	-350.7  	1019.56	4029.08	706.01 
215	-350.7  	1021.18	3930.81	712.252
216	-350.7  	1019.03	3881.59	710.373
217	-350.7  	1015.07	3808.6 	695.438
218	-350.7  	1008.93	3777.53	689.836
219	-350.7  	1005.62	3669.98	699.808
220	-350.7  	1000.76	3371.37	697.362
221	-350.7  	996.423	3429.45	701.495
222	-350.7  	993.904	4057.75	706.447
223	-350.7  	990.182	3560.21	686.346
224	-350.7  	985.273	3580.45	690.143
225	-350.7  	979.314	3406.12	679.573
226	-350.7  	977.552	3415.12	679.974
227	-350.7  	974.86 	3167.36	678.309
228	-350.7  	969.133	3163.49	671.791
229	-350.7  	964.348	3350.88	671.175
230	-350.7  	960.881	3350.88	652.84 
231	-350.7  	959.349	3350.88	657.697
232	-350.7  	955.967	3151.23	655.955
233	-350.7  	952.771	3056.48	654.645
234	-350.7  	949.768	3056.48	649.882
235	-350.7  	953.403	3359.33	653.667
236	-350.7  	950.867	3519.03	642.094
237	-350.7  	946.28 	3187.5 	644.467
238	-350.7  	944.172	3244.79	646.262
239	-350.7  	942.355	3125.35	641.718
240	-350.7  	939.102	3117.91	639.703
241	-350.7  	937.622	3097.58	642.549
242	-350.7  	936.658	3496.24	645.177
243	-350.7  	933.437	3195.68	636.085
244	-350.7  	932.662	3514.36	651.818
245	-350.7  	930.232	3431.12	651.44 
246	-350.7  	928.433	3210.24	630.964
247	-355.136	925.638	3221.89	623.902
248	-355.136	924.258	3103.09	618.962
249	-355.136	922.409	3065.23	627.769
250	-355.136	918.769	3059.72	629.967
251	-355.136	916.85 	3088.65	631.962
252	-355.136	915.517	3088.65	632.413
253	-362.197	913.817	3137.67	626.673
254	-362.197	911.085	3137.67	623.321
255	-362.197	910.197	3165.58	623.93 
256	-362.197	904.086	2994.8 	633.842
257	-362.197	902.009	3005.75	621.54 
258	-362.197	899.844	3041.44	629.889
259	-362.197	894.465	3452.12	635.268
260	-363.516	892.819	3310.02	635.579
261	-363.516	888.798	3105.73	625.567
262	-363.516	887.207	3155.89	613.611
263	-363.516	884.534	3428.21	626.83 
264	-363.516	883.568	3253.58	637.518
265	-363.516	879.344	3172.71	624.922
266	-363.516	879.939	3172.71	617.252
267	-363.516	878.035	3178.52	631.156
268	-363.516	875.235	3111.14	631.473
269	-363.516	872.156	3123.81	633.558
270	-363.516	871.36 	3197.58	631.932
271	-363.516	868.105	3289.19	632.741
272	-363.516	865.808	3220.74	641.774
273	-363.516	863.579	3223.22	629.191
274	-363.516	858.799	3212.37	618.888
275	-363.516	854.898	3133.49	611.375
276	-363.516	852.128	2950.51	602.088
277	-363.516	850.178	3136.3 	611.236
278	-363.516	844.251	3560.59	605.748
279	-363.516	840.252	3171.21	613.085
280	-363.516	837.529	2986.22	601.708
281	-363.516	834.602	2908.85	591.777
282	-363.516	830.444	2827.82	589.839
283	-363.516	830.242	2889.15	591.827
284	-363.516	825.525	2931.3 	587.694
285	-363.516	823.467	3464.48	588.944
286	-363.516	819.25 	2877.88	575.255
287	-363.516	817.91 	3141.35	579.83 
288	-363.516	817.37 	3310.89	598.395
289	-363.516	818.537	3179.34	592.139
290	-363.516	816.982	3048.7 	584.99 
291	-363.516	812.51 	3032.54	586.162
292	-363.516	810.454	3029.33	594.971
293	-363.516	809.891	3300   	581.872
294	-363.516	806.049	2881.62	570.333
295	-363.516	803.12 	2949.98	559.357
296	-363.516	802.797	3073.67	573.57 
297	-363.516	798.92 	3201.61	568.283
298	-363.516	794.503	3144.16	567.061
299	-363.516	790.976	2760.35	559.547
300	-363.516	786.357	2820.65	560.714
301	-363.516	781.655	2883.03	563.061
302	-363.516	780.037	2919.12	552.287
303	-363.516	776.505	3594.15	559.051
304	-363.516	776.247	3586.29	572.77 
305	-363.516	771.777	3513.87	567.667
306	-363.516	765.561	3513.87	563.24 
307	-363.516	764.685	2522.15	556.315
308	-363.516	763.413	2657.24	559.094
309	-363.516	759.88 	2934.14	547.156
310	-363.516	757.39 	2472.79	546.081
311	-363.516	756.107	2962.28	544.622
312	-363.516	751.126	2524   	534.641
313	-363.516	749.196	2501.87	532.06 
314	-363.516	748.051	2521.3 	540.284
315	-363.516	747.072	2821.37	535.721
316	-363.516	744.113	2521.3 	528.123
317	-363.516	743.434	2690.03	536.262
318	-363.516	741.051	2588.65	530.61 
319	-363.516	739.526	2551.64	539.457
320	-363.516	739.45 	2616.78	536.281
321	-363.516	736.23 	2616.78	528.316
322	-363.516	732.955	2592.47	521.809
323	-363.516	729.008	2608.14	519.608
324	-363.516	725.503	2413.94	513.849
325	-363.516	723.182	2662.3 	523.251
326	-363.516	719.042	2433.72	512.539
327	-363.516	718.199	2502.79	515.968
328	-363.516	714.964	2895.3 	523.297
329	-363.516	715.312	2516.01	518.319
330	-363.516	712.467	2553.43	530.654
331	-363.516	708.441	2568.94	538.437
332	-363.516	703.281	2838.33	533.324
333	-363.732	698.855	2858.63	519.229
334	-363.732	696.447	2816.62	522.914
335	-363.732	696.787	2734   	529.553
336	-363.732	693.811	2734   	518.232
337	-363.732	691.919	2584.48	512.23 
338	-363.732	690.003	2638.31	508.815
339	-363.732	687.426	2629.01	502.558
340	-363.732	684.264	2678.76	498.892
341	-363.732	679.506	2678.76	511.684
342	-363.732	676.451	3101.59	513.291
343	-363.732	672.102	2463.1 	506.972
344	-363.732	670.249	2741.95	491.904
345	-363.732	667.112	2419.01	488.471
346	-363.732	667.203	2534.36	495.601
347	-367.936	664.452	2871.07	496.49 
348	-367.936	662.918	2691.06	498.899
349	-367.936	662.107	2710.16	505.002
350	-367.936	660.539	2528.72	499.817
351	-367.936	656.61 	2476.07	491.061
352	-367.936	655.517	2607.43	489.187
353	-367.936	653.847	2511.19	485.933
354	-367.936	651.961	2562.31	484.814
355	-367.936	649.897	2588.54	495.57 
356	-367.936	647.131	2588.54	486.319
357	-367.936	643.781	2588.54	493.077
358	-367.936	641.527	2401.92	487.816
359	-367.936	639.629	2347.25	486.516
360	-367.936	638.594	2268.86	475.533
361	-367.936	638.507	2630.62	478.087
362	-372.094	636.47 	2552.44	470.821
363	-372.094	635.099	2283.37	473.86 
364	-372.094	631.935	2291.12	475.998
365	-372.094	630.425	2283.37	477.63 
366	-372.094	628.211	2516.89	470.59 
367	-372.094	626.933	2386.47	465.224
368	-372.094	624.368	2292.68	466.818
369	-372.094	623.504	2448.31	475.313
370	-372.094	619.653	2501.8 	476.03 
371	-372.094	618.042	2419.01	465.446
372	-372.094	619.094	2351.84	456.91 
373	-372.094	617.901	2285.33	447.003
374	-372.094	616.023	2203.22	450.295
375	-372.094	615.806	2208.32	452.295
376	-372.094	614.262	2160.01	454.183
377	-372.094	615.073	2265.48	454.602
378	-372.094	612.353	2141.41	464.579
379	-372.094	614.691	2269.17	459.898
380	-372.094	611.85 	2292.57	458.193
381	-372.094	609.227	2380.63	458.026
382	-372.094	609.959	2440.65	469.076
383	-372.094	610.051	2450.66	456.793
384	-372.094	609.972	2412.56	462.705
385	-372.094	608.241	2388.48	466.059
386	-372.094	604.689	2653.34	464.262
387	-372.094	602.34 	2552.11	461.273
388	-372.094	599.253	2308.77	456.713
389	-372.094	597.527	2196.8 	448.986
390	-372.094	594.786	2491.74	449.979
391	-372.094	592.713	2308.13	441.453
392	-372.094	590.157	2379.08	447.159
393	-372.094	588.472	2249.72	444.693
394	-372.094	586.569	2252.23	436.487
395	-372.094	584.758	2259.35	434.587
396	-372.094	582.517	2259.35	418.284
397	-372.094	580.567	2251.51	425.705
398	-372.094	578.926	2223.83	427.745
399	-372.094	578.599	2467.26	432.562
400	-372.094	576.647	2145.15	428.394
401	-372.094	574.588	2145.15	428.256
402	-372.094	573.641	2150.32	428.528
403	-372.094	572.274	2182.13	426.078
404	-372.094	571.248	2109.02	438.398
405	-372.094	566.363	2135.29	430.286
406	-372.094	565.061	1993.23	428.631
407	-372.094	563.488	2205.61	427.759
408	-372.094	562.821	2231.95	422.498
409	-372.094	560.548	2179.27	424.083
410	-372.094	558.731	2063.07	427.854
411	-372.094	558.218	2063.07	430.89 
412	-372.094	557.266	2188.81	428.068
413	-372.094	556.256	2116.37	422.916
414	-372.094	553.561	2103.82	414.95 
415	-372.094	551.575	2085.43	410.783
416	-372.094	549.744	2315.01	417.897
417	-372.094	547.332	2142.38	418.76 
418	-372.094	546.754	2041.84	417.132
419	-372.094	542.921	2249.57	419.118
420	-372.094	540.669	1975.09	418.663
421	-372.094	539.313	2018.37	414.343
422	-372.094	536.881	1966.58	405.939
423	-372.094	535.706	2000.96	413.017
424	-372.094	534.268	2053.44	413.4  
425	-372.094	534.009	2058.35	425.644
426	-372.094	532.797	2043.56	424.46 
427	-372.094	531.06 	2000.27	422.701
428	-372.094	530.472	1944.55	414.948
429	-372.094	528.691	2130.44	423.862
430	-372.094	526.328	2130.44	421.532
431	-372.094	525.829	2130.44	413.124
432	-372.094	524.037	1893.8 	411.393
433	-372.094	524.813	1872.64	408.38 
434	-372.094	523.16 	1793.58	404.369
435	-372.094	522.742	1814.78	411.261
436	-383.559	522.216	1971.7 	412.808
437	-387.038	521.643	1995.23	410.011
438	-387.038	520.332	2010.71	409.032
439	-387.038	518.489	1967.45	408.861
440	-387.038	517.326	2106.09	405.712
441	-387.038	515.599	1982.85	394.007
442	-387.038	513.98 	1888.88	389.04 
443	-387.038	512.619	2038.84	396.316
444	-387.038	509.499	1960.07	393.662
445	-387.038	508.844	2119.51	405.377
446	-387.038	510.362	2119.51	409.659
447	-387.038	510.357	2033.07	412.196
448	-387.038	507.668	1974.97	408.382
449	-387.038	507.024	2797.13	405.246
450	-388.648	504.127	2277.29	398.769
451	-388.648	501.693	1846.95	391.905
452	-388.648	500.024	1946.75	392.73 
453	-388.648	497.939	2051.95	398.504
454	-388.648	495.425	2051.95	395.652
455	-388.648	494.335	1865.88	395.944
456	-388.648	495.2  	1846.68	397.714
457	-388.648	495.132	1830.12	389.843
458	-388.648	495.677	2099.48	390.901
459	-388.648	494.632	1912.32	392.365
460	-388.648	493.544	1874.61	392.961
461	-388.648	491.584	1859.12	393.856
462	-388.648	491.211	1823.18	393.704
463	-388.648	490.648	1777.61	391.604
464	-388.648	488.66 	1943.58	389.142
465	-388.648	486.544	1943.58	382.291
466	-391.876	483.956	1792.95	376.413
467	-391.876	482.535	1813.3 	378.097
468	-391.876	480.501	1795.65	379.074
469	-391.876	479.495	2002.01	377.092
470	-391.876	478.133	1809.73	372.849
471	-391.876	476.726	1988.56	379.547
472	-391.876	475.148	1863.82	380.208
473	-391.876	473.914	1893.4 	384.113
474	-391.876	473.455	1835.54	379.116
475	-391.876	473.017	1728.06	373.031
476	-391.876	472.456	1800.93	373.608
477	-391.876	470.914	2175.17	380.932
478	-391.876	468.587	1800.93	371.781
479	-391.876	468.718	1812.58	375.574
480	-391.876	466.193	1809.96	368.791
481	-391.876	464.111	2036.46	373.16 
482	-391.876	462.315	1972.32	370.773
483	-391.876	459.529	1851.64	366.898
484	-391.876	457.068	1720.14	366.706
485	-391.876	455.525	1891.63	368.016
486	-391.876	455.353	1786.24	366.965
487	-391.876	454.311	2080.51	364.861
488	-391.876	453.741	2003.25	378.213
489	-391.876	452.271	2032.78	379.71 
490	-391.876	449.815	1947.02	372.69 
491	-391.876	447.775	1878.4 	368.17 
492	-391.876	445.645	1922.5 	367.008
493	-391.876	444.012	1897.92	366.746
494	-391.876	443.428	1967.33	367.144
495	-391.876	441.775	1867.96	360.26 
496	-391.876	441.949	1867.96	360.295
497	-391.876	441.242	1524.51	347.037
498	-391.876	440.318	1524.51	350.277
499	-391.876	440.872	1555.72	352.925
-462.08999999
