/usr/lib/python2.7/site-packages/deap/tools/_hypervolume/pyhv.py:33: ImportWarning: Falling back to the python version of hypervolume module. Expect this to be very slow.
  "module. Expect this to be very slow.", ImportWarning)
gen	min    	avg    	max    	std    
0  	10.8631	3864.81	14010.7	3070.16
1  	10.8631	3852.27	13853.6	3069.77
2  	10.8631	3826.57	14221.8	3089.44
3  	10.8631	3835.9 	14221.8	3104.7 
4  	10.8631	3827.35	14050.9	3126.86
5  	10.8631	3806.34	13947.4	3077.9 
6  	0.795539	3800.47	14160.4	3047.77
7  	0.795539	3802.55	13683.3	3052.29
8  	0.795539	3803.21	13291  	3049.5 
9  	-31.1826	3787.25	13088.9	3028.36
10 	-31.1826	3786.86	15202.5	3056.7 
11 	-31.1826	3794.23	19391.2	3055.27
12 	-45.3323	3780.7 	15486  	3040.43
13 	-72.0253	3775.21	14977.9	3003.74
14 	-72.4513	3773.38	13464.5	2964.9 
15 	-75.2997	3777.4 	12991  	2976.62
16 	-75.2997	3780.56	12991  	2974.23
17 	-75.2997	3769.58	14011.1	3000.71
18 	-75.2997	3745.81	12665.7	2965.08
19 	-75.2997	3742.79	15837.3	2970.74
20 	-75.2997	3732.32	16092  	3069.65
21 	-75.2997	3717.68	16419.9	3072.92
22 	-75.2997	3711.3 	14285.8	3006.25
23 	-75.2997	3709.9 	12953.4	2924.06
24 	-75.2997	3708.12	13902.9	2933.18
25 	-75.2997	3700.78	15683.8	2945.33
26 	-75.2997	3669.84	13924.1	2911.75
27 	-75.2997	3657.09	13924.1	2919.5 
28 	-75.2997	3635.71	14760.8	2948.51
29 	-75.2997	3636.05	15649.8	2978.83
30 	-75.2997	3625.04	16829.8	2938.78
31 	-75.2997	3615.67	14450.9	2911.49
32 	-91.2913	3613.46	14437.5	2895.82
33 	-104.724	3611.8 	14204.6	2874.46
34 	-104.724	3602.31	14593.7	2912.62
35 	-134.808	3602.09	15869.6	2951.98
36 	-134.808	3586.67	13788  	2922.14
37 	-134.808	3585.29	13233  	2922.62
38 	-134.808	3568.51	14597.1	2937.54
39 	-134.808	3543.12	14285.4	2869.14
40 	-134.808	3530.67	14085.3	2854.81
41 	-134.808	3505.76	12342.5	2845.31
42 	-134.808	3489.62	13559.1	2837.89
43 	-134.808	3485.92	15518.6	2857.66
44 	-134.808	3473.23	14390.3	2822.68
45 	-134.808	3466.41	13365.7	2778.54
46 	-161.354	3442.39	14686  	2797.19
47 	-161.354	3428.91	14653  	2851.27
48 	-161.354	3428.36	14483.6	2859.74
49 	-161.354	3416.01	12867.6	2821.57
50 	-161.354	3394.81	12673.1	2802.6 
51 	-222.83 	3388.94	12546.3	2813.14
52 	-222.83 	3371.87	13013.2	2827.18
53 	-222.83 	3359.41	13015.8	2876.12
54 	-222.83 	3359.94	12835.9	2851.22
55 	-222.83 	3367.35	12690  	2865.18
56 	-222.83 	3374.85	15049.8	2865.8 
57 	-222.83 	3361.8 	15040.2	2815.19
58 	-222.83 	3345.96	15288.2	2800.25
59 	-222.83 	3332.36	12735.1	2793.98
60 	-222.83 	3318.85	12833.3	2768.17
61 	-222.83 	3305.29	12857.8	2770.82
62 	-222.83 	3306.15	12857.8	2722.1 
63 	-222.83 	3297.42	12857.8	2721.04
64 	-222.83 	3312.6 	15166.2	2749.25
65 	-222.83 	3291.55	12376.7	2709.63
66 	-222.83 	3284.68	13280  	2743.86
67 	-222.83 	3284.18	13232.7	2757.31
68 	-222.83 	3280.48	12722.6	2712.12
69 	-222.83 	3266.87	12595.7	2702.82
70 	-222.83 	3268.37	12590.7	2686.73
71 	-222.83 	3277.05	12435.7	2685.8 
72 	-222.83 	3259.57	12743.8	2715.89
73 	-222.83 	3262.01	15244.9	2785.48
74 	-222.83 	3250.9 	13496.3	2770.44
75 	-222.83 	3242.64	13021.4	2730.03
76 	-222.83 	3250.01	14545.6	2752.76
77 	-222.83 	3259.08	14367.3	2783.93
78 	-222.83 	3248.58	12638.8	2728.72
79 	-222.83 	3234.03	12626.3	2722.76
80 	-222.83 	3220.52	12822.6	2741.81
81 	-225.917	3217.86	13270.1	2764.23
82 	-225.917	3192.34	13270.1	2727.55
83 	-225.917	3173.31	13113.2	2725.45
84 	-225.917	3166.45	13032.6	2705.93
85 	-225.917	3150.24	13314.5	2704.44
86 	-225.917	3135.21	19040.7	2690.93
87 	-225.917	3118.54	17219.2	2642.35
88 	-225.917	3107.77	14713.1	2600.32
89 	-225.917	3108.32	13260.7	2589.48
90 	-225.917	3084.13	12857.4	2572.56
91 	-225.917	3077.92	13232.1	2579.99
92 	-225.917	3065.95	12871.5	2583.21
93 	-225.917	3058.43	12566.4	2571.11
94 	-229.299	3032.77	12118.1	2576.37
95 	-229.299	3022.51	12066  	2599.02
96 	-229.299	3032.3 	12608.5	2634.8 
97 	-229.299	3026.84	11988.2	2609.45
98 	-229.299	3017.41	12659.7	2597.44
99 	-229.299	2999.06	11848.8	2559.3 
100	-229.299	2985.38	11760.2	2572.81
101	-229.299	2971.22	11760.2	2562.47
102	-229.299	2965.69	11725.4	2556.27
103	-229.299	2951.49	11725.4	2563.65
104	-229.299	2951.53	11700.2	2503.48
105	-229.299	2939.13	12555.4	2517.82
106	-240.943	2923.91	11876.2	2534.95
107	-240.943	2924.23	11442.2	2523.62
108	-240.943	2908.37	13842  	2536.6 
109	-240.943	2897.27	12692.1	2516.78
110	-240.943	2884.46	11809.5	2502.43
111	-240.943	2897.17	12771.7	2492.59
112	-240.943	2883.17	12165  	2426.26
113	-240.943	2878.47	12165  	2396.69
114	-240.943	2895.44	12165  	2440.06
115	-240.943	2897.32	11425  	2474.62
116	-240.943	2895.13	11414.7	2471.75
117	-240.943	2878.99	12500.4	2441.92
118	-240.943	2877.72	12500.4	2423.26
119	-240.943	2883.21	11537.5	2396.55
120	-240.943	2884.31	11715.1	2359.82
121	-243.062	2912.87	15327.7	2425.42
122	-243.062	2905.44	11894.8	2453.49
123	-243.062	2907.98	11714.1	2462.92
124	-244.484	2915.22	11719  	2450.78
125	-244.484	2909.35	11738.7	2453.31
126	-244.484	2913.6 	12732.3	2485.18
127	-244.484	2890.33	12732.3	2448.66
128	-244.484	2881.44	11672.4	2433.95
129	-244.484	2867.97	11687  	2419.66
130	-244.484	2867.84	11695.5	2424.37
131	-244.484	2868.23	13641.8	2424.65
132	-244.484	2860.19	11928.7	2403.82
133	-244.484	2861.57	11470.3	2386.07
134	-244.484	2860.39	11437.1	2375.64
135	-244.484	2873.98	13170.4	2425.05
136	-244.484	2855.88	12347  	2389.13
137	-244.484	2850.96	12668.5	2368   
138	-244.484	2841.81	12402.8	2373.35
139	-244.484	2830.78	13350.9	2421.09
140	-244.484	2828.97	12216.4	2384.69
141	-244.484	2825.01	11492.8	2359.73
142	-244.484	2814.61	11435.4	2379.51
143	-244.484	2807.03	10886.4	2373.81
144	-245.01 	2808.97	13582  	2408.92
145	-245.01 	2815.35	10718.8	2355.7 
146	-245.01 	2797.95	10507.6	2316.53
147	-245.01 	2805.71	12038.6	2379.42
148	-245.01 	2800.5 	12056.8	2399.9 
149	-245.01 	2813.33	12222.8	2416.88
150	-245.01 	2795.33	12627.3	2447.02
151	-245.01 	2779.52	12478.6	2409.65
152	-245.01 	2779.19	12475.4	2433.24
153	-245.01 	2767.62	12355.6	2463.09
154	-245.01 	2762.06	12014.6	2452.25
155	-245.01 	2764.96	14363.4	2510.91
156	-245.01 	2758.72	12954.3	2465.17
157	-245.01 	2752.96	12912.9	2470.53
158	-245.01 	2740.03	12287.8	2462.54
159	-245.01 	2742.17	13655.8	2456.7 
160	-245.01 	2729.63	12504.4	2376.42
161	-245.01 	2727.49	11766  	2360.35
162	-246.802	2712.49	14503.9	2390   
163	-246.802	2689.89	13788.6	2364.08
164	-246.802	2708.4 	11723.8	2378.12
165	-246.802	2697.86	11555.2	2360.58
166	-246.802	2678.31	15023.9	2379.36
167	-246.802	2668.88	12079.8	2343.19
168	-246.802	2663.04	14867  	2339.52
169	-246.802	2659.52	12208.4	2353.84
170	-246.802	2650.22	12326.2	2343.46
171	-246.802	2633.37	11538.3	2299   
172	-261.945	2646.27	11406.5	2284.55
173	-261.945	2644.04	10839.7	2259.82
174	-261.945	2626.95	10821.8	2253.67
175	-261.945	2618.53	10821.8	2207.6 
176	-261.945	2609.39	11747.6	2236.65
177	-261.945	2623.27	13059  	2305.05
178	-261.945	2610.71	12708.9	2274.38
179	-311.641	2603.97	12708.9	2271.97
180	-311.641	2587.53	12648.7	2259.8 
181	-311.641	2578.17	12216.8	2212.92
182	-311.641	2586.05	11837.1	2272.9 
183	-311.641	2592.54	12059.1	2261.28
184	-311.641	2586.58	12237.9	2242.25
185	-311.641	2582.7 	12587.5	2232.98
186	-311.641	2570.98	10631  	2231.49
187	-311.641	2551.23	10594  	2212.17
188	-311.641	2546.08	11582.5	2236.52
189	-311.641	2547.69	11460.3	2212.25
190	-312.632	2538.57	14208.4	2264.77
191	-312.632	2528.92	11659  	2233.07
192	-327.071	2518.12	11668.1	2158.57
193	-327.071	2503.74	11529.2	2134.15
194	-327.071	2492.48	11476.7	2103.91
195	-327.071	2478.54	11585.3	2110.13
196	-327.071	2471.72	12946.3	2134.58
197	-327.071	2458.65	11230.3	2102.4 
198	-327.071	2461.63	11620.1	2091.97
199	-327.071	2464.13	11146  	2087.1 
200	-327.071	2437.7 	12785.8	2069.03
201	-327.071	2440.01	11355.7	2087.79
202	-327.071	2430.9 	11303.6	2040.49
203	-327.071	2432.36	10420.9	2029.07
204	-327.071	2424.99	10555.7	1992.49
205	-327.071	2429.68	10527.2	1987.08
206	-327.071	2440.49	11536.4	1995.09
207	-327.071	2452.03	11533.7	2009.69
208	-327.071	2444.92	10059.2	2010.07
209	-327.071	2435.17	11240.5	2017.4 
210	-327.071	2445.06	11762.5	2023.03
211	-327.071	2464.62	11520.9	2078.54
212	-327.071	2456.21	11503.8	2079.05
213	-327.071	2446.01	10957.3	2029.62
214	-327.071	2436.43	10712.4	2031.69
215	-327.071	2436.39	10649.1	2018.51
216	-327.071	2452.57	10367  	2034.55
217	-342.911	2439.2 	10403.8	2068.3 
218	-342.911	2436.59	10303.6	2085.13
219	-342.911	2447.41	10715.1	2090.68
220	-342.911	2434.64	10634.8	2060.11
221	-342.911	2427.29	10645.8	2042.45
222	-342.911	2418.6 	10644.3	2040.51
223	-342.911	2406.83	11623.5	2025.45
224	-342.911	2420.49	10276.2	2069.74
225	-342.911	2428.66	10579.7	2086.57
226	-342.911	2421.52	12407.2	2072   
227	-342.911	2422.17	12780.3	2078.88
228	-342.911	2428   	11856.4	2046.63
229	-346.802	2422.7 	11647.4	2069.18
230	-346.802	2413.41	11647.4	2044.82
231	-346.802	2402.92	11309.5	2067.78
232	-346.802	2394.62	11062.4	2048.92
233	-346.802	2405.35	12202.9	2076.47
234	-346.802	2403.1 	11077.8	2041.74
235	-346.802	2389.97	10988.7	2014.59
236	-346.802	2385.68	10589.4	2004.75
237	-346.802	2378.81	10511.2	2001.45
238	-346.802	2372.16	10086.9	1999.45
239	-346.802	2363.3 	10666.7	2003.86
240	-346.802	2357.89	12503.2	1986.4 
241	-346.802	2348.43	11322.9	1969.99
242	-346.802	2339.44	10314.5	1935.69
243	-346.802	2328.91	10156.4	1925.11
244	-346.802	2334.45	10168.3	1953.03
245	-346.802	2333.22	9680.73	1933.1 
246	-346.802	2333.07	10463.1	1966.13
247	-346.802	2339.73	10463.1	1959.6 
248	-346.802	2332.61	10176.8	1942.86
249	-346.802	2330.31	10678.3	1959.14
250	-346.802	2328.2 	10825.6	1986.36
251	-346.802	2316.23	9830.37	1967.34
252	-346.802	2304.79	9749.25	1957.83
253	-346.802	2307.33	9531.82	1968.23
254	-346.802	2295.64	9276.07	1947.87
255	-346.802	2283.86	9406.9 	1937.3 
256	-346.802	2287.74	9173.79	1925.33
257	-346.802	2291.49	9131.75	1901.87
258	-346.802	2278.3 	9004.62	1893.2 
259	-346.802	2289.67	10893.9	1891.56
260	-346.802	2293.15	9159.79	1899.51
261	-346.802	2280.69	9124.61	1908.36
262	-346.802	2272.4 	9124.61	1868.43
263	-346.802	2277.22	11412.3	1893.57
264	-346.802	2272.83	10004.7	1848.24
265	-346.802	2267.65	10004.7	1829.6 
266	-346.802	2259.17	10060.9	1839.61
267	-346.802	2245.38	10598.5	1845.84
268	-346.802	2247.05	10549.9	1847.02
269	-346.802	2261.51	11920.5	1898.15
270	-346.802	2261.09	11555.9	1908   
271	-346.802	2260.99	10797.4	1902.52
272	-346.802	2245.84	10766.8	1867.63
273	-346.802	2255.85	10790.1	1906.39
274	-346.802	2239.55	10496.6	1868.84
275	-346.802	2248.68	10507.7	1870   
276	-346.802	2250.42	10455.4	1848.22
277	-346.802	2239.84	10123.1	1838.98
278	-346.802	2240.7 	9725.65	1808.53
279	-346.802	2243.25	9779.9 	1841.75
280	-346.802	2238.3 	9339.55	1853.76
281	-346.802	2233.51	10721.7	1881.5 
282	-346.802	2225.27	10722.9	1871.41
283	-353.46 	2222.88	10764.7	1877.12
284	-353.46 	2226.95	9777.41	1906.75
285	-353.46 	2230.64	9633.78	1869.08
286	-353.46 	2237.17	11440.7	1888.11
287	-353.46 	2226.14	9581.6 	1865.58
288	-353.46 	2223.9 	9503.39	1835.89
289	-353.46 	2226.36	10109  	1823.35
290	-353.46 	2230.5 	10095.1	1823.79
291	-353.46 	2225.38	9648.21	1795.85
292	-353.46 	2220.32	9341.18	1806.38
293	-353.46 	2216.11	8693.45	1798.71
294	-353.46 	2221.97	8693.45	1797.69
295	-353.46 	2226.56	11165  	1829.4 
296	-353.46 	2213.72	11256.5	1808.05
297	-353.46 	2207.47	10953.6	1821.22
298	-353.46 	2211.03	10294.2	1807.3 
299	-353.46 	2192.29	11138.1	1774.7 
300	-353.46 	2187.4 	9055.6 	1741.79
301	-353.46 	2179.47	8908.45	1738.23
302	-353.46 	2178.49	8855.75	1705.26
303	-353.46 	2175.5 	8923.76	1706.15
304	-353.46 	2170.78	9525.53	1689.06
305	-353.46 	2164.53	9525.53	1668.66
306	-353.46 	2159.98	9418.66	1660.01
307	-353.46 	2154.6 	8596.33	1662.08
308	-353.46 	2153.6 	8809.38	1718.37
309	-353.46 	2146.17	9021.48	1702.52
310	-353.46 	2139.48	8754.56	1692.35
311	-353.46 	2132.8 	8271.92	1690.84
312	-353.46 	2140.87	11018.1	1735.43
313	-353.46 	2138.26	8691.51	1716.5 
314	-353.46 	2133.6 	8311.87	1712.72
315	-353.46 	2134.27	9342.39	1721.14
316	-353.46 	2139.06	9479.7 	1748.52
317	-353.46 	2127.98	9146.66	1722.55
318	-353.46 	2132.41	9504.83	1738.29
319	-353.46 	2128.58	9493.51	1721.2 
320	-353.46 	2117.26	9493.51	1709.45
321	-353.46 	2129.29	14126.8	1750.38
322	-353.46 	2111.1 	10680  	1710.27
323	-353.46 	2114.86	10664.4	1690.46
324	-353.46 	2110.8 	10473.3	1671.3 
325	-353.46 	2116.08	8835.29	1679.39
326	-353.46 	2110.85	8496.28	1659.18
327	-353.46 	2101.26	8251.53	1634.74
328	-353.46 	2095.91	8123.52	1620.32
329	-353.46 	2092.59	9297.18	1659.83
330	-353.46 	2079.72	9297.18	1643.78
331	-353.46 	2076.2 	8675.16	1623.12
332	-353.46 	2066.98	8691.7 	1630.19
333	-353.46 	2061.44	8577.86	1641.47
334	-353.46 	2052.52	8851.49	1627.4 
335	-353.46 	2057.13	9497.04	1636.92
336	-353.46 	2047.47	9497.04	1612.74
337	-353.46 	2047.69	10381.8	1624.72
338	-353.46 	2042.08	8718.55	1603.62
339	-353.46 	2035.18	8031   	1544.26
340	-353.46 	2034.33	8378.8 	1552.04
341	-353.46 	2032.84	7855.77	1545.27
342	-353.46 	2033.03	7698.79	1536.25
343	-353.46 	2027.21	7822.27	1509.05
344	-353.46 	2026.8 	8441.96	1529.54
345	-353.46 	2031.29	8711.7 	1528.96
346	-353.46 	2026.81	9630.05	1537.84
347	-353.46 	2018.19	9321.91	1514.43
348	-353.46 	2011.98	9015.41	1523.74
349	-353.46 	2003.66	8366.93	1511.51
350	-353.46 	1997.78	7913.54	1505.87
351	-353.46 	1989.21	7937.68	1518.32
352	-353.46 	1992.03	7937.68	1516.51
353	-353.46 	1989.69	7576.57	1535.28
354	-353.46 	2013.69	8273.38	1572.94
355	-353.46 	2013.45	8273.38	1551.94
356	-353.46 	2007.64	8403.74	1559.69
357	-353.46 	2008.09	9015.82	1545.18
358	-353.46 	2003.12	8911.76	1548   
359	-353.46 	1996.48	9356.04	1595.34
360	-353.46 	2002.04	8686.26	1577.54
361	-353.46 	2016.36	9630.56	1620.65
362	-353.46 	2022.91	8478.68	1586.92
363	-353.46 	2012.14	8461.43	1576.3 
364	-353.46 	2033.05	8452.63	1567.12
365	-353.46 	2034.87	8809.28	1579.68
366	-353.46 	2036.44	9257.35	1609.86
367	-353.46 	2025.99	7856.98	1608.8 
368	-353.46 	2024.26	8463.23	1660.32
369	-353.46 	2023.06	8568.52	1683.77
370	-353.46 	2015.38	8568.52	1665.58
371	-353.46 	2042.79	9701.2 	1701.56
372	-353.46 	2039.45	9455.16	1684.43
373	-353.46 	2051.11	9455.16	1659.51
374	-353.46 	2061.81	8789.92	1639.98
375	-353.46 	2062.32	8517.28	1645   
376	-353.46 	2053.97	8304.52	1625.96
377	-353.46 	2054.64	8395.97	1625.6 
378	-353.46 	2061.92	9367.84	1625.25
379	-354.364	2074.52	9809.02	1646.08
380	-354.364	2072.7 	8982.29	1641.55
381	-354.364	2088.55	11961.5	1724.16
382	-354.364	2076.75	9116.45	1679.05
383	-354.364	2069.24	9293.15	1642.72
384	-354.364	2066.23	8289.67	1615.18
385	-354.364	2084.69	8119.39	1638.85
386	-354.364	2083.68	8247.52	1627.67
387	-354.364	2082.34	8525.33	1618.12
388	-354.364	2074.52	7757.01	1610.75
389	-354.364	2065   	7847.9 	1580.13
390	-354.364	2074.63	8726.27	1618.16
391	-354.364	2074.64	8726.27	1598.23
392	-354.364	2077.4 	8318.28	1573.02
393	-354.364	2075.18	8318.28	1570.39
394	-354.364	2076.33	7797.76	1555.03
395	-354.364	2079.12	7326.99	1525.17
396	-354.364	2067.44	9257.02	1555.34
397	-354.364	2059.35	9242.53	1549.79
398	-354.364	2061.37	8313.04	1544.68
399	-354.364	2058.81	8657.49	1549.65
400	-354.364	2054.74	8113.16	1545.91
401	-354.364	2053.39	8050.69	1518.51
402	-354.364	2051.4 	8598.46	1552.76
403	-354.364	2051.99	8089.95	1554.94
404	-354.364	2053.78	8837.65	1583.99
405	-354.364	2056.28	9100.44	1591.63
406	-354.364	2051.7 	8829.05	1543.02
407	-354.364	2042.86	7937.33	1544.96
408	-354.364	2044.98	8590.18	1555.47
409	-354.364	2044.74	7916.6 	1554.69
410	-354.364	2042.2 	8157.08	1542.02
411	-354.364	2033.98	8181.58	1536.21
412	-354.364	2054.36	8164.04	1584.52
413	-354.364	2056.19	9577.41	1585.19
414	-354.364	2051.14	9681.15	1582.35
415	-354.364	2043.54	9590.81	1585.88
416	-354.364	2042.89	8892.6 	1586.3 
417	-354.364	2038.63	8051.9 	1585.21
418	-354.364	2038.17	7967.1 	1567.61
419	-354.364	2038.12	7887.93	1572.99
420	-354.364	2039.64	8104.74	1552.48
421	-354.364	2047.53	7822.09	1567.87
422	-354.364	2048.79	8528.61	1585.78
423	-354.364	2074.16	11852.7	1661.28
424	-354.364	2084.12	11822.4	1705.53
425	-354.364	2080.71	10704.3	1705.27
426	-354.364	2075.9 	10086.8	1622.76
427	-354.364	2069.68	10097.6	1609.51
428	-354.364	2071.25	10503.1	1622.18
429	-354.364	2071.92	9166.28	1614.53
430	-354.364	2071.99	11233  	1647.76
431	-354.364	2068.3 	9293   	1641.3 
432	-354.364	2073.04	9494.71	1643.4 
433	-354.364	2070.01	9550.09	1635.23
434	-354.364	2072.54	8422.4 	1624.64
435	-354.364	2062.73	8241.32	1608.17
436	-354.364	2060.7 	8033.33	1577.62
437	-354.364	2057.89	7651.93	1583.47
438	-354.364	2053.48	7582.74	1580.92
439	-354.364	2051.27	10045.3	1583.62
440	-354.364	2052.14	9989.59	1607.53
441	-354.364	2065.81	10479.6	1676.51
442	-354.364	2067.84	14049.6	1724.96
443	-354.364	2056.81	9990.94	1664.78
444	-354.364	2049.46	9877.26	1645.7 
445	-354.364	2044.14	8982.17	1631.93
446	-354.364	2041.89	8994.32	1614.02
447	-354.999	2038.15	7750.48	1602.05
448	-354.999	2035.28	8433.07	1609.32
449	-354.999	2026   	7722.74	1596.98
450	-354.999	2021.42	8509.58	1578.63
451	-354.999	2021.79	8277.62	1587.23
452	-354.999	2009.37	8415.3 	1562.68
453	-354.999	2008.61	8304.03	1582.8 
454	-354.999	2007.09	8089.16	1562.37
455	-354.999	2003.53	8094.19	1559.7 
456	-354.999	1991.58	8208.08	1580.55
457	-354.999	1993.26	8219.98	1569.83
458	-354.999	1984.02	8219.98	1540.53
459	-354.999	1976.22	9602.11	1568.16
460	-354.999	1974.87	7947.84	1538.12
461	-354.999	1970.53	7997.73	1547.58
462	-354.999	1964.75	7880.79	1535.27
463	-354.999	1971.61	7559.16	1496.64
464	-354.999	1970.52	9725.78	1498.97
465	-354.999	1958.4 	7390.56	1500.09
466	-354.999	1965.71	7939.08	1505   
467	-354.999	1958.6 	8485.81	1500.59
468	-354.999	1957.6 	7845.83	1474.5 
469	-354.999	1967.38	8056.18	1509.16
470	-354.999	1967.35	8341.22	1518.58
471	-354.999	1958.78	8219.1 	1516.23
472	-354.999	1968.07	8346.18	1563.54
473	-354.999	1975.03	9863.87	1603.77
474	-354.999	1969.57	10142.6	1610.19
475	-354.999	1976.22	9192.68	1579.24
476	-354.999	1982.13	9434.93	1572.5 
477	-354.999	1979.38	9137.9 	1580.64
478	-354.999	1970.66	8849.55	1534.33
479	-354.999	1970.58	8197.93	1529.07
480	-354.999	1983.74	7986.39	1558.64
481	-354.999	1972.18	7902.28	1549.29
482	-354.999	1974.87	8813.43	1569.5 
483	-354.999	1964.71	9384.01	1568.29
484	-354.999	1978.84	9384.01	1571.24
485	-354.999	1973.83	9511.65	1589.95
486	-364.492	1962.72	8876   	1563.01
487	-364.492	1962.12	8487.45	1531.04
488	-364.492	1964.47	8971.91	1537.15
489	-364.492	1964.73	8055.82	1518.83
490	-364.492	1963.33	8361.05	1553.68
491	-364.492	1966.37	8270.83	1517.53
492	-364.492	1961.33	9160.26	1524.35
493	-364.492	1968.15	9028.78	1512.91
494	-364.492	1966.65	11034.3	1531.41
495	-364.492	1966.07	8410.8 	1497.07
496	-364.492	1968.77	8410.8 	1506.55
497	-364.492	1966.17	7761.04	1518.38
498	-364.492	1962.9 	9122.35	1540.76
499	-364.492	1967.77	8487.15	1523.87
-462.08999999
