/usr/lib/python2.7/site-packages/deap/tools/_hypervolume/pyhv.py:33: ImportWarning: Falling back to the python version of hypervolume module. Expect this to be very slow.
  "module. Expect this to be very slow.", ImportWarning)
gen	min    	avg    	max    	std    
0  	247.299	384.295	523.195	49.0916
1  	235.978	384.037	511.773	49.267 
2  	235.978	383.706	511.773	48.7477
3  	235.978	383.35 	508.225	49.4652
4  	235.978	383.053	508.084	48.5758
5  	227.062	382.573	512.832	48.0464
6  	216.055	382.234	524.052	47.8167
7  	216.055	381.804	525.138	48.163 
8  	216.055	381.385	500.364	47.9209
9  	216.055	381.034	504.243	47.8741
10 	216.055	380.538	514.745	47.9068
11 	203.883	380.212	508.02 	49.5296
12 	203.883	379.891	511.923	50.1688
13 	200.745	379.438	511.58 	50.6515
14 	200.745	379.033	518.202	50.823 
15 	200.745	378.647	508.051	49.9259
16 	200.745	378.155	516.605	50.5119
17 	200.745	377.761	515.367	50.5552
18 	200.745	377.269	513.042	51.1612
19 	200.745	376.661	506.148	51.2302
20 	200.745	376.272	503.789	50.5673
21 	200.745	375.873	503.789	51.1855
22 	197.771	375.538	499.657	50.1174
23 	197.771	375.154	505.812	50.0307
24 	197.771	374.814	505.167	49.5312
25 	197.771	374.292	504.072	49.8997
26 	197.771	373.939	504.873	51.0769
27 	179.487	373.541	494.465	50.9662
28 	179.487	373.173	507.908	51.6277
29 	179.487	372.68 	520.568	51.8264
30 	179.487	372.365	497.37 	52.5868
31 	177.66 	371.958	506.667	52.8529
32 	177.66 	371.463	506.667	52.403 
33 	174.515	370.91 	508.443	52.904 
34 	170.337	370.571	508.919	52.8666
35 	170.337	370.055	496.186	51.4523
36 	170.337	369.634	502.445	51.3227
37 	170.337	369.182	497.876	51.4799
38 	170.337	368.674	488.781	52.1787
39 	162.05 	368.183	507.016	52.5727
40 	162.05 	367.648	515.573	52.9652
41 	162.05 	367.125	514.833	53.6416
42 	162.05 	366.706	506.696	51.9861
43 	162.05 	366.232	506.696	52.3418
44 	162.05 	365.841	493.812	53.2269
45 	162.05 	365.362	495.828	53.4324
46 	162.05 	364.952	495.828	53.0088
47 	162.05 	364.34 	517.836	53.1153
48 	162.05 	363.913	509.673	52.6996
49 	162.05 	363.504	515.56 	52.3957
50 	162.05 	362.932	507.724	52.1187
51 	162.05 	362.465	506.146	51.8429
52 	162.05 	362.01 	498.007	53.363 
53 	162.05 	361.394	497.517	52.507 
54 	162.05 	361.014	499.048	51.4152
55 	162.05 	360.568	499.717	50.9558
56 	162.05 	360.163	495.946	50.5089
57 	162.05 	359.687	492.291	51.2632
58 	156.731	359.319	487.864	51.5265
59 	156.731	358.908	495.76 	51.3084
60 	156.731	358.445	491.659	50.5071
61 	156.731	357.958	521.206	51.8698
62 	156.731	357.563	521.206	52.4866
63 	156.731	357.074	500.743	52.135 
64 	156.731	356.557	485.287	53.0715
65 	156.731	356.052	499.271	53.5886
66 	156.731	355.53 	510.577	53.0292
67 	156.731	355.128	499.257	53.0283
68 	156.731	354.796	499.823	53.7265
69 	156.731	354.344	518.934	53.7157
70 	156.731	353.887	494.975	54.1989
71 	156.731	353.547	494.975	54.3364
72 	153.624	353.194	494.298	54.4468
73 	133.349	352.763	513.65 	54.5064
74 	133.349	352.338	490.352	54.5526
75 	133.349	351.733	499.202	54.8697
76 	133.247	351.314	499.202	54.5509
77 	133.247	350.89 	493.21 	54.3939
78 	133.247	350.539	487.713	54.4074
79 	133.247	350.112	491.034	54.4164
80 	133.247	349.643	481.526	54.1702
81 	133.247	349.195	478.805	53.8435
82 	133.247	348.739	486.336	54.72  
83 	133.247	348.211	484.753	56.1323
84 	133.247	347.819	482.813	56.2714
85 	133.247	347.292	514.674	56.8333
86 	133.247	346.865	504.186	56.9578
87 	129.053	346.35 	492.746	56.388 
88 	129.053	345.863	480.087	55.4639
89 	129.053	345.393	478.256	55.011 
90 	129.053	345.013	487.448	54.8075
91 	129.053	344.6  	483.026	54.8579
92 	129.053	344.162	489.975	55.6829
93 	127.783	343.62 	509.364	55.9756
94 	127.783	343.189	509.364	55.5642
95 	125.771	342.735	509.364	55.6801
96 	125.771	342.307	504.912	55.1082
97 	125.771	341.814	498.304	55.5966
98 	125.771	341.363	489.362	55.1743
99 	125.771	340.899	483.688	54.7253
100	125.771	340.462	481.628	53.0316
101	125.771	339.868	485.216	53.677 
102	125.771	339.288	477.058	53.7459
103	125.771	338.85 	477.058	52.6531
104	125.771	338.314	476.287	51.3408
105	125.771	337.815	476.287	52.721 
106	125.771	337.429	462.914	52.7289
107	115.317	336.904	478.558	52.9226
108	115.317	336.591	478.772	53.6551
109	115.317	336.161	470.35 	53.8607
110	100.684	335.645	472.925	53.7313
111	100.684	335.066	483.897	54.3995
112	100.684	334.541	476.78 	54.6369
113	100.684	334.036	483.147	53.9905
114	100.684	333.678	463.872	53.7791
115	100.684	333.146	471.781	54.9887
116	100.684	332.582	472.431	53.8396
117	99.9792	332.046	493.596	53.707 
118	98.2559	331.679	471.199	54.2335
119	98.2559	331.143	475.515	55.2415
120	96.4888	330.601	469.672	54.8319
121	96.4888	330.118	471.712	54.617 
122	96.4888	329.607	479.722	54.9033
123	96.4888	329.139	486.905	55.3252
124	96.4888	328.621	477.106	55.4956
125	91.3603	328.155	466.453	56.8254
126	91.3603	327.647	467.605	57.6651
127	91.3603	327.155	474.633	57.6756
128	83.4558	326.671	472.932	56.9819
129	83.4558	326.218	471.296	55.4467
130	83.4558	325.752	472.383	55.6969
131	83.4558	325.353	472.383	55.0664
132	83.4558	324.832	466.218	54.4472
133	83.4558	324.472	455.232	53.9466
134	83.1353	323.978	454.773	54.2502
135	83.1353	323.484	469.183	55.834 
136	83.1353	323.112	461.272	55.9703
137	83.1353	322.606	468.674	56.3426
138	83.1353	322.111	457.985	55.4185
139	83.1353	321.786	466.276	53.9934
140	83.1353	321.418	458.607	54.2422
141	83.1353	320.785	463.529	55.4102
142	83.1353	320.418	468.387	55.9421
143	83.1353	319.968	474.204	56.4656
144	82.2642	319.421	472.133	57.3649
145	82.2642	318.951	460.664	56.6939
146	82.2642	318.58 	463.721	56.0732
147	82.2642	318.03 	482.06 	56.5847
148	82.2642	317.551	469.439	56.2362
149	82.2642	317.1  	459.02 	56.6206
150	82.2642	316.556	470.55 	56.9153
151	82.2642	316.219	457.932	57.5937
152	82.2642	315.668	457.932	57.2909
153	82.2642	315.213	462.415	56.5043
154	82.2642	314.755	457.723	55.4735
155	82.2642	314.411	452.77 	54.9003
156	82.2642	313.82 	477.608	54.4614
157	82.2642	313.438	471.531	55.2913
158	82.2642	312.933	477.068	55.5853
159	80.6884	312.385	466.885	56.8836
160	80.6884	311.941	471.01 	55.7476
161	80.6884	311.428	467.335	55.7059
162	80.6884	311.082	448.967	54.9566
163	80.6884	310.66 	449.162	54.7049
164	80.6884	310.199	470.905	54.8084
165	80.6884	309.792	452.636	55.1075
166	80.6884	309.398	455.743	55.4288
167	80.6884	308.918	453.566	55.9654
168	80.6884	308.519	451.147	56.3739
169	80.6884	308.111	446.698	57.3349
170	80.6884	307.625	457.396	57.5884
171	80.6884	307.206	454.555	56.2134
172	80.6884	306.64 	459.609	55.6702
173	80.6884	306.212	450.653	55.795 
174	80.6884	305.636	451.991	56.5196
175	80.6884	305.357	454.207	56.8956
176	80.6884	304.877	449.049	57.0324
177	80.6884	304.351	456.016	57.7452
178	80.6884	303.692	456.957	58.6309
179	80.6884	303.316	453.044	57.7518
180	80.6884	302.838	436.77 	56.6966
181	80.6884	302.427	466.902	58.7287
182	80.6884	302.023	459.603	57.4539
183	77.9891	301.437	456.632	58.1916
184	77.9891	300.922	455.751	58.4713
185	77.9891	300.448	458.976	57.7662
186	77.9891	300.023	448.063	57.398 
187	77.9891	299.576	472.075	57.9272
188	77.9891	299.064	472.696	57.6192
189	77.9891	298.674	448.514	56.7526
190	77.9891	298.348	448.514	55.6535
191	77.9891	297.81 	451.429	56.7831
192	77.9891	297.355	451.429	57.6842
193	77.9891	296.861	443.036	57.2235
194	74.2151	296.355	454.479	57.2659
195	74.2151	295.906	464.753	57.3815
196	74.2151	295.332	459.207	58.3252
197	74.2151	294.829	440.813	57.9396
198	69.9006	294.441	437.004	57.2404
199	69.4411	293.997	436.42 	57.1656
200	69.4411	293.664	437.831	58.1034
201	69.4411	293.334	446.815	57.1545
202	69.4411	292.791	427.778	56.6382
203	69.4411	292.405	448.561	57.1956
204	65.8787	291.943	447.412	57.0302
205	65.8787	291.343	449.852	57.2237
206	65.8787	290.903	449.852	57.4533
207	65.8787	290.381	461.132	57.2836
208	65.8787	289.828	455.521	55.6697
209	62.4153	289.276	447.109	56.0975
210	59.2861	288.794	430.934	56.417 
211	59.2861	288.232	438.434	56.0887
212	59.2861	287.849	442.392	55.9263
213	59.2861	287.403	431.531	55.5461
214	59.2861	286.852	427.226	55.8581
215	59.2861	286.437	440.289	55.9068
216	59.2861	285.975	432.094	57.4656
217	59.2861	285.591	432.994	57.4911
218	59.2861	285.075	431.467	56.8224
219	59.2861	284.68 	430.201	56.7149
220	59.2861	284.186	436.832	58.3549
221	59.2861	283.802	425.909	57.0629
222	59.2861	283.302	434.771	57.2461
223	59.2861	282.837	431.187	57.2977
224	59.2861	282.377	423.036	56.7986
225	59.2861	281.926	424.772	56.5898
226	59.2861	281.418	424.772	56.7552
227	59.2861	280.902	429.719	55.5238
228	59.2861	280.372	440.705	55.014 
229	50.6399	279.882	430.215	55.6863
230	50.6399	279.414	422.921	55.4603
231	50.6399	278.898	420.56 	55.7539
232	50.6399	278.383	437.001	54.8025
233	50.6399	277.879	438.484	55.1028
234	50.6399	277.392	436.781	57.1989
235	50.6399	276.878	436.781	56.8711
236	47.2119	276.492	431.317	57.5757
237	41.6513	276.135	420.314	57.7696
238	41.6513	275.634	431.367	57.4433
239	41.6513	275.271	431.042	57.1117
240	41.6513	274.759	431.851	57.2268
241	41.6513	274.352	438.175	57.3723
242	40.3298	273.912	431.968	57.255 
243	40.3298	273.418	425.046	57.0489
244	40.3298	272.998	424.438	56.6057
245	40.3298	272.491	425.716	56.6788
246	40.3298	272.082	425.716	56.5924
247	40.3298	271.632	425.887	58.0067
248	40.3298	271.072	423.002	57.9236
249	37.7442	270.655	421.869	59.2104
250	37.7442	270.326	421.869	59.4906
251	37.7442	269.847	425.781	58.9434
252	37.7442	269.345	454.439	57.643 
253	37.7442	268.879	454.439	56.5611
254	37.7442	268.347	447.709	56.7307
255	34.2769	267.936	427.284	57.4612
256	34.2769	267.486	432.089	58.2505
257	34.2769	267.048	424.554	57.27  
258	34.2769	266.545	417.112	57.6475
259	34.2769	266.092	427.278	58.7099
260	34.2769	265.741	422.267	59.1681
261	34.2769	265.213	425.445	59.0823
262	34.2769	264.843	419.975	59.0464
263	34.2769	264.439	426.456	58.9057
264	34.2769	263.903	414.931	58.4693
265	34.2769	263.397	406.92 	58.4392
266	34.2769	262.889	413.984	58.8028
267	34.2769	262.455	409.929	59.5192
268	33.0202	261.928	401.605	58.9166
269	33.0202	261.446	407.8  	58.561 
270	33.0202	260.952	410.072	58.2116
271	33.0202	260.462	423.258	60.813 
272	33.0202	260.025	444.394	61.1739
273	33.0202	259.392	444.394	60.1467
274	33.0202	258.871	438.943	58.7134
275	33.0202	258.378	416.303	58.5713
276	33.0202	257.946	416.303	57.258 
277	33.0202	257.424	429.601	56.5054
278	33.0202	257.001	405.154	57.8025
279	33.0202	256.535	409.925	57.121 
280	33.0202	256.14 	422.615	58.192 
281	33.0202	255.735	419.288	57.7099
282	33.0202	255.194	419.033	56.7396
283	33.0202	254.675	429.408	58.1432
284	33.0202	254.168	404.47 	58.1634
285	33.0202	253.653	403.931	57.7469
286	33.0199	253.325	413.986	57.8968
287	33.0199	252.862	411.944	57.9919
288	33.0199	252.404	416.846	58.2414
289	33.0199	252.025	417.052	59.0228
290	33.0199	251.718	420.305	59.0944
291	31.5882	251.268	427.711	57.8287
292	31.5882	250.85 	419.298	57.1479
293	31.5882	250.261	418.379	56.9147
294	31.1037	249.858	415.739	56.6222
295	31.1037	249.431	399.047	56.591 
296	31.1037	248.987	398.665	56.2792
297	31.1037	248.577	400.091	57.2274
298	31.1037	248.08 	418.039	56.1672
299	31.1037	247.575	401.799	56.2925
300	31.1037	247.246	394.555	55.8321
301	31.1037	246.665	392.328	55.2112
302	31.1037	246.244	401.769	55.4815
303	31.1037	245.839	401.769	56.4757
304	31.1037	245.328	416.208	56.1713
305	31.1037	244.973	393.133	56.1767
306	31.1037	244.667	397.86 	56.605 
307	31.1037	244.236	412.379	56.4898
308	31.1037	243.684	400.037	55.9232
309	31.1037	243.252	395.455	57.1757
310	31.1037	242.802	392.093	56.6609
311	31.1037	242.341	391.162	56.4412
312	31.1037	242.072	375.702	55.5529
313	31.1037	241.656	392.452	55.9739
314	31.1037	241.287	390.999	55.6799
315	31.1037	240.777	387.627	55.8918
316	31.1037	240.412	387.627	55.0447
317	31.1037	240.043	376.313	54.8912
318	31.1037	239.645	384.6  	54.2274
319	31.1037	239.172	382.253	54.2464
320	31.1037	238.846	395.368	55.2891
321	31.1037	238.363	388.801	55.007 
322	31.1037	237.95 	386.24 	55.0188
323	31.1037	237.493	399.33 	55.4197
324	31.1037	237.029	376.71 	54.9749
325	31.1037	236.557	376.71 	56.7689
326	31.1037	236.058	389.494	56.9444
327	31.1037	235.654	403.04 	56.2382
328	31.1037	235.166	374.671	56.8838
329	31.1037	234.627	400.716	57.7527
330	31.1037	234.235	398.391	58.2955
331	31.1037	233.884	398.657	57.8674
332	31.1037	233.325	389.012	57.362 
333	31.1037	232.828	424.678	55.9593
334	31.1037	232.315	399.53 	56.749 
335	31.1037	231.929	395.021	57.1846
336	31.1037	231.588	414.977	57.6783
337	31.1037	231.08 	420.769	58.2296
338	31.1037	230.634	385.977	57.9329
339	31.1037	230.213	391.228	57.0519
340	31.1037	229.685	385.977	57.7689
341	31.1037	229.285	380.777	57.2058
342	31.0282	228.898	385.554	56.9182
343	31.0282	228.547	397.366	57.3598
344	31.0282	228.174	383.675	55.7889
345	31.0282	227.755	383.675	54.4224
346	31.0282	227.387	391.946	54.3695
347	31.0282	226.987	398.832	55.475 
348	31.0282	226.595	378.946	55.0034
349	31.0282	226.258	378.084	54.8097
350	31.0282	225.904	364.708	55.1219
351	31.0282	225.518	391.025	55.8508
352	31.0282	225.105	391.025	56.2234
353	31.0282	224.553	400.012	55.6037
354	31.0282	224.115	383.291	56.5949
355	31.0282	223.709	401.059	57.1721
356	31.0282	223.232	383.437	56.2638
357	31.0282	222.895	368.206	56.4811
358	31.0282	222.608	386.862	56.4318
359	31.0282	222.136	381.739	56.2394
360	31.0282	221.823	368.729	55.3586
361	31.0282	221.399	368.729	55.1282
362	31.0282	220.991	358.112	55.1667
363	31.0282	220.6  	357.683	54.7707
364	31.0282	220.238	358.071	54.1214
365	31.0282	219.816	361.374	53.6776
366	29.073 	219.399	366.129	53.6457
367	27.5776	218.985	377.075	54.4286
368	27.5776	218.571	390.571	54.6194
369	27.5776	218.124	375.293	54.4751
370	27.5776	217.691	369.427	54.8488
371	27.5776	217.41 	357.293	53.9817
372	27.5776	217.119	364.067	53.8524
373	27.5776	216.752	370.809	53.6706
374	27.5776	216.36 	357.021	54.2293
375	27.5776	216.042	366.262	54.906 
376	27.5776	215.688	360.238	54.6019
377	27.5776	215.334	365.702	54.7197
378	27.5776	214.911	372.96 	54.6622
379	27.5776	214.524	369.283	54.7117
380	27.5776	214.127	366.354	54.8372
381	27.5776	213.755	372.467	54.4125
382	27.5776	213.292	380.437	54.9729
383	27.5776	212.83 	368.152	53.9739
384	27.5776	212.494	373.642	54.2883
385	27.5776	212.154	352.317	53.3047
386	27.5776	211.749	348.951	53.1302
387	27.5776	211.489	352.226	53.9511
388	27.5776	211.123	357.544	54.3734
389	27.5776	210.727	379.857	54.4797
390	27.5776	210.386	359.163	53.6364
391	27.5776	210.031	355.998	53.9735
392	27.5776	209.72 	355.537	53.9845
393	27.5776	209.314	349.571	53.6824
394	27.5776	209.008	357.71 	53.3947
395	27.5776	208.65 	361.717	53.3133
396	27.5776	208.278	376.646	53.8403
397	26.8097	207.748	401.465	53.5631
398	26.8097	207.36 	379.576	52.5332
399	26.5048	206.917	380.68 	51.7781
400	26.5048	206.592	367.496	51.5767
401	26.5048	206.18 	387.299	52.7184
402	25.8842	205.851	363.015	52.1542
403	25.8842	205.583	363.015	52.1158
404	25.8842	205.152	360.697	53.1922
405	25.8842	204.802	355.998	53.1096
406	25.8842	204.42 	358.153	53.6686
407	25.8842	203.961	346.488	53.8962
408	25.8842	203.581	354.585	53.5197
409	25.8842	203.221	342.518	53.7335
410	25.8842	202.797	363.304	53.271 
411	18.6899	202.467	364.469	53.9526
412	18.6899	202.153	371.93 	53.567 
413	18.6899	201.709	362.123	53.9288
414	18.6899	201.303	352.27 	53.4162
415	18.6899	200.872	359.574	53.0234
416	18.6899	200.515	352.624	53.8679
417	18.6899	200.14 	352.624	53.3081
418	18.6899	199.749	342.045	52.0399
419	18.6899	199.38 	353.925	52.5506
420	18.6899	198.994	346.238	52.4723
421	18.6899	198.677	347.298	51.8688
422	18.6899	198.423	340.079	51.1764
423	18.6899	197.973	335.668	50.7786
424	18.6899	197.673	333.291	49.7836
425	18.6899	197.317	336.431	50.3301
426	18.6899	196.961	342.054	51.0878
427	16.924 	196.572	333.537	50.8357
428	16.924 	196.189	349.629	51.0104
429	16.924 	195.671	350.476	51.0432
430	16.924 	195.344	331.359	51.3667
431	13.6682	195.02 	339.452	51.08  
432	13.6682	194.616	369.978	51.9939
433	13.6682	194.231	367.881	51.4069
434	13.6682	193.828	348.362	50.5205
435	13.6682	193.446	344.968	49.9896
436	13.2712	193.007	371.002	50.5139
437	13.2712	192.557	345.714	50.0378
438	13.2712	192.104	331.98 	50.1705
439	13.2712	191.795	331.98 	49.877 
440	13.2712	191.517	323.844	50.1185
441	13.2712	191.139	345.81 	51.1287
442	13.2712	190.714	347.127	51.4421
443	13.2712	190.359	340.992	51.5257
444	13.2712	189.83 	355.279	50.9779
445	13.2712	189.553	333.619	51.3294
446	13.2712	189.16 	332.268	51.5324
447	13.2712	188.834	332.903	53.0145
448	13.2712	188.478	348.599	52.5932
449	13.2712	188.081	353.59 	53.91  
450	13.2712	187.677	348.817	54.0838
451	13.2712	187.182	342.739	53.5281
452	13.2712	186.746	346.713	52.686 
453	13.2712	186.403	335.572	52.5892
454	13.2712	186.011	345.097	52.0858
455	13.2712	185.708	345.617	51.1861
456	13.2712	185.313	339.797	51.4005
457	13.2712	185.008	329.953	51.823 
458	13.2712	184.691	329.702	51.8946
459	13.2712	184.325	327.199	51.6131
460	13.2712	183.979	327.199	50.5673
461	13.2712	183.626	325.371	50.3288
462	13.2712	183.232	351.496	50.1185
463	13.2712	182.801	341.139	49.7706
464	13.2712	182.444	324.703	49.6376
465	13.2712	182.1  	324.703	48.0383
466	13.2712	181.785	334.617	49.0661
467	13.2712	181.478	333.501	48.5381
468	13.2712	181.038	313.124	47.5451
469	13.2712	180.65 	337.551	48.2102
470	13.2712	180.271	330.221	49.9748
471	13.2712	179.9  	319.551	49.8632
472	13.2712	179.44 	320.615	48.0848
473	13.2712	179.223	320.406	48.3151
474	13.2712	178.91 	314.985	47.916 
475	13.2712	178.553	321.876	47.9912
476	13.2712	178.219	319.562	48.8987
477	13.2712	177.788	315.325	50.2558
478	13.2712	177.393	328.663	50.5328
479	13.2712	176.978	315.423	50.8201
480	13.2712	176.647	311.136	50.2754
481	13.2712	176.376	307.597	49.8354
482	13.2712	175.995	319.054	49.9972
483	13.2712	175.718	314.603	49.305 
484	13.2712	175.373	313.538	48.6931
485	13.2712	175.09 	311.686	48.179 
486	13.2712	174.748	315.626	48.6919
487	13.2712	174.314	315.626	48.6485
488	13.2712	173.885	313.723	48.9945
489	13.1684	173.513	315.036	48.7511
490	13.1684	173.222	321.858	48.4245
491	13.1684	172.854	304.633	47.1088
492	13.1684	172.459	298.095	46.8634
493	13.1684	172.2  	296.634	47.2372
494	13.1684	171.85 	313.141	47.1547
495	13.1684	171.547	313.141	47.6374
496	13.1684	171.211	306.418	47.7576
497	13.1684	170.834	326.856	48.7387
498	13.1684	170.515	319.756	48.2522
499	13.1684	170.103	318.805	48.1623
-9.20999999
