/usr/lib/python2.7/site-packages/deap/tools/_hypervolume/pyhv.py:33: ImportWarning: Falling back to the python version of hypervolume module. Expect this to be very slow.
  "module. Expect this to be very slow.", ImportWarning)
gen	min   	avg        	max        	std   
0  	412631	1.31951e+06	2.67758e+06	421847
1  	389142	1.31212e+06	2.71802e+06	419066
2  	328299	1.31053e+06	2.80903e+06	419005
3  	328299	1.3061e+06 	2.67758e+06	414900
4  	328299	1.30078e+06	2.57768e+06	414993
5  	270059	1.30155e+06	2.53554e+06	410943
6  	270059	1.29566e+06	2.62698e+06	400257
7  	270059	1.29814e+06	2.6124e+06 	405916
8  	270059	1.29705e+06	2.61366e+06	400880
9  	270059	1.29679e+06	2.78981e+06	418427
10 	267827	1.29315e+06	2.5861e+06 	423444
11 	211855	1.29558e+06	2.73308e+06	422364
12 	211855	1.29276e+06	2.57625e+06	411750
13 	211855	1.29635e+06	2.55209e+06	418293
14 	211855	1.29419e+06	2.55209e+06	416766
15 	211855	1.28918e+06	2.47499e+06	422126
16 	211855	1.28571e+06	2.52971e+06	428740
17 	196739	1.2833e+06 	2.48142e+06	420533
18 	196043	1.2867e+06 	2.36546e+06	416667
19 	196043	1.28149e+06	2.39646e+06	413503
20 	196043	1.27393e+06	2.49645e+06	419472
21 	196043	1.27344e+06	2.40293e+06	418845
22 	196043	1.27947e+06	2.50008e+06	428708
23 	196043	1.28101e+06	2.47054e+06	430496
24 	196043	1.27608e+06	2.55809e+06	423877
25 	196043	1.27378e+06	2.6511e+06 	422676
26 	196043	1.2712e+06 	2.64979e+06	417625
27 	196043	1.26893e+06	2.48757e+06	418237
28 	196043	1.26837e+06	2.44383e+06	415775
29 	196043	1.26807e+06	2.53812e+06	415825
30 	196043	1.26042e+06	2.57185e+06	422398
31 	196043	1.25882e+06	2.56406e+06	416187
32 	196043	1.26332e+06	2.49569e+06	420448
33 	173159	1.26369e+06	2.59275e+06	417635
34 	173159	1.26199e+06	2.54082e+06	405222
35 	138662	1.25943e+06	2.89892e+06	412019
36 	138662	1.25923e+06	2.59718e+06	398026
37 	138643	1.25396e+06	2.5626e+06 	414037
38 	138643	1.2514e+06 	2.65612e+06	415137
39 	138643	1.24893e+06	2.46826e+06	423318
40 	138643	1.24638e+06	2.35728e+06	413265
41 	138643	1.24703e+06	2.38751e+06	410006
42 	138643	1.24386e+06	2.52488e+06	409024
43 	138643	1.23722e+06	2.51427e+06	408857
44 	138643	1.23315e+06	2.50312e+06	423879
45 	138643	1.23452e+06	2.44304e+06	417897
46 	138643	1.23405e+06	2.50514e+06	420257
47 	138643	1.23201e+06	2.43555e+06	416365
48 	138643	1.23431e+06	2.45369e+06	428660
49 	138643	1.23318e+06	2.5413e+06 	413767
50 	138643	1.2309e+06 	2.4343e+06 	414363
51 	138643	1.23373e+06	2.60364e+06	410280
52 	102100	1.23097e+06	2.41392e+06	409058
53 	102100	1.2249e+06 	2.74289e+06	408702
54 	102100	1.21613e+06	2.7242e+06 	406399
55 	98234.2	1.21145e+06	2.68688e+06	409024
56 	98234.2	1.21269e+06	2.5802e+06 	411200
57 	98234.2	1.20829e+06	2.75325e+06	412806
58 	98234.2	1.20543e+06	2.52832e+06	406587
59 	98234.2	1.20296e+06	2.44919e+06	415947
60 	84978.8	1.19726e+06	2.44993e+06	411335
61 	84978.8	1.19641e+06	2.61139e+06	422391
62 	75134.3	1.19645e+06	2.57405e+06	422634
63 	75134.3	1.19264e+06	2.35869e+06	410947
64 	75134.3	1.18977e+06	2.47099e+06	416577
65 	75134.3	1.18955e+06	2.40089e+06	421272
66 	75134.3	1.19226e+06	2.5295e+06 	421179
67 	68542.3	1.19202e+06	2.5295e+06 	418363
68 	68542.3	1.18605e+06	2.31802e+06	415351
69 	68404.3	1.1889e+06 	2.31826e+06	414582
70 	68404.3	1.18272e+06	2.36805e+06	410349
71 	68404.3	1.18339e+06	2.61079e+06	413006
72 	63761.8	1.1877e+06 	2.56869e+06	420338
73 	62386.6	1.17571e+06	2.51072e+06	413098
74 	62386.6	1.1757e+06 	2.59488e+06	430084
75 	62386.6	1.16874e+06	2.42764e+06	427188
76 	62386.6	1.17024e+06	2.44829e+06	426057
77 	62386.6	1.16447e+06	2.56748e+06	426603
78 	62386.6	1.1685e+06 	2.56748e+06	421249
79 	62386.6	1.16765e+06	2.36021e+06	424073
80 	45241.8	1.16252e+06	2.35142e+06	425296
81 	45241.8	1.15947e+06	2.31903e+06	408594
82 	45241.8	1.15762e+06	2.36522e+06	412504
83 	45241.8	1.15919e+06	2.37825e+06	409437
84 	45241.8	1.15496e+06	2.44824e+06	413888
85 	45241.8	1.14639e+06	2.84887e+06	413396
86 	45241.8	1.14474e+06	2.61287e+06	408807
87 	35836.2	1.14529e+06	2.39575e+06	406522
88 	35836.2	1.14806e+06	2.47355e+06	408562
89 	35836.2	1.14241e+06	2.52559e+06	414150
90 	35836.2	1.14396e+06	2.52559e+06	409613
91 	35836.2	1.14151e+06	2.34383e+06	408481
92 	35836.2	1.13741e+06	2.30768e+06	405140
93 	35836.2	1.14177e+06	2.65002e+06	410860
94 	33751.7	1.13763e+06	2.34407e+06	408959
95 	33751.7	1.14037e+06	2.40323e+06	423568
96 	33751.7	1.1334e+06 	2.46779e+06	423551
97 	33751.7	1.12852e+06	2.82401e+06	418994
98 	33751.7	1.12857e+06	2.37784e+06	409771
99 	32755.3	1.12839e+06	2.34924e+06	416561
100	32755.3	1.12458e+06	2.4446e+06 	419376
101	32755.3	1.12001e+06	2.45805e+06	415828
102	32755.3	1.12479e+06	2.30861e+06	420421
103	32755.3	1.1273e+06 	2.4773e+06 	424630
104	32755.3	1.12829e+06	2.50206e+06	445236
105	32755.3	1.12665e+06	2.49746e+06	446067
106	32755.3	1.12343e+06	2.436e+06  	432401
107	32755.3	1.1164e+06 	2.436e+06  	431269
108	16692.1	1.11294e+06	2.38152e+06	431796
109	16692.1	1.10776e+06	2.31326e+06	416093
110	16692.1	1.10887e+06	2.5125e+06 	411711
111	16692.1	1.11026e+06	2.63265e+06	413157
112	16692.1	1.10012e+06	2.64597e+06	416957
113	16692.1	1.09675e+06	2.62095e+06	410453
114	16692.1	1.09262e+06	2.39758e+06	406377
115	14331.9	1.08555e+06	2.39758e+06	410721
116	14331.9	1.09219e+06	2.50785e+06	412985
117	14331.9	1.08542e+06	2.50785e+06	420981
118	14331.9	1.08432e+06	2.48919e+06	419101
119	14331.9	1.08513e+06	2.39357e+06	422607
120	10611  	1.08468e+06	2.51575e+06	412449
121	10611  	1.08481e+06	2.43989e+06	416540
122	10611  	1.07947e+06	2.50236e+06	406390
123	10611  	1.07818e+06	2.29779e+06	396990
124	10611  	1.0814e+06 	2.26711e+06	416676
125	10611  	1.07729e+06	2.25131e+06	416221
126	10358  	1.07038e+06	2.23019e+06	408077
127	10358  	1.06712e+06	2.34033e+06	403456
128	10358  	1.06693e+06	2.27439e+06	405032
129	10358  	1.06886e+06	2.61731e+06	398921
130	10358  	1.06301e+06	2.549e+06  	399927
131	10358  	1.06667e+06	2.47849e+06	401843
132	2188.47	1.06352e+06	2.65219e+06	405709
133	2188.47	1.06042e+06	2.32643e+06	396827
134	2188.47	1.0628e+06 	2.60547e+06	390713
135	2188.47	1.0584e+06 	2.52715e+06	385258
136	2188.47	1.05743e+06	2.31984e+06	387450
137	2188.47	1.0524e+06 	2.29889e+06	381851
138	2188.47	1.05399e+06	2.39104e+06	387610
139	2188.47	1.0509e+06 	2.24999e+06	387905
140	2188.47	1.04754e+06	2.25664e+06	396109
141	2188.47	1.04179e+06	2.30638e+06	391355
142	2188.47	1.04064e+06	2.47102e+06	391453
143	2188.47	1.03775e+06	2.27989e+06	392556
144	2188.47	1.03648e+06	2.25777e+06	396380
145	2188.47	1.03122e+06	2.37695e+06	397345
146	1598.06	1.0265e+06 	2.30165e+06	399061
147	1598.06	1.02348e+06	2.11075e+06	391063
148	1598.06	1.01836e+06	2.22747e+06	388231
149	1598.06	1.02449e+06	2.25936e+06	393546
150	1598.06	1.01927e+06	2.17535e+06	389547
151	1598.06	1.02059e+06	2.31427e+06	385499
152	1598.06	1.01972e+06	2.23852e+06	383782
153	1598.06	1.02309e+06	2.22259e+06	379342
154	1505.1 	1.01946e+06	2.25075e+06	380131
155	1505.1 	1.0175e+06 	2.32188e+06	379415
156	1505.1 	1.01777e+06	2.31607e+06	383440
157	1505.1 	1.01052e+06	2.26629e+06	392011
158	1505.1 	1.00954e+06	2.14432e+06	389839
159	1483.75	1.00847e+06	2.27468e+06	392574
160	1483.75	1.00436e+06	2.22858e+06	393261
161	1483.75	995520     	2.21455e+06	387239
162	1483.75	996436     	2.15282e+06	390329
163	1483.75	993665     	2.20229e+06	388123
164	1483.75	992958     	2.10791e+06	388465
165	1483.75	987333     	2.18623e+06	387638
166	1483.75	984557     	2.21779e+06	378940
167	1483.75	983387     	2.22488e+06	370824
168	1483.75	980860     	2.14428e+06	373208
169	1483.75	980338     	2.08293e+06	378799
170	1483.75	984822     	2.25861e+06	389293
171	1483.75	980664     	2.4031e+06 	387877
172	1483.75	976904     	2.21382e+06	384355
173	1483.75	970977     	2.21923e+06	389912
174	1483.75	968013     	2.22748e+06	380321
175	1483.75	972852     	2.247e+06  	392172
176	1483.75	967548     	2.16346e+06	381052
177	1483.75	969889     	2.17977e+06	387526
178	1483.75	966434     	2.1083e+06 	382882
179	1483.75	969296     	2.3158e+06 	384834
180	1483.75	964025     	2.26677e+06	385062
181	1483.75	956465     	2.16272e+06	372549
182	1483.75	955186     	2.03192e+06	383548
183	1483.75	956038     	2.12747e+06	376436
184	1483.75	953828     	2.08963e+06	369865
185	1483.75	948887     	2.0673e+06 	368121
186	1483.75	951710     	2.21286e+06	381109
187	1483.75	954294     	2.20843e+06	379976
188	1483.75	952918     	2.20113e+06	390932
189	1483.75	946792     	2.15472e+06	385511
190	1483.75	950974     	2.15724e+06	388319
191	1483.75	948261     	2.14947e+06	382737
192	1483.75	950154     	2.20074e+06	386096
193	1483.75	953559     	2.19829e+06	390299
194	1483.75	950972     	2.10564e+06	391534
195	1483.75	951011     	2.19726e+06	396088
196	1483.75	946273     	2.09935e+06	390340
197	1483.75	945849     	2.15223e+06	395740
198	1483.75	946470     	2.1883e+06 	392566
199	1483.75	943669     	2.21623e+06	390413
200	1483.75	937759     	2.28628e+06	387696
201	1255.48	934451     	2.28561e+06	388048
202	1255.48	933066     	2.28561e+06	397080
203	1255.48	934565     	2.37802e+06	393948
204	1255.48	927424     	2.16209e+06	381402
205	1255.48	930648     	2.06522e+06	384369
206	1255.48	925350     	2.14293e+06	370962
207	1255.48	925369     	2.38002e+06	378917
208	1255.48	924761     	2.25831e+06	379332
209	1255.48	924617     	2.25831e+06	386289
210	1255.48	925721     	2.32772e+06	386675
211	1255.48	918956     	2.15432e+06	383083
212	1255.48	913915     	2.35627e+06	381744
213	1255.48	911577     	2.22578e+06	389528
214	1255.48	911997     	2.56307e+06	397715
215	1255.48	909583     	2.59789e+06	393018
216	1255.48	910784     	2.2219e+06 	393061
217	1255.48	905747     	2.22118e+06	384860
218	1255.48	904096     	2.12601e+06	397007
219	1255.48	901465     	2.22467e+06	388308
220	1255.48	898633     	2.105e+06  	385478
221	1255.48	897017     	2.18299e+06	383148
222	1255.48	898103     	2.1518e+06 	388007
223	1238.62	900457     	2.13314e+06	382260
224	1238.62	901007     	2.0733e+06 	381111
225	1238.62	901406     	2.07349e+06	383359
226	1238.62	893777     	2.1233e+06 	383686
227	1238.62	888889     	2.1233e+06 	383389
228	1238.62	884147     	2.14539e+06	372956
229	1238.62	883866     	2.15694e+06	364329
230	1238.62	875649     	2.14266e+06	362640
231	1238.62	874872     	2.13713e+06	366215
232	1238.62	875244     	2.14362e+06	369844
233	1238.62	872814     	2.19207e+06	370736
234	1238.62	872818     	2.11453e+06	362237
235	1238.62	869445     	2.17893e+06	354286
236	1238.62	862895     	2.00415e+06	349036
237	1238.62	857259     	2.00415e+06	353301
238	1238.62	857787     	2.06104e+06	356775
239	1238.62	861033     	2.05558e+06	357101
240	1238.62	857798     	2.01324e+06	352632
241	1238.62	855644     	2.01349e+06	354158
242	1238.62	853169     	1.92009e+06	356960
243	1238.62	856559     	1.97073e+06	358308
244	1238.62	852961     	1.91425e+06	346186
245	1238.62	857171     	1.94281e+06	352454
246	1238.62	851943     	2.20211e+06	357816
247	1238.62	854765     	2.20211e+06	365311
248	395.838	853375     	2.05838e+06	370675
249	395.838	850219     	2.09798e+06	379800
250	395.838	850338     	2.06869e+06	374320
251	395.838	856837     	2.07012e+06	372374
252	395.838	851926     	2.08683e+06	368838
253	395.838	848117     	2.03305e+06	383520
254	395.838	846900     	2.03305e+06	380828
255	395.838	843681     	2.16763e+06	380461
256	395.838	844062     	2.1396e+06 	377665
257	395.838	842751     	2.11557e+06	366078
258	395.838	838434     	2.11573e+06	360300
259	395.838	835072     	1.95111e+06	346999
260	395.838	836892     	2.00917e+06	356494
261	395.838	836265     	2.05848e+06	354573
262	395.838	835808     	1.9851e+06 	347009
263	395.838	834843     	1.97553e+06	352891
264	395.838	837175     	1.90283e+06	360251
265	395.838	839027     	1.91796e+06	351246
266	395.838	831304     	1.97383e+06	347053
267	395.838	832463     	1.97383e+06	357892
268	395.838	824990     	1.96277e+06	351252
269	395.838	823102     	1.89232e+06	341883
270	183.992	826084     	1.90681e+06	342897
271	183.992	828740     	2.25893e+06	340651
272	183.992	828412     	1.97192e+06	343650
273	183.992	827824     	2.08483e+06	349445
274	183.992	827286     	2.00136e+06	355268
275	183.992	826358     	1.93204e+06	360646
276	183.992	826805     	2.16514e+06	366475
277	183.992	828952     	1.99492e+06	361892
278	183.992	827169     	1.96868e+06	359990
279	183.992	824618     	2.04179e+06	348784
280	183.992	820504     	2.05153e+06	348315
281	183.992	821780     	2.10403e+06	353243
282	183.992	823296     	1.91818e+06	352232
283	183.992	813007     	1.89555e+06	344271
284	183.992	810556     	1.92734e+06	346722
285	183.992	807752     	1.9273e+06 	340156
286	183.992	802455     	2.17105e+06	335584
287	183.992	800825     	1.96644e+06	344865
288	183.992	799943     	1.9705e+06 	347996
289	183.992	797001     	1.99407e+06	341610
290	183.992	795998     	1.99407e+06	341379
291	183.992	799947     	2.05048e+06	350856
292	183.992	802512     	2.00847e+06	350055
293	183.992	805188     	2.0896e+06 	359064
294	183.992	798956     	2.01687e+06	353554
295	183.992	801617     	2.01957e+06	349700
296	183.992	801388     	2.17724e+06	339109
297	183.992	800874     	2.0926e+06 	343238
298	183.992	791615     	2.01101e+06	346006
299	183.992	784643     	2.09335e+06	347929
300	183.992	784566     	2.21416e+06	353979
301	183.992	782153     	2.15191e+06	349761
302	183.992	777996     	2.31769e+06	346441
303	183.992	782322     	1.91673e+06	345984
304	183.992	781636     	1.96544e+06	335102
305	183.992	775031     	2.06213e+06	342052
306	183.992	776153     	1.89899e+06	335139
307	183.992	776974     	1.93192e+06	336762
308	183.992	775802     	1.95411e+06	334920
309	183.992	775688     	1.87988e+06	333713
310	183.992	774035     	1.87902e+06	328773
311	183.992	774499     	1.84249e+06	322735
312	183.992	773936     	1.94546e+06	321927
313	183.992	771647     	2.01026e+06	329257
314	183.992	771535     	2.08027e+06	330182
315	183.992	767064     	1.90613e+06	333723
316	183.992	765436     	1.92742e+06	340300
317	183.992	758952     	1.79253e+06	327313
318	183.992	757804     	1.91141e+06	331340
319	183.992	761115     	1.88439e+06	331986
320	183.992	765769     	1.9092e+06 	335222
321	183.992	764070     	1.94188e+06	333235
322	183.992	764691     	1.93981e+06	341436
323	183.992	758140     	1.98705e+06	335628
324	183.992	757375     	1.98705e+06	337065
325	183.992	754234     	1.95712e+06	332539
326	183.992	752823     	1.90689e+06	325979
327	183.992	753631     	1.94173e+06	324206
328	183.992	750013     	2.0052e+06 	319654
329	183.992	748284     	2.02631e+06	322790
330	183.992	744620     	1.98865e+06	328372
331	183.992	748466     	1.95038e+06	330030
332	183.992	749200     	1.91074e+06	321952
333	183.992	754192     	1.91074e+06	331617
334	183.992	752468     	1.88155e+06	337548
335	183.992	747256     	1.97079e+06	332443
336	183.992	747817     	1.98425e+06	337182
337	183.992	749074     	2.14896e+06	341897
338	183.992	742161     	2.02594e+06	340276
339	183.992	739358     	2.00591e+06	329338
340	183.992	741308     	1.96891e+06	335716
341	183.992	741073     	1.95209e+06	339190
342	183.992	741848     	1.902e+06  	337677
343	183.992	739884     	1.8823e+06 	332239
344	183.992	734206     	1.86719e+06	326652
345	183.992	728646     	1.91444e+06	321366
346	183.992	727864     	1.94215e+06	320552
347	183.992	724005     	1.77812e+06	319907
348	183.992	727255     	2.00376e+06	324212
349	183.992	723921     	1.903e+06  	318879
350	183.992	717945     	1.79515e+06	312922
351	183.992	718540     	1.90015e+06	308329
352	183.992	716406     	1.85447e+06	306052
353	183.992	718215     	1.85424e+06	320882
354	183.992	714211     	1.8e+06    	316370
355	183.992	715457     	1.8e+06    	318988
356	183.992	712597     	1.87119e+06	318509
357	183.992	711358     	1.87119e+06	309936
358	183.992	717310     	1.94025e+06	321676
359	183.992	710791     	1.81551e+06	312959
360	183.992	714737     	1.80251e+06	319271
361	183.992	712722     	1.89899e+06	320674
362	183.992	713795     	1.86962e+06	325568
363	183.992	711776     	1.94172e+06	315374
364	183.992	710691     	1.91781e+06	320746
365	183.992	709616     	1.87635e+06	326423
366	183.992	708336     	1.91683e+06	333220
367	183.992	706108     	1.92674e+06	325263
368	183.992	702120     	1.82951e+06	322543
369	183.992	706948     	1.83311e+06	320497
370	159.677	702618     	1.86481e+06	316943
371	159.677	701929     	1.87424e+06	316824
372	159.677	699258     	1.86481e+06	310622
373	159.677	697998     	1.74908e+06	303933
374	159.677	690320     	1.69861e+06	297542
375	159.677	689026     	1.69861e+06	299889
376	159.677	686608     	1.90839e+06	301512
377	159.677	682679     	1.66458e+06	296069
378	159.677	686522     	1.75633e+06	304036
379	159.677	684849     	1.73835e+06	300315
380	159.677	681729     	1.77961e+06	301210
381	159.677	680243     	1.66325e+06	294723
382	159.677	682608     	1.63868e+06	300513
383	159.677	673967     	1.65425e+06	302630
384	159.677	674950     	1.65425e+06	298547
385	159.677	675457     	1.65511e+06	305354
386	159.677	672309     	1.72763e+06	296145
387	159.677	670886     	1.94486e+06	297817
388	159.677	671204     	1.67069e+06	294660
389	159.677	668245     	1.686e+06  	295215
390	159.677	665349     	1.70795e+06	294817
391	159.677	663460     	1.7816e+06 	293048
392	159.677	665509     	1.83842e+06	299934
393	159.677	668848     	1.82331e+06	314424
394	159.677	668730     	1.9653e+06 	318871
395	159.677	666066     	1.85945e+06	316463
396	159.677	667756     	1.77997e+06	318290
397	159.677	668434     	1.80085e+06	314181
398	159.677	661698     	1.82327e+06	307864
399	159.677	659091     	1.87588e+06	302155
400	159.677	661283     	1.68409e+06	297774
401	159.677	660737     	1.78987e+06	301705
402	159.677	661144     	1.80927e+06	298235
403	159.677	658205     	1.81571e+06	303257
404	159.677	654368     	1.74046e+06	301227
405	159.677	653494     	1.64162e+06	295765
406	159.677	650944     	1.64162e+06	292100
407	159.677	648464     	1.63285e+06	296494
408	159.677	650736     	1.6403e+06 	293784
409	159.677	648858     	1.57664e+06	293988
410	159.677	646714     	1.83054e+06	297141
411	159.677	646202     	1.79355e+06	299251
412	159.677	646944     	1.74089e+06	302620
413	159.677	650305     	1.53918e+06	304217
414	159.677	647463     	1.78543e+06	310584
415	159.677	646021     	1.8046e+06 	311384
416	159.677	646977     	1.93559e+06	319050
417	159.677	640896     	1.91083e+06	316093
418	159.677	644057     	1.91366e+06	314156
419	159.677	640609     	1.87217e+06	314505
420	159.677	639739     	1.85503e+06	311907
421	159.677	641726     	1.83872e+06	313713
422	159.677	632718     	1.80223e+06	306035
423	112.307	629446     	1.87579e+06	303892
424	112.307	627764     	1.79475e+06	303439
425	112.307	630137     	1.83368e+06	305919
426	112.307	626428     	1.73537e+06	300888
427	112.307	628212     	1.74965e+06	293323
428	112.307	626452     	1.60235e+06	296754
429	112.307	624952     	1.65008e+06	298349
430	112.307	626219     	1.64071e+06	293756
431	112.307	625407     	1.83167e+06	296190
432	112.307	624647     	1.67161e+06	296946
433	112.307	625263     	1.56701e+06	297676
434	112.307	623491     	1.6931e+06 	299979
435	112.307	617674     	1.63531e+06	293110
436	112.307	619868     	1.69352e+06	290439
437	112.307	617587     	1.59529e+06	287627
438	112.307	615333     	1.59567e+06	289339
439	112.307	618010     	1.59734e+06	285940
440	112.307	616032     	1.55662e+06	284720
441	112.307	616954     	1.55942e+06	280031
442	112.307	617014     	1.71842e+06	285215
443	112.307	617145     	1.84217e+06	285504
444	100.668	620014     	1.60067e+06	288409
445	100.668	617974     	1.59272e+06	286863
446	100.668	620218     	1.75721e+06	290087
447	100.668	616795     	1.72555e+06	291993
448	100.668	615110     	1.73842e+06	292117
449	100.668	616163     	1.69763e+06	291098
450	100.668	614410     	1.68528e+06	293561
451	100.668	610343     	1.68528e+06	290879
452	100.668	608133     	1.72603e+06	287893
453	100.668	608975     	1.58704e+06	284182
454	100.668	610454     	1.57753e+06	291225
455	100.668	609047     	1.54175e+06	288574
456	100.668	606284     	1.67161e+06	294829
457	100.668	599698     	1.70108e+06	293748
458	100.668	596560     	1.4977e+06 	286456
459	100.668	592990     	1.58147e+06	283799
460	100.668	591891     	1.59614e+06	282710
461	100.668	589301     	1.45923e+06	281436
462	100.668	590548     	1.83112e+06	285595
463	100.668	592695     	1.58792e+06	282740
464	100.668	594079     	1.87487e+06	289472
465	100.668	591822     	1.88524e+06	283873
466	100.668	598199     	1.70307e+06	289448
467	100.668	592778     	1.73291e+06	288797
468	100.668	587986     	1.73291e+06	282952
469	100.668	586224     	1.72664e+06	282063
470	100.668	588131     	1.79429e+06	279227
471	100.668	586358     	1.43982e+06	280669
472	100.668	583538     	1.49216e+06	272522
473	100.668	580516     	1.54167e+06	276439
474	100.668	580364     	1.59398e+06	282804
475	100.668	579216     	1.75078e+06	283404
476	100.668	578617     	1.75078e+06	289234
477	100.668	576176     	1.62829e+06	282507
478	100.668	573297     	1.94519e+06	277616
479	100.668	571925     	1.64466e+06	283305
480	100.668	571765     	1.76022e+06	286247
481	100.668	573119     	1.85956e+06	293875
482	100.668	571050     	1.60629e+06	286465
483	100.668	568454     	1.52165e+06	282569
484	100.668	570301     	1.7354e+06 	290999
485	100.668	567987     	1.85177e+06	277226
486	100.656	568833     	1.94971e+06	277724
487	100.656	570647     	1.71829e+06	282460
488	100.656	570359     	1.74206e+06	284644
489	100.656	574277     	1.57754e+06	283195
490	100.656	571092     	1.44933e+06	281186
491	100.656	570200     	1.64827e+06	287312
492	100.656	565983     	1.60832e+06	280107
493	100.656	567699     	1.63798e+06	277063
494	100.656	564559     	1.72815e+06	286969
495	100.656	561003     	1.69164e+06	282521
496	100.656	561463     	1.68391e+06	281022
497	100.656	553935     	1.66584e+06	271050
498	100.656	554591     	1.52679e+06	268477
499	100.656	553637     	1.61329e+06	264734
35.90000001
