/usr/lib/python2.7/site-packages/deap/tools/_hypervolume/pyhv.py:33: ImportWarning: Falling back to the python version of hypervolume module. Expect this to be very slow.
  "module. Expect this to be very slow.", ImportWarning)
gen	min   	avg        	max        	std   
0  	285871	1.31266e+06	2.68997e+06	420997
1  	270364	1.31142e+06	2.55775e+06	430369
2  	189065	1.31197e+06	2.69427e+06	430898
3  	174650	1.30506e+06	2.70945e+06	435244
4  	174650	1.30341e+06	2.73804e+06	427802
5  	174650	1.29584e+06	2.66016e+06	418202
6  	161336	1.29325e+06	2.63312e+06	425223
7  	161336	1.28862e+06	2.61488e+06	419646
8  	161336	1.29312e+06	2.44582e+06	424188
9  	161336	1.28823e+06	2.46784e+06	415870
10 	161336	1.29056e+06	2.48226e+06	419289
11 	160594	1.28965e+06	2.58206e+06	418154
12 	160594	1.28399e+06	2.54197e+06	417659
13 	160594	1.28106e+06	2.69806e+06	414579
14 	160594	1.27878e+06	2.85105e+06	420822
15 	160594	1.28601e+06	2.85105e+06	418667
16 	160594	1.28506e+06	2.59355e+06	416318
17 	160594	1.28661e+06	2.49808e+06	427887
18 	160594	1.28138e+06	2.65101e+06	422432
19 	160594	1.28116e+06	2.85166e+06	426900
20 	160594	1.28505e+06	2.74016e+06	414667
21 	160594	1.28149e+06	2.40833e+06	414094
22 	156650	1.27848e+06	2.49594e+06	416074
23 	156650	1.2733e+06 	2.39e+06   	420959
24 	156650	1.26155e+06	2.44509e+06	411882
25 	139539	1.25642e+06	2.4924e+06 	415162
26 	139539	1.25717e+06	2.5408e+06 	420209
27 	139539	1.25311e+06	2.4652e+06 	416536
28 	139539	1.25174e+06	2.53664e+06	420821
29 	139539	1.246e+06  	2.49212e+06	415473
30 	139539	1.24479e+06	2.63668e+06	410417
31 	139539	1.24375e+06	2.61187e+06	410269
32 	114015	1.24524e+06	2.61187e+06	403844
33 	114015	1.24609e+06	2.60838e+06	405407
34 	114015	1.24246e+06	2.54127e+06	411851
35 	114015	1.24382e+06	2.58223e+06	425045
36 	114015	1.2413e+06 	2.59679e+06	426126
37 	107284	1.23596e+06	2.59679e+06	425434
38 	107284	1.23577e+06	2.59679e+06	422951
39 	107284	1.23188e+06	2.56074e+06	411567
40 	107284	1.23085e+06	2.69613e+06	411178
41 	107284	1.22994e+06	2.57968e+06	408947
42 	107284	1.22191e+06	2.61536e+06	422344
43 	107284	1.21956e+06	2.71327e+06	426685
44 	107284	1.2193e+06 	2.62937e+06	438332
45 	107284	1.21874e+06	2.71901e+06	440265
46 	107284	1.22117e+06	2.69817e+06	429778
47 	107284	1.22097e+06	2.78331e+06	426601
48 	107284	1.21174e+06	2.78331e+06	420425
49 	107284	1.21425e+06	2.51145e+06	423929
50 	107284	1.21025e+06	2.51172e+06	424005
51 	107284	1.20828e+06	2.48169e+06	422970
52 	107284	1.20171e+06	2.59314e+06	426639
53 	72152.5	1.19699e+06	2.62705e+06	430978
54 	72152.5	1.19593e+06	2.51149e+06	419508
55 	72152.5	1.20059e+06	2.45311e+06	419840
56 	72152.5	1.19744e+06	2.5092e+06 	423091
57 	72152.5	1.19871e+06	2.59139e+06	432543
58 	72152.5	1.19971e+06	2.56345e+06	429775
59 	72152.5	1.20101e+06	2.59344e+06	434640
60 	64464.7	1.19937e+06	2.38381e+06	428528
61 	64464.7	1.19403e+06	2.47235e+06	423193
62 	64464.7	1.19578e+06	2.43307e+06	430017
63 	64464.7	1.19152e+06	2.54052e+06	421663
64 	64464.7	1.18639e+06	2.51976e+06	418674
65 	64464.7	1.19118e+06	2.44051e+06	424999
66 	64464.7	1.19179e+06	2.6676e+06 	433674
67 	64464.7	1.19152e+06	2.5753e+06 	433527
68 	64464.7	1.18896e+06	2.49781e+06	425961
69 	64464.7	1.18914e+06	2.48136e+06	429697
70 	64464.7	1.18802e+06	2.55185e+06	426933
71 	64464.7	1.17967e+06	2.48691e+06	413890
72 	64339  	1.18424e+06	2.41067e+06	412125
73 	64339  	1.18188e+06	2.31833e+06	406995
74 	64339  	1.17664e+06	2.44962e+06	403887
75 	64339  	1.17066e+06	2.55708e+06	398065
76 	64339  	1.16585e+06	2.65426e+06	404449
77 	64339  	1.15912e+06	2.91492e+06	407175
78 	64339  	1.16123e+06	2.50813e+06	405801
79 	64339  	1.16049e+06	2.44192e+06	394663
80 	64339  	1.15611e+06	2.40166e+06	401236
81 	64339  	1.1547e+06 	2.43067e+06	404671
82 	64339  	1.16022e+06	2.5875e+06 	407180
83 	63316  	1.15436e+06	2.3479e+06 	405832
84 	63316  	1.15383e+06	2.38533e+06	414981
85 	63316  	1.15544e+06	2.69001e+06	432846
86 	63316  	1.15367e+06	2.69001e+06	437600
87 	55702.3	1.15005e+06	2.62973e+06	433418
88 	55702.3	1.14176e+06	2.54189e+06	416835
89 	55702.3	1.14172e+06	2.54189e+06	412360
90 	55702.3	1.1402e+06 	2.40604e+06	414187
91 	55702.3	1.14001e+06	2.34596e+06	413947
92 	48571.8	1.13563e+06	2.7828e+06 	417439
93 	48571.8	1.13251e+06	2.45745e+06	413224
94 	48571.8	1.13745e+06	2.45637e+06	414756
95 	48571.8	1.13469e+06	2.45229e+06	418051
96 	48571.8	1.12904e+06	2.38493e+06	409025
97 	48571.8	1.12883e+06	2.44626e+06	404232
98 	48571.8	1.12534e+06	2.45439e+06	407479
99 	48571.8	1.12381e+06	2.33162e+06	415001
100	48571.8	1.11344e+06	2.3135e+06 	397379
101	48571.8	1.10933e+06	2.60777e+06	398196
102	48571.8	1.10189e+06	2.3878e+06 	388682
103	48571.8	1.09978e+06	2.39572e+06	393147
104	48571.8	1.1016e+06 	2.42059e+06	398306
105	48571.8	1.10735e+06	2.36094e+06	392407
106	34864.7	1.1015e+06 	2.53796e+06	386094
107	34864.7	1.09914e+06	2.5038e+06 	389212
108	34864.7	1.09947e+06	2.27947e+06	385535
109	34864.7	1.09711e+06	2.36143e+06	384121
110	34864.7	1.09508e+06	2.32166e+06	383386
111	34842.2	1.10003e+06	2.2857e+06 	376267
112	34842.2	1.10298e+06	2.2661e+06 	378045
113	34842.2	1.10098e+06	2.2252e+06 	375444
114	34842.2	1.09599e+06	2.25061e+06	378561
115	34842.2	1.09998e+06	2.32939e+06	389991
116	34842.2	1.10469e+06	2.3237e+06 	395160
117	34842.2	1.10367e+06	2.28341e+06	387530
118	34842.2	1.09408e+06	2.18982e+06	377714
119	34842.2	1.09573e+06	2.18982e+06	388375
120	31593.9	1.08969e+06	2.28569e+06	387918
121	31593.9	1.09484e+06	2.59907e+06	405462
122	31593.9	1.08919e+06	2.59907e+06	406505
123	31593.9	1.08468e+06	2.3696e+06 	401574
124	31593.9	1.08018e+06	2.3696e+06 	404942
125	28770.8	1.07823e+06	2.38729e+06	405620
126	28770.8	1.0724e+06 	2.31114e+06	396581
127	28770.8	1.06659e+06	2.27653e+06	387856
128	28770.8	1.0648e+06 	2.21638e+06	387824
129	28770.8	1.05774e+06	2.20768e+06	381497
130	28770.8	1.05798e+06	2.45704e+06	381346
131	28770.8	1.05911e+06	2.29312e+06	396698
132	28770.8	1.05658e+06	2.28666e+06	395910
133	28770.8	1.05939e+06	2.37324e+06	390870
134	28770.8	1.0555e+06 	2.29845e+06	391665
135	28770.8	1.05229e+06	2.33382e+06	387684
136	28770.8	1.04882e+06	2.25002e+06	388606
137	28770.8	1.05095e+06	2.19792e+06	380716
138	12926.9	1.04628e+06	2.28164e+06	385311
139	12926.9	1.04665e+06	2.51324e+06	396439
140	10445.7	1.04379e+06	2.31157e+06	386194
141	10445.7	1.04404e+06	2.42128e+06	388865
142	10445.7	1.0465e+06 	2.40754e+06	393846
143	10445.7	1.0419e+06 	2.1447e+06 	388634
144	10445.7	1.04302e+06	2.17949e+06	381312
145	10445.7	1.03819e+06	2.19002e+06	376378
146	6902.11	1.03868e+06	2.34913e+06	377429
147	6902.11	1.03349e+06	2.30194e+06	380050
148	6902.11	1.03607e+06	2.32503e+06	382394
149	6902.11	1.03225e+06	2.30825e+06	380811
150	6902.11	1.03125e+06	2.33536e+06	380237
151	6902.11	1.02353e+06	2.31645e+06	379303
152	6902.11	1.02858e+06	2.30605e+06	391588
153	6902.11	1.02873e+06	2.31895e+06	386993
154	6902.11	1.02459e+06	2.31895e+06	381153
155	6866.43	1.02314e+06	2.31895e+06	381679
156	6866.43	1.01367e+06	2.31895e+06	383994
157	6866.43	1.00867e+06	2.26864e+06	373408
158	6866.43	1.00469e+06	2.1506e+06 	365496
159	6866.43	1.00696e+06	2.17941e+06	374756
160	6866.43	1.00772e+06	2.17941e+06	377424
161	6866.43	1.01141e+06	2.1629e+06 	381204
162	6866.43	1.01007e+06	2.102e+06  	379785
163	6866.43	1.00614e+06	2.10102e+06	371118
164	6866.43	1.00754e+06	2.1308e+06 	372514
165	6866.43	1.0083e+06 	2.11236e+06	381540
166	6866.43	1.00251e+06	2.20569e+06	373093
167	6866.43	1.0027e+06 	2.22945e+06	379043
168	6866.43	1.00037e+06	2.23201e+06	373423
169	6866.43	998860     	2.33268e+06	378430
170	6866.43	990989     	2.52841e+06	393113
171	6866.43	989655     	2.10012e+06	385197
172	6866.43	994555     	2.15844e+06	386393
173	6866.43	997320     	2.26222e+06	386396
174	6866.43	995245     	2.19754e+06	389821
175	6866.43	996818     	2.19754e+06	393490
176	6866.43	994866     	2.33993e+06	391356
177	6866.43	985520     	2.36705e+06	392029
178	6866.43	980885     	2.35565e+06	392918
179	6866.43	982003     	2.34884e+06	401427
180	5573.8 	980153     	2.38117e+06	402184
181	5573.8 	979892     	2.27943e+06	395996
182	1720   	973233     	2.05737e+06	388475
183	1720   	972498     	2.12739e+06	387506
184	1720   	971634     	2.11605e+06	386903
185	1720   	965486     	2.22116e+06	388990
186	1720   	966140     	2.29955e+06	389216
187	1720   	970594     	2.19427e+06	396505
188	1720   	965347     	2.12525e+06	384222
189	1720   	964463     	2.14476e+06	386025
190	1720   	959497     	2.45084e+06	384277
191	1720   	958512     	2.0512e+06 	387395
192	1720   	957522     	2.06635e+06	392041
193	1720   	956231     	2.06427e+06	387681
194	1720   	955353     	2.07467e+06	386811
195	1720   	952229     	2.03889e+06	387906
196	1720   	951250     	2.36851e+06	390743
197	1720   	951684     	2.31324e+06	392962
198	1720   	950090     	2.12099e+06	393603
199	1720   	948292     	2.26594e+06	391074
200	1720   	944940     	2.35882e+06	380959
201	1720   	946740     	2.23303e+06	372323
202	1720   	941601     	2.23506e+06	374239
203	1720   	946438     	2.33968e+06	378363
204	1695.83	941554     	2.2008e+06 	362616
205	1695.83	939116     	2.20659e+06	357988
206	1695.83	936508     	2.13966e+06	354854
207	1695.83	935241     	2.09002e+06	349014
208	1695.83	939210     	2.38259e+06	369559
209	1695.83	931501     	2.24013e+06	361773
210	1695.83	928557     	2.11234e+06	354420
211	1695.83	922327     	2.17718e+06	360112
212	1695.83	919173     	2.10468e+06	361448
213	1695.83	919488     	2.36748e+06	367119
214	1695.83	922240     	2.36748e+06	370716
215	1695.83	925466     	2.1395e+06 	380035
216	1695.83	925817     	2.29736e+06	382790
217	1695.83	922765     	2.3226e+06 	375073
218	1695.83	918316     	2.2396e+06 	370489
219	1695.83	912170     	2.08949e+06	360316
220	1695.83	920218     	2.04381e+06	364198
221	1695.83	915750     	2.07353e+06	368208
222	1695.83	912127     	2.07353e+06	374203
223	1695.83	906251     	2.07353e+06	368775
224	1695.83	903176     	2.09001e+06	374787
225	1695.83	896443     	2.0889e+06 	362266
226	1695.83	896291     	2.06608e+06	365078
227	93.861 	890187     	2.03527e+06	358400
228	93.861 	891038     	2.07189e+06	361224
229	93.861 	886625     	2.17572e+06	367168
230	93.861 	888393     	2.17809e+06	368601
231	93.861 	888817     	2.17809e+06	366170
232	93.861 	890072     	2.1859e+06 	362669
233	93.861 	887185     	2.06009e+06	361760
234	93.861 	894955     	2.06009e+06	380510
235	93.861 	886316     	2.07603e+06	369453
236	93.861 	892367     	2.05284e+06	366512
237	93.861 	887251     	2.126e+06  	371453
238	93.861 	885239     	2.07278e+06	369776
239	93.861 	881537     	2.18235e+06	360752
240	93.861 	876371     	2.07901e+06	355882
241	93.861 	876511     	2.22882e+06	356964
242	93.861 	872229     	2.13383e+06	362968
243	93.861 	869184     	2.31358e+06	360421
244	93.861 	867555     	1.97542e+06	359575
245	93.861 	874825     	2.70429e+06	372972
246	93.861 	871101     	2.13373e+06	378433
247	93.861 	873853     	2.09056e+06	383416
248	93.861 	873421     	2.10552e+06	374320
249	93.861 	872864     	2.16617e+06	366418
250	93.861 	873091     	2.22925e+06	375703
251	93.861 	868739     	2.14936e+06	372612
252	93.861 	865515     	2.14936e+06	373963
253	93.861 	862803     	2.17006e+06	364424
254	93.861 	867755     	2.18933e+06	366014
255	93.861 	861034     	2.12859e+06	372503
256	93.861 	851961     	2.07085e+06	358599
257	93.861 	849548     	2.05112e+06	360533
258	93.861 	848754     	1.99411e+06	367064
259	93.861 	855103     	2.02687e+06	362891
260	93.861 	858413     	2.02707e+06	353359
261	93.861 	852966     	2.02707e+06	356277
262	93.861 	852235     	1.95883e+06	353334
263	93.861 	848320     	2.00815e+06	352166
264	93.861 	848544     	1.91177e+06	353944
265	93.861 	847045     	2.04635e+06	355878
266	93.861 	843721     	2.15255e+06	366207
267	93.861 	843206     	2.11621e+06	367472
268	93.861 	843641     	2.10985e+06	367513
269	93.861 	843034     	2.1134e+06 	365649
270	93.8335	842444     	2.02739e+06	367991
271	93.8335	843265     	2.09303e+06	368278
272	93.8335	840745     	1.98285e+06	364530
273	93.8335	838849     	1.96932e+06	352417
274	93.8335	833542     	2.0517e+06 	360944
275	93.8335	834797     	2.07665e+06	364762
276	93.8335	835208     	2.04067e+06	360435
277	93.8335	830917     	2.00798e+06	353400
278	93.8335	822456     	1.98616e+06	352437
279	93.8335	822430     	2.09854e+06	353212
280	93.8335	825498     	1.97622e+06	358477
281	93.8335	827645     	2.1001e+06 	360003
282	93.8335	829827     	2.08681e+06	360494
283	93.8335	821864     	2.03086e+06	355417
284	93.8335	823813     	2.03032e+06	362022
285	93.8335	825687     	2.08045e+06	364362
286	93.8335	819551     	2.09928e+06	360558
287	93.8335	819434     	2.09067e+06	361293
288	91.621 	820665     	2.07313e+06	357822
289	91.621 	818009     	2.05267e+06	359059
290	91.621 	817528     	2.04143e+06	361296
291	91.621 	810358     	2.10737e+06	352567
292	91.621 	809920     	2.03353e+06	358123
293	91.621 	807477     	1.96203e+06	351608
294	91.621 	809031     	2.01263e+06	350652
295	91.621 	802267     	1.94754e+06	347396
296	91.621 	800315     	1.95085e+06	347669
297	91.621 	800982     	2.02497e+06	345642
298	91.621 	795232     	1.90917e+06	338703
299	91.621 	800470     	1.95436e+06	338576
300	91.621 	799576     	2.067e+06  	342240
301	91.621 	795762     	2.05512e+06	347618
302	91.621 	793948     	2.05512e+06	336797
303	91.621 	789820     	1.99704e+06	342048
304	91.621 	792381     	1.97618e+06	338519
305	91.4043	787511     	1.93011e+06	350643
306	91.4043	786937     	1.92986e+06	353611
307	91.4043	781677     	1.91712e+06	357190
308	91.4043	784072     	1.98201e+06	361687
309	91.4043	782194     	1.96427e+06	352040
310	91.4043	785820     	2.0274e+06 	361281
311	91.4043	786132     	1.98986e+06	366457
312	91.4043	786907     	1.99928e+06	357917
313	91.4043	784142     	1.9463e+06 	355323
314	91.4043	781431     	1.82875e+06	349394
315	91.4043	781498     	1.82875e+06	351332
316	91.4043	777215     	1.92359e+06	345096
317	91.4043	774507     	2.00459e+06	356561
318	91.4043	770507     	1.93507e+06	355274
319	91.4043	768897     	1.90182e+06	351011
320	91.4043	768040     	1.88768e+06	347777
321	91.4043	762677     	2.03308e+06	344131
322	91.4043	763736     	2.03308e+06	348244
323	91.4043	768609     	1.97139e+06	338384
324	91.4043	766783     	2.19742e+06	349313
325	91.4043	763807     	2.03436e+06	346058
326	91.4043	758594     	2.04239e+06	336616
327	91.4043	755534     	2.0617e+06 	337979
328	91.4043	756363     	1.9881e+06 	339834
329	91.4043	753849     	2.03998e+06	336698
330	91.4043	751677     	2.0471e+06 	344639
331	91.4043	755180     	1.92131e+06	345860
332	91.4043	749005     	1.98232e+06	349469
333	91.4043	747546     	1.95318e+06	344196
334	91.4043	749563     	2.10214e+06	355843
335	91.4043	745245     	2.00132e+06	358585
336	91.4043	745362     	1.99603e+06	348167
337	91.4043	742431     	1.91275e+06	344530
338	91.4043	739322     	1.86164e+06	347035
339	91.4043	737846     	1.93077e+06	344883
340	91.4043	737098     	1.93467e+06	344733
341	91.4043	738555     	1.93243e+06	339394
342	91.4043	733469     	1.93243e+06	338449
343	91.4043	729479     	2.07515e+06	339274
344	91.4043	728583     	1.96506e+06	340390
345	91.4043	721104     	1.97942e+06	329402
346	91.4043	727187     	1.94763e+06	327671
347	91.4043	725388     	2.08377e+06	336468
348	91.4043	728513     	2.01377e+06	340962
349	91.4043	734265     	1.99516e+06	348029
350	91.4043	732744     	2.08508e+06	350975
351	91.4043	728776     	2.08508e+06	342821
352	91.4043	720577     	2.0067e+06 	343841
353	91.4043	722457     	1.90985e+06	342935
354	91.4043	722425     	2.1559e+06 	345664
355	89.0485	717591     	2.07486e+06	344234
356	89.0485	718355     	2.04437e+06	350682
357	89.0485	708231     	2.05525e+06	342295
358	89.0485	710209     	2.03226e+06	337623
359	89.0485	708721     	1.92953e+06	336589
360	89.0485	708991     	1.8655e+06 	332206
361	89.0485	707515     	1.92706e+06	327933
362	89.0485	709248     	1.93151e+06	323066
363	89.0485	708435     	1.93151e+06	324944
364	89.0485	707178     	1.97067e+06	323471
365	89.0485	703042     	1.90205e+06	322990
366	89.0485	701188     	1.93439e+06	319322
367	89.0485	697876     	1.93439e+06	326151
368	89.0485	694021     	1.91473e+06	322722
369	89.0485	693654     	2.06214e+06	328194
370	89.0485	687734     	1.96856e+06	324181
371	89.0485	685784     	1.8899e+06 	321428
372	89.0485	680679     	1.85713e+06	316650
373	89.0485	677006     	1.78919e+06	308287
374	89.0485	674043     	1.78717e+06	305524
375	89.0485	682463     	1.81601e+06	320653
376	89.0485	677538     	1.81276e+06	325503
377	89.0485	681258     	1.85189e+06	326315
378	89.0485	683076     	1.93956e+06	331550
379	89.0485	681346     	1.91881e+06	328807
380	89.0485	680848     	1.99125e+06	325682
381	89.0485	678335     	1.9773e+06 	327861
382	89.0485	678024     	2.05443e+06	335004
383	89.0485	673792     	1.84456e+06	322897
384	89.0485	666844     	2.00467e+06	319523
385	89.0485	667340     	1.91397e+06	321927
386	89.0485	668315     	1.88954e+06	330766
387	89.0485	666322     	1.82504e+06	331825
388	89.0485	668803     	2.11895e+06	337288
389	89.0485	665735     	1.98896e+06	329995
390	89.0485	667164     	1.86745e+06	321711
391	89.0485	671473     	1.76335e+06	318686
392	89.0485	664670     	1.92368e+06	315122
393	89.0485	662269     	1.68507e+06	315145
394	89.0485	661750     	1.80329e+06	319168
395	89.0485	661721     	1.76624e+06	314953
396	89.0485	660104     	1.76723e+06	308161
397	89.0485	665446     	1.63653e+06	305212
398	89.0485	665398     	1.9299e+06 	304786
399	89.0485	662844     	1.92278e+06	307141
400	89.0485	662374     	1.79817e+06	306238
401	89.0485	658398     	1.6629e+06 	307392
402	89.0485	655335     	1.78675e+06	315014
403	89.0485	653125     	1.73929e+06	315915
404	89.0485	653014     	1.67488e+06	310084
405	89.0485	649263     	1.67488e+06	299505
406	89.0485	649956     	1.68138e+06	309567
407	89.0485	649421     	1.63371e+06	312197
408	89.0485	648836     	1.76382e+06	326369
409	89.0485	646512     	1.70664e+06	323815
410	88.0181	644754     	1.62187e+06	315013
411	88.0181	651356     	1.72096e+06	319264
412	88.0181	651590     	1.86264e+06	323565
413	88.0181	644675     	1.76304e+06	315207
414	88.0181	648428     	1.81489e+06	318020
415	88.0181	648918     	1.82794e+06	319974
416	88.0181	645447     	1.91062e+06	322444
417	88.0181	637966     	1.87049e+06	315579
418	88.0181	640136     	1.83177e+06	310945
419	88.0181	640606     	1.9134e+06 	322334
420	88.0181	638428     	1.93921e+06	325243
421	88.0181	635934     	1.76182e+06	314320
422	88.0181	634646     	1.76182e+06	308043
423	88.0181	630421     	1.81732e+06	306129
424	88.0181	628074     	1.81732e+06	307361
425	88.0181	626101     	1.8227e+06 	312774
426	88.0181	622726     	1.78982e+06	308513
427	88.0181	612981     	1.91569e+06	301592
428	88.0181	607893     	1.7669e+06 	295861
429	88.0181	609613     	1.83908e+06	302587
430	88.0181	610268     	1.78493e+06	300874
431	88.0181	609912     	1.66994e+06	304375
432	88.0181	609476     	1.66153e+06	298336
433	88.0181	604891     	1.793e+06  	294282
434	88.0181	606285     	1.8434e+06 	303369
435	88.0181	605241     	1.82552e+06	306282
436	88.0181	608960     	1.76159e+06	307711
437	85.3715	606593     	1.76159e+06	304217
438	85.3715	607589     	1.8202e+06 	308793
439	85.3715	601801     	1.73743e+06	299649
440	85.3715	604146     	1.67164e+06	305521
441	84.7044	599259     	1.67246e+06	298350
442	84.7044	605630     	1.56069e+06	300102
443	84.7044	601097     	1.64918e+06	302960
444	84.7044	600845     	1.89647e+06	303020
445	84.7044	603583     	1.78927e+06	307346
446	84.7044	600258     	1.84473e+06	301215
447	84.7044	597376     	1.83648e+06	300627
448	84.7044	602026     	1.77921e+06	303485
449	78.9853	604428     	1.69745e+06	293271
450	78.9853	607399     	1.78935e+06	294155
451	78.9853	604749     	1.78935e+06	295625
452	78.9853	597437     	1.7965e+06 	294487
453	78.9853	593232     	1.75735e+06	292068
454	78.9853	592136     	1.81092e+06	298081
455	78.9853	597403     	1.74954e+06	303070
456	78.9853	596909     	1.72601e+06	302187
457	78.9853	597135     	1.8908e+06 	304904
458	78.9853	595092     	1.8784e+06 	308340
459	78.9853	594231     	1.84397e+06	307553
460	78.9853	591216     	1.56674e+06	308938
461	78.9853	582733     	1.56674e+06	301018
462	78.9853	580212     	1.65003e+06	295190
463	78.9853	579477     	1.70433e+06	297426
464	78.9853	582992     	1.63222e+06	297972
465	78.9853	584173     	1.62427e+06	296573
466	78.9853	579455     	1.82776e+06	291677
467	78.9853	580471     	1.75749e+06	289991
468	78.9853	577358     	1.63833e+06	291831
469	78.9853	580938     	1.76855e+06	292843
470	78.9853	577098     	1.5386e+06 	289324
471	78.9853	578246     	1.83283e+06	293341
472	78.9853	573555     	1.43006e+06	274694
473	78.9853	571052     	1.29801e+06	281197
474	78.9853	572322     	1.40153e+06	282391
475	78.9853	571507     	1.3954e+06 	278095
476	78.9853	570593     	1.6303e+06 	282977
477	78.9853	566165     	1.66757e+06	282714
478	78.9853	564801     	1.59486e+06	277988
479	78.9853	566144     	1.62188e+06	286107
480	78.9853	562748     	1.5527e+06 	286227
481	78.9853	560962     	1.50538e+06	288914
482	78.9853	560564     	1.62817e+06	284477
483	78.9853	557038     	1.55804e+06	282185
484	78.9853	554071     	1.66366e+06	287738
485	78.9853	551371     	1.65712e+06	288747
486	78.9853	556479     	1.56739e+06	292411
487	78.9853	553213     	1.60788e+06	282125
488	78.9853	551806     	1.60358e+06	284966
489	78.9853	553378     	1.78679e+06	285555
490	78.9853	551080     	1.64055e+06	280508
491	78.9853	552459     	1.49508e+06	277657
492	78.9853	553330     	1.43592e+06	277256
493	78.9853	551044     	1.74882e+06	281843
494	78.9853	543200     	1.74882e+06	279181
495	78.9853	543724     	1.78825e+06	275332
496	78.9853	540420     	1.59813e+06	269990
497	78.9853	539371     	1.44462e+06	276686
498	78.9853	540967     	1.39463e+06	281290
499	78.9853	537294     	1.3287e+06 	279132
35.90000001
