/usr/lib/python2.7/site-packages/deap/tools/_hypervolume/pyhv.py:33: ImportWarning: Falling back to the python version of hypervolume module. Expect this to be very slow.
  "module. Expect this to be very slow.", ImportWarning)
gen	min   	avg        	max        	std   
0  	325145	1.32634e+06	2.77687e+06	435888
1  	234170	1.31804e+06	2.73345e+06	428642
2  	216802	1.31964e+06	2.79699e+06	433274
3  	216802	1.31865e+06	2.68274e+06	425646
4  	215549	1.31149e+06	2.50312e+06	415277
5  	215549	1.30426e+06	2.58069e+06	418468
6  	215549	1.30008e+06	2.62511e+06	418361
7  	191551	1.30221e+06	2.64052e+06	414953
8  	191551	1.29708e+06	2.5715e+06 	422406
9  	191551	1.29406e+06	2.55532e+06	428533
10 	186713	1.29051e+06	2.52253e+06	428489
11 	186713	1.29873e+06	2.79433e+06	433844
12 	186713	1.29217e+06	2.64394e+06	430589
13 	186713	1.29226e+06	2.64394e+06	418093
14 	181984	1.28762e+06	2.80228e+06	425067
15 	181984	1.28824e+06	2.80228e+06	422661
16 	181984	1.28643e+06	2.74881e+06	432836
17 	181984	1.2824e+06 	2.67046e+06	441141
18 	181984	1.28306e+06	2.64865e+06	436238
19 	181984	1.2831e+06 	2.64865e+06	424875
20 	181984	1.28388e+06	2.59994e+06	417090
21 	163531	1.28195e+06	2.59994e+06	421865
22 	163531	1.27605e+06	2.51539e+06	404959
23 	163531	1.27995e+06	2.51539e+06	414539
24 	163531	1.28014e+06	2.72481e+06	416247
25 	163531	1.276e+06  	2.70679e+06	417236
26 	163531	1.26508e+06	2.40672e+06	411502
27 	163531	1.26314e+06	2.65911e+06	414910
28 	163531	1.26053e+06	2.65315e+06	417599
29 	163531	1.25678e+06	2.51612e+06	409988
30 	163531	1.25541e+06	2.57927e+06	414183
31 	163531	1.25359e+06	2.43246e+06	402016
32 	163531	1.24993e+06	2.41251e+06	406306
33 	163531	1.25548e+06	2.62193e+06	415484
34 	163531	1.25355e+06	2.57764e+06	421985
35 	163531	1.2478e+06 	2.49991e+06	412901
36 	153395	1.25273e+06	2.52216e+06	411052
37 	153395	1.25621e+06	2.49208e+06	413690
38 	153395	1.25261e+06	2.4725e+06 	412252
39 	153395	1.25473e+06	2.47175e+06	421249
40 	153395	1.24789e+06	2.36485e+06	423429
41 	153395	1.24677e+06	2.37826e+06	423749
42 	144261	1.25112e+06	2.44898e+06	429208
43 	144261	1.24426e+06	2.37736e+06	428351
44 	144261	1.24395e+06	2.3707e+06 	422776
45 	144261	1.23866e+06	2.43702e+06	424011
46 	144261	1.23205e+06	2.37705e+06	418813
47 	141984	1.23126e+06	2.82086e+06	417165
48 	109341	1.22541e+06	2.71239e+06	417707
49 	109341	1.22343e+06	2.71239e+06	419651
50 	109341	1.22527e+06	2.60361e+06	422925
51 	109341	1.22071e+06	2.67113e+06	425057
52 	109341	1.21718e+06	2.59956e+06	423857
53 	109341	1.21217e+06	2.66873e+06	425365
54 	109341	1.21404e+06	2.7654e+06 	430678
55 	109341	1.2196e+06 	2.6666e+06 	425082
56 	109341	1.22173e+06	2.77199e+06	433078
57 	71212.7	1.21728e+06	2.7939e+06 	441362
58 	71212.7	1.21957e+06	2.9233e+06 	443308
59 	71212.7	1.21743e+06	2.9233e+06 	440360
60 	71212.7	1.21344e+06	2.77072e+06	443559
61 	71212.7	1.21193e+06	2.72139e+06	437460
62 	71212.7	1.20987e+06	2.54562e+06	426750
63 	71212.7	1.21073e+06	2.57513e+06	427015
64 	71212.7	1.20864e+06	2.70462e+06	432996
65 	71212.7	1.20769e+06	2.63729e+06	432175
66 	44215.1	1.20599e+06	2.62751e+06	437213
67 	44215.1	1.20972e+06	2.4936e+06 	436486
68 	44215.1	1.2016e+06 	2.52037e+06	425721
69 	44215.1	1.19566e+06	2.76555e+06	422290
70 	44215.1	1.19219e+06	2.6428e+06 	421176
71 	44215.1	1.19318e+06	2.54707e+06	424305
72 	44215.1	1.1895e+06 	2.58791e+06	431148
73 	44215.1	1.18507e+06	2.58791e+06	419566
74 	44215.1	1.18865e+06	2.44808e+06	423022
75 	44215.1	1.18479e+06	2.5802e+06 	417856
76 	33736.9	1.18381e+06	2.43106e+06	414003
77 	33736.9	1.17574e+06	2.39718e+06	404989
78 	33736.9	1.17194e+06	2.43063e+06	406133
79 	33736.9	1.17603e+06	2.55199e+06	414929
80 	33736.9	1.17721e+06	2.55813e+06	413277
81 	33736.9	1.17599e+06	2.45252e+06	415264
82 	33736.9	1.16889e+06	2.45864e+06	414334
83 	33736.9	1.16388e+06	2.4777e+06 	419784
84 	33736.9	1.16492e+06	2.61888e+06	431586
85 	33736.9	1.16018e+06	2.48238e+06	429304
86 	33736.9	1.15798e+06	2.44555e+06	416960
87 	33736.9	1.15785e+06	2.33313e+06	416563
88 	33736.9	1.15707e+06	2.384e+06  	421299
89 	33736.9	1.15428e+06	2.69639e+06	424794
90 	33736.9	1.14769e+06	2.29109e+06	421170
91 	33736.9	1.15054e+06	2.38517e+06	427730
92 	33736.9	1.14618e+06	2.38517e+06	423889
93 	33736.9	1.14891e+06	2.40898e+06	431212
94 	33736.9	1.14098e+06	2.43184e+06	421423
95 	33566.8	1.1396e+06 	2.43184e+06	416786
96 	33566.8	1.13799e+06	2.56082e+06	421596
97 	33566.8	1.13276e+06	2.33954e+06	405146
98 	33566.8	1.13485e+06	2.34238e+06	404202
99 	33566.8	1.12867e+06	2.31366e+06	403705
100	33566.8	1.13454e+06	2.19776e+06	411189
101	33566.8	1.13185e+06	2.4092e+06 	404349
102	33566.8	1.12911e+06	2.3314e+06 	416305
103	33566.8	1.12633e+06	2.86062e+06	413250
104	33566.8	1.12079e+06	2.53491e+06	401626
105	33566.8	1.12166e+06	2.55314e+06	411028
106	33566.8	1.12728e+06	2.74348e+06	432268
107	33566.8	1.12229e+06	2.44699e+06	416565
108	33566.8	1.11733e+06	2.30863e+06	409126
109	33566.8	1.1242e+06 	2.28247e+06	416967
110	33566.8	1.11786e+06	2.23325e+06	404980
111	32940.7	1.11219e+06	2.34245e+06	399197
112	32940.7	1.1086e+06 	2.27759e+06	397739
113	32940.7	1.10746e+06	2.36681e+06	406159
114	23684.7	1.10799e+06	2.51182e+06	405891
115	23684.7	1.10782e+06	2.62988e+06	411861
116	23684.7	1.10843e+06	2.47719e+06	403571
117	23684.7	1.1079e+06 	2.24579e+06	404091
118	23684.7	1.09636e+06	2.27025e+06	402454
119	23684.7	1.0964e+06 	2.43907e+06	391812
120	23684.7	1.09859e+06	2.24994e+06	398996
121	23684.7	1.10194e+06	2.3691e+06 	410581
122	23684.7	1.09707e+06	2.45305e+06	408603
123	23684.7	1.09789e+06	2.37817e+06	414451
124	23684.7	1.09666e+06	2.39241e+06	413986
125	23684.7	1.09697e+06	2.24331e+06	410894
126	23684.7	1.09851e+06	2.35528e+06	419873
127	23684.7	1.09186e+06	2.29422e+06	407617
128	23684.7	1.08607e+06	2.3508e+06 	401225
129	23684.7	1.08291e+06	2.3508e+06 	396051
130	23684.7	1.08063e+06	2.54165e+06	396484
131	23684.7	1.08197e+06	2.26663e+06	398154
132	23684.7	1.08129e+06	2.20404e+06	401450
133	23684.7	1.07753e+06	2.18634e+06	395475
134	23684.7	1.07203e+06	2.40414e+06	395057
135	23684.7	1.06664e+06	2.24816e+06	394360
136	23684.7	1.06482e+06	2.52922e+06	404072
137	23684.7	1.0669e+06 	2.30445e+06	402626
138	23684.7	1.06388e+06	2.48088e+06	403211
139	23684.7	1.05867e+06	2.24347e+06	392515
140	23684.7	1.05704e+06	2.30897e+06	400526
141	23684.7	1.05718e+06	2.42879e+06	400553
142	23684.7	1.05749e+06	2.32451e+06	405486
143	23684.7	1.05475e+06	2.27291e+06	405760
144	23684.7	1.05619e+06	2.30717e+06	409597
145	23684.7	1.06108e+06	2.30717e+06	414715
146	22317.2	1.06429e+06	2.37272e+06	417962
147	22317.2	1.05686e+06	2.39523e+06	410258
148	22317.2	1.05675e+06	2.31035e+06	404446
149	21473.7	1.05263e+06	2.31035e+06	405906
150	21473.7	1.05413e+06	2.42086e+06	407752
151	21473.7	1.04653e+06	2.24253e+06	405035
152	21473.7	1.04115e+06	2.72066e+06	408529
153	21473.7	1.04185e+06	2.3174e+06 	399916
154	21473.7	1.04138e+06	2.22378e+06	395226
155	21473.7	1.03677e+06	2.33027e+06	389014
156	21473.7	1.03212e+06	2.18769e+06	385509
157	21473.7	1.03364e+06	2.41741e+06	392594
158	21473.7	1.0315e+06 	2.3614e+06 	396381
159	21473.7	1.03194e+06	2.41758e+06	393781
160	21473.7	1.02588e+06	2.43421e+06	390843
161	21473.7	1.02749e+06	2.33973e+06	386451
162	21473.7	1.0204e+06 	2.29256e+06	385617
163	17050.5	1.0191e+06 	2.27013e+06	389768
164	17050.5	1.01562e+06	2.24301e+06	386372
165	17050.5	1.02134e+06	2.27425e+06	389955
166	17050.5	1.01814e+06	2.26186e+06	382764
167	17050.5	1.02037e+06	2.34664e+06	384100
168	17050.5	1.01696e+06	2.49437e+06	386869
169	10268.4	1.01361e+06	2.25251e+06	383861
170	10268.4	1.01209e+06	2.26728e+06	394153
171	10268.4	1.00871e+06	2.39988e+06	391824
172	10268.4	1.00955e+06	2.23107e+06	390621
173	10268.4	1.00782e+06	2.20843e+06	387451
174	10268.4	1.00682e+06	2.18097e+06	391841
175	10268.4	1.00018e+06	2.24956e+06	391783
176	7850.86	1.00103e+06	2.3611e+06 	393874
177	7850.86	1.00138e+06	2.31122e+06	395069
178	7850.86	993046     	2.23717e+06	400932
179	7850.86	995366     	2.32601e+06	399424
180	7850.86	995798     	2.35297e+06	402210
181	7850.86	992929     	2.2243e+06 	395115
182	3808.3 	991925     	2.25056e+06	396249
183	3808.3 	994703     	2.2433e+06 	392635
184	3300.33	986766     	2.15836e+06	388291
185	3300.33	986192     	2.2296e+06 	402953
186	3300.33	989749     	2.1812e+06 	402715
187	3300.33	988077     	2.20407e+06	400675
188	3300.33	984644     	2.16361e+06	386567
189	3290.31	979067     	2.31506e+06	378746
190	3290.31	975820     	2.21162e+06	374421
191	3290.31	976508     	2.22701e+06	380484
192	3290.31	972147     	2.34327e+06	374507
193	1872.73	970135     	2.22588e+06	372709
194	1872.73	965878     	2.04022e+06	362610
195	1872.73	969065     	2.17599e+06	378952
196	1872.73	971120     	2.20291e+06	381874
197	1872.73	972221     	2.57156e+06	386365
198	1872.73	971561     	2.41828e+06	380466
199	1872.73	965692     	2.07595e+06	386762
200	1872.73	965783     	2.07504e+06	379870
201	1872.73	964167     	2.07504e+06	381090
202	1872.73	956325     	2.2543e+06 	375640
203	1872.73	952149     	2.23814e+06	379764
204	1872.73	945815     	2.09457e+06	376264
205	1872.73	946223     	2.02899e+06	374784
206	1872.73	940715     	2.12779e+06	369275
207	1872.73	940409     	2.21992e+06	365930
208	1872.73	938392     	2.21378e+06	364432
209	1872.73	939470     	2.44393e+06	367324
210	1872.73	940556     	2.25744e+06	377623
211	1872.73	940671     	2.28782e+06	380058
212	1872.73	935661     	2.29414e+06	371649
213	1872.73	936606     	2.29414e+06	384372
214	1872.73	934408     	2.19779e+06	374376
215	1872.73	932512     	2.29254e+06	377655
216	1872.73	929826     	2.29347e+06	378359
217	1872.73	924589     	2.05383e+06	370712
218	1872.73	921564     	2.12649e+06	378333
219	1872.73	925115     	2.12742e+06	382732
220	1872.73	924822     	2.2369e+06 	374434
221	1872.73	922960     	2.35489e+06	381961
222	1872.73	920729     	2.34796e+06	380915
223	1872.73	917429     	2.34796e+06	376352
224	1872.73	917505     	2.15993e+06	370435
225	1654.07	919100     	2.13649e+06	366872
226	1654.07	912789     	2.12349e+06	358344
227	1654.07	915565     	2.12349e+06	359748
228	1654.07	914167     	1.98342e+06	354762
229	1654.07	911582     	2.10378e+06	364063
230	1171.1 	907721     	2.17332e+06	359037
231	1171.1 	908429     	2.17332e+06	364551
232	1171.1 	905197     	2.04242e+06	371386
233	1171.1 	908456     	2.14937e+06	367962
234	1171.1 	906862     	2.15417e+06	374400
235	1171.1 	907511     	2.13332e+06	377532
236	1171.1 	906625     	2.08688e+06	373484
237	1171.1 	899733     	2.30496e+06	374180
238	1171.1 	896232     	2.07576e+06	365983
239	1171.1 	897751     	2.07576e+06	369828
240	1171.1 	899748     	2.0693e+06 	366455
241	1171.1 	892885     	2.01055e+06	359693
242	1171.1 	892430     	2.08557e+06	361771
243	1171.1 	888381     	2.07895e+06	358567
244	1171.1 	889061     	2.26373e+06	368097
245	1171.1 	891625     	2.07574e+06	369426
246	1171.1 	891260     	2.07574e+06	369498
247	1171.1 	888694     	2.17831e+06	366834
248	1171.1 	886324     	2.14546e+06	355595
249	1171.1 	887195     	1.97483e+06	349220
250	1171.1 	886848     	2.23719e+06	370567
251	1171.1 	883965     	2.16465e+06	364906
252	1171.1 	885278     	2.08059e+06	366894
253	1171.1 	883455     	2.04625e+06	361471
254	1171.1 	879575     	2.14812e+06	357424
255	1171.1 	876162     	2.21406e+06	357051
256	1171.1 	876538     	2.21406e+06	356909
257	1171.1 	873784     	2.13199e+06	362250
258	1171.1 	878270     	2.05136e+06	361433
259	1171.1 	881087     	2.12211e+06	364271
260	1171.1 	875511     	2.02106e+06	365331
261	1171.1 	867695     	2.10639e+06	358871
262	1171.1 	867621     	2.03766e+06	357141
263	1053.3 	863544     	2.03766e+06	360560
264	1053.3 	859971     	2.15684e+06	363216
265	1053.3 	856077     	2.01385e+06	358370
266	1053.3 	856236     	2.11669e+06	364686
267	1053.3 	853768     	2.25323e+06	364475
268	1053.3 	857758     	2.10698e+06	367094
269	1053.3 	860439     	2.04238e+06	363164
270	1053.3 	862032     	2.13442e+06	355712
271	1053.3 	853801     	2.25163e+06	361123
272	1053.3 	851043     	2.0237e+06 	371874
273	1053.3 	851170     	2.14978e+06	363702
274	1053.3 	848685     	2.34705e+06	365881
275	1053.3 	845946     	2.02612e+06	374626
276	1053.3 	841281     	2.00157e+06	367741
277	1053.3 	841751     	2.07979e+06	365977
278	1053.3 	841139     	2.07979e+06	367976
279	1053.3 	836589     	2.08737e+06	364337
280	1053.3 	837191     	2.08737e+06	359652
281	1053.3 	833778     	2.02811e+06	364756
282	1053.3 	838189     	2.07117e+06	357716
283	1053.3 	834353     	1.97627e+06	349402
284	1053.3 	828730     	1.99896e+06	340987
285	893.586	831097     	2.00099e+06	345459
286	893.586	830517     	1.99979e+06	352234
287	893.586	825494     	2.10579e+06	347492
288	893.586	824729     	1.85813e+06	335505
289	893.586	820592     	1.84228e+06	333863
290	376.879	816680     	1.88909e+06	330946
291	376.879	810928     	1.96429e+06	333553
292	376.879	812098     	1.93242e+06	330717
293	376.879	811439     	1.87333e+06	329252
294	376.879	809732     	1.90523e+06	329311
295	376.879	806595     	2.01002e+06	331463
296	376.879	799047     	1.90192e+06	323412
297	376.879	800439     	1.90777e+06	323642
298	376.879	797680     	1.8592e+06 	327348
299	376.879	803395     	1.84031e+06	325375
300	376.879	807949     	1.85161e+06	324317
301	318.961	804774     	1.96228e+06	331564
302	318.961	804480     	2.04133e+06	340081
303	318.961	800550     	2.07551e+06	333930
304	318.961	794910     	2.05128e+06	330594
305	318.961	796743     	2.05578e+06	328218
306	318.961	790158     	2.02207e+06	331239
307	318.961	786289     	1.99393e+06	322985
308	318.961	783187     	1.95579e+06	332146
309	318.961	787052     	1.92573e+06	338842
310	213.784	779201     	2.18751e+06	331766
311	213.784	784751     	1.98364e+06	345316
312	213.784	777606     	2.08148e+06	338982
313	213.784	782907     	2.06646e+06	343390
314	213.784	784199     	1.93472e+06	349869
315	213.784	781292     	2.07903e+06	352541
316	213.784	776348     	2.00049e+06	349684
317	213.784	774530     	1.95927e+06	344516
318	213.784	776131     	2.03992e+06	339456
319	213.784	771023     	1.92966e+06	342932
320	213.784	776424     	2.11417e+06	355561
321	213.784	772179     	2.01132e+06	354658
322	213.784	768117     	2.00006e+06	348717
323	213.784	760061     	1.95446e+06	339020
324	213.784	762705     	1.90781e+06	332097
325	213.784	765252     	1.88971e+06	333792
326	210.022	766487     	2.03463e+06	334297
327	210.022	761545     	1.88971e+06	330543
328	210.022	761550     	2.04442e+06	335417
329	210.022	757728     	2.00651e+06	336809
330	210.022	760349     	2.14958e+06	333343
331	210.022	758409     	2.00651e+06	329364
332	210.022	751206     	2.06783e+06	329487
333	210.022	749346     	2.06783e+06	326449
334	210.022	751333     	1.96203e+06	325789
335	210.022	750608     	2.14754e+06	326259
336	210.022	751240     	2.11429e+06	334372
337	210.022	752934     	1.94356e+06	330399
338	206.759	748271     	1.93088e+06	337820
339	206.759	744595     	1.8023e+06 	323179
340	206.759	741101     	1.81889e+06	324721
341	206.759	739011     	1.82495e+06	331843
342	206.759	737146     	1.84282e+06	323358
343	206.759	739484     	2.17154e+06	332524
344	177.256	743496     	1.97153e+06	340958
345	177.256	741151     	1.93864e+06	343833
346	177.256	743068     	2.01336e+06	341390
347	177.256	741846     	1.92714e+06	343968
348	177.256	741496     	1.9213e+06 	340310
349	177.256	734190     	1.91278e+06	341575
350	177.256	732198     	1.86892e+06	333988
351	177.256	728425     	1.94874e+06	338500
352	177.256	730991     	1.89214e+06	334909
353	177.256	732813     	1.85298e+06	333459
354	177.256	735233     	1.9123e+06 	338319
355	177.256	729924     	1.96859e+06	338454
356	177.256	733456     	1.96859e+06	344567
357	177.256	728226     	1.94765e+06	339022
358	177.256	730272     	1.94765e+06	336088
359	177.256	725830     	1.93595e+06	330506
360	177.256	723211     	1.81604e+06	317910
361	177.256	728532     	1.81604e+06	321786
362	177.256	721763     	1.85946e+06	329226
363	177.256	721369     	1.86767e+06	335369
364	177.256	722593     	1.80485e+06	333247
365	177.256	720049     	1.86439e+06	334545
366	177.256	726675     	1.87687e+06	332989
367	177.256	727408     	1.91548e+06	336643
368	177.256	724985     	1.85024e+06	325368
369	177.256	724079     	1.77073e+06	326860
370	177.256	717055     	1.8881e+06 	323826
371	177.256	709992     	1.81611e+06	324466
372	177.256	706851     	1.85505e+06	319621
373	177.256	705348     	1.81558e+06	316455
374	177.256	705765     	1.83116e+06	318085
375	177.256	706471     	1.8425e+06 	313397
376	177.256	703130     	1.81755e+06	305740
377	177.256	705809     	1.78556e+06	314348
378	177.256	703748     	1.78976e+06	312754
379	177.256	705563     	1.75003e+06	316792
380	177.256	703853     	1.63665e+06	310496
381	177.256	704573     	1.76148e+06	312146
382	177.256	706923     	1.86666e+06	319815
383	177.256	705801     	1.83971e+06	322578
384	177.256	705882     	1.96779e+06	330933
385	177.256	697570     	1.85135e+06	331230
386	177.256	694596     	1.86298e+06	328676
387	177.256	695558     	1.79952e+06	324638
388	177.256	694885     	1.84367e+06	322532
389	177.256	693371     	1.90385e+06	328109
390	177.256	691264     	1.90252e+06	319972
391	177.256	686729     	1.81261e+06	319034
392	177.256	683495     	1.68718e+06	312201
393	177.256	679404     	1.75586e+06	312045
394	177.256	682413     	1.68698e+06	308748
395	177.256	681346     	1.67235e+06	307395
396	177.256	677117     	1.76244e+06	303721
397	177.256	674520     	1.78828e+06	302304
398	177.256	671367     	1.79134e+06	313191
399	177.256	673823     	1.85049e+06	307288
400	177.256	672316     	1.88249e+06	309506
401	177.256	676617     	1.85559e+06	312568
402	177.256	674502     	1.73125e+06	306569
403	177.256	668492     	1.78749e+06	303561
404	177.256	669190     	1.88929e+06	305683
405	177.256	669042     	1.70861e+06	298347
406	177.256	664753     	1.82165e+06	297245
407	177.256	664130     	1.76003e+06	298645
408	177.256	660674     	1.79633e+06	296882
409	177.256	659920     	1.69798e+06	288292
410	177.256	662307     	1.5595e+06 	287422
411	146.512	663379     	1.60197e+06	296391
412	146.512	665277     	1.9038e+06 	302247
413	146.512	668889     	1.76112e+06	304126
414	146.512	662271     	1.84192e+06	297230
415	146.512	664554     	1.76738e+06	297470
416	146.512	663846     	1.60158e+06	294477
417	146.512	659144     	1.82738e+06	288361
418	146.512	662756     	1.73417e+06	287771
419	146.512	663458     	1.62128e+06	288373
420	146.512	661888     	1.62128e+06	290709
421	146.512	660462     	1.68498e+06	295192
422	146.512	661965     	1.68641e+06	303204
423	146.512	657994     	1.86699e+06	307258
424	146.512	657020     	1.88781e+06	309696
425	146.512	657012     	1.82606e+06	309061
426	146.512	656377     	1.64755e+06	310657
427	146.512	651390     	1.85778e+06	315578
428	146.512	649897     	1.86102e+06	317267
429	146.512	646379     	1.79641e+06	310201
430	146.512	641393     	1.81761e+06	304848
431	146.512	639030     	1.78024e+06	305381
432	146.512	635585     	1.73801e+06	304835
433	146.512	642542     	1.77026e+06	313591
434	146.512	642860     	1.78856e+06	314169
435	146.512	638639     	1.77869e+06	310735
436	146.512	641955     	1.76903e+06	307235
437	146.512	639425     	1.82686e+06	303781
438	146.512	637131     	1.63292e+06	305589
439	146.512	635538     	1.79898e+06	293416
440	146.512	632859     	1.83635e+06	302471
441	146.512	630523     	1.67406e+06	304134
442	146.512	630686     	1.8156e+06 	311427
443	146.512	629145     	1.8156e+06 	310029
444	146.512	630961     	1.76395e+06	312614
445	146.512	627413     	1.7877e+06 	309215
446	146.512	630173     	1.77282e+06	308114
447	146.512	633789     	1.8151e+06 	306867
448	146.512	632617     	1.73876e+06	307332
449	146.512	629345     	1.7416e+06 	296271
450	146.512	627715     	1.69732e+06	294487
451	146.512	621455     	1.5455e+06 	286740
452	146.512	621401     	1.48147e+06	290148
453	146.512	622784     	1.48353e+06	291599
454	146.512	615182     	1.56833e+06	289540
455	146.512	617428     	1.49234e+06	290320
456	146.512	617711     	1.51633e+06	291479
457	122.071	614505     	1.46388e+06	290508
458	122.071	620628     	1.50287e+06	293298
459	122.071	620125     	1.73749e+06	290893
460	122.071	620703     	1.55729e+06	287851
461	122.071	620494     	1.64802e+06	289899
462	122.071	616497     	1.65726e+06	294169
463	122.071	615870     	1.64794e+06	291822
464	122.071	611695     	1.62024e+06	287250
465	122.071	610447     	1.56014e+06	283446
466	122.071	604197     	1.7165e+06 	282891
467	122.071	599063     	1.67939e+06	289990
468	122.071	596851     	1.74597e+06	293733
469	122.071	597695     	1.78257e+06	295987
470	122.071	597272     	1.56294e+06	289793
471	122.071	598871     	1.73099e+06	287063
472	122.071	599468     	1.81617e+06	292394
473	122.071	600558     	1.6927e+06 	290927
474	122.071	596095     	1.83655e+06	288549
475	122.071	594975     	1.69193e+06	290581
476	122.071	593500     	1.62072e+06	280906
477	122.071	592432     	1.5821e+06 	282863
478	122.071	593286     	1.48239e+06	281550
479	122.071	588324     	1.58102e+06	280139
480	122.071	588812     	1.52035e+06	284759
481	122.071	587243     	1.57826e+06	281722
482	122.071	585023     	1.44902e+06	276401
483	122.071	582231     	1.73195e+06	276766
484	122.071	585745     	1.74658e+06	277608
485	122.071	585929     	1.52094e+06	278417
486	122.071	583775     	1.50381e+06	281268
487	122.071	582313     	1.42152e+06	273598
488	122.071	582488     	1.48114e+06	277213
489	122.071	579789     	1.5171e+06 	270090
490	122.071	581002     	1.5465e+06 	275536
491	122.071	580238     	1.74934e+06	276674
492	122.071	576205     	1.6839e+06 	275098
493	122.071	577198     	1.7021e+06 	277819
494	122.071	579941     	1.47983e+06	273109
495	122.071	578519     	1.41662e+06	269987
496	122.071	578213     	1.40765e+06	272798
497	122.071	575803     	1.70666e+06	276240
498	122.071	574962     	1.54992e+06	278456
499	122.071	575145     	1.41439e+06	280165
35.90000001
