/usr/lib/python2.7/site-packages/deap/tools/_hypervolume/pyhv.py:33: ImportWarning: Falling back to the python version of hypervolume module. Expect this to be very slow.
  "module. Expect this to be very slow.", ImportWarning)
gen	min    	avg    	max    	std    
0  	661.687	2774.03	6603.33	1074.83
1  	518.1  	2781.14	6278.87	1084.46
2  	518.1  	2782.2 	6223   	1073.22
3  	518.1  	2771.04	6575.9 	1052.37
4  	481.224	2759.53	6404.81	1058.86
5  	476.515	2745.37	6445.65	1063.39
6  	476.515	2731.36	6905.74	1047.97
7  	462.555	2730.88	6376.41	1050.75
8  	462.555	2723.05	6046.81	1018.99
9  	462.555	2713.05	5940.04	1009.25
10 	413.491	2714.92	6337.15	1052.86
11 	413.491	2720.58	6168.99	1061.75
12 	413.491	2704.96	6393.26	1047.85
13 	401.095	2696.57	6310.76	1047.18
14 	401.095	2697.93	6231.6 	1057.58
15 	401.095	2689.54	6269.05	1058.95
16 	401.095	2677.44	6115.96	1001.07
17 	401.095	2681.82	5964.2 	1012.99
18 	398.538	2687.51	6109.17	1022.69
19 	398.538	2676.61	6105.92	1018.29
20 	398.538	2669.9 	5716.04	1030.58
21 	398.538	2662.54	5559.91	1039.51
22 	398.538	2651.01	5894.03	1043.21
23 	396.731	2634.87	6317.98	1067.83
24 	361.954	2624.42	5815.49	1049.21
25 	361.954	2620.65	7118.06	1045.51
26 	361.954	2626.74	6446.64	1015.43
27 	361.954	2617.89	6392.21	1018.04
28 	361.954	2614.62	6279.36	1009.27
29 	361.954	2620.64	6143.14	1016.13
30 	361.954	2616.03	6143.14	1013.11
31 	361.954	2596.84	6054.66	1010.66
32 	361.954	2593.99	6109.01	1014.99
33 	361.954	2583.85	6100.38	1017.25
34 	361.954	2583.83	6258.86	1017.45
35 	361.954	2577.52	5928.03	1016.83
36 	361.954	2583.57	5831.76	1029.48
37 	284.408	2572.02	6289.37	1019.34
38 	284.408	2553.62	5846.66	1009.26
39 	284.408	2541.36	6067.93	1014.47
40 	284.408	2538.66	6049.9 	986.642
41 	284.408	2536.55	6277.34	1011.59
42 	284.408	2546.86	6277.34	1030.87
43 	284.408	2539.73	6193.16	1010.96
44 	284.408	2537.47	6351.93	1013.03
45 	284.408	2526.47	5985.07	1012.89
46 	284.408	2535.24	6115.9 	1032.28
47 	284.408	2521.54	6115.9 	1022.86
48 	284.408	2527.98	6389.13	1027.93
49 	284.408	2525.59	5883.7 	1034.58
50 	284.408	2514.6 	6256.97	1050.33
51 	284.408	2498.69	6189.9 	1026.44
52 	266.465	2484.86	6189.9 	1022.04
53 	266.465	2492.89	6743.3 	1044.66
54 	266.465	2483.41	6189.9 	1035.11
55 	266.465	2474.67	6272.35	1031.01
56 	266.465	2465.33	5881.43	1031.38
57 	266.465	2458.31	5822.04	1032.45
58 	266.465	2448.08	5804.89	1024.58
59 	266.465	2432.44	5626.86	1031.2 
60 	266.465	2442.09	6406.65	1009.84
61 	266.465	2427.76	6396.7 	1008.89
62 	266.465	2426.84	6585.88	1034.46
63 	237.206	2427.31	7218.53	1009.47
64 	237.206	2414.94	6459.35	1028.62
65 	237.206	2415.32	6304.09	1053.28
66 	237.206	2416.19	6041.76	1062.05
67 	237.206	2418.01	5962.01	1038.66
68 	237.206	2424.92	5606.39	1030.08
69 	237.206	2412.19	5594.03	1019.74
70 	237.206	2394.95	5948.68	1002.6 
71 	237.206	2382.48	5514.88	995.495
72 	237.206	2381.42	5422.48	981.779
73 	235.99 	2379.57	5543.15	1006.07
74 	235.99 	2366.28	5613.89	985.481
75 	235.99 	2369.93	5805.22	986.757
76 	235.99 	2352.99	5709.63	965.791
77 	235.99 	2348.08	5422.9 	979.443
78 	235.99 	2361.78	5701.46	964.667
79 	235.99 	2352.35	5948.75	970.742
80 	235.99 	2344.09	6096.95	958.216
81 	229.787	2348.19	5807.19	961.803
82 	229.787	2336.89	5596.96	953.18 
83 	229.787	2336.98	5624.34	978.354
84 	229.787	2330.66	5525.48	978.615
85 	229.787	2326.45	5735.01	1009.39
86 	229.787	2321.23	5735.01	1000.1 
87 	229.787	2330.06	6154.04	989.427
88 	229.787	2329   	6042.47	995.807
89 	229.787	2319.34	5884   	1012.5 
90 	229.787	2314.55	5974.04	1018.52
91 	229.787	2324.39	6124.94	1029.3 
92 	229.787	2324.89	6115.28	1027.62
93 	229.787	2313.53	6029.01	1030.82
94 	229.787	2319.55	5674.12	1010.32
95 	229.787	2320.83	5688.81	1027.53
96 	229.787	2303.47	5998.14	1032.35
97 	229.787	2290.94	5998.14	1004.44
98 	229.787	2298.21	6207.88	1014.06
99 	229.787	2284.44	5383.22	1003.56
100	229.787	2278.1 	5383.22	995.106
101	229.787	2266.53	5842.07	982.534
102	229.787	2266.33	5395.56	976.509
103	229.787	2267.18	5675.39	968.878
104	229.787	2275.42	5872.41	1001.07
105	229.787	2262.85	5663.38	984.873
106	229.787	2265.21	6346.16	974.322
107	229.787	2244.91	5539.29	949.81 
108	215.594	2246.34	5656.47	962.398
109	215.594	2235.62	5510.25	971.11 
110	215.594	2212.72	5834.54	960.909
111	215.594	2214.06	5784.94	919.645
112	215.594	2216.89	6227.98	945.68 
113	215.594	2216.74	5362.21	934.043
114	215.594	2215.96	6145.11	980.912
115	215.594	2203.74	6349.38	973.456
116	215.594	2201.72	5766.92	956.081
117	215.594	2199.55	5956.44	970.082
118	215.594	2195.16	5609.37	981.086
119	215.594	2186.33	5775.34	968.269
120	215.594	2178.18	6287.39	957.564
121	215.594	2165.49	6002.65	936.707
122	215.594	2154.96	6098.57	945.564
123	215.594	2176.47	5931.13	956.193
124	215.594	2162.76	5741.67	947.077
125	215.594	2156.63	5805.5 	955.525
126	215.594	2155.96	5479.33	963.161
127	215.594	2169.84	5237.86	971.913
128	215.594	2152.68	5809.06	957.723
129	215.594	2152.11	5630.85	963.167
130	215.594	2148.05	5377.77	958.311
131	215.594	2135.53	5419.9 	961.653
132	215.594	2131.37	5368.78	932.963
133	215.594	2138.18	6501.5 	942.993
134	215.594	2124.25	5933.8 	941.796
135	215.594	2119.69	5667.74	950.916
136	215.594	2112.62	5657.58	967.366
137	215.594	2106.68	5493.78	947.095
138	215.594	2100.85	5381.66	945.648
139	215.594	2094.23	5756.72	961.136
140	215.594	2091.61	5529.63	959.897
141	215.594	2101.81	6079.17	962.797
142	215.594	2087.3 	5315.13	929.453
143	215.594	2079.43	5339.94	920.454
144	215.594	2085.46	5749.45	944.482
145	215.594	2084.32	5530.91	932.653
146	215.594	2085.85	5821.75	941.178
147	215.594	2080.66	6123.57	944.915
148	215.594	2082.44	5724.91	945.07 
149	211.071	2076.89	5891.97	949.821
150	204.726	2060.48	5861.94	944.207
151	204.726	2045.03	6324.24	934.497
152	204.726	2042.69	5306.06	919.22 
153	204.726	2046.86	5417.28	923.965
154	204.726	2043.05	5910.37	924.521
155	204.726	2041.15	5691.2 	950.282
156	204.726	2038.71	5535.04	945.098
157	204.726	2041.54	5514.48	956.906
158	204.726	2027.34	5752.2 	928.234
159	204.726	2024.75	5843.13	910.403
160	204.726	2013.8 	5270.08	902.572
161	204.726	1992.82	5295.12	890.09 
162	204.726	2002.81	5497.84	892.171
163	204.726	1988.43	5554.91	859.363
164	204.726	1996.73	5622.46	885.541
165	204.726	1991.65	5539.63	874.885
166	204.726	2002.56	5539.63	895.396
167	204.726	2016.14	5539.63	913.587
168	204.726	1992.52	5656.93	911.213
169	204.726	1999.88	5585.21	912.554
170	204.726	2007.12	5260.02	896.202
171	204.726	1989.81	5291.56	886.892
172	204.726	1977.66	5037.92	874.243
173	204.726	1964.66	5850.06	881.188
174	204.726	1968.77	5337.61	901.973
175	204.726	1958.49	5463.83	907.943
176	204.726	1958.13	5039.8 	880.253
177	204.726	1955.77	5708.36	884.196
178	204.726	1965.24	5056.84	875.091
179	204.726	1956.38	5082.91	868.613
180	204.726	1952.95	5164.4 	887.876
181	204.726	1957.05	5242.07	894.79 
182	204.726	1954.48	5378.91	893.481
183	204.726	1945.96	5180.84	892.724
184	204.726	1930.41	5344.76	879.557
185	204.726	1943.81	5284.97	907.941
186	188.897	1935.54	5545.48	910.356
187	188.897	1931.36	5444.67	899.21 
188	188.897	1927.14	5444.67	892.327
189	188.897	1929.1 	4841.01	872.092
190	188.897	1913.08	4750.94	858.441
191	188.897	1930.21	4693.72	847.858
192	188.897	1923.1 	5116.65	856.259
193	188.897	1900.26	5220.2 	847.236
194	188.897	1887.7 	5201.08	837.81 
195	188.897	1888.06	4994.1 	867.1  
196	188.897	1880.21	5205.37	882.542
197	188.897	1879.29	5205.37	868.114
198	188.897	1877.53	5205.37	868    
199	188.897	1872.72	6025.71	868.67 
200	188.897	1874.01	5809.15	880.785
201	188.897	1869.86	5491.03	875.065
202	188.897	1862.9 	4879.65	861.132
203	188.897	1861.68	5057.9 	851.497
204	188.897	1866.73	5384.66	843.454
205	188.897	1878.17	5128.01	858.798
206	188.897	1864.99	5128.01	843.548
207	188.897	1862.6 	4809.7 	834.825
208	188.897	1854.14	4657.01	810.26 
209	188.897	1844.44	5300.75	835.044
210	188.897	1855.15	5359.75	851.006
211	188.897	1849.23	5180.98	830.775
212	188.897	1851.3 	4816.64	828.085
213	188.897	1842.5 	5497.93	810.966
214	188.897	1840.71	5033.7 	814.019
215	188.897	1828.64	5032.29	799.189
216	188.897	1827.18	5095.91	784.9  
217	188.897	1833.51	4973.61	806.03 
218	188.897	1828.74	4585.63	795.24 
219	188.897	1816.9 	4767.71	794.315
220	188.897	1827.84	4819.57	818.655
221	188.897	1824.02	5678.19	828.362
222	188.897	1823.12	5271.04	841.845
223	188.897	1816.95	5079.62	844.317
224	188.897	1818.01	4941.55	829.73 
225	188.897	1819.86	5013.03	842.604
226	188.897	1811.45	5189.05	848.138
227	188.897	1806.8 	4882.1 	833.325
228	188.897	1814.79	5035.96	822.055
229	188.897	1812.74	5167.77	821.374
230	188.897	1807.46	4711.52	828.555
231	188.897	1799.86	5086.73	831.335
232	188.897	1803.41	4543.49	824.488
233	188.897	1795.19	4901.96	816.491
234	188.897	1791.04	4901.96	823.937
235	188.897	1787.26	4750.8 	813.177
236	188.897	1790.06	4750.8 	821.978
237	188.897	1782.54	4840.58	833.261
238	188.897	1786.64	4840.58	836.121
239	188.897	1779.65	5057.07	823.673
240	188.897	1781.01	4730.51	822.845
241	188.897	1778.06	5695.57	833.664
242	188.897	1760.93	5068.23	825.582
243	188.897	1769.2 	5612.06	860.001
244	188.656	1765.74	5217.05	853.202
245	188.656	1751.89	5450.37	818.391
246	188.656	1744.66	5396.01	822.98 
247	188.656	1745.72	5441.85	819.402
248	188.656	1746.74	5302.03	806.508
249	188.656	1735.16	5037.55	794.799
250	188.656	1721.87	4718.5 	779.154
251	188.656	1735.43	4728.05	806.591
252	188.656	1708.01	4942.45	781.715
253	188.656	1699.42	5184.41	765.281
254	188.656	1717.78	4651.35	769.037
255	188.656	1708.06	4699.62	749.148
256	188.656	1700.62	4699.62	751.487
257	188.656	1707.98	4772.77	761.914
258	186.221	1693.08	4629.11	751.156
259	186.221	1683.88	5024.44	754.625
260	186.221	1689.04	4840.81	746.221
261	186.221	1693.76	4353.47	747.162
262	186.221	1698.78	4579.3 	755.389
263	186.221	1691.62	4891.06	753.721
264	186.221	1693.4 	4484.86	760.203
265	186.221	1703.4 	4430.96	782.089
266	186.221	1691.9 	4254.77	771.412
267	186.221	1690.53	4759.99	767.863
268	186.221	1700.39	4234.85	770.082
269	186.221	1695.27	4440.41	773.108
270	186.221	1684.74	4281.89	760.256
271	186.221	1675.54	4147.87	743.505
272	186.221	1674.57	5168.51	734.964
273	186.221	1667.25	4412.54	739.257
274	186.221	1652.7 	4661.77	728.459
275	186.221	1652.37	4785.61	743.018
276	186.221	1642.71	4609.82	745.539
277	186.221	1633.09	4686.74	732.093
278	186.221	1640.13	4133.54	728.845
279	186.221	1650.1 	4227.06	752.838
280	186.221	1641   	4681.13	758.031
281	186.221	1658.92	4413.27	774.009
282	186.221	1657.12	4410.92	760.488
283	186.221	1645.81	4496.49	758.016
284	186.221	1652.63	4491.79	776.163
285	186.221	1650.5 	4399.59	767.988
286	186.221	1647.29	4576.78	775.427
287	186.221	1649.37	4749.75	772.226
288	185.978	1638.28	4715.42	754.927
289	185.978	1616.92	4701.36	736.986
290	185.978	1617.21	4463.4 	725.334
291	185.978	1613.43	4647.84	722.092
292	185.978	1628.01	4512.69	732.299
293	185.978	1605.57	4652.36	728.275
294	185.978	1610.2 	4562.68	734.856
295	185.978	1609.43	4317.71	726.966
296	185.978	1599.24	4130.92	706.637
297	185.978	1606.25	3999.17	701.879
298	185.978	1606.78	4760.21	700.301
299	185.978	1589.67	4588.31	701.549
300	185.978	1591.27	4588.31	709.865
301	185.978	1596.95	4317.32	732.479
302	185.978	1607.05	4317.32	736.872
303	185.978	1598.13	4520.75	737.87 
304	185.978	1605.36	4548.76	730.661
305	185.978	1602.77	4377.4 	710.649
306	185.978	1603.33	4463.96	742    
307	185.978	1594.26	4338.42	721.186
308	185.978	1588.42	4340.34	732.2  
309	185.978	1594.18	4649.11	740.278
310	185.978	1585.2 	4456.8 	736.247
311	185.978	1578.61	4499.37	747.651
312	185.978	1578.61	4412.46	736.613
313	185.978	1582.06	4521.14	726.52 
314	185.978	1584.81	4417.14	735.118
315	185.978	1583.44	5108.55	747.351
316	185.978	1580.56	4665.26	731.463
317	185.978	1570.81	4235.67	720.633
318	185.978	1573.03	4224.78	694.217
319	185.978	1567.66	4344.57	704.71 
320	185.978	1564.1 	4721.65	684.674
321	185.978	1565.18	4564.01	701.571
322	185.978	1565.6 	4153.89	691.894
323	185.978	1557.15	4066.91	675.52 
324	185.978	1556.24	4347.48	699.344
325	185.978	1564.6 	4723.23	698.775
326	185.978	1551.22	4195.65	682.399
327	185.978	1553.64	4130.33	663.161
328	185.978	1548.12	4223.04	671.272
329	185.978	1548.73	4178.58	683.316
330	185.978	1532.6 	4342.24	666.858
331	185.978	1529.92	4342.24	676.435
332	185.978	1528.51	4342.24	671.74 
333	185.978	1520.3 	4732.97	680.043
334	185.978	1525.66	4741.79	692.841
335	185.978	1530.08	4284.24	673.805
336	185.978	1526.02	4149.44	673.121
337	185.978	1517.31	4305.2 	652.454
338	185.978	1508.6 	3935.41	654.034
339	185.978	1507.8 	3887.46	643.309
340	185.978	1510.44	4144.97	669.816
341	185.978	1490.56	4000.58	663.249
342	185.978	1497.75	4368.75	682.802
343	185.978	1503.04	4284.45	666.519
344	185.978	1512.79	3983.85	665.75 
345	185.978	1514.21	3968.17	671.26 
346	185.978	1500.34	3724.38	655.142
347	185.978	1496.36	3584.01	647.74 
348	185.978	1496.77	4211.47	647.899
349	185.978	1490.47	3677.09	640.076
350	185.978	1498.12	3825.66	648.312
351	185.978	1498.02	3880.89	651.321
352	185.978	1490.53	3932.73	648.899
353	185.978	1492.85	3551.25	633.859
354	185.978	1476.04	3893.13	620.195
355	185.978	1473.64	3907.18	620.22 
356	185.978	1473.67	4115.1 	623.666
357	185.978	1475.67	4149.24	637.435
358	185.978	1477.95	4119.55	638.033
359	185.978	1475   	4359.67	671.733
360	185.978	1474.27	4001.47	632.701
361	185.978	1484.76	4931.58	648.188
362	185.978	1475.26	4870.45	637.88 
363	185.978	1472.47	3893.81	644.786
364	185.978	1475.91	4015.72	660.172
365	185.978	1473.35	4071.33	660.647
366	185.978	1481.67	4071.33	648.036
367	185.978	1490.14	4283.04	661.748
368	185.978	1496.87	3973.6 	670.617
369	185.978	1493.76	3920.29	662.649
370	185.978	1500.14	3920.29	664.475
371	185.978	1506.87	3920.29	674.794
372	185.978	1487.35	3953.01	649.378
373	185.978	1458.94	3939.61	629.691
374	185.978	1446.65	3838.68	608.364
375	185.978	1431.75	4057.11	603.139
376	185.978	1434.66	3955.69	606.43 
377	185.978	1426.79	3955.69	622.645
378	185.978	1431.51	3836.14	619.787
379	185.978	1427.89	3978.76	610.382
380	185.978	1432.67	3875.68	615.297
381	185.978	1435.6 	4214.88	621.112
382	185.978	1441.42	3838.86	618.188
383	185.978	1441.02	3703.49	620.069
384	185.978	1443   	3671.99	621.245
385	185.978	1449.02	3714.38	621.804
386	185.978	1450.62	3942.2 	641.076
387	185.978	1441.44	3922.08	623.972
388	185.978	1438.66	3917.66	634.096
389	185.978	1441.49	3679.78	614.071
390	185.978	1438.91	3780.48	604.264
391	185.978	1435.7 	3829.21	619.421
392	183.411	1435.59	3741.13	595.968
393	183.411	1442.28	3905.62	615.003
394	183.411	1435.31	3824.69	612.054
395	183.411	1420   	3710.95	615.046
396	183.411	1424.06	3710.95	605.464
397	183.411	1425.83	4077.39	614.127
398	183.411	1416.85	4323.39	628.949
399	183.411	1420.72	3746.53	639.193
400	183.411	1409.68	3721.23	625.721
401	183.411	1408.42	3486.71	611.042
402	183.411	1403.51	3885.02	639.59 
403	183.411	1409.06	3765.93	641.812
404	183.411	1415.38	3911.34	633.671
405	183.411	1413.34	3821.64	640.433
406	183.411	1414.13	3821.64	627.931
407	183.411	1407.11	3562.3 	618.252
408	183.411	1403.05	3665.31	612.405
409	183.411	1401.58	3824.17	620.953
410	183.411	1405.84	4519.85	642.823
411	183.411	1405.07	4069.01	641.109
412	182.161	1402.85	3953.76	632.904
413	182.161	1400.2 	4111.62	636.501
414	182.161	1401.02	3986.3 	640.306
415	182.161	1406.73	4316.57	643.187
416	182.161	1397.76	4085.79	620.637
417	182.161	1384.94	4028.9 	618.064
418	182.161	1375.69	3656.15	607.163
419	182.161	1368.85	3358.27	597.877
420	182.161	1371.66	3451.21	604.229
421	182.161	1386.8 	3905.64	620.427
422	182.161	1391.53	3905.64	619.814
423	182.161	1398.86	3852.04	617.144
424	182.161	1390.67	3753.36	631.274
425	182.161	1388.83	3753.36	622.196
426	182.161	1406.38	3912.54	650.584
427	182.161	1390.99	4128.85	634.104
428	182.161	1383.55	3871.32	630.738
429	182.161	1366.63	3559.15	609.994
430	182.161	1376.3 	3553.45	624.98 
431	182.161	1384.71	3678.11	634.612
432	182.161	1381.58	3544   	630.723
433	182.161	1379.91	3593.79	619.355
434	182.161	1372.99	3590.63	622.277
435	182.161	1365.11	3724.79	607.431
436	182.161	1363.22	3877.52	597.15 
437	182.161	1365.66	3893.19	601.872
438	182.161	1358.3 	3893.19	606.966
439	182.161	1367.86	4388.99	614.624
440	182.161	1377.86	3818.3 	607.004
441	182.161	1367.13	3618.65	592.152
442	182.161	1361.8 	3627.17	578.812
443	182.161	1359.35	3753.02	583.735
444	182.161	1360.52	3587.57	566.809
445	182.161	1375.35	3697.86	596.365
446	182.161	1381.27	3563.27	599.075
447	182.161	1379.33	3834.44	625.518
448	182.161	1363.55	4458.44	637.534
449	182.161	1362.91	4328.15	650.091
450	182.161	1381.6 	4328.15	640.449
451	182.161	1375.81	3769.01	619.968
452	182.161	1359.34	3769.01	595.814
453	182.161	1339.77	3477.59	572.131
454	182.161	1335.17	3348.53	582.662
455	182.161	1335.92	3833.25	580.081
456	182.161	1331.25	3765.43	590.134
457	182.161	1331.21	3505.05	580.716
458	182.161	1335.01	3668.19	578.161
459	182.161	1330.81	3539.95	573.758
460	182.161	1337.8 	3812.69	592.549
461	182.161	1324.06	3564.59	585.44 
462	182.161	1324.69	3564.59	593.529
463	182.161	1329.47	3895.41	614.431
464	182.161	1318.43	3564.59	591.195
465	182.161	1329.21	3483.99	598.948
466	182.161	1321.31	3670.36	588.878
467	182.161	1327.26	3576.54	588.115
468	182.161	1340.46	3578.88	607.572
469	182.161	1336.03	3528.16	604.283
470	182.161	1347.79	3893.73	606.927
471	182.161	1332.62	3771.93	606.82 
472	174.392	1331.21	4227.1 	596.914
473	174.392	1324.68	4397.62	602.822
474	174.392	1327.8 	4066.64	596.135
475	172.241	1308.25	3892.72	592.848
476	172.241	1309.26	3554.83	593.08 
477	172.241	1307.48	3441.04	588.553
478	172.241	1305.5 	3211.25	584.919
479	172.241	1322.09	3283.44	591.608
480	172.241	1320.66	3283.44	570.602
481	172.241	1321.97	3817.86	571.656
482	172.241	1319.02	3514.17	567.169
483	172.241	1325.77	3450.14	582.32 
484	172.241	1322.73	3400.86	569.523
485	172.241	1301.36	3674.26	566.316
486	172.241	1293.23	3560.16	558.12 
487	172.241	1290.7 	3560.16	555.774
488	172.241	1279.02	3506.49	536.238
489	172.241	1282.41	2941.37	522.789
490	172.241	1285.12	3303.27	551.577
491	172.241	1288.73	3360.03	550.638
492	172.241	1291.03	3688.77	548.306
493	172.241	1286.09	3153.44	533.651
494	170.048	1285.49	2989.66	545.567
495	170.048	1285.8 	3302.54	556.62 
496	170.048	1278.48	3302.54	561.142
497	170.048	1293.44	3392.37	566.125
498	170.048	1298.9 	3333   	573.38 
499	170.048	1304.38	3828.07	576.76 
92.94000001
