/usr/lib/python2.7/site-packages/deap/tools/_hypervolume/pyhv.py:33: ImportWarning: Falling back to the python version of hypervolume module. Expect this to be very slow.
  "module. Expect this to be very slow.", ImportWarning)
gen	min    	avg    	max    	std   
0  	552.664	2747.06	5980.75	1055.3
1  	535.08 	2749.56	6475.19	1052.81
2  	476.976	2737.22	6417.06	1064.99
3  	476.976	2732.51	5868.22	1049.75
4  	476.976	2727.97	5868.22	1039.89
5  	472.218	2724.5 	5939.1 	1045.28
6  	472.218	2727.15	6171.19	1073.83
7  	472.218	2716.96	6165.76	1061.24
8  	408.391	2722.42	6339.27	1068.43
9  	408.391	2714.7 	6165.76	1049.59
10 	408.391	2702.89	6165.76	1053.41
11 	408.391	2690.62	6715.08	1059.33
12 	408.391	2692.75	6268.67	1069.35
13 	346.288	2687.31	5933.76	1080.31
14 	346.288	2687.36	6308.24	1080.89
15 	346.288	2669.13	6145.58	1080.67
16 	346.288	2670.8 	6149.72	1077.23
17 	346.288	2651.9 	5799.84	1052.11
18 	346.288	2648.13	5901.77	1055.66
19 	346.288	2650.96	6082.58	1068.48
20 	346.288	2650.76	5953.8 	1054.74
21 	346.288	2646.01	5935.95	1054.43
22 	346.288	2642.12	6288.53	1072.2 
23 	346.288	2644.39	6444.26	1071.41
24 	346.288	2653.32	6730.42	1078.78
25 	346.288	2633.64	6730.42	1069.85
26 	346.288	2632.58	6434.21	1053.88
27 	346.288	2622.95	6277.16	1059.41
28 	346.288	2625.37	6152   	1059.57
29 	346.288	2612.53	6120.8 	1050.87
30 	346.288	2604.11	5833.68	1041.4 
31 	346.288	2598.55	6060.76	1042.88
32 	346.288	2613.07	6693.29	1086.33
33 	346.288	2605.97	6333.86	1082.01
34 	346.288	2605.46	6333.86	1075.86
35 	315.856	2599.77	6165.63	1060.97
36 	315.856	2589.25	6165.63	1036.25
37 	315.856	2591.74	6367.61	1021.34
38 	315.856	2599.78	7316.32	1057.75
39 	315.856	2609.43	5890.45	1045.19
40 	315.856	2605.37	6030.66	1025.66
41 	315.856	2602.1 	5797.77	1017.92
42 	315.856	2585.11	6112.7 	1023.09
43 	314.289	2581.47	5760.27	1013.54
44 	314.289	2566.01	5803.29	1020.91
45 	314.289	2555.58	5578.69	1045.19
46 	314.289	2563.83	6231.34	1052.97
47 	314.289	2545.04	6535.89	1086.24
48 	314.289	2541.03	6997.52	1123.44
49 	314.289	2531.01	6573.64	1103.98
50 	313.657	2515.83	6491.03	1112.58
51 	313.657	2505.49	6871.19	1076.2 
52 	313.657	2497.48	6708.89	1055.21
53 	260.662	2490.65	6429.95	1042.1 
54 	260.662	2479.78	6545.35	1050.72
55 	260.662	2465.12	5789.32	1032.55
56 	260.662	2474.59	6085.34	1033.92
57 	260.662	2468.9 	6178.1 	1047.9 
58 	260.662	2460.01	6143.77	1026.59
59 	260.662	2449.24	6489.39	1014.31
60 	260.662	2427.33	6229.99	1011.14
61 	260.662	2429.37	6272.02	1014.69
62 	260.662	2440.35	6669.76	1019.59
63 	260.662	2436.89	6099.36	991.721
64 	260.662	2427.24	5493.03	975.152
65 	260.662	2417.35	5682.6 	950.111
66 	260.662	2403.46	5371.77	929.769
67 	260.662	2398.91	5447.16	931.372
68 	260.662	2382.9 	5390.71	930.239
69 	260.662	2393.19	5756.71	955.377
70 	260.662	2375.8 	5894.14	946.294
71 	260.662	2367.15	5132.66	961.569
72 	260.662	2361.19	5278.27	971.803
73 	260.662	2365.22	5728.37	995.601
74 	260.662	2347.17	5482.98	981.447
75 	260.662	2346.95	5482.98	967.15 
76 	260.662	2342.57	5936.44	974.99 
77 	260.662	2334.87	5758.25	969.135
78 	260.662	2338.31	5462.11	949.528
79 	260.662	2335.04	5278.85	951.149
80 	226.948	2318.03	5242.45	940.951
81 	226.948	2318.65	5242.45	925.273
82 	226.948	2325.1 	5541.54	952.649
83 	163.72 	2325.61	5824.24	986.698
84 	163.72 	2316.37	5233.91	975.095
85 	159.86 	2318.63	6038.45	987.915
86 	155.53 	2321.1 	5719.68	1005.32
87 	155.53 	2326.56	6286.07	1024.6 
88 	155.53 	2324.65	5757.11	1032.18
89 	155.53 	2315.2 	5954.35	1018.25
90 	155.53 	2297.68	5801.19	988.651
91 	155.53 	2289.42	6085.79	991.712
92 	155.53 	2285.26	6459.18	974.215
93 	155.53 	2284.24	6118.51	984.315
94 	155.53 	2273.36	5832.84	984.813
95 	155.53 	2273.71	5852.04	981.116
96 	155.53 	2259.36	5960.58	988.254
97 	155.53 	2254.89	5899.72	981.009
98 	155.53 	2254.73	5853.99	970.993
99 	155.53 	2259.13	5970.18	965.793
100	155.53 	2249.49	6195.28	971.44 
101	155.53 	2250.23	6202.8 	987.99 
102	155.53 	2241.69	5989.09	976.632
103	143.482	2244.82	5910.96	995.002
104	143.482	2244.37	6015.27	974.805
105	143.482	2230.21	5752.13	956.383
106	143.482	2220.32	5778.52	959.932
107	143.482	2215.75	6030.61	969.562
108	143.482	2207.87	5752.81	944.46 
109	143.482	2204.06	5464.39	951.008
110	143.482	2209.52	5171.58	952.656
111	143.482	2204.39	5753.55	963.086
112	143.482	2197.47	5520.95	950.788
113	143.482	2196.89	5656.96	961.417
114	143.482	2215.77	5826.07	986.144
115	143.482	2202.21	6057.51	984.865
116	143.482	2208.18	5518.69	980.5  
117	143.482	2195.77	5569.2 	978.722
118	143.482	2188.1 	5680.56	953.812
119	143.482	2184.1 	5210.56	953.577
120	143.482	2176.65	5563.5 	957.908
121	143.482	2158.76	5737.05	939.679
122	143.482	2166.23	5737.05	955.698
123	143.482	2155.46	5972.66	951.335
124	143.482	2146.35	5969.75	966.154
125	143.482	2140.42	5953.72	956.411
126	143.056	2148.5 	5660.09	962.095
127	143.056	2145.19	6012.98	953.779
128	143.056	2146.68	5972.24	948.526
129	143.056	2143.69	6034.53	960.155
130	143.056	2127.81	6123.05	957.655
131	143.056	2131.25	5579.17	924.588
132	143.056	2120.78	5418.54	904.117
133	143.056	2123.79	5841.24	928.063
134	143.056	2122.82	5452.59	937.272
135	143.056	2124.09	6091.32	946.401
136	143.056	2123.75	6091.32	948.718
137	143.056	2113.11	6091.32	951.871
138	143.056	2110.63	5828.18	956.522
139	143.056	2110.04	5353.25	937.396
140	143.056	2091   	4988.84	912.03 
141	143.056	2078.29	5655.98	917.091
142	143.056	2078.97	5378.88	936.525
143	143.056	2083.93	5378.88	927.471
144	143.056	2090.22	5206.75	939.492
145	143.056	2083.19	5166.72	940.637
146	143.056	2086.42	5282.18	939.591
147	143.056	2079.37	4946.18	921.377
148	143.056	2070.86	5340.22	928.433
149	143.056	2060.25	5639.75	927.255
150	143.056	2067.36	5483.85	922.487
151	143.056	2043.24	5096.76	905.527
152	143.056	2044.6 	5192.52	917.85 
153	143.056	2031.16	5106.96	890.628
154	143.056	2037.1 	5506.86	905.318
155	143.056	2024.4 	5681.02	886.399
156	143.056	2025.74	5681.02	877.213
157	143.056	2013.11	5117.27	874.946
158	143.056	2009.65	5459.97	876.571
159	142.026	2009.57	5011.42	875.944
160	142.026	2007.48	4839.63	893.914
161	142.026	2005.02	4793.27	865.295
162	142.026	2001.05	5512.66	880.379
163	142.026	2011.12	6728.39	912.252
164	142.026	2004.7 	5734.74	931.141
165	142.026	2018.49	5925.36	950.291
166	142.026	2005.44	5984.63	945.94 
167	142.026	2011.77	5666.94	949.755
168	142.026	1998.02	5297.71	918.877
169	142.026	1974.25	5326.15	914.503
170	142.026	1968.46	5534.38	902.603
171	142.026	1964.77	5233.91	891.296
172	142.026	1964.11	5361.45	899.899
173	142.026	1944.04	5361.45	875.465
174	142.026	1935.5 	4927.15	852.761
175	142.026	1927.37	6308.35	855.494
176	142.026	1918.03	5782.63	856.825
177	142.026	1914.96	5065.15	858.557
178	142.026	1911.4 	4661.95	832.171
179	142.026	1903.71	4657.68	831.933
180	142.026	1911.63	5041.35	836.452
181	142.026	1900.43	5041.35	832.068
182	142.026	1916.39	5106.15	834.96 
183	142.026	1927.52	5218.47	847.688
184	142.026	1921.86	5130.15	846.693
185	142.026	1927.54	5247.64	851.041
186	142.026	1928.34	4978.68	856.83 
187	142.026	1925.62	5197.24	864.009
188	142.026	1910.61	5230.62	861.847
189	142.026	1907.96	5264.45	877.603
190	142.026	1909.28	5113.24	878.321
191	142.026	1895.87	5111.96	849.251
192	142.026	1894.99	5111.96	846.264
193	142.026	1887.86	5006.19	864.43 
194	142.026	1868.97	5167.48	839.066
195	142.026	1874.95	4774.34	845.235
196	142.026	1877.03	5486.26	856.382
197	142.026	1861.51	5189.49	846.003
198	142.026	1859.54	4957.11	830.383
199	142.026	1856.6 	4793.71	819.857
200	142.026	1857.57	4939.01	833.446
201	142.026	1854.66	5177.87	836.59 
202	142.026	1848.67	5143.22	833.611
203	142.026	1871.53	4857   	845.801
204	142.026	1858.41	4795.72	833.181
205	142.026	1845.9 	4564.42	811.312
206	142.026	1845.23	4790.94	807.528
207	142.026	1834.02	4486.65	803.74 
208	142.026	1831.91	4145.86	797.21 
209	142.026	1826.84	4242.45	806.113
210	142.026	1825.23	4793.38	815.217
211	142.026	1818.26	4385.53	781.398
212	142.026	1818.6 	4423.18	781.439
213	142.026	1813.35	5437.91	786.868
214	142.026	1825.5 	5386.26	793.94 
215	142.026	1822.43	5279.32	807.575
216	142.026	1834.8 	4952.45	820.053
217	142.026	1834.55	5609.26	837.716
218	142.026	1825.1 	5110.67	824.85 
219	142.026	1817.18	5059.08	806.04 
220	142.026	1804.24	4652.43	789.235
221	142.026	1804.47	4967.6 	808.062
222	142.026	1797.63	4967.6 	812.061
223	142.026	1800.7 	4882.49	809.25 
224	142.026	1791.77	5056.12	804.082
225	142.026	1802.57	5997.06	831.572
226	142.026	1798.05	5080.86	824.949
227	142.026	1809.65	5290.79	821.566
228	142.026	1806.4 	4992.06	832.19 
229	142.026	1803.58	4824.76	800.016
230	142.026	1791.03	4824.76	805.725
231	142.026	1784.6 	4821.39	802.024
232	142.026	1784.01	5205.41	822.666
233	142.026	1788.4 	5356.26	834.374
234	142.026	1784.65	5420.05	826.59 
235	142.026	1785.25	5583.41	840.356
236	142.026	1782.06	5392.71	832.654
237	142.026	1777.17	5392.71	829.44 
238	142.026	1760.95	5135.36	817.722
239	142.026	1751.33	4782.5 	808.46 
240	142.026	1750.81	5375.92	810.619
241	142.026	1729.1 	4659.04	785.89 
242	142.026	1722.27	4641.09	759.006
243	142.026	1726.2 	4190.77	760.167
244	142.026	1734.86	4750.8 	772.551
245	138.853	1725.69	4742.34	775.13 
246	138.853	1719.07	4466.18	763.011
247	138.853	1727.36	5153.87	770.133
248	138.853	1706.77	4811.94	756.983
249	138.853	1696.33	4758.32	786.274
250	138.853	1704.97	4470.76	767.067
251	138.853	1699.91	5017.95	772.319
252	138.853	1701.98	4937.36	750.119
253	138.853	1696.21	4452.05	748.05 
254	138.853	1695.44	4517.45	739.045
255	138.853	1707.87	4517.45	747.833
256	138.853	1698.83	4335.22	751.468
257	138.853	1687.65	4451.38	755.417
258	138.853	1687.51	4627.51	769.693
259	138.853	1677.45	4347.72	758.224
260	138.853	1689.29	4649.58	766.062
261	138.853	1694.93	4306.49	772.496
262	138.853	1683.25	4654.2 	790.138
263	138.853	1693   	4487.85	786.162
264	138.853	1690.57	4406.35	778.374
265	138.853	1698.67	5014.09	799.079
266	138.853	1683.46	4931.51	802.32 
267	138.853	1676.06	4776.69	783.786
268	138.853	1666.21	4294.19	758.507
269	138.853	1664.85	4139.66	764.948
270	138.853	1663.31	4505.76	773.134
271	138.853	1675.63	4448.39	773.253
272	138.853	1677.05	5082.88	769.468
273	138.853	1682.34	4836.88	766.859
274	138.853	1678.64	4572.41	765.319
275	138.853	1679.67	4179.75	758.646
276	138.853	1666.34	4279.2 	757.945
277	138.853	1662.69	4102.82	752.272
278	138.853	1667.77	4598.57	751.767
279	138.853	1656.95	4591.97	741.934
280	138.853	1660.66	4471.68	761.986
281	138.853	1641.99	4844.51	774.676
282	138.853	1629.79	4473.81	748.719
283	138.853	1630.13	4932.65	765.796
284	138.853	1628.74	4385.83	742.548
285	138.853	1627.68	4336.89	735.456
286	138.853	1620.73	4336.89	746.476
287	138.853	1616.2 	4336.89	727.165
288	138.853	1619.66	4214.96	730.974
289	138.853	1601.06	4132.78	716.672
290	138.853	1603.23	4396.61	723.885
291	138.853	1594.03	4083.42	711.606
292	138.853	1589.79	4217.43	708.565
293	138.853	1587.71	4236.18	710.282
294	138.853	1581.21	4114.46	721.696
295	138.853	1584.3 	4606.29	735.641
296	138.853	1585.21	4019.46	726.188
297	138.853	1577.75	4180.59	726.492
298	138.853	1591.23	4087.58	730.502
299	138.853	1600.29	4857.17	738.125
300	138.853	1585.05	4404.51	722.452
301	138.853	1593.41	5032.04	754.047
302	138.853	1577.24	4610.91	748.482
303	138.853	1577.36	4310.34	722.877
304	138.853	1581.07	4253   	728.04 
305	138.853	1581.45	4214.11	729.069
306	138.853	1587.16	4204.8 	729.003
307	138.853	1585.54	3864.49	719.976
308	138.853	1570.21	4813.91	729.568
309	138.853	1565.94	4478.73	727.201
310	138.853	1574.27	4814.82	735.811
311	138.853	1576.5 	4819.91	745.4  
312	138.853	1571.92	5257.13	757.515
313	138.853	1560.19	4825.11	737.596
314	138.853	1563.86	4747.14	742.205
315	138.853	1555.36	4583.29	715.889
316	138.853	1537.68	4565.32	702.359
317	138.853	1547.85	4391.66	696.787
318	138.853	1543.16	3649.31	674.177
319	138.853	1543.59	3999.23	682.016
320	138.853	1540.89	4174.01	667.684
321	138.853	1531.63	3891.36	659.135
322	138.853	1537.84	4025.46	669.365
323	138.853	1532.85	4105.33	683.446
324	138.853	1548.96	4080.81	691.264
325	138.853	1550.26	4851.19	717.684
326	138.853	1535.02	5558.41	698.478
327	138.853	1541.01	5036.03	703.612
328	138.853	1545.63	5015.38	708.572
329	138.853	1531.09	4614.48	696.75 
330	138.853	1528.71	4111.61	693.429
331	138.853	1528.59	4149.57	694.64 
332	138.853	1533.67	4636.23	714.628
333	138.853	1538.29	5018.05	727.689
334	138.853	1521.81	4901.59	724.834
335	138.853	1526.6 	4922.22	733.222
336	138.853	1517.78	4922.22	723.564
337	138.853	1501.13	4328.2 	674.12 
338	138.853	1506.61	4001.21	674.766
339	138.853	1505.08	4423.33	685.404
340	138.853	1499.35	4212.62	686.568
341	138.853	1485.06	4099.87	695.882
342	138.853	1481.29	4242.1 	683.758
343	138.853	1485.75	4033.49	678.706
344	138.853	1492.99	4145.47	674.649
345	138.853	1509.6 	3957.02	676.146
346	138.853	1515.46	4040.83	692.984
347	138.853	1513.73	4258.64	692.533
348	138.853	1515.89	4354.02	701.209
349	138.853	1507.36	4341.75	694.195
350	138.853	1508.22	4140.91	701.472
351	138.853	1519.93	4297.49	716.611
352	138.853	1523   	4464.24	722.601
353	138.853	1518.34	4444.4 	693.282
354	138.853	1514.53	4540.57	707.89 
355	138.853	1506.86	4220.66	699.829
356	138.853	1501.59	4212.1 	701.296
357	138.853	1495.69	4033.27	685.619
358	138.853	1495.16	4577.46	685.721
359	138.853	1495.76	4577.46	694.761
360	138.853	1496.1 	4367.16	686.991
361	138.853	1486.39	3754.37	677.714
362	136.611	1483.22	3767.45	652.309
363	136.611	1497.46	3892.11	672.452
364	136.611	1484.59	4234.76	680.435
365	136.611	1477.53	4599.53	679.445
366	136.496	1476.13	3910.56	694.332
367	136.496	1477.85	3910.56	697.231
368	136.496	1482.25	3613.89	668.261
369	136.496	1482.23	3705.11	659.74 
370	136.496	1477.37	3827.88	661.486
371	136.496	1461.26	4086.17	654.469
372	136.496	1447.57	3363.15	648.051
373	136.496	1444.44	3671.56	644.642
374	136.496	1450.39	3842.26	668.866
375	136.496	1453.61	3780.16	677.743
376	136.496	1444.78	4522.42	678.235
377	136.496	1442.44	4058.06	678.725
378	136.496	1440.2 	3756.94	663.936
379	136.496	1432.09	4227.81	662.79 
380	136.496	1438   	4061.07	655.009
381	136.496	1424.26	3935.56	640.501
382	136.496	1423.42	3719.34	637.002
383	136.496	1442.24	4545.42	651.894
384	136.496	1447.86	3719.34	659.163
385	136.496	1432.26	3987.45	658.013
386	136.496	1419.05	4430.9 	658.334
387	136.496	1431.04	4125.67	666.417
388	136.496	1422.55	3744.99	656.332
389	136.496	1420.05	3909.55	669.73 
390	136.496	1419.81	3872.88	670.471
391	136.496	1426.99	3968.32	661.903
392	136.496	1441   	4010.28	686.88 
393	136.496	1433.07	4146.44	682.383
394	136.496	1440.24	4221.05	696.56 
395	136.496	1443.31	4172.77	705.609
396	136.496	1440.13	4346.97	703.155
397	136.496	1432.39	4409.69	704.219
398	136.496	1435   	4401.57	702.44 
399	136.496	1429.57	4482.95	687.517
400	136.496	1428.81	4080.17	674.244
401	136.496	1424.83	3806.2 	659.08 
402	136.496	1417.28	3525.16	664.176
403	136.496	1430.55	3903.41	691.979
404	136.496	1413.04	3838.18	680.445
405	136.496	1425.16	4190.09	680.554
406	136.496	1418.54	4033.33	658.446
407	136.496	1411.88	3674.67	641.775
408	136.496	1408.89	3582.16	645.341
409	136.496	1398.58	4188.22	639.662
410	136.496	1385.21	3730.28	635.894
411	136.496	1387.66	3720.33	625.479
412	136.496	1373.87	3676.35	629.751
413	136.496	1376.25	3839.86	632.672
414	136.496	1390.63	4307.68	645.063
415	136.496	1389.66	3711.22	634.572
416	136.496	1396.14	3843.34	653.334
417	136.496	1393.65	3992.52	662.957
418	136.496	1377.16	3918.01	642.586
419	136.496	1375.34	3677.05	646.192
420	136.496	1377.17	4004   	648.3  
421	136.496	1390.2 	4218.38	646.155
422	136.496	1398.02	3827.64	635.601
423	136.496	1380.74	3745.66	636.687
424	136.496	1381.12	3902.44	652.36 
425	136.496	1372.09	4304.66	659.245
426	136.496	1361.92	4192.09	649.396
427	136.496	1352.21	3627.92	639.537
428	136.496	1353.9 	3738.66	639.042
429	136.496	1361.75	4308.73	656.515
430	136.496	1361.02	3936.16	646.074
431	136.496	1352.63	3563.79	638.061
432	133.629	1337.27	3563.79	618.662
433	133.629	1337.01	3849.01	628.324
434	133.629	1334.21	3876.56	606.33 
435	133.629	1336.61	3876.56	613.389
436	133.629	1335.35	3753.6 	606.188
437	133.629	1343.07	3753.6 	627.207
438	133.629	1328.23	3785.45	607.271
439	128.669	1321.84	3787.81	621.613
440	128.669	1323.91	3711.06	621.184
441	128.669	1322.67	3815.05	618.105
442	128.669	1319.05	3813.59	623.508
443	128.669	1345.46	4619.47	647.413
444	128.669	1337.97	4022.73	641.021
445	128.669	1334.15	4156.51	639.857
446	128.669	1322.01	3945.56	628.045
447	128.669	1307.72	3737.14	632.656
448	128.669	1306.86	4055.51	620.82 
449	128.669	1305.75	3737.14	616.694
450	128.669	1294.93	3668.34	597.404
451	128.669	1302.28	3647.7 	585.958
452	128.669	1310.23	3457.75	582.353
453	128.669	1313.81	3232.32	562.369
454	128.669	1306.02	3232.32	568.141
455	128.669	1313.33	3513.42	581.619
456	128.669	1312.6 	3682.89	586.812
457	128.669	1324.65	3463.6 	603.478
458	128.669	1323.25	3702.2 	600.782
459	128.669	1318.78	3294.93	580.737
460	128.669	1325.11	3429.62	584.633
461	128.669	1325.78	3466.22	601.927
462	128.669	1329.91	3495.11	604.009
463	128.669	1309.44	3584.63	602.624
464	128.669	1319.67	3322.59	609.694
465	128.669	1309.67	3846.91	611.53 
466	128.669	1311.7 	3831.02	607.166
467	128.669	1316.14	3679.92	602.717
468	128.669	1315.02	3672.45	597.554
469	128.669	1321.37	3516.44	605.001
470	128.669	1315.02	3597.98	596.687
471	128.669	1325.18	4560.18	621.969
472	128.669	1314.88	4095.24	596.293
473	128.669	1317.96	3812.39	597.948
474	128.669	1305.35	3679.59	587.944
475	128.669	1306.41	3589   	586.61 
476	128.669	1298.71	3526.39	592.393
477	128.669	1300.01	3680.24	596.418
478	128.669	1287.92	3868.02	587.219
479	128.669	1296.34	3868.02	599.146
480	128.669	1289.84	3393.63	601.508
481	128.669	1303.69	3462.86	615.421
482	128.669	1293.33	3766.24	616.689
483	128.669	1302.46	3451.22	609.439
484	128.669	1289.19	3621.53	618.14 
485	128.669	1294.91	3448.27	601.574
486	128.669	1286.99	3343.53	595.702
487	128.669	1291.84	3877.58	598.518
488	128.669	1290.25	3889.38	601.541
489	128.669	1290.95	3495.76	585.63 
490	128.669	1284.57	3641.01	589.858
491	128.669	1264.92	3526.7 	588.525
492	128.669	1261.06	3408.91	588.462
493	128.669	1269.83	3591.31	599.581
494	128.669	1259.78	3589.22	591.259
495	128.669	1288.16	3537.69	606.943
496	128.669	1284.43	3526.62	596.66 
497	128.669	1283.12	3228.27	593.169
498	128.669	1280.36	3405.11	585.291
499	126.048	1293.18	3355.31	592.654
92.94000001
