/usr/lib/python2.7/site-packages/deap/tools/_hypervolume/pyhv.py:33: ImportWarning: Falling back to the python version of hypervolume module. Expect this to be very slow.
  "module. Expect this to be very slow.", ImportWarning)
gen	min    	avg   	max   	std   
0  	20344.5	287700	698428	130603
1  	20344.5	287364	779429	129594
2  	20344.5	287725	776142	128461
3  	20344.5	287313	732561	129223
4  	20344.5	288659	725292	131794
5  	20344.5	287717	694796	131990
6  	20344.5	288131	856013	133518
7  	20344.5	288695	771139	134305
8  	20344.5	289092	1.13863e+06	136670
9  	20344.5	289163	765600     	132599
10 	20344.5	288165	829841     	136601
11 	20344.5	288120	777279     	134081
12 	20344.5	287319	776594     	132553
13 	20344.5	287141	780603     	131094
14 	20344.5	287133	723962     	130338
15 	20344.5	287079	733902     	130934
16 	20344.5	286652	683403     	128247
17 	20344.5	285963	695426     	126320
18 	20344.5	286206	749473     	130069
19 	20344.5	286318	671290     	129885
20 	20344.5	286546	644255     	131357
21 	20344.5	286735	706921     	132891
22 	16023.1	286530	678919     	131185
23 	16023.1	286418	696509     	131525
24 	16023.1	286715	744488     	130865
25 	16023.1	287040	672666     	128088
26 	16023.1	287238	703930     	130698
27 	15956.2	287306	737288     	130879
28 	15956.2	287307	737288     	132368
29 	15956.2	287826	752627     	132659
30 	15956.2	287543	740038     	133890
31 	15956.2	288413	771680     	134209
32 	15956.2	287793	818974     	134203
33 	15956.2	287035	753937     	134631
34 	15956.2	286620	753043     	136010
35 	15956.2	286554	755258     	138520
36 	15956.2	287008	787070     	138187
37 	15956.2	287009	726132     	138696
38 	15956.2	287890	789735     	139676
39 	15956.2	288945	739122     	140005
40 	15956.2	288781	724351     	137337
41 	15956.2	288342	724351     	137642
42 	15956.2	287830	818252     	136165
43 	15956.2	287805	815767     	134109
44 	15956.2	288629	817144     	136298
45 	15956.2	288470	707231     	137395
46 	15956.2	288660	681667     	137011
47 	15956.2	288199	692355     	134999
48 	15956.2	286899	765533     	138306
49 	14213.4	288095	706534     	139683
50 	14213.4	289032	767312     	139448
51 	13404.9	289420	790515     	139448
52 	13404.9	288999	827624     	135613
53 	13309.7	288171	717754     	135934
54 	13309.7	288051	712938     	135257
55 	13309.7	287273	841309     	135689
56 	13309.7	286537	776713     	134920
57 	13309.7	286056	736685     	135897
58 	13309.7	286180	751554     	134991
59 	13309.7	286372	767942     	138060
60 	13242.4	285245	698557     	138598
61 	13242.4	285722	693153     	135642
62 	13242.4	286036	708508     	137302
63 	13242.4	287254	743539     	139758
64 	13242.4	287093	723457     	138404
65 	6484.55	286091	763268     	139832
66 	6484.55	285173	808497     	141431
67 	6484.55	285140	749595     	140811
68 	6484.55	286403	730967     	145547
69 	6484.55	285823	756598     	145723
70 	6484.55	284881	715449     	143991
71 	6484.55	284160	713340     	145941
72 	6484.55	283688	729583     	142343
73 	6484.55	283849	749146     	137531
74 	5802.82	283388	749003     	138678
75 	5665.65	284138	806507     	144058
76 	5665.65	284605	828770     	142865
77 	5665.65	284389	857182     	144900
78 	5665.65	284173	846528     	144272
79 	5665.65	283742	871507     	143807
80 	5665.65	284139	859718     	143416
81 	5665.65	283148	798922     	143872
82 	5665.65	283367	850542     	144041
83 	5665.65	283501	824581     	144610
84 	5665.65	283547	772350     	145888
85 	5665.65	284694	876875     	146765
86 	5665.65	283116	795353     	145307
87 	5665.65	284008	822311     	143443
88 	5665.65	283590	795757     	144408
89 	5665.65	282752	733799     	141697
90 	5665.65	282706	758718     	142349
91 	5665.65	282539	787444     	143495
92 	5665.65	282524	856742     	141902
93 	5665.65	281576	788955     	140655
94 	5665.65	282036	834808     	144748
95 	5665.65	283362	829933     	144098
96 	5665.65	283874	799442     	143720
97 	5665.65	282574	785118     	145271
98 	5665.65	282644	888754     	144913
99 	5665.65	282652	894587     	144672
100	5665.65	282298	777501     	142241
101	5665.65	282193	762139     	145540
102	5665.65	281824	704927     	142626
103	5665.65	281110	839792     	143392
104	5665.65	281620	754658     	145445
105	5665.65	280828	752842     	144040
106	5665.65	280928	808559     	145501
107	5665.65	282165	798247     	147532
108	5665.65	281537	798347     	148374
109	5665.65	280598	809948     	148028
110	5665.65	280195	821096     	147838
111	5665.65	279814	828881     	149387
112	4404.58	279154	853080     	151301
113	4404.58	278648	851791     	151275
114	4404.58	277870	759986     	146828
115	4404.58	278174	754233     	148767
116	4404.58	278026	744058     	144068
117	4404.58	277988	715331     	143943
118	4404.58	278106	712647     	143176
119	4404.58	277333	797664     	142613
120	4404.58	276745	736086     	142273
121	4404.58	277810	749222     	142489
122	4404.58	278518	775568     	142859
123	4404.58	278612	741351     	143112
124	4404.58	278721	767784     	142399
125	4404.58	277974	849163     	143888
126	4404.58	277960	819793     	146644
127	4404.58	278318	835868     	146326
128	4404.58	277087	802083     	143194
129	4404.58	276450	802083     	141487
130	4404.58	276086	751905     	141109
131	3817.88	275818	755894     	142098
132	3817.88	276460	889244     	142497
133	3817.88	276433	798764     	142979
134	2979.5 	276583	778452     	143803
135	2979.5 	276806	727227     	145025
136	2979.5 	277272	723643     	144446
137	2979.5 	276945	788099     	146796
138	2979.5 	276564	753216     	146219
139	2979.5 	276072	753216     	146256
140	2979.5 	276502	753216     	144320
141	2979.5 	277281	887914     	146652
142	2979.5 	276887	808974     	148902
143	2979.5 	277560	813326     	147960
144	2979.5 	278251	808858     	150845
145	2979.5 	278130	870127     	152665
146	2979.5 	278610	795481     	153872
147	2979.5 	279469	822200     	152474
148	2979.5 	277809	790865     	152583
149	2979.5 	277694	959763     	152761
150	2688.88	277443	822814     	151634
151	2688.88	277612	808842     	153992
152	2688.88	277904	855440     	154144
153	2688.88	278318	829237     	152964
154	2490.92	277705	843513     	155086
155	2490.92	277827	851726     	154226
156	2468.53	277208	780540     	151277
157	2468.53	277174	819995     	153224
158	2468.53	277086	783695     	153922
159	2468.53	276966	783695     	152824
160	2468.53	276595	779402     	153699
161	2468.53	277498	926671     	152636
162	2468.53	276733	837232     	151568
163	2468.53	277266	861085     	152076
164	2468.53	275888	835661     	152332
165	2468.53	275888	786512     	151173
166	2468.53	275305	781594     	151651
167	2468.53	274364	813955     	151982
168	2468.53	273612	791038     	148018
169	2468.53	274032	791038     	149256
170	2468.53	273492	816591     	148166
171	2468.53	273518	844107     	150084
172	2468.53	272881	819692     	150953
173	2468.53	272838	820017     	151072
174	2468.53	273013	808337     	146215
175	1727.63	272789	828544     	147188
176	1727.63	271537	828544     	146017
177	1727.63	271595	770861     	144952
178	1727.63	272279	776018     	146014
179	1727.63	273063	776018     	149124
180	1727.63	273379	752570     	147007
181	1727.63	273157	746794     	146904
182	1727.63	272392	798878     	150561
183	1727.63	271523	754185     	150050
184	1727.63	271319	755914     	149627
185	1727.63	271319	789979     	149918
186	1727.63	270513	756185     	149123
187	1727.63	270256	770569     	151650
188	1727.63	269790	782930     	150990
189	1727.63	269767	833239     	152757
190	1331.18	269005	831816     	150006
191	1331.18	269659	831816     	148623
192	1331.18	268848	820787     	146040
193	1331.18	268570	854846     	149999
194	1331.18	268799	807294     	149756
195	1331.18	267615	777921     	147387
196	1331.18	267266	754054     	148396
197	1331.18	266771	807010     	148732
198	1331.18	266747	854172     	147602
199	1331.18	266578	780237     	145446
200	1331.18	266634	805020     	143677
201	1331.18	266308	766071     	142980
202	1331.18	264774	791805     	142126
203	1331.18	264774	921211     	141380
204	1331.18	265073	819997     	141072
205	1331.18	263847	846157     	141669
206	1331.18	264252	800934     	143230
207	1331.18	264308	893034     	144320
208	1331.18	264452	803684     	141116
209	1331.18	263304	747061     	141895
210	1320.41	263046	714208     	143979
211	1320.41	262764	753738     	143189
212	1320.41	262443	755374     	143556
213	1320.41	262974	775008     	144892
214	1320.41	262921	808550     	145398
215	1320.41	262434	737377     	144777
216	1320.41	262153	764881     	143005
217	1320.41	262181	762223     	145340
218	1305.1 	262630	814075     	144757
219	1305.1 	262922	825359     	146148
220	1305.1 	263034	825359     	149854
221	1305.1 	262565	758560     	150837
222	1305.1 	263063	838679     	154668
223	1305.1 	263329	824111     	150064
224	1305.1 	262903	841555     	148182
225	1305.1 	262520	810577     	147836
226	1305.1 	261779	832014     	148249
227	1305.1 	261319	832014     	148519
228	1305.1 	261597	878150     	148013
229	1305.1 	261469	863055     	146638
230	1305.1 	261205	822470     	150131
231	1305.1 	260755	822470     	146367
232	1305.1 	259815	821259     	147531
233	1305.1 	261046	869322     	148950
234	1305.1 	260700	821379     	146026
235	1305.1 	260955	821379     	147819
236	1305.1 	261530	821379     	150146
237	1305.1 	261917	817543     	152663
238	1305.1 	261584	871413     	154404
239	1305.1 	260467	1.03348e+06	157396
240	1305.1 	259469	840506     	152215
241	1305.1 	259903	884771     	153526
242	1191.61	260744	853561     	151356
243	1191.61	260616	813524     	150287
244	1191.61	261009	854293     	150507
245	1191.61	261022	813524     	147515
246	1191.61	259592	789372     	145311
247	1191.61	259937	779902     	146817
248	1191.61	259236	742431     	143730
249	1191.61	259058	765149     	143885
250	1191.61	258930	753938     	144782
251	1191.61	258557	835100     	148297
252	1191.61	257705	791030     	146858
253	1141.59	258101	774723     	146359
254	1094.69	257669	756900     	140613
255	1094.69	257581	761379     	142492
256	1094.69	258395	865916     	144334
257	1094.69	257641	781694     	147077
258	1094.69	258727	768653     	150618
259	1094.69	258212	769877     	148218
260	1015.17	258764	769877     	153511
261	1015.17	257887	817480     	154427
262	1015.17	256596	859135     	154405
263	1015.17	256488	817999     	152115
264	1015.17	256684	834050     	148745
265	1015.17	257265	751255     	148140
266	1015.17	255944	754609     	150639
267	1015.17	256566	752797     	150451
268	1015.17	255630	802552     	151987
269	1015.17	254880	804287     	155300
270	1015.17	254332	804287     	155314
271	1015.17	253947	784539     	153081
272	1015.17	252710	770731     	151443
273	1015.17	250983	782893     	148659
274	1015.17	250998	761273     	147965
275	1015.17	250294	761273     	148934
276	1015.17	250702	1.04337e+06	150895
277	1015.17	251172	772656     	150509
278	1015.17	251633	772656     	148743
279	1015.17	251434	771235     	145813
280	1015.17	251646	726562     	143137
281	1015.17	251057	718609     	142069
282	1015.17	250084	784841     	140454
283	1015.17	250057	759413     	140218
284	1015.17	248750	755225     	140127
285	1015.17	248299	832070     	141737
286	1015.17	247823	746317     	143429
287	1015.17	248269	746317     	141079
288	1015.17	247720	738320     	144331
289	1015.17	248211	804082     	145917
290	1002.74	248331	754558     	143089
291	1002.74	248107	745432     	143752
292	1002.74	248481	745509     	143656
293	1002.74	248625	707741     	143505
294	1002.74	247569	783299     	145294
295	1002.74	247686	794359     	145645
296	941.475	246947	834774     	147495
297	941.475	246740	806537     	149977
298	941.475	246420	842194     	148236
299	941.475	245520	805274     	146374
300	934.516	244800	776016     	145325
301	934.516	244640	774582     	144359
302	934.516	244858	767208     	142534
303	934.516	244407	764798     	141075
304	934.516	244484	729307     	139986
305	934.516	244319	820601     	140112
306	934.516	243383	809625     	141277
307	934.516	242919	809625     	142941
308	934.516	242365	840209     	144746
309	934.516	241340	828566     	140932
310	934.516	240717	762970     	138518
311	934.516	241113	759723     	140920
312	934.516	241451	735188     	142297
313	934.516	240847	850459     	142950
314	934.516	240770	759802     	139954
315	934.516	241033	829343     	142768
316	934.516	240632	737170     	139926
317	934.516	240113	833827     	138123
318	934.516	239274	801091     	138762
319	934.516	238663	811036     	139771
320	934.516	238407	738949     	137862
321	934.516	238775	703955     	140674
322	934.516	238958	754177     	141489
323	934.516	239027	944201     	146285
324	934.516	239116	809479     	146106
325	934.516	239624	809479     	147733
326	934.516	239619	772360     	144346
327	788.502	239180	754193     	146974
328	788.502	238445	737399     	145774
329	788.502	236903	725371     	143709
330	788.502	237392	803234     	142796
331	788.502	238112	753588     	144880
332	788.502	238330	726954     	145314
333	788.502	237656	765957     	145349
334	788.502	237145	909985     	149583
335	788.502	235978	825981     	147195
336	788.502	235912	764646     	147074
337	788.502	235806	736887     	143159
338	788.502	236395	735977     	144842
339	788.502	235837	865531     	144040
340	788.502	234979	840204     	142445
341	788.502	235650	834345     	142819
342	788.502	235840	844789     	144268
343	788.502	235319	868840     	142823
344	788.502	235560	853929     	144175
345	788.502	235635	848222     	141824
346	788.502	235394	817473     	139472
347	781.638	234711	761410     	140342
348	781.638	235052	768049     	139122
349	781.638	235006	778742     	142551
350	781.638	235454	779085     	142652
351	781.638	234459	920229     	146236
352	781.638	234030	829484     	142982
353	781.638	232593	832426     	142632
354	781.638	232886	838233     	145511
355	781.638	232446	872976     	142433
356	781.638	231561	739860     	140269
357	781.638	230540	730451     	138780
358	781.638	229973	730451     	134905
359	781.638	229985	730451     	133255
360	781.638	229531	802293     	135456
361	781.638	229415	780675     	134752
362	781.638	229325	698828     	135539
363	781.638	228091	802643     	139204
364	781.638	228377	786497     	141026
365	781.638	226994	764565     	141117
366	781.638	226432	742263     	138176
367	781.638	226445	740733     	137389
368	781.638	225971	687703     	135705
369	781.638	225615	809606     	138010
370	781.638	226316	725102     	140191
371	781.638	225987	770655     	138835
372	781.638	225589	742159     	135487
373	781.638	225981	742159     	134948
374	770.917	225860	735738     	133918
375	770.917	225237	740565     	132788
376	770.917	224922	657685     	132491
377	770.917	224639	740514     	131549
378	770.917	224076	688354     	131431
379	770.917	224179	688171     	134144
380	770.917	223072	677322     	133043
381	770.917	222281	726931     	128572
382	770.917	222054	707360     	131158
383	770.917	222908	715777     	132853
384	770.917	222726	733952     	131485
385	770.917	222609	757096     	134238
386	770.917	222573	818831     	136336
387	770.917	221372	793691     	136443
388	770.917	221600	746356     	134887
389	770.917	221221	662482     	133202
390	770.917	221303	687263     	133298
391	770.917	221620	795623     	132629
392	770.917	222264	762155     	134874
393	770.917	222093	709065     	137123
394	770.917	220591	744286     	134777
395	770.917	219822	709037     	133694
396	770.917	219020	672560     	133389
397	770.917	218441	648149     	131551
398	770.917	219260	709459     	134215
399	770.917	220088	842815     	136015
400	770.917	219987	775435     	137486
401	770.917	220170	757356     	134634
402	770.917	221169	753094     	136470
403	770.917	220799	752614     	140181
404	770.917	220179	849497     	141763
405	770.917	219138	748518     	140682
406	770.917	218735	730191     	136722
407	770.917	217966	669042     	132925
408	770.917	217439	658408     	131607
409	770.917	217398	658408     	130444
410	770.917	217010	723105     	130881
411	770.917	216811	689731     	129110
412	770.917	217213	695141     	128557
413	770.917	216345	745929     	129944
414	770.917	216143	738237     	133953
415	770.917	215655	751155     	132432
416	770.917	214867	756008     	132146
417	770.917	214089	747031     	134587
418	770.917	214954	750766     	133138
419	770.917	213911	763517     	133483
420	770.917	213786	719882     	132625
421	770.917	213066	687756     	131681
422	770.917	212705	680915     	128333
423	770.917	212970	652602     	128186
424	770.917	212775	646512     	126778
425	770.917	212223	633579     	125447
426	770.917	211989	651801     	125218
427	770.917	211538	596903     	124374
428	770.917	210598	592181     	124158
429	770.917	209565	626772     	125364
430	770.917	210331	715870     	127779
431	770.917	210049	722321     	127788
432	770.917	209590	626482     	124327
433	770.917	209231	614299     	127478
434	770.917	208644	625222     	127312
435	770.917	208378	728995     	128988
436	770.917	208604	647585     	129152
437	770.917	207422	645501     	126610
438	770.917	207963	716886     	128014
439	770.917	208582	718174     	126821
440	770.917	208373	698359     	127717
441	696.255	208419	682461     	127878
442	696.255	208356	682461     	128438
443	696.255	207797	677019     	128528
444	696.255	207973	640409     	132201
445	696.255	208051	702455     	131962
446	696.255	207191	647537     	130666
447	693.257	206857	701863     	127364
448	693.257	206216	663800     	127106
449	693.257	205552	693712     	127403
450	693.257	205865	734525     	130631
451	693.257	204975	664787     	127912
452	693.257	204969	612742     	128269
453	693.257	204749	637389     	129772
454	693.257	203753	637389     	130113
455	693.257	203254	696331     	131177
456	693.257	202555	653955     	132262
457	693.257	203209	713068     	133622
458	693.257	202003	686848     	134691
459	693.257	201204	675380     	130066
460	693.257	201749	813512     	131660
461	693.257	201382	724986     	130648
462	693.257	201163	668630     	129264
463	693.257	201106	668630     	129254
464	693.021	200777	671987     	129150
465	693.021	200337	700584     	129357
466	693.021	200398	700584     	127179
467	693.021	200157	700584     	125555
468	693.021	199565	783549     	129134
469	693.021	198843	819017     	130707
470	693.021	198290	806686     	126405
471	693.021	198470	737842     	127847
472	693.021	197180	672473     	126708
473	693.021	196765	686357     	124903
474	693.021	195791	684989     	124112
475	693.021	194863	712160     	123455
476	693.021	194346	684580     	121863
477	693.021	193976	675878     	121381
478	693.021	194442	683451     	121592
479	693.021	195238	737324     	122931
480	693.021	194689	666538     	121532
481	693.021	194699	666538     	119609
482	693.021	195134	703895     	121301
483	693.021	196181	783567     	124385
484	693.021	195646	670862     	124326
485	693.021	195178	707882     	126415
486	693.021	194547	772457     	126376
487	693.021	195013	703176     	124793
488	693.021	194433	668398     	120865
489	693.021	194914	642283     	119951
490	693.021	194222	696772     	120251
491	693.021	193660	626084     	120589
492	693.021	193101	657930     	122469
493	693.021	193805	856050     	126731
494	693.021	192455	767133     	122813
495	693.021	192097	767133     	120359
496	693.021	191123	649207     	120521
497	693.021	191062	597419     	118573
498	678.772	190280	597419     	117678
499	678.772	190850	639070     	117627
149.15000001
