/usr/lib/python2.7/site-packages/deap/tools/_hypervolume/pyhv.py:33: ImportWarning: Falling back to the python version of hypervolume module. Expect this to be very slow.
  "module. Expect this to be very slow.", ImportWarning)
gen	min    	avg   	max   	std   
0  	35173.4	300271	778727	137145
1  	26595.2	300711	778727	134941
2  	17098  	300530	759647	134305
3  	17098  	299956	770971	135810
4  	17098  	299456	757543	135076
5  	17098  	299238	762615	132156
6  	17098  	299124	773427	131889
7  	17098  	299265	789337	133031
8  	17098  	298171	792935	132999
9  	17098  	298497	786524	132829
10 	17098  	298311	770479	133993
11 	16769.4	299371	766852	139063
12 	16769.4	300193	766852	142989
13 	16769.4	300081	736146	143274
14 	16769.4	299666	784638	140726
15 	16769.4	297931	776563	137690
16 	16613.1	298784	777842	137805
17 	16613.1	298773	688694	137202
18 	13968.4	298235	728520	136002
19 	13968.4	299363	731045	137834
20 	13968.4	298736	729984	137315
21 	13968.4	298856	715041	134884
22 	13968.4	298840	699834	134620
23 	13968.4	299319	715451	134241
24 	3208.96	298722	736859	136404
25 	3208.96	299572	800754	137876
26 	3208.96	299074	766472	136650
27 	3208.96	299026	768202	137399
28 	3208.96	298665	774982	134983
29 	2885.26	297726	683089	134968
30 	2885.26	297505	733755	137697
31 	2885.26	297315	729601	140160
32 	2885.26	296385	713816	138692
33 	2695.18	296119	746290	137922
34 	2695.18	296944	732203	139056
35 	2695.18	297123	725077	139680
36 	2695.18	297347	755931	140045
37 	2695.18	297160	760548	141618
38 	2695.18	297132	761025	143563
39 	2695.18	297083	810402	144317
40 	2695.18	297225	771394	144171
41 	2627.39	297269	805269	143837
42 	2627.39	298023	770246	142244
43 	2627.39	298388	775781	141409
44 	2627.39	298779	749174	141597
45 	2627.39	298444	752609	141923
46 	2627.39	297599	766133	140944
47 	2627.39	298159	761912	141897
48 	2627.39	298121	753156	140133
49 	2627.39	297505	745857	141110
50 	2627.39	296621	741381	139290
51 	2627.39	295992	736402	140835
52 	2627.39	294992	794037	145249
53 	2627.39	294631	768237	141833
54 	2627.39	293664	917032	144598
55 	2627.39	293446	849786	144863
56 	2627.39	293977	973110	144691
57 	2627.39	293400	890331	143629
58 	2627.39	293620	900430	145685
59 	2627.39	294107	876723	145036
60 	2627.39	294269	827949	146288
61 	2627.39	294892	813142	147146
62 	2627.39	295327	848665	147262
63 	2627.39	295612	838972	149383
64 	2627.39	294328	925607	149165
65 	2627.39	294525	860664	149735
66 	2627.39	294560	827281	147837
67 	2627.39	293839	828613	144750
68 	2627.39	293634	786290	145272
69 	2627.39	292855	794138	146310
70 	2627.39	293249	752093	144794
71 	2627.39	293488	770471	146853
72 	2428.64	294701	786770	148830
73 	2428.64	293856	717952	144550
74 	2428.64	294506	777293	144565
75 	2428.64	295531	777501	145789
76 	2428.64	295511	786185	146272
77 	2428.64	295799	842446	147844
78 	2400.58	296860	773821	148356
79 	2400.58	297357	803604	149465
80 	2400.58	297768	819254	148249
81 	2400.58	297205	837824	150286
82 	2400.58	296755	776805	147324
83 	2400.58	297103	853075	149733
84 	2400.58	295587	852639	147073
85 	2400.58	295487	822698	145662
86 	2400.58	294773	863756	145890
87 	2400.58	294646	916897	146415
88 	2400.58	294349	843383	145821
89 	2400.58	294036	776588	147628
90 	2400.58	294111	801426	148130
91 	2400.58	293761	756584	146715
92 	2211.43	293917	780554	147328
93 	2211.43	293083	803769	145394
94 	2211.43	294222	833610	143657
95 	2211.43	293533	818112	143827
96 	2211.43	293548	808962	145395
97 	2211.43	292472	826221	146478
98 	2211.43	292352	817826	148901
99 	2211.43	292237	810730	149731
100	2211.43	290843	795450	150591
101	2211.43	290915	802623	153257
102	2211.43	291338	772996	152317
103	2211.43	291631	746278	146436
104	2211.43	291159	812174	151680
105	1540.9 	290107	798316	149423
106	1540.9 	290679	776473	149021
107	1540.9 	290433	802337	148462
108	1540.9 	290239	834551	150669
109	1540.9 	290281	828735	155999
110	1540.9 	290775	843478	153679
111	1540.9 	291341	836579	154233
112	1540.9 	291117	840865	152937
113	1540.9 	291492	795623	150548
114	1540.9 	291510	794102	151675
115	1540.9 	291406	1.04475e+06	157205
116	1540.9 	290378	1.04475e+06	153586
117	1540.9 	290017	905108     	153291
118	1540.9 	289460	875068     	151143
119	1540.9 	289801	862414     	156637
120	1540.9 	288561	862414     	157763
121	1540.9 	288816	861623     	158079
122	1540.9 	288551	864156     	153919
123	1540.9 	288337	814846     	155684
124	1540.9 	288341	842876     	155784
125	1540.9 	288681	863302     	156455
126	1539.2 	287610	881306     	158189
127	1539.2 	287024	954382     	159125
128	1539.2 	286425	921384     	157574
129	1437.49	286362	994781     	158430
130	1437.49	286454	980720     	162825
131	1437.49	286133	1.01448e+06	164213
132	1391.37	285528	973294     	161818
133	1391.37	284981	942219     	160355
134	1391.37	286442	865157     	159239
135	1391.37	286502	838728     	159019
136	1391.37	285560	916699     	159634
137	1391.37	284828	924172     	161223
138	1391.37	285380	929346     	158981
139	1160.99	285263	876465     	158553
140	1160.99	285610	838663     	156648
141	1160.99	284713	837486     	152759
142	1160.99	285312	817313     	153828
143	1160.99	286197	817313     	151827
144	1160.99	286795	816873     	152319
145	1160.99	286107	876067     	151102
146	1160.99	284915	924250     	154621
147	1160.99	284693	835773     	154076
148	1160.99	284098	815286     	150587
149	1160.99	284018	791473     	150991
150	1160.99	283934	795695     	148774
151	1160.99	282568	786236     	148232
152	1160.99	283403	787346     	151649
153	1160.99	283933	771333     	151495
154	1160.99	283994	837686     	149963
155	1134.92	283137	864852     	152352
156	1134.92	283045	829459     	155986
157	1134.92	281456	869611     	156793
158	1134.92	280385	848745     	155003
159	1134.92	281483	809975     	154315
160	1134.92	280316	964309     	155108
161	1134.92	280851	921750     	155427
162	1134.92	280229	850030     	153184
163	1134.92	279634	825515     	149595
164	1134.92	279299	825261     	151466
165	780.338	280617	824664     	152096
166	780.338	280607	824664     	156517
167	780.338	280068	833811     	155058
168	780.338	280181	742051     	151455
169	780.338	279933	971116     	151640
170	780.338	279750	852070     	156215
171	780.338	278485	851650     	151972
172	780.338	277327	852861     	153079
173	764.208	278013	859178     	155219
174	764.208	277803	853431     	155703
175	764.208	277004	811843     	152009
176	764.208	277923	816160     	154473
177	764.208	278378	840992     	159498
178	764.208	278115	942759     	159926
179	764.208	277804	895626     	162165
180	764.208	277373	887881     	158506
181	764.208	278267	817696     	159591
182	764.208	278144	827094     	162855
183	764.208	277973	827094     	162399
184	764.208	278216	836724     	161583
185	764.208	278708	876597     	163891
186	764.208	278303	1.01707e+06	162643
187	764.208	278113	950010     	157987
188	764.208	276071	932670     	155801
189	764.208	275911	897812     	154383
190	764.208	275963	897812     	155914
191	764.208	275601	882284     	155561
192	755.882	274614	882284     	153986
193	755.882	274351	814259     	154604
194	755.882	274188	835172     	154860
195	755.71 	273795	842961     	154534
196	755.71 	273141	842961     	153885
197	755.71 	271880	810352     	154989
198	755.71 	271006	906570     	157966
199	755.71 	271647	892623     	159811
200	727.869	272351	936662     	156747
201	727.869	272208	935973     	155199
202	727.869	272246	899133     	156260
203	727.869	271495	990692     	156010
204	727.869	271576	877651     	156560
205	727.869	271322	881225     	155168
206	727.869	271204	789397     	155309
207	727.869	272123	819334     	157863
208	727.869	271289	822774     	156006
209	727.869	271793	822774     	158320
210	727.869	272053	880979     	156494
211	727.869	271672	915073     	158264
212	727.869	270626	880085     	159253
213	727.869	270060	880085     	159660
214	727.869	270155	849422     	158123
215	727.869	270301	835626     	156138
216	727.869	269883	877003     	157224
217	727.869	269471	833444     	154136
218	727.869	270157	896363     	156037
219	727.869	270159	817206     	155972
220	727.869	269948	786900     	154519
221	727.869	269526	782992     	151635
222	727.869	269232	785141     	150819
223	727.869	269287	761727     	147771
224	721.365	268434	817660     	148693
225	721.365	267484	817660     	150643
226	721.365	267037	818916     	148854
227	721.365	266393	831801     	147330
228	721.365	266821	831801     	149376
229	721.365	266735	838456     	148349
230	721.365	265762	774383     	148438
231	721.365	265498	831063     	153012
232	721.365	265608	845891     	150307
233	721.365	264803	838277     	148191
234	721.365	266367	809405     	151693
235	721.365	266470	828834     	153014
236	665.282	266678	828834     	150799
237	665.282	266008	749880     	150415
238	665.282	265568	752142     	150255
239	665.282	264808	775306     	148667
240	665.282	264121	771922     	147323
241	665.282	263769	775483     	148364
242	665.282	263959	784960     	151505
243	665.282	263946	842397     	151194
244	665.282	263002	841313     	150639
245	665.282	262879	852892     	153403
246	665.282	262403	852881     	149991
247	665.282	262892	859027     	152449
248	665.282	262897	859027     	152159
249	665.282	262386	859027     	154585
250	665.282	262112	859027     	156910
251	665.282	261467	892631     	156931
252	665.282	260379	907729     	155923
253	665.282	260076	869193     	154341
254	665.282	259834	853105     	154897
255	665.282	259764	820661     	153046
256	665.282	259897	827486     	151501
257	665.282	259526	806657     	149623
258	665.282	258940	770909     	148895
259	665.282	258371	839326     	147133
260	665.282	258916	828713     	149322
261	665.282	258660	829929     	150391
262	665.282	258443	832858     	147395
263	665.282	258352	735105     	147959
264	665.282	258657	843227     	148142
265	665.282	258208	825115     	147843
266	665.282	257235	827103     	148155
267	665.282	256849	881533     	151410
268	665.282	255517	820316     	148205
269	665.282	255134	773697     	147254
270	665.282	255535	853139     	145712
271	665.282	254679	818862     	145912
272	665.282	253880	779171     	145849
273	665.282	254300	770841     	147159
274	665.282	254635	850571     	148957
275	665.282	254880	752315     	147223
276	665.282	254609	757189     	146467
277	665.282	254181	757189     	148300
278	665.282	254319	773608     	148084
279	665.282	252520	829678     	148066
280	665.282	251634	801014     	147800
281	665.282	250448	778532     	147787
282	665.282	250612	718838     	146106
283	665.282	250153	800774     	147035
284	665.282	249586	781227     	147643
285	665.282	249303	713094     	146995
286	665.282	249961	815108     	152400
287	665.282	249584	818015     	152089
288	665.282	249729	814794     	150444
289	665.282	249172	866844     	149022
290	665.282	250376	776114     	148347
291	665.282	250392	770739     	145980
292	665.282	249261	770685     	147813
293	665.282	250398	767271     	149751
294	665.282	249729	955280     	153160
295	665.282	249154	898312     	151695
296	665.282	248364	742038     	149448
297	665.282	249040	761692     	149853
298	665.282	248276	804671     	150443
299	665.282	248079	748269     	146617
300	665.282	248437	742218     	146787
301	665.282	248826	784500     	148710
302	665.282	248269	750044     	146359
303	665.282	247842	720607     	143070
304	665.282	247152	773007     	145122
305	665.282	246772	767019     	144287
306	665.282	247849	782802     	147930
307	665.282	246948	853287     	145738
308	665.282	246930	899972     	147180
309	665.282	246410	897436     	145227
310	665.282	245959	852601     	144314
311	665.282	245139	798907     	142277
312	665.282	244856	832026     	141406
313	665.282	244525	810772     	140135
314	665.282	244811	780645     	138737
315	665.282	244102	710452     	138655
316	665.282	243978	806409     	140714
317	665.282	243366	748409     	140799
318	665.282	242248	780286     	141664
319	665.282	243021	775502     	146333
320	665.282	242346	767809     	145580
321	665.282	242305	761304     	140932
322	665.282	241977	757260     	141782
323	665.282	241222	795557     	141569
324	665.282	241711	735305     	140926
325	665.282	241541	721131     	143554
326	665.282	242619	752062     	143245
327	665.282	242605	717718     	142544
328	600.987	242186	717376     	144155
329	600.987	241153	731003     	141312
330	600.987	241321	738450     	144772
331	597.761	240885	1.02574e+06	146296
332	597.761	241214	907772     	144520
333	597.761	240837	776238     	143674
334	597.761	240294	773454     	143222
335	597.761	240446	847564     	145059
336	597.761	240215	787824     	146372
337	597.761	239519	843164     	147121
338	597.761	238710	795049     	145015
339	597.761	239248	829146     	144858
340	597.761	240289	820991     	146265
341	597.761	240395	747054     	144198
342	597.761	239480	740405     	144331
343	597.761	239519	892663     	144926
344	597.761	239457	821014     	145364
345	597.761	239190	741069     	142111
346	597.761	238771	768307     	139400
347	597.761	237709	911193     	143240
348	597.761	236622	878047     	139556
349	597.761	236612	766485     	139204
350	597.761	235540	750935     	139263
351	597.761	235691	716236     	140449
352	597.761	235308	716236     	141785
353	597.761	234548	717432     	142829
354	597.761	233903	885486     	145772
355	597.761	234307	879311     	146128
356	597.761	234381	767027     	142685
357	597.761	233631	742641     	139763
358	597.761	233204	755081     	140256
359	597.761	232882	729273     	137446
360	597.761	231725	851327     	138983
361	597.761	231565	806617     	138244
362	597.761	231797	795108     	138678
363	597.761	230297	790494     	134478
364	597.761	230490	790285     	136758
365	597.761	229835	750016     	137510
366	597.761	228802	707524     	136800
367	597.761	229168	739096     	136986
368	597.761	229194	942866     	140224
369	597.761	229219	881165     	137640
370	597.761	229721	859170     	137427
371	597.761	228662	829441     	136289
372	597.761	228411	768750     	134770
373	597.761	228266	768750     	133157
374	597.761	228468	702660     	132967
375	597.761	228533	703856     	131898
376	597.761	227861	692367     	134969
377	597.761	228410	718029     	135888
378	571.371	228064	752108     	134891
379	571.371	227495	764079     	137796
380	571.371	227472	796852     	139097
381	571.371	227403	847828     	140317
382	571.371	227246	796633     	140218
383	571.371	227940	782256     	140571
384	571.371	227908	862307     	140568
385	571.371	226686	770155     	140235
386	551.625	226894	828551     	141707
387	551.625	226037	783245     	140518
388	551.625	226409	778098     	137629
389	551.625	225323	782709     	139436
390	551.625	224044	769400     	137025
391	551.625	224586	752459     	136452
392	551.625	224569	711780     	136643
393	551.625	223935	816618     	137173
394	551.625	222760	863450     	137441
395	551.625	222207	728752     	134362
396	551.625	222410	738450     	130945
397	551.252	221974	724214     	129293
398	551.252	221446	763211     	131898
399	551.252	220195	741613     	128308
400	543.589	220464	709918     	130292
401	543.589	220854	686477     	131899
402	539.242	220115	730043     	133450
403	539.242	219301	702056     	132034
404	539.242	219459	741800     	134978
405	539.242	219600	776996     	133556
406	539.242	218536	665390     	132343
407	539.242	217964	651267     	129935
408	539.242	217691	662534     	129531
409	539.242	218069	633427     	128294
410	507.697	217993	646522     	130516
411	507.697	217784	672504     	130426
412	507.697	217096	693483     	128606
413	507.697	216914	669181     	130170
414	507.697	217146	655505     	129924
415	507.323	216968	672686     	131724
416	507.323	216470	682757     	132612
417	507.323	216769	733499     	133626
418	507.323	216403	722028     	134458
419	507.323	216218	855871     	137189
420	507.323	216106	744982     	138976
421	507.323	215836	750880     	139373
422	507.323	215071	822113     	137858
423	507.323	213988	799132     	134770
424	507.323	214410	722555     	131920
425	507.323	213747	722580     	131036
426	461.122	214023	818709     	131882
427	461.122	214129	733534     	132796
428	461.122	213729	733824     	132125
429	436.748	213654	752599     	133077
430	436.748	213467	756361     	133117
431	436.748	213333	756361     	132117
432	436.748	213398	734942     	132413
433	436.748	213476	711810     	131755
434	436.748	213865	713983     	134021
435	436.748	214623	741941     	135463
436	436.748	213231	709133     	133331
437	436.748	213065	698126     	132205
438	436.748	212055	698126     	133270
439	436.748	211349	661232     	129210
440	436.748	211256	735620     	128127
441	436.748	211333	649696     	125084
442	436.748	212333	656570     	124906
443	436.748	211823	660545     	125007
444	436.748	211743	653325     	125247
445	436.748	212909	683129     	129033
446	436.748	213180	672443     	130150
447	436.748	212942	675786     	130399
448	436.748	212810	659271     	130036
449	436.748	212782	658869     	128852
450	436.748	212481	679941     	129158
451	436.748	212437	632723     	127984
452	436.748	212138	660028     	127243
453	436.748	212252	739963     	128286
454	436.748	211095	741331     	130151
455	436.748	212004	741331     	133004
456	436.748	211664	751024     	132565
457	436.748	211549	667446     	129736
458	436.748	211538	667446     	126184
459	436.748	211230	788969     	129562
460	436.748	210396	672121     	128491
461	436.748	211294	658869     	128736
462	436.748	211075	764104     	131224
463	436.748	211828	1.02265e+06	133666
464	436.748	211706	762979     	130889
465	436.748	211361	679195     	130569
466	436.748	210426	643267     	128510
467	436.748	210356	645673     	129598
468	436.748	210493	715340     	131649
469	436.748	210182	785005     	134157
470	436.748	209168	727139     	132614
471	436.748	208411	737419     	128513
472	436.748	208103	709862     	128188
473	436.748	208898	696236     	127238
474	436.748	208326	683599     	128424
475	436.748	207424	664428     	127555
476	436.748	207233	689786     	127231
477	436.748	206978	744760     	131528
478	436.748	206675	671347     	131512
479	436.748	206463	729464     	131794
480	436.748	205820	656833     	130360
481	436.748	206041	654290     	131773
482	436.748	205125	654290     	130959
483	436.748	204875	690928     	132329
484	436.748	203982	684769     	132652
485	436.748	203489	729490     	132103
486	436.748	203509	847271     	134118
487	436.748	203196	657006     	132245
488	436.748	203128	650068     	130337
489	436.748	202741	687470     	133128
490	436.748	202393	830851     	133056
491	436.748	201874	724569     	130331
492	436.748	201114	686749     	128784
493	436.748	200702	678327     	128485
494	436.748	199904	708242     	130739
495	436.748	198927	837311     	131769
496	436.748	198846	644323     	128331
497	436.748	199274	695296     	129739
498	436.748	198287	731881     	131170
499	436.748	198174	811781     	131615
149.15000001
