/usr/lib/python2.7/site-packages/deap/tools/_hypervolume/pyhv.py:33: ImportWarning: Falling back to the python version of hypervolume module. Expect this to be very slow.
  "module. Expect this to be very slow.", ImportWarning)
gen	min  	avg   	max   	std   
0  	26725	290198	904368	131586
1  	26725	289490	784265	132746
2  	26725	288738	695106	132261
3  	26725	288871	687318	132401
4  	26725	289479	800592	133910
5  	26725	289506	746179	131933
6  	26725	290464	752315	131051
7  	23068	290111	752315	130188
8  	20074	290147	723790	128809
9  	20074	289159	694244	129621
10 	20074	289744	940894	130758
11 	20074	290269	859383	132351
12 	12352.6	290528	831653	133227
13 	12352.6	291099	815203	134408
14 	12352.6	291727	797113	135382
15 	12198.5	291060	794427	136682
16 	12198.5	291395	691421	134420
17 	12198.5	289747	698737	131554
18 	12198.5	289553	698773	130717
19 	12198.5	289439	693298	133478
20 	12198.5	290327	726387	133765
21 	12198.5	290470	728508	133386
22 	12198.5	290081	695364	131698
23 	12198.5	288761	731287	131502
24 	12198.5	287605	770155	134090
25 	12198.5	287852	766001	134206
26 	12198.5	287821	707071	135782
27 	12198.5	289263	707071	134257
28 	12198.5	288240	687721	133845
29 	12198.5	289020	724311	133686
30 	11685.1	288726	832466	133040
31 	11685.1	287713	735919	131952
32 	8163.84	286521	756854	133304
33 	8163.84	286169	715103	135604
34 	4833.41	285676	786051	133365
35 	4833.41	285653	676823	132084
36 	4833.41	286986	682678	134088
37 	4833.41	287271	699991	136469
38 	4833.41	287064	675255	135838
39 	4833.41	286574	748042	137864
40 	4833.41	287491	783623	138700
41 	4833.41	287401	805384	142151
42 	4432.78	287362	794965	142690
43 	4432.78	287842	794965	141127
44 	4432.78	287200	777067	139460
45 	4432.78	286646	741203	139563
46 	4432.78	286050	728970	137788
47 	4432.78	286139	784040	139590
48 	4300.51	286091	784040	142485
49 	4300.51	285609	749634	143023
50 	4300.51	284829	755892	145151
51 	4300.51	286261	755813	144655
52 	4300.51	285850	782419	147198
53 	4300.51	285302	783536	144904
54 	4300.51	284798	782070	144434
55 	4300.51	284750	776914	143680
56 	4300.51	284870	924983	144736
57 	4300.51	284310	878431	146949
58 	4300.51	284935	778320	147111
59 	4300.51	285353	772624	149424
60 	4300.51	285802	830085	149918
61 	4300.51	284670	822809	146264
62 	4300.51	284354	771663	146245
63 	4300.51	283998	768435	145577
64 	4300.51	285252	915004	146312
65 	4300.51	284924	847520	143979
66 	4300.51	284681	776998	141986
67 	4300.51	284705	783554	142619
68 	4300.51	285400	753004	140473
69 	4300.51	284988	753004	139782
70 	3625.08	285294	751091	140330
71 	3625.08	285121	825850	145793
72 	3625.08	284645	853198	147416
73 	3625.08	284760	825850	146051
74 	3625.08	284842	860381	147442
75 	3625.08	285253	827927	148950
76 	3625.08	285719	790585	148186
77 	3625.08	286102	828382	148081
78 	3625.08	286537	846203	147371
79 	3625.08	286164	864684	145996
80 	3417.79	285665	857384	148426
81 	3417.79	285909	881116	148296
82 	3417.79	285121	857384	145706
83 	3417.79	284493	834475	143967
84 	3417.79	284419	799554	146659
85 	3412.28	284613	791601	147166
86 	3412.28	285610	791601	146780
87 	3412.28	284425	815684	148595
88 	3412.28	284108	802735	147169
89 	3387.77	283000	795011	150002
90 	3387.77	282711	794296	150147
91 	3387.77	281622	822591	151406
92 	3387.77	281586	852360	148870
93 	3387.77	282268	844860	147846
94 	3387.77	282180	806382	148871
95 	3387.77	281715	799451	148681
96 	3387.77	281572	791435	148690
97 	3387.77	281584	777063	151311
98 	3387.77	280416	892789	152529
99 	3387.77	280114	857695	149637
100	3387.77	279546	831535	147855
101	3387.77	279846	845815	150660
102	3387.77	279756	806628	149705
103	3387.77	278869	806498	148901
104	3387.77	278221	835143	147247
105	3387.77	278072	769445	146061
106	3387.77	278788	769445	146809
107	3387.77	278744	807683	147934
108	3387.77	279733	830592	144267
109	3387.77	278385	818228	145018
110	3387.77	277521	829096	145990
111	3387.77	276704	881692	147486
112	3387.77	276726	819209	147483
113	3387.77	276911	756531	145188
114	3387.77	276740	752316	141143
115	3327.7 	276978	817716	144889
116	3327.7 	277312	764495	144273
117	3327.7 	277728	755407	144502
118	3327.7 	278230	773137	145524
119	3327.7 	278064	847012	146524
120	3327.7 	278469	796806	144574
121	3327.7 	278576	796276	146382
122	3327.7 	278579	836616	144049
123	3327.7 	278076	825340	146273
124	3327.7 	277585	757620	145074
125	3327.7 	278207	727056	142741
126	3327.7 	278391	898364	147941
127	3327.7 	278685	857641	147856
128	3327.7 	278764	857641	150570
129	3327.7 	277377	791984	147411
130	3327.7 	277394	886239	146946
131	3327.7 	276858	798174	145119
132	3327.7 	276703	863048	148966
133	3327.7 	276103	833339	149699
134	3327.7 	276173	764382	147572
135	3327.7 	275808	811020	148482
136	3327.7 	274626	811020	148198
137	3327.7 	274240	740419	148418
138	3327.7 	274380	732448	148612
139	3327.7 	273547	783775	148417
140	3327.7 	273219	754470	148493
141	3327.7 	273234	732492	146040
142	3327.7 	273147	833602	146637
143	3327.7 	274352	778846	147407
144	3327.7 	273800	778846	145746
145	3327.7 	275161	778431	145000
146	3327.7 	273441	798076	145631
147	3327.7 	273031	759086	145414
148	3327.7 	273234	757327	142879
149	3327.7 	273108	736264	141957
150	3327.7 	271816	698373	139907
151	3327.7 	271684	680528	137652
152	1981.26	270936	743991	139601
153	1981.26	270304	732700	138048
154	1981.26	270474	681700	138466
155	1981.26	271006	702184	136272
156	1981.26	270853	809195	141311
157	1981.26	271650	785596	139976
158	1981.26	270909	782665	136691
159	1981.26	270932	782691	139696
160	1981.26	270481	782665	141018
161	1981.26	270137	813335	140179
162	1981.26	270920	815751	141327
163	1981.26	270769	749030	140947
164	1710.48	269661	749030	139729
165	1710.48	268937	792673	141311
166	1710.48	268775	798034	139442
167	1710.48	269479	795660	142255
168	1710.48	270517	783521	145720
169	1710.48	270317	778912	143470
170	1710.48	270476	941022	148382
171	1710.48	270341	909807	148168
172	1710.48	269909	762488	148091
173	1710.48	270009	758925	149331
174	1710.48	269691	795713	149283
175	1710.48	269015	847024	152329
176	1710.48	268682	884250	150997
177	1159.4 	268214	831542	148812
178	1159.4 	267430	920119	149220
179	1159.4 	266158	920119	147854
180	1159.4 	266117	833783	147113
181	1159.4 	265838	772254	143361
182	1159.4 	264268	810262	146282
183	1159.4 	262850	790069	145134
184	1159.4 	263352	815894	147019
185	1159.4 	262151	810149	143067
186	1159.4 	261919	810149	142724
187	1159.4 	262364	761337	143077
188	1159.4 	262457	726769	141835
189	1102.06	262237	741114	142684
190	1102.06	262282	740156	142998
191	1102.06	261226	761263	143467
192	1102.06	262073	757247	142375
193	1102.06	262415	736890	143902
194	1102.06	262662	764873	145636
195	883.431	262127	776289	145232
196	883.431	260776	776827	143164
197	883.431	261659	789331	142322
198	883.431	261848	830442	143507
199	883.431	262336	831762	145638
200	883.431	261684	831762	146975
201	883.431	261862	762697	144079
202	883.431	262779	769234	144571
203	883.431	262979	859027	143709
204	883.431	263158	825093	146074
205	883.431	263419	847796	146252
206	883.431	263571	789019	144150
207	883.431	263505	832857	146227
208	803.581	263055	807163	145837
209	803.581	262079	759866	144256
210	803.581	260913	747123	141591
211	803.581	259874	740916	143405
212	803.581	258899	733891	145650
213	770.005	258491	806139	142779
214	770.005	258334	843253	143134
215	770.005	259611	838088	143371
216	770.005	260086	855600	145740
217	770.005	260152	817055	147972
218	770.005	259752	892906	146573
219	770.005	259727	838332	142837
220	770.005	261385	852541	146049
221	770.005	262528	852541	150869
222	770.005	262132	864162	149088
223	770.005	262127	858969	147568
224	770.005	260717	793589	146939
225	770.005	260497	811869	147219
226	770.005	260916	766860	149540
227	770.005	260233	766860	144344
228	770.005	259111	757532	145041
229	770.005	258721	826952	148327
230	770.005	258605	790861	147805
231	770.005	258911	819744	152928
232	770.005	258958	821170	152918
233	770.005	258861	821851	151954
234	770.005	258331	898623	152352
235	761.224	257935	897599	153320
236	761.224	257220	837430	152914
237	761.224	256626	892272	152764
238	761.224	256742	869221	148916
239	761.224	256888	853477	147147
240	761.224	257460	829163	147230
241	761.224	257476	850865	150616
242	761.224	256312	831532	150171
243	761.224	255441	804887	147866
244	761.224	254987	852454	147635
245	761.224	254154	770986	144975
246	761.224	253841	984346	145929
247	761.224	253105	821274	146207
248	761.224	253176	782681	144623
249	761.224	252733	763898	147119
250	761.224	252070	824662	146978
251	761.224	251459	827703	144831
252	761.224	251541	794839	143767
253	761.224	252181	782972	142436
254	761.224	252053	815022	144211
255	761.224	251060	811835	144412
256	761.224	250003	876075	146047
257	761.224	249465	824702	146807
258	761.224	248728	816890	145813
259	761.224	248878	859555	144713
260	761.224	249570	836643	146377
261	761.224	249256	843224	148215
262	761.224	248655	926417	146455
263	761.224	247836	912862	147935
264	761.224	247536	912862	148215
265	761.224	246177	782895	143473
266	761.224	245388	782895	143038
267	761.224	244463	828295	141691
268	761.224	243740	849476	140624
269	761.224	243341	849476	140816
270	761.224	242686	770083	142009
271	761.224	241923	753808	140107
272	761.224	241707	786242	140405
273	761.224	241459	733123	135467
274	761.224	241084	784042	135430
275	761.224	241322	734425	136034
276	761.224	240818	745933	135824
277	761.224	242031	745933	136704
278	761.224	243091	742797	140276
279	761.224	242832	741267	140652
280	761.224	242919	877563	142517
281	761.224	242072	831763	141698
282	761.224	241429	730168	138705
283	761.224	241031	726103	138262
284	761.224	240371	721995	139875
285	761.224	240717	757394	141647
286	761.224	239390	783784	140870
287	761.224	239088	765185	141852
288	761.224	238930	765779	140042
289	761.224	238702	760829	139654
290	761.224	238306	756098	140290
291	761.224	238881	744110	140010
292	761.224	238171	743539	139384
293	761.224	237932	720670	135756
294	761.224	236728	888348	137089
295	761.224	235555	831789	137031
296	761.224	235004	790064	135037
297	761.224	233868	856379	138108
298	761.224	232913	790759	136069
299	761.224	233159	801372	137606
300	761.224	233050	790373	137412
301	761.224	232932	833899	139784
302	761.224	232024	784216	136949
303	761.224	231359	784216	138232
304	761.224	230155	788776	136586
305	761.224	229702	788690	135362
306	761.224	229906	764550	136554
307	761.224	229419	740870	134259
308	761.224	229233	742499	133218
309	761.224	228514	812517	135388
310	761.224	228654	689771	131123
311	761.224	228667	733426	131661
312	761.224	228281	671577	130303
313	761.224	229037	712859	129976
314	761.224	229371	751603	133492
315	761.224	229781	727425	132077
316	761.224	230565	759270	134943
317	761.224	230817	733808	135580
318	758.651	230580	716872	134557
319	730.45 	230468	699537	133842
320	730.45 	230050	812863	132665
321	728.69 	229767	724287	133736
322	728.69 	228293	746978	132340
323	728.69 	228499	641025	132453
324	728.69 	228275	681362	133335
325	722.084	227831	749997	135012
326	722.084	227091	723121	134662
327	722.084	226780	723836	135771
328	722.084	226861	773366	137241
329	722.084	226759	783190	138391
330	722.084	225592	768298	137866
331	722.084	225455	781217	138934
332	722.084	224381	733872	133869
333	722.084	223913	865675	135272
334	722.084	223190	752783	133906
335	722.084	223168	770448	131996
336	646.913	223188	770241	131640
337	646.913	223013	779091	132890
338	646.913	222594	739046	133348
339	646.913	222336	759783	134717
340	646.913	222001	733245	133527
341	646.913	223086	709788	131756
342	646.913	222362	709175	132709
343	646.913	221811	720526	131756
344	646.913	221036	709175	130029
345	646.913	220537	702966	129146
346	646.913	220799	662540	130053
347	646.913	220630	677699	130477
348	646.913	220549	657160	125731
349	646.913	219511	634551	124778
350	646.913	219316	632409	126857
351	646.913	218560	637779	128304
352	646.913	219746	667299	130646
353	646.913	219290	678156	129876
354	646.913	219572	647561	129308
355	646.913	219471	727524	130923
356	646.781	220283	667948	130476
357	646.781	220472	657334	130765
358	646.781	220511	657334	125691
359	646.781	220933	680887	126775
360	646.781	220725	667961	127918
361	646.781	221590	713694	132741
362	646.781	222462	675712	130212
363	646.781	222332	765027	130466
364	646.781	221761	772080	129861
365	646.781	221907	738359	129999
366	646.781	222852	749637	131060
367	646.781	222338	733986	132420
368	598.303	221284	653771	127126
369	598.303	221104	656387	128232
370	598.303	221460	763153	133298
371	598.303	220605	761702	137519
372	598.303	219924	763955	138329
373	598.303	220158	724644	139207
374	598.303	219880	703361	139661
375	598.303	221285	683010	138996
376	598.303	220750	687091	136862
377	598.303	221082	738892	137341
378	552.998	220330	755499	137687
379	552.998	219958	719839	136227
380	552.998	218859	656934	132615
381	548.871	220236	721362	133694
382	395.401	219718	639721	134037
383	395.401	219120	709907	132151
384	395.401	218596	718363	131327
385	395.401	217869	794128	132398
386	395.401	217750	722418	131522
387	395.401	217613	697491	134962
388	395.401	217831	700944	135854
389	395.401	218130	721093	133550
390	395.401	218345	790506	135394
391	395.401	218054	743553	134789
392	395.401	217318	735405	135919
393	395.401	217507	739785	135598
394	395.401	217072	802919	137676
395	395.401	216131	743250	136811
396	395.401	215986	743250	136738
397	395.401	215285	754913	137382
398	395.401	214904	775317	137270
399	395.401	214720	786170	138163
400	395.401	214417	849658	141051
401	395.401	215054	845036	139714
402	395.401	214424	787199	137395
403	395.401	214682	758964	138838
404	395.401	214778	754130	137710
405	395.401	212892	702957	131311
406	395.401	212762	701371	130421
407	395.401	212081	734472	130744
408	395.401	211654	734472	132698
409	395.401	210701	742524	134133
410	395.401	210148	762405	135222
411	395.401	211047	771739	134219
412	395.401	211229	815495	133955
413	395.401	211309	725518	132538
414	395.401	211039	690308	128607
415	395.401	210975	691286	128784
416	395.401	210490	680246	125215
417	395.401	210899	678330	128784
418	395.401	210931	669484	129549
419	395.401	210735	669484	128604
420	395.401	210846	758887	128828
421	395.401	211216	758887	130468
422	395.401	211202	647446	129919
423	395.401	211231	665107	127625
424	395.401	210273	665107	127313
425	395.401	210626	733184	128567
426	395.401	210851	738093	129372
427	395.401	210010	735191	128218
428	395.401	209670	728692	127646
429	395.401	209767	696028	131551
430	395.401	208855	749123	132242
431	395.401	208708	671734	128507
432	395.401	208633	679472	128883
433	395.401	208565	789214	131405
434	395.401	207611	711624	130918
435	395.401	207958	711898	128871
436	395.401	207990	746437	128007
437	395.401	208084	799743	130192
438	395.401	208123	713348	129073
439	395.401	208589	699495	130507
440	395.401	207254	701014	129478
441	395.401	207349	693969	132297
442	395.401	208327	728212	133393
443	395.401	207224	679589	132701
444	395.401	206234	777134	132564
445	395.401	206071	721578	131257
446	395.401	206240	741715	129469
447	395.401	204813	755928	127561
448	395.401	204129	755928	130466
449	395.401	203519	716101	128452
450	395.401	203412	713286	128907
451	395.401	202408	717992	125586
452	395.401	201513	765776	129711
453	395.401	201224	711565	127527
454	395.401	200946	710719	126729
455	395.401	200651	712052	126396
456	395.401	200552	700016	126146
457	395.401	199746	655681	125280
458	395.401	199306	648511	124577
459	395.401	198373	648511	124041
460	395.401	198107	724981	125722
461	395.401	199114	655101	125599
462	395.401	198700	640667	124139
463	395.401	197438	640667	120621
464	395.401	196816	785737	121852
465	395.401	196620	627594	123539
466	389.384	196545	623234	123670
467	389.384	195729	603496	119398
468	389.384	194324	605564	120071
469	389.384	195186	629856	119901
470	389.384	195526	650771	122356
471	389.384	195548	711511	124276
472	389.384	195423	628716	123734
473	389.384	195518	592763	122213
474	389.384	195352	618836	124418
475	389.384	195499	604078	124261
476	389.384	195463	627050	123923
477	389.384	195266	659824	125508
478	389.384	195254	631589	123081
479	388.571	195465	649649	123408
480	388.571	194640	649649	122153
481	388.571	194360	659136	121636
482	388.571	194648	736841	122741
483	383.109	193971	662709	122951
484	383.109	192888	685740	121511
485	383.109	192848	654299	121642
486	383.109	191462	673760	119560
487	383.109	191092	618864	116730
488	383.109	190826	624451	117194
489	383.109	190261	624451	115480
490	383.109	190063	669391	118210
491	383.109	190290	677579	121056
492	383.109	190323	630061	118531
493	383.109	189946	625040	117995
494	383.109	190311	707684	120892
495	383.109	190257	688850	121774
496	383.109	190376	688850	119569
497	383.109	189544	655449	119836
498	383.109	188590	652857	116381
499	383.109	188068	633110	116454
149.15000001
