/usr/lib/python2.7/site-packages/deap/tools/_hypervolume/pyhv.py:33: ImportWarning: Falling back to the python version of hypervolume module. Expect this to be very slow.
  "module. Expect this to be very slow.", ImportWarning)
gen	min    	avg   	max   	std    
0  	22982.7	172337	596591	86483.5
1  	22982.7	172548	552979	86335.4
2  	22982.7	174584	585179	88272.4
3  	16556.6	172800	539221	83587.7
4  	10201.5	173256	552848	85861  
5  	10201.5	173237	666601	87041.9
6  	10150  	174022	617332	87406.4
7  	10150  	174762	626821	88044.1
8  	10150  	177205	626821	91286.6
9  	10150  	176050	624213	90593.3
10 	10150  	174877	641835	89526.4
11 	10150  	174854	785410	92566.7
12 	10150  	173357	555368	92155.8
13 	10150  	174102	582991	93848.8
14 	7744.9 	173660	582991	95128.5
15 	7523.03	173415	634034	93991.2
16 	7523.03	174463	634034	95150.6
17 	7523.03	173192	568535	92788.7
18 	6257.84	174774	642274	93970  
19 	6257.84	175545	557038	92959.9
20 	6257.84	174505	561335	92567.6
21 	6257.84	172820	684802	93768.2
22 	6257.84	171289	598472	90401.3
23 	6257.84	172121	641672	91993.9
24 	6257.84	172694	641672	91663.9
25 	6257.84	172080	600241	90771.1
26 	6257.84	174328	621923	92730.5
27 	6257.84	172620	610433	91081.9
28 	6257.84	175034	610433	93913.3
29 	6257.84	172925	571630	89256.4
30 	6062.01	174532	540469	89949.3
31 	6062.01	172199	506029	86705.3
32 	6062.01	174534	598173	89788.8
33 	6062.01	174825	596959	88062.4
34 	6062.01	176355	655347	97720.8
35 	5233.45	176028	664951	96668.7
36 	4937.94	175829	665665	96905.9
37 	4937.94	174456	722832	97177.9
38 	4937.94	175408	638655	99343.1
39 	4937.94	176204	613092	100528 
40 	4937.94	175208	623541	98850.5
41 	4937.94	176021	577292	98373.7
42 	4937.94	177640	725829	99982.1
43 	4937.94	177117	760123	102238 
44 	4937.94	178659	667367	104885 
45 	4937.94	176843	582623	98560.2
46 	4896.5 	177408	618345	99575.4
47 	4896.5 	177802	624587	96830.6
48 	4896.5 	179179	683426	101107 
49 	4896.5 	178744	615104	97885.5
50 	4896.5 	178392	672470	100357 
51 	4896.5 	175974	672470	98283  
52 	4896.5 	173162	658125	97317.6
53 	4896.5 	173750	701278	97112.9
54 	4896.5 	176408	771653	103684 
55 	4896.5 	175765	596745	99514.2
56 	4896.5 	177807	631378	103349 
57 	4896.5 	179390	821437	107045 
58 	4896.5 	177965	790634	106903 
59 	4896.5 	178550	768213	109275 
60 	4896.5 	176179	711151	104206 
61 	4896.5 	176963	869745	104007 
62 	4896.5 	175942	692681	101342 
63 	4896.5 	177162	683450	104087 
64 	4896.5 	177007	643300	104277 
65 	4896.5 	177609	734750	100352 
66 	4896.5 	175902	734750	103461 
67 	4896.5 	176137	760140	106731 
68 	4896.5 	176733	711397	104293 
69 	4896.5 	175155	704603	103873 
70 	4896.5 	177091	653567	104580 
71 	4896.5 	177409	783224	103555 
72 	4896.5 	174113	694811	99249.5
73 	4896.5 	175540	663909	99892.9
74 	4896.5 	174293	570771	95931.2
75 	4896.5 	175904	570771	99866.8
76 	4896.5 	179971	585217	106192 
77 	4896.5 	178589	602437	102927 
78 	4896.5 	178167	803335	105757 
79 	4896.5 	178471	783032	107225 
80 	4896.5 	176372	769074	102481 
81 	4896.5 	176131	715067	103256 
82 	4896.5 	176085	715067	104824 
83 	4896.5 	177498	708632	108364 
84 	4896.5 	179678	701529	109520 
85 	4896.5 	180635	699932	109435 
86 	4896.5 	179032	667148	103836 
87 	4896.5 	180059	675918	108404 
88 	4896.5 	180436	701888	112020 
89 	4896.5 	180839	815116	115294 
90 	4896.5 	183449	917596	124311 
91 	3587.62	180596	839093	116895 
92 	3587.62	180187	1.0932e+06	118680 
93 	3587.62	180995	847200    	115699 
94 	3587.62	182389	732451    	114746 
95 	3346.44	181822	761355    	115435 
96 	3346.44	180281	788244    	113507 
97 	3346.44	180095	784796    	113924 
98 	3346.44	178504	733834    	111010 
99 	3346.44	177395	872986    	109105 
100	3321.61	175375	806482    	103758 
101	3321.61	176865	651437    	105810 
102	3321.61	178644	676564    	108164 
103	3321.61	179227	695955    	108998 
104	3321.61	177806	750565    	107464 
105	3321.61	176299	752888    	107736 
106	3321.61	177480	885939    	110747 
107	3321.61	180667	724712    	113485 
108	3321.61	180277	676248    	113096 
109	3321.61	182389	913335    	118793 
110	3305.62	184319	848278    	120748 
111	3305.62	181247	714703    	113358 
112	3305.62	179725	741563    	111139 
113	3305.62	181264	869574    	114107 
114	3305.62	180946	869574    	116422 
115	3305.62	181768	777317    	113241 
116	3305.62	180814	762993    	112587 
117	3305.62	181742	706970    	109289 
118	3305.62	183674	722189    	111640 
119	3305.62	185097	778334    	115197 
120	2864.57	181112	653839    	111156 
121	2864.57	181952	753331    	113553 
122	1749.5 	179682	776438    	111072 
123	1749.5 	177949	734039    	109395 
124	1749.5 	178553	644149    	108759 
125	1749.5 	179335	750108    	112230 
126	1749.5 	178643	686298    	108105 
127	1749.5 	178982	815148    	111169 
128	1749.5 	179442	825098    	114294 
129	1748.91	181266	797621    	117002 
130	1748.91	178797	708373    	112353 
131	1748.91	175860	712062    	106840 
132	1748.91	174918	789930    	106250 
133	1748.91	175961	680789    	105549 
134	1748.91	176068	683610    	104927 
135	1748.91	177702	763407    	108336 
136	1748.91	174213	779916    	105608 
137	1748.91	174538	747323    	105575 
138	1748.91	177488	675655    	109155 
139	1748.91	176412	674856    	109226 
140	1613.64	176584	601293    	108431 
141	1613.64	176407	881173    	114255 
142	1613.64	178573	951418    	117680 
143	1613.64	179978	951418    	119313 
144	1613.64	178835	866810    	119807 
145	1613.64	176732	774815    	113446 
146	1613.64	172146	651620    	108182 
147	1613.64	176494	762875    	114354 
148	1613.64	176920	720536    	114846 
149	1613.64	175728	777858    	114979 
150	1613.64	175523	779405    	114300 
151	1613.64	172315	647897    	106716 
152	1613.64	173397	660807    	109080 
153	1613.64	176486	696621    	113377 
154	1613.64	178005	716359    	114548 
155	1613.64	177440	622111    	111853 
156	1613.64	176891	676000    	111877 
157	1613.64	176444	831779    	114879 
158	1613.64	176373	658349    	111393 
159	1613.64	174910	647872    	108426 
160	1613.64	173085	672298    	104732 
161	1613.64	174224	658639    	108494 
162	1580.82	173466	879359    	112543 
163	1580.82	173023	679608    	113064 
164	1580.82	171999	681241    	107936 
165	1507.29	173643	751498    	110369 
166	1507.29	172878	751498    	110163 
167	1507.29	173779	789210    	110152 
168	1507.29	174709	784293    	108640 
169	1507.29	175360	637706    	107587 
170	1507.29	175448	685666    	114180 
171	1507.29	174852	640714    	112520 
172	1507.29	173830	783165    	112401 
173	1507.29	172326	756237    	110912 
174	1507.29	172165	801185    	112215 
175	1507.29	174206	799599    	114193 
176	1507.29	172162	869260    	117071 
177	1507.29	171227	863700    	117575 
178	1507.29	168904	709101    	110380 
179	1507.29	168769	782324    	111771 
180	1507.29	171915	829232    	117141 
181	1507.29	171685	817390    	114325 
182	1507.29	171511	738525    	115017 
183	1507.29	169551	716805    	110082 
184	1507.29	169208	752345    	108703 
185	1507.29	172220	766856    	113148 
186	1507.29	172004	665556    	111755 
187	1507.29	174495	750122    	114902 
188	1507.29	174406	809792    	115717 
189	1507.29	176365	743695    	118127 
190	1507.29	174307	851698    	113664 
191	1507.29	175522	790317    	119936 
192	1507.29	178587	783410    	123378 
193	1507.29	176215	770884    	120878 
194	1507.29	177827	735496    	119758 
195	1507.29	175541	769888    	120815 
196	1507.29	177066	786928    	119816 
197	1507.29	174333	756691    	113549 
198	1507.29	173454	723878    	114376 
199	1507.29	174366	685460    	115835 
200	1507.29	173596	672754    	115850 
201	1507.29	172343	736920    	116461 
202	1507.29	174072	939938    	116735 
203	1488.54	172040	939938    	113669 
204	1488.54	171869	807802    	115182 
205	1488.54	168875	807802    	107007 
206	1488.54	171786	918769    	114858 
207	1488.54	169912	780429    	111603 
208	1488.54	169999	753122    	112637 
209	1488.54	172292	822526    	117361 
210	1488.54	170979	822526    	116922 
211	1488.54	169461	822526    	118349 
212	1488.54	167571	750173    	112577 
213	1488.54	168190	837071    	116228 
214	1488.54	167929	956271    	115682 
215	1488.54	166518	707398    	107778 
216	1488.54	168069	850303    	111833 
217	1488.54	169479	703185    	114835 
218	1488.54	171165	756515    	117036 
219	1488.54	168574	636847    	109207 
220	1488.54	168178	844496    	110947 
221	1488.54	169693	658606    	112372 
222	1488.54	170444	679079    	115618 
223	1488.54	168006	623337    	111725 
224	1488.54	169023	744742    	114302 
225	1488.54	166039	699183    	109408 
226	1488.54	167954	693637    	113403 
227	1488.54	168122	693637    	111611 
228	1488.54	167363	665373    	111693 
229	1488.54	165113	713004    	109868 
230	1488.54	166537	789162    	114042 
231	1488.54	167923	785599    	114327 
232	1488.54	166864	706967    	109031 
233	1488.54	168470	704319    	114241 
234	1488.54	168532	755570    	118946 
235	1488.54	169943	912425    	119542 
236	1466.01	168192	795390    	115070 
237	1466.01	167606	763066    	116280 
238	1466.01	168879	744846    	118513 
239	1466.01	170123	948838    	126541 
240	1466.01	168492	976516    	122505 
241	1466.01	167256	943867    	122083 
242	1466.01	166162	747036    	118278 
243	1466.01	167965	752533    	120763 
244	1466.01	166593	856488    	118691 
245	1466.01	164641	814675    	116128 
246	1091.31	166190	803405    	116592 
247	1091.31	166423	719828    	111726 
248	1064.83	163972	713654    	106279 
249	1064.83	166050	664888    	112479 
250	1064.83	165730	740861    	113915 
251	1064.83	165206	675798    	113796 
252	1064.83	167396	673505    	116287 
253	1064.83	166576	666132    	112551 
254	1064.83	164734	641043    	108471 
255	1064.83	167220	729006    	111983 
256	1064.83	166326	696396    	107824 
257	1064.83	166224	679045    	107948 
258	1064.83	167654	702618    	113050 
259	1064.83	167614	705177    	111641 
260	1064.83	165660	719747    	110610 
261	1064.83	165505	597345    	109947 
262	1064.83	165066	721596    	109810 
263	1064.83	166593	700075    	113140 
264	1064.83	166762	784754    	115586 
265	1064.83	166662	846048    	117839 
266	1057.87	163494	831780    	109625 
267	1057.87	164248	649705    	110424 
268	1057.87	166405	698350    	113397 
269	1057.87	165595	760306    	113487 
270	1057.87	166192	760306    	114839 
271	1057.87	163479	729809    	110635 
272	1057.87	165197	790281    	115633 
273	1057.87	166118	761365    	114568 
274	1030.25	164229	761365    	113777 
275	1030.25	162214	762985    	112794 
276	1030.25	161872	776611    	110421 
277	1030.25	163752	689763    	113412 
278	1030.25	162281	671138    	105744 
279	1030.25	162744	684243    	105361 
280	1030.25	160882	751673    	107734 
281	1030.25	159644	672080    	110214 
282	1027.08	161254	739134    	113901 
283	1027.08	161436	811815    	113242 
284	1027.08	161971	811815    	117751 
285	1027.08	159853	857142    	111717 
286	1027.08	161588	1.05986e+06	118551 
287	1027.08	163148	979004     	118408 
288	1027.08	162480	759221     	111991 
289	1027.08	160380	701507     	104735 
290	1027.08	163240	746919     	112803 
291	1027.08	165943	742382     	117327 
292	1027.08	164538	697970     	113489 
293	1027.08	164349	653013     	113663 
294	1027.08	165165	683574     	112202 
295	1027.08	165128	754704     	117393 
296	1027.08	163821	788694     	115412 
297	1027.08	164059	769676     	119698 
298	1027.08	164823	713480     	114864 
299	1027.08	164221	796384     	115579 
300	1027.08	161158	788414     	108991 
301	1027.08	161244	733863     	108956 
302	1027.08	162005	680415     	108661 
303	1027.08	160215	628817     	103602 
304	1027.08	160436	1.07791e+06	111260 
305	1027.08	160406	772267     	108861 
306	1027.08	160756	674213     	108471 
307	1027.08	161249	653177     	110954 
308	1027.08	163794	826965     	115952 
309	1027.08	164648	753344     	118319 
310	1027.08	166456	929480     	124773 
311	1027.08	164579	907036     	123309 
312	1027.08	162536	969360     	123523 
313	1027.08	163909	722275     	122517 
314	1027.08	164008	754510     	119407 
315	1027.08	164332	754510     	117681 
316	1027.08	165189	881449     	122183 
317	1027.08	162254	745032     	118623 
318	1027.08	162339	697050     	114227 
319	1027.08	160007	851669     	115202 
320	1027.08	164207	997514     	126153 
321	1027.08	165092	877212     	121019 
322	1027.08	164010	1.00275e+06	123450 
323	1027.08	163741	934606     	122670 
324	1027.08	165620	901660     	123463 
325	1027.08	164308	834736     	120931 
326	1027.08	161497	853623     	115258 
327	1027.08	161627	742774     	115990 
328	1027.08	160404	677292     	111034 
329	1027.08	159854	724353     	112618 
330	1027.08	158933	749744     	115999 
331	1027.08	158354	749744     	113581 
332	1027.08	158001	725031     	110048 
333	1027.08	159630	715558     	113295 
334	1027.08	160019	774243     	113471 
335	1027.08	160331	774243     	113127 
336	1027.08	158753	936426     	113931 
337	1027.08	159329	1.0037e+06 	122450 
338	1027.08	163435	886932     	124197 
339	1027.08	162283	818232     	121279 
340	1027.08	161070	799016     	117454 
341	1027.08	157972	725603     	108804 
342	1027.08	157590	933912     	113342 
343	1027.08	158154	697384     	116274 
344	1027.08	159198	736352     	117626 
345	1027.08	159450	891107     	117227 
346	1027.08	160930	727004     	113396 
347	902.999	162204	762857     	115881 
348	902.999	162453	809753     	113813 
349	902.999	164902	811874     	122214 
350	902.999	163914	811874     	122255 
351	902.999	162130	710753     	115911 
352	902.999	161750	775111     	113809 
353	902.999	159696	802570     	113520 
354	902.999	161334	654555     	114927 
355	902.999	160455	765916     	114769 
356	902.514	162306	624382     	114907 
357	902.514	163194	711261     	118800 
358	902.514	162216	703796     	120502 
359	902.514	159794	913515     	118491 
360	902.514	159987	913515     	118324 
361	898.549	162294	769111     	114472 
362	898.549	161336	668470     	114894 
363	898.549	160554	780470     	116090 
364	898.549	160281	758568     	119059 
365	898.549	159817	783047     	119245 
366	898.549	161240	819866     	122083 
367	898.549	160198	793229     	120287 
368	898.549	158467	868283     	118019 
369	898.549	157796	772292     	113219 
370	898.549	156555	752289     	112178 
371	898.549	155571	716766     	113127 
372	898.549	156909	718860     	112066 
373	898.549	156540	699317     	113727 
374	898.549	155338	626109     	110469 
375	848.548	155587	790149     	112969 
376	848.548	154329	857077     	114104 
377	848.548	154956	716354     	114977 
378	818.715	154563	748533     	110584 
379	818.715	153858	724447     	106546 
380	818.715	153886	724284     	106760 
381	818.715	154931	655452     	107346 
382	818.715	155016	690507     	110493 
383	787.139	153829	597371     	104497 
384	787.139	151761	704652     	103742 
385	787.139	153681	878666     	110477 
386	787.139	153145	829086     	110827 
387	787.139	153702	727389     	108265 
388	787.139	153656	765996     	103445 
389	787.139	156155	766422     	110525 
390	787.139	157538	846123     	115095 
391	787.139	154251	772127     	113042 
392	787.139	156070	772067     	116434 
393	787.139	156307	798986     	115410 
394	787.139	157979	768906     	116656 
395	787.139	159390	765704     	120433 
396	787.139	158838	747558     	118959 
397	787.139	156933	747558     	117766 
398	787.139	158001	768813     	121173 
399	787.139	156735	709443     	116647 
400	787.139	156851	861848     	119456 
401	787.139	154423	752530     	112687 
402	709.516	154654	660866     	112301 
403	709.516	155568	655165     	113886 
404	709.516	154478	705030     	113820 
405	709.516	154024	738284     	109936 
406	709.516	152922	717407     	106877 
407	709.516	155049	740849     	108925 
408	709.516	152714	869430     	108676 
409	709.516	151961	711548     	105125 
410	709.516	149902	697523     	103147 
411	709.516	150676	634172     	104256 
412	706.294	153830	634172     	111450 
413	706.294	152988	625030     	110167 
414	706.294	152240	618567     	108241 
415	706.294	151916	594580     	105205 
416	706.294	151314	668941     	109234 
417	706.294	151319	666618     	108559 
418	706.294	149891	656636     	104626 
419	706.294	152359	656636     	106895 
420	706.294	150674	594587     	104154 
421	706.294	148569	684291     	101262 
422	706.294	148226	623857     	100067 
423	706.294	149681	603458     	101094 
424	706.294	152169	831099     	106795 
425	706.294	151053	609276     	104785 
426	702.444	152409	618259     	107803 
427	702.444	152503	814397     	111281 
428	702.444	153650	945545     	115848 
429	702.444	154528	945545     	119326 
430	702.444	153847	907395     	116502 
431	702.444	154308	676099     	113372 
432	702.444	155137	764944     	114652 
433	702.444	152657	680805     	110219 
434	702.444	152210	819776     	111519 
435	702.444	152906	752844     	110699 
436	702.444	151758	751649     	106161 
437	702.444	152450	728594     	108773 
438	702.444	151032	593075     	104123 
439	702.444	149713	567898     	100664 
440	702.444	148699	703350     	102748 
441	702.444	147298	646305     	97693.6
442	702.444	148842	694629     	102145 
443	702.444	149404	751978     	102661 
444	702.444	150721	725968     	105875 
445	702.444	151130	638022     	105723 
446	702.444	152804	906379     	108691 
447	702.444	151100	719983     	104604 
448	702.444	151792	669951     	106046 
449	702.444	151174	735920     	103213 
450	702.444	151594	632667     	103606 
451	702.444	151065	656367     	104100 
452	702.444	150322	621749     	101415 
453	702.444	150184	606443     	102116 
454	702.444	149928	711088     	105831 
455	702.444	150861	587753     	103742 
456	702.444	150405	563399     	103247 
457	702.444	149722	663657     	103117 
458	702.444	148614	613917     	101970 
459	702.444	150068	625806     	103719 
460	702.444	149156	634739     	101909 
461	702.444	150987	590357     	106060 
462	702.444	151107	741803     	111905 
463	702.444	151868	706259     	112300 
464	702.444	153050	706259     	114934 
465	702.444	150992	688093     	111770 
466	702.444	150836	691847     	108428 
467	702.444	149395	804781     	107505 
468	702.444	150221	731791     	106042 
469	702.444	151816	722437     	111851 
470	702.444	149960	579657     	105078 
471	702.444	147686	597422     	102899 
472	702.444	148753	638482     	105839 
473	702.444	149043	681484     	106672 
474	702.444	150613	667902     	107185 
475	702.444	149997	690135     	107912 
476	702.444	148249	685335     	106163 
477	702.444	150299	745371     	113431 
478	702.444	148373	725085     	109995 
479	702.444	147924	688016     	110921 
480	702.444	149252	700693     	110849 
481	702.444	149472	716713     	108905 
482	702.444	148744	675971     	109567 
483	702.444	152821	895747     	115102 
484	702.444	150418	711131     	107799 
485	702.444	151020	705536     	109737 
486	702.444	151098	648035     	108945 
487	702.444	149526	611816     	107095 
488	702.444	150396	614285     	106772 
489	702.444	149245	624394     	106719 
490	702.444	149686	737431     	108077 
491	702.444	153016	707830     	116064 
492	702.444	150890	686293     	111221 
493	702.444	152219	809130     	112564 
494	702.444	153390	707226     	116990 
495	702.444	152100	739734     	115948 
496	702.444	151397	697513     	113776 
497	702.444	149766	708152     	108718 
498	702.444	150291	701035     	106937 
499	702.444	150725	719473     	109494 
123.83000001
