/usr/lib/python2.7/site-packages/deap/tools/_hypervolume/pyhv.py:33: ImportWarning: Falling back to the python version of hypervolume module. Expect this to be very slow.
  "module. Expect this to be very slow.", ImportWarning)
gen	min    	avg   	max   	std    
0  	18792.4	168065	671628	89101.4
1  	18792.4	167888	655308	89084.1
2  	18792.4	166711	545531	86833.5
3  	18792.4	167594	533830	88223.7
4  	18792.4	168017	567296	88400.4
5  	18792.4	170092	676892	94589.7
6  	18792.4	170317	662316	95026.7
7  	18792.4	170521	625316	95626.8
8  	18792.4	169496	632506	91887.4
9  	18792.4	170654	651003	92442.3
10 	18792.4	170480	570199	89233.8
11 	10456.9	168228	600246	88097.8
12 	10456.9	165304	570199	85998.9
13 	10456.9	165587	558221	84687  
14 	10456.9	166934	604773	86571.1
15 	10456.9	169633	565291	88500.3
16 	10456.9	170254	522957	88320.9
17 	8622.18	172623	606345	94178.1
18 	8622.18	172166	706976	94403.4
19 	8622.18	173745	627676	95591.4
20 	5768.98	172766	606345	95087.4
21 	5768.98	170517	595607	92737.6
22 	5768.98	167239	556340	88229.1
23 	5768.98	169011	626964	93031.7
24 	5768.98	170093	649588	93992.9
25 	5768.98	171758	649588	94540.5
26 	5768.98	171444	574360	92346.7
27 	5768.98	170063	539016	88894.3
28 	5768.98	168664	632674	88187.2
29 	5768.98	170464	629700	91318.6
30 	5768.98	170101	692200	93336.1
31 	5768.98	171302	588527	93297.8
32 	5768.98	172321	606692	97509  
33 	5768.98	170135	629759	96027  
34 	5768.98	171084	700655	98631.8
35 	5768.98	170346	656857	97543.4
36 	5768.98	173781	746374	101223 
37 	5768.98	173745	674831	103560 
38 	5768.98	171914	641233	98416.4
39 	5768.98	171612	651855	96007.3
40 	5768.98	172030	643084	96000.1
41 	5768.98	170440	610184	93288.9
42 	5768.98	171272	660246	94574.8
43 	5768.98	170807	668560	94261.4
44 	5768.98	174685	766796	96916.7
45 	5568.44	175394	659910	95296.4
46 	5568.44	176293	605122	96138.6
47 	5568.44	174908	551557	98878.3
48 	5568.44	172432	593347	96240  
49 	5568.44	172089	559282	93101.4
50 	5568.44	169483	683636	92535.8
51 	5568.44	172298	642413	98076.6
52 	5568.44	171038	702101	97490.1
53 	5568.44	170322	546023	95268.6
54 	5568.44	171062	956177	98625.3
55 	5568.44	171128	674230	98614.5
56 	5568.44	170761	684429	94282.2
57 	5568.44	169496	654566	96875.2
58 	5568.44	170711	704092	101238 
59 	5568.44	170845	704092	99374.3
60 	5568.44	171655	701303	103337 
61 	5357.33	170160	628948	99489.1
62 	5357.33	168269	569306	94047.8
63 	5347.74	167735	649593	98064.1
64 	5347.74	168503	658827	99932.2
65 	4242.09	168100	668689	96758.5
66 	4242.09	170868	651395	98294.4
67 	4242.09	172035	619218	97037.3
68 	4242.09	169901	679556	97658.4
69 	4242.09	169726	728165	102628 
70 	4242.09	167771	641704	98521.7
71 	4242.09	168931	599620	96691.2
72 	4242.09	170069	690344	99637.4
73 	4242.09	169032	697998	97021.3
74 	4242.09	168344	629770	95163.5
75 	4242.09	170893	675819	98537.7
76 	4242.09	170786	714746	100679 
77 	4242.09	170577	657333	101652 
78 	4242.09	175082	673471	108663 
79 	4242.09	174125	652403	102706 
80 	4242.09	172792	600355	102339 
81 	4242.09	170874	540640	96499.4
82 	3926.69	173118	567423	99681.3
83 	3926.69	173205	658844	102895 
84 	3926.69	173352	674938	103306 
85 	3926.69	175024	693926	106983 
86 	3926.69	175208	708598	108825 
87 	3455.46	172210	656331	105024 
88 	3455.46	173248	670962	102341 
89 	3455.46	173260	672700	102713 
90 	3455.46	173356	564387	101437 
91 	3455.46	175809	728693	109202 
92 	3214.27	172548	848026	109237 
93 	3091.89	173585	848026	108808 
94 	2288.3 	171265	667196	101184 
95 	2288.3 	172498	667196	101521 
96 	2288.3 	173236	691599	101585 
97 	2288.3 	173360	587744	103964 
98 	2288.3 	173457	785897	106127 
99 	2288.3 	172202	738307	104579 
100	2288.3 	169157	738307	102716 
101	2288.3 	172430	673575	103952 
102	2288.3 	173455	918456	110126 
103	2288.3 	172062	771835	105110 
104	2288.3 	170952	649473	101925 
105	2288.3 	171225	621103	103337 
106	2288.3 	171825	779694	103988 
107	2288.3 	173692	657541	106387 
108	2288.3 	173564	755836	106595 
109	2288.3 	173387	627697	101869 
110	2288.3 	177113	741575	108828 
111	2248.31	174213	672215	108823 
112	1653.24	175329	672215	109942 
113	1653.24	174681	844571	114011 
114	1653.24	172629	775925	107401 
115	1653.24	171082	669438	102869 
116	1653.24	171154	669438	102991 
117	1653.24	172257	576856	99701.5
118	1397.96	174503	757684	106361 
119	1397.96	172462	705492	107019 
120	1397.96	172905	762257	108779 
121	1397.96	172740	762257	109774 
122	1397.96	173818	809457	112890 
123	1397.96	172561	768765	107036 
124	1397.96	172287	824371	108438 
125	1397.96	173280	623216	103891 
126	1397.96	173596	816071	105172 
127	1397.96	171265	660839	103557 
128	1397.96	171679	660839	106991 
129	1397.96	171530	699232	109434 
130	1397.96	173041	650908	108254 
131	1397.96	174348	674853	111750 
132	1397.96	173529	741215	107771 
133	1397.96	174696	734555	111005 
134	1397.96	174847	769426	114356 
135	1397.96	176287	812364	115690 
136	1397.96	176367	812364	117178 
137	1397.96	175489	865964	115260 
138	1397.96	177261	877643	120403 
139	1397.96	177145	914371	118756 
140	1397.96	177168	716534	118011 
141	1397.96	176167	734603	113034 
142	1397.96	175942	720513	117783 
143	1397.96	175853	755169	116528 
144	1397.96	176249	799332	117050 
145	1397.96	175765	907205	116922 
146	1397.96	173791	825027	113708 
147	1397.96	173167	765251	110278 
148	1397.96	172548	686855	109057 
149	1397.96	168363	650898	103100 
150	1397.96	166713	702865	100006 
151	1397.96	169483	560407	99152.1
152	1397.96	169043	611703	101966 
153	1397.96	170072	637797	103526 
154	1397.96	169777	619140	102976 
155	1397.96	170504	641221	104783 
156	1397.96	172498	824826	115792 
157	1397.96	171613	714701	115308 
158	1397.96	170817	691348	107223 
159	1397.96	169912	855338	107547 
160	1397.96	170674	725130	106519 
161	1397.96	169571	695663	106821 
162	1397.96	168587	657475	107270 
163	1397.96	169327	684577	107910 
164	1397.96	169457	654059	104679 
165	1397.96	172890	602175	105295 
166	1397.96	174196	698611	107802 
167	1397.96	172910	639258	105879 
168	1397.96	174281	801619	111052 
169	1397.96	172397	801619	110092 
170	1397.96	172808	686068	113138 
171	1397.96	172755	705983	111362 
172	1397.96	171846	705983	112145 
173	1397.96	171562	754261	111898 
174	1397.96	173072	728129	116242 
175	1159.37	173323	715653	112756 
176	1159.37	171266	664596	113757 
177	1159.37	173662	826935	118435 
178	1159.37	174792	842048	118547 
179	1159.37	173693	1.00183e+06	120477 
180	1159.37	174383	1.21432e+06	124349 
181	1159.37	174063	765067     	116671 
182	1159.37	173865	895872     	115835 
183	1159.37	174011	702479     	112381 
184	1159.37	175323	782111     	115769 
185	1159.37	175750	656253     	117563 
186	1159.37	175063	931593     	122774 
187	1159.37	173054	749699     	120311 
188	1159.37	172940	1.00151e+06	126087 
189	1159.37	173287	822696     	123941 
190	1159.37	173035	747908     	117236 
191	1159.37	173574	764485     	119374 
192	1159.37	175517	870133     	124874 
193	1159.37	175039	773603     	121618 
194	1159.37	173776	822268     	119896 
195	1159.37	175215	879347     	119861 
196	1159.37	171953	733607     	113049 
197	1159.37	173075	817578     	111414 
198	1159.37	175061	838556     	117050 
199	1159.37	176308	838556     	118381 
200	1159.37	175419	816162     	118672 
201	1029.45	174105	681269     	118497 
202	1029.45	174714	756486     	120323 
203	1029.45	176214	718719     	124579 
204	1029.45	175866	718719     	123875 
205	1029.45	172790	906419     	121437 
206	1029.45	170966	828310     	116167 
207	1029.45	170014	686293     	113113 
208	1029.45	167586	639412     	109699 
209	1029.45	170147	895301     	113725 
210	1029.45	168819	682145     	111784 
211	1029.45	166095	656013     	107630 
212	1029.45	167336	812154     	111739 
213	1029.45	168347	650406     	113314 
214	1029.45	171347	740200     	116024 
215	1029.45	169826	776847     	115048 
216	1029.45	168132	662683     	111750 
217	1029.45	168299	680667     	112052 
218	1029.45	168779	703493     	111666 
219	1029.45	169248	744686     	114192 
220	1029.45	170302	745898     	116233 
221	1029.45	171766	757460     	117962 
222	1029.45	172500	666279     	113539 
223	1029.45	173929	734454     	115241 
224	1029.45	172468	634446     	113459 
225	1029.45	170002	634446     	109937 
226	1029.45	169871	734995     	108991 
227	1029.45	168329	680789     	105894 
228	1029.45	171804	679806     	113155 
229	1029.45	169065	695844     	109150 
230	1029.45	170986	931099     	119135 
231	1029.45	173131	891557     	126103 
232	1029.45	170658	896803     	125941 
233	1029.45	168711	996266     	128911 
234	1029.45	165635	851127     	117098 
235	1029.45	168045	851127     	116127 
236	1029.45	168834	690557     	113169 
237	1029.45	170363	833111     	120543 
238	1029.45	169321	889376     	121591 
239	1029.45	168307	963442     	120832 
240	1029.45	166585	814539     	115952 
241	1029.45	165570	694767     	114091 
242	1029.45	165432	703204     	114802 
243	1029.45	163759	703204     	115798 
244	1029.45	162790	724988     	114792 
245	948.654	166628	848979     	115900 
246	948.654	165703	848979     	112147 
247	948.654	164703	751419     	108135 
248	948.654	165543	751419     	110659 
249	948.654	165116	874905     	111829 
250	901.164	166598	775946     	117845 
251	901.164	168008	877040     	118120 
252	901.164	166269	768085     	113477 
253	901.164	166121	722291     	112750 
254	901.164	168518	722291     	116105 
255	901.164	165703	697236     	111472 
256	901.164	163988	665886     	110841 
257	901.164	164795	691533     	113831 
258	901.164	164236	691163     	111251 
259	901.164	165456	777385     	109522 
260	901.164	167344	727559     	114539 
261	901.164	164697	714926     	113896 
262	901.164	165667	940820     	120813 
263	901.164	165901	822166     	120528 
264	901.164	165815	881798     	120363 
265	901.164	163558	881798     	116011 
266	901.164	162976	698373     	112807 
267	901.164	161692	794272     	113267 
268	901.164	162760	705974     	112059 
269	901.164	164266	857311     	114731 
270	901.164	165209	768974     	113201 
271	901.164	166461	762832     	116117 
272	901.164	166719	701438     	118129 
273	901.164	165438	722632     	116845 
274	901.164	164302	692714     	113547 
275	901.164	162644	778381     	113326 
276	901.164	162973	777285     	115472 
277	901.164	161923	653895     	110764 
278	901.164	162616	722291     	113589 
279	901.164	164238	802275     	114958 
280	901.164	166029	683113     	115002 
281	876.101	165255	814409     	116473 
282	876.101	166025	697421     	117962 
283	876.101	165670	877774     	117981 
284	876.101	164451	724678     	114797 
285	876.101	163846	649499     	112358 
286	876.101	162367	799787     	114790 
287	876.101	163036	720154     	115078 
288	876.101	162092	696537     	114261 
289	876.101	161552	696537     	113070 
290	876.101	160191	917397     	118098 
291	876.101	160104	738033     	115457 
292	876.101	158211	701848     	112990 
293	876.101	159821	725618     	117844 
294	876.101	158454	690667     	116126 
295	876.101	155890	790304     	112018 
296	876.101	153414	686310     	106437 
297	876.101	154564	654839     	108497 
298	876.101	155235	724280     	107713 
299	876.101	155614	814940     	109948 
300	876.101	158335	783699     	113968 
301	876.101	157989	709699     	114617 
302	876.101	160468	709699     	117574 
303	876.101	161690	1.04942e+06	121979 
304	876.101	160269	923539     	122072 
305	876.101	159958	596291     	115609 
306	876.101	160010	702317     	117743 
307	876.101	161494	702317     	117267 
308	876.101	162495	733461     	121289 
309	876.101	162007	753774     	122824 
310	876.101	160017	906860     	121650 
311	876.101	158787	813552     	115108 
312	876.101	157746	664218     	113433 
313	876.101	158654	715272     	113081 
314	876.101	158959	715272     	115275 
315	876.101	158012	679039     	112998 
316	876.101	159325	668735     	119353 
317	876.101	157483	729475     	117395 
318	876.101	156440	764673     	115154 
319	750.574	157055	876140     	117407 
320	750.574	158201	876140     	116928 
321	750.574	157649	951401     	120186 
322	750.574	157446	850787     	117535 
323	750.574	155445	850787     	113748 
324	750.574	155907	693241     	111767 
325	750.574	155344	624399     	110404 
326	750.574	155490	675918     	107420 
327	750.574	155531	640656     	106322 
328	750.574	155020	772334     	104959 
329	750.574	155745	610723     	105053 
330	750.574	156000	893527     	111624 
331	750.574	157920	893527     	112577 
332	748.207	156669	795999     	111126 
333	748.207	156846	792578     	112873 
334	748.207	157204	725820     	113548 
335	748.207	158226	884746     	116205 
336	748.207	156782	857746     	112870 
337	732.196	158707	1.0008e+06 	117300 
338	732.196	157821	919886     	116558 
339	732.196	158665	772902     	115741 
340	732.196	157088	714335     	115350 
341	732.196	156047	773884     	112422 
342	732.196	154998	815486     	111726 
343	732.196	153769	692227     	109249 
344	732.196	152151	730412     	108485 
345	732.196	155123	775963     	114723 
346	732.196	154576	758737     	113553 
347	732.196	153060	722460     	110660 
348	732.196	153395	722460     	113867 
349	732.196	154304	910713     	120144 
350	732.196	154135	852935     	114689 
351	732.196	152920	705403     	109416 
352	732.196	149421	893055     	106097 
353	732.196	149429	942197     	111294 
354	732.196	149069	843233     	109353 
355	732.196	149176	711169     	107315 
356	732.196	151155	711169     	110420 
357	732.196	150889	704919     	112199 
358	732.196	148960	685687     	106041 
359	732.196	150185	933202     	109880 
360	732.196	151987	866966     	112912 
361	732.196	152390	795072     	118714 
362	694.69 	150896	771517     	109718 
363	693.069	145486	586100     	99764.7
364	693.069	148920	860963     	110472 
365	693.069	150748	699948     	107831 
366	693.069	151394	699948     	107802 
367	693.069	149254	619725     	103844 
368	693.069	150590	606455     	106392 
369	693.069	151124	705454     	107824 
370	693.069	153804	631816     	111982 
371	693.069	155948	788859     	114662 
372	693.069	153475	721752     	112427 
373	693.069	153802	755671     	111926 
374	693.069	155390	755671     	114320 
375	693.069	155593	738083     	112979 
376	693.069	156095	738083     	114631 
377	693.069	156366	736746     	119150 
378	693.069	153673	917167     	114541 
379	693.069	153947	737894     	109981 
380	693.069	153019	764694     	109786 
381	693.069	152004	735060     	109768 
382	693.069	151181	727867     	111623 
383	693.069	152064	780211     	114785 
384	693.069	152453	803153     	114049 
385	693.069	153384	685535     	116036 
386	612.478	152195	851032     	113955 
387	612.478	149699	695092     	110464 
388	612.478	146755	716557     	108870 
389	612.478	146831	782813     	108811 
390	612.478	145101	722684     	106156 
391	612.478	148690	1.00375e+06	115571 
392	612.478	148971	633145     	106582 
393	612.478	147268	640600     	104563 
394	612.478	147093	604199     	102366 
395	612.478	149302	678726     	107619 
396	612.478	149572	689882     	106985 
397	612.478	147833	729646     	108718 
398	612.478	149329	849777     	114941 
399	612.478	149716	781269     	109914 
400	612.478	150644	861437     	112971 
401	612.478	150371	682184     	108929 
402	612.478	148813	682184     	105069 
403	608.852	147646	620730     	105767 
404	608.852	146978	714594     	109439 
405	608.852	146779	688732     	110831 
406	608.852	148193	688732     	110084 
407	608.852	149122	777759     	110982 
408	608.852	149735	777759     	110061 
409	608.852	149107	637645     	109824 
410	608.852	149508	731299     	114961 
411	608.852	148314	877621     	117221 
412	608.852	149191	777121     	115258 
413	608.852	148689	777121     	111434 
414	608.852	148933	698110     	113464 
415	608.852	150322	698110     	119403 
416	608.852	147692	670221     	116073 
417	608.852	148943	709307     	113353 
418	608.852	148978	726772     	112653 
419	608.852	146566	710409     	111141 
420	608.852	146708	1.05926e+06	111423 
421	608.852	147735	793115     	110417 
422	608.852	146314	699268     	108328 
423	608.852	146857	699268     	110041 
424	608.852	147763	714532     	109139 
425	608.852	149080	733460     	109927 
426	608.852	148780	800004     	111324 
427	608.852	147406	656137     	104747 
428	569.819	147745	628445     	104689 
429	569.819	145772	722675     	103264 
430	569.819	147664	751098     	106842 
431	569.819	145952	742179     	105308 
432	569.819	148137	870487     	108955 
433	569.819	146299	602770     	102351 
434	569.819	146318	681748     	105025 
435	569.819	146906	566705     	103201 
436	569.819	144991	649745     	105148 
437	569.819	144834	685936     	106282 
438	569.819	146914	718428     	107900 
439	569.819	146213	574474     	104580 
440	569.819	144929	688563     	101361 
441	568.904	145418	831818     	106838 
442	568.904	145217	815618     	107244 
443	568.904	146818	806416     	111188 
444	568.904	148480	1.08113e+06	116128 
445	568.904	147032	742208     	108857 
446	568.904	147334	632914     	107299 
447	568.904	145437	795110     	105302 
448	565.794	143303	661312     	100454 
449	565.794	143414	661312     	102279 
450	565.794	145479	719661     	107664 
451	565.794	144278	778135     	104673 
452	564.48 	144532	761246     	106575 
453	564.48 	142988	785332     	105423 
454	564.48 	140908	781083     	102483 
455	564.48 	140730	789313     	99837.4
456	564.48 	143819	714525     	104826 
457	564.48 	141094	701370     	98078.9
458	564.48 	141581	554130     	96127.9
459	564.48 	141220	608660     	95923  
460	564.48 	141029	665542     	96475.8
461	564.48 	141532	625711     	96541.7
462	564.48 	141146	625711     	94922  
463	564.48 	141880	625711     	99640.9
464	564.48 	141084	634281     	99164  
465	564.48 	142404	634281     	100322 
466	564.48 	141578	622403     	101419 
467	564.48 	140935	617593     	101440 
468	564.48 	141590	636992     	103056 
469	564.48 	142316	738212     	106283 
470	549.401	142282	651968     	106038 
471	549.401	142807	765381     	107872 
472	549.401	142533	748565     	112569 
473	549.401	140438	828030     	109428 
474	549.401	139560	783642     	108279 
475	549.401	141382	684123     	107604 
476	549.401	140975	656382     	105499 
477	549.401	141954	726002     	110455 
478	549.401	141914	799915     	113934 
479	549.401	141467	738270     	107666 
480	549.401	141080	719343     	109376 
481	549.401	141713	797145     	110767 
482	549.401	140597	752770     	105586 
483	549.401	142590	673700     	105781 
484	549.401	142309	633219     	105054 
485	549.401	142298	797784     	110749 
486	549.401	140947	747336     	103923 
487	549.401	137720	761058     	100999 
488	549.401	137583	644311     	97249.5
489	549.401	139106	644311     	99219.2
490	549.401	137198	667807     	97750.8
491	549.401	136397	703504     	98241.5
492	549.401	139102	807225     	104025 
493	549.401	140590	741473     	106414 
494	513.669	141049	648826     	105617 
495	513.669	137790	765301     	100312 
496	513.669	138390	852404     	103165 
497	513.669	137942	642140     	98877.8
498	513.669	139060	625888     	100322 
499	512.633	137406	632772     	99019.9
123.83000001
