/usr/lib/python2.7/site-packages/deap/tools/_hypervolume/pyhv.py:33: ImportWarning: Falling back to the python version of hypervolume module. Expect this to be very slow.
  "module. Expect this to be very slow.", ImportWarning)
gen	min        	avg        	max        	std        
0  	6.84512e+06	5.39465e+07	2.07726e+08	2.78898e+07
1  	6.10166e+06	5.3171e+07 	1.60113e+08	2.75219e+07
2  	6.10166e+06	5.30265e+07	1.60138e+08	2.6594e+07 
3  	6.10166e+06	5.249e+07  	1.51941e+08	2.65046e+07
4  	6.10166e+06	5.14781e+07	1.45934e+08	2.60947e+07
5  	6.10166e+06	5.11355e+07	1.44207e+08	2.54302e+07
6  	4.00619e+06	5.0725e+07 	1.30763e+08	2.54081e+07
7  	3.57586e+06	4.98272e+07	1.32341e+08	2.4778e+07 
8  	3.57586e+06	4.95169e+07	1.2646e+08 	2.45574e+07
9  	3.57586e+06	4.94912e+07	1.24399e+08	2.43122e+07
10 	3.57586e+06	4.89233e+07	1.48105e+08	2.34396e+07
11 	3.57586e+06	4.90076e+07	1.45494e+08	2.43728e+07
12 	2.83784e+06	4.76535e+07	1.43602e+08	2.35294e+07
13 	2.83784e+06	4.73993e+07	1.38397e+08	2.33855e+07
14 	2.83784e+06	4.72296e+07	1.34588e+08	2.27993e+07
15 	2.18149e+06	4.70369e+07	1.41735e+08	2.3167e+07 
16 	2.18149e+06	4.68209e+07	1.35563e+08	2.30803e+07
17 	2.18149e+06	4.62858e+07	1.27954e+08	2.20395e+07
18 	2.18149e+06	4.59131e+07	1.30528e+08	2.24472e+07
19 	2.18149e+06	4.55117e+07	1.13263e+08	2.21602e+07
20 	2.18149e+06	4.48854e+07	1.14139e+08	2.17577e+07
21 	2.18149e+06	4.4583e+07 	1.25648e+08	2.17813e+07
22 	2.04465e+06	4.41133e+07	1.15157e+08	2.22616e+07
23 	2.04465e+06	4.37293e+07	1.09063e+08	2.15534e+07
24 	2.04465e+06	4.34585e+07	1.13446e+08	2.12934e+07
25 	2.04465e+06	4.30322e+07	1.06843e+08	2.06554e+07
26 	2.04465e+06	4.27168e+07	1.35068e+08	2.10779e+07
27 	2.04465e+06	4.21087e+07	1.25057e+08	2.10511e+07
28 	2.04465e+06	4.14293e+07	1.17446e+08	2.13611e+07
29 	2.04465e+06	4.1333e+07 	1.05593e+08	2.07087e+07
30 	2.04465e+06	4.08777e+07	1.08137e+08	2.02289e+07
31 	2.04465e+06	4.04482e+07	1.08871e+08	2.02647e+07
32 	2.04465e+06	4.04545e+07	1.0224e+08 	2.03119e+07
33 	2.04465e+06	4.02545e+07	1.02205e+08	2.01779e+07
34 	2.04465e+06	3.96816e+07	1.04355e+08	1.98713e+07
35 	2.04465e+06	3.9752e+07 	1.11537e+08	1.99454e+07
36 	2.04465e+06	3.94434e+07	1.17576e+08	1.96834e+07
37 	2.04465e+06	3.87573e+07	1.02202e+08	1.92183e+07
38 	2.04465e+06	3.84333e+07	1.02497e+08	1.88199e+07
39 	2.04465e+06	3.82087e+07	9.82716e+07	1.88968e+07
40 	2.04465e+06	3.81351e+07	9.35121e+07	1.88266e+07
41 	2.04465e+06	3.83771e+07	9.99234e+07	1.89101e+07
42 	2.04465e+06	3.75844e+07	9.55303e+07	1.84567e+07
43 	2.04465e+06	3.73745e+07	9.5778e+07 	1.82958e+07
44 	2.04465e+06	3.72078e+07	9.56802e+07	1.82555e+07
45 	2.04465e+06	3.68587e+07	9.62424e+07	1.80667e+07
46 	2.04465e+06	3.67485e+07	9.77522e+07	1.78201e+07
47 	2.04465e+06	3.64841e+07	9.41535e+07	1.73003e+07
48 	2.04465e+06	3.60848e+07	9.39355e+07	1.74458e+07
49 	2.04465e+06	3.5925e+07 	1.14756e+08	1.75061e+07
50 	2.04465e+06	3.53966e+07	1.01427e+08	1.69425e+07
51 	2.04465e+06	3.54348e+07	9.14161e+07	1.65273e+07
52 	2.04465e+06	3.53466e+07	9.12579e+07	1.62982e+07
53 	2.04465e+06	3.52362e+07	8.05487e+07	1.57278e+07
54 	2.04465e+06	3.52327e+07	8.88255e+07	1.61676e+07
55 	2.04465e+06	3.50803e+07	1.01615e+08	1.58928e+07
56 	2.04465e+06	3.4841e+07 	8.42827e+07	1.56876e+07
57 	2.04465e+06	3.42221e+07	8.85349e+07	1.52318e+07
58 	2.04465e+06	3.40129e+07	7.95807e+07	1.59878e+07
59 	2.04465e+06	3.38613e+07	8.5232e+07 	1.59547e+07
60 	2.04465e+06	3.35343e+07	8.18197e+07	1.57407e+07
61 	2.04465e+06	3.31867e+07	7.93873e+07	1.56165e+07
62 	2.04465e+06	3.29649e+07	7.81124e+07	1.57396e+07
63 	2.04465e+06	3.25085e+07	9.11147e+07	1.55895e+07
64 	2.03783e+06	3.25455e+07	8.56262e+07	1.50991e+07
65 	2.03783e+06	3.23542e+07	8.0067e+07 	1.53304e+07
66 	2.03783e+06	3.23419e+07	9.78983e+07	1.54198e+07
67 	2.03783e+06	3.18059e+07	8.30671e+07	1.48854e+07
68 	2.03783e+06	3.13374e+07	8.02534e+07	1.46451e+07
69 	1.98657e+06	3.1177e+07 	7.47351e+07	1.42129e+07
70 	1.98657e+06	3.11629e+07	8.30934e+07	1.45473e+07
71 	1.34206e+06	3.12721e+07	7.81519e+07	1.3839e+07 
72 	1.34206e+06	3.09088e+07	7.59605e+07	1.3678e+07 
73 	1.34206e+06	3.06742e+07	7.70244e+07	1.37995e+07
74 	1.34206e+06	3.05232e+07	7.70244e+07	1.37988e+07
75 	1.29523e+06	3.0171e+07 	7.09893e+07	1.40701e+07
76 	843260     	2.99253e+07	6.94354e+07	1.3624e+07 
77 	843260     	2.99611e+07	7.04396e+07	1.34269e+07
78 	843260     	2.98845e+07	7.46887e+07	1.34937e+07
79 	843260     	2.94226e+07	6.83894e+07	1.31446e+07
80 	843260     	2.91421e+07	6.86892e+07	1.31477e+07
81 	843260     	2.92449e+07	7.66687e+07	1.36339e+07
82 	843260     	2.91501e+07	7.33255e+07	1.38015e+07
83 	843260     	2.88415e+07	7.0488e+07 	1.33869e+07
84 	843260     	2.88138e+07	7.44243e+07	1.33187e+07
85 	843260     	2.8855e+07 	7.37383e+07	1.36905e+07
86 	843260     	2.85745e+07	7.60116e+07	1.37728e+07
87 	843260     	2.82971e+07	7.35662e+07	1.35764e+07
88 	843260     	2.82056e+07	7.66322e+07	1.35833e+07
89 	843260     	2.79539e+07	7.71756e+07	1.36406e+07
90 	843260     	2.78721e+07	7.71756e+07	1.34136e+07
91 	843260     	2.76749e+07	6.87423e+07	1.2853e+07 
92 	843260     	2.77091e+07	7.13955e+07	1.30451e+07
93 	843260     	2.73243e+07	7.05857e+07	1.26678e+07
94 	774906     	2.72099e+07	7.01178e+07	1.27119e+07
95 	774906     	2.70131e+07	7.01178e+07	1.25302e+07
96 	605732     	2.6816e+07 	6.97135e+07	1.22195e+07
97 	605732     	2.65627e+07	7.45029e+07	1.23375e+07
98 	605732     	2.64799e+07	7.33161e+07	1.23341e+07
99 	605732     	2.63599e+07	6.63862e+07	1.19006e+07
100	605732     	2.6368e+07 	6.74436e+07	1.16252e+07
101	605732     	2.6361e+07 	6.41647e+07	1.15865e+07
102	605732     	2.60339e+07	6.61528e+07	1.11511e+07
103	605732     	2.61226e+07	6.64988e+07	1.15631e+07
104	605732     	2.61263e+07	6.61529e+07	1.18407e+07
105	605732     	2.59528e+07	6.00061e+07	1.20414e+07
106	605732     	2.59594e+07	6.2137e+07 	1.20757e+07
107	605732     	2.56052e+07	6.16685e+07	1.16537e+07
108	605732     	2.56414e+07	6.69205e+07	1.17916e+07
109	605732     	2.55497e+07	6.58354e+07	1.18004e+07
110	605732     	2.52974e+07	6.08934e+07	1.17085e+07
111	605732     	2.52082e+07	6.81678e+07	1.16682e+07
112	605732     	2.5349e+07 	6.97617e+07	1.18241e+07
113	605732     	2.53383e+07	6.96117e+07	1.18714e+07
114	605732     	2.50864e+07	6.17308e+07	1.18422e+07
115	605732     	2.49688e+07	6.13432e+07	1.13596e+07
116	605732     	2.48952e+07	5.79489e+07	1.12912e+07
117	605732     	2.46496e+07	5.79113e+07	1.09945e+07
118	605732     	2.45163e+07	6.51532e+07	1.1031e+07 
119	605732     	2.45096e+07	6.66336e+07	1.12128e+07
120	605732     	2.45393e+07	6.3839e+07 	1.11805e+07
121	605732     	2.44684e+07	6.06608e+07	1.11512e+07
122	605732     	2.44665e+07	5.70966e+07	1.09897e+07
123	605732     	2.4131e+07 	5.93433e+07	1.05528e+07
124	605732     	2.41318e+07	5.93655e+07	1.07464e+07
125	605732     	2.39433e+07	6.08657e+07	1.09536e+07
126	605732     	2.36611e+07	6.16643e+07	1.08099e+07
127	605732     	2.3728e+07 	6.12117e+07	1.0916e+07 
128	605732     	2.34501e+07	6.24955e+07	1.07421e+07
129	605732     	2.31727e+07	6.08558e+07	1.04295e+07
130	453565     	2.30428e+07	5.61085e+07	9.96733e+06
131	447788     	2.28866e+07	5.53104e+07	9.83364e+06
132	416726     	2.28313e+07	6.12194e+07	9.99852e+06
133	416726     	2.26228e+07	5.98967e+07	9.84091e+06
134	416726     	2.24052e+07	6.0668e+07 	9.37049e+06
135	416726     	2.22272e+07	5.78159e+07	9.22121e+06
136	416726     	2.21306e+07	5.87767e+07	9.03516e+06
137	416726     	2.21141e+07	5.47851e+07	9.31359e+06
138	416726     	2.23161e+07	5.36607e+07	9.40389e+06
139	416726     	2.20478e+07	5.78925e+07	9.21379e+06
140	416726     	2.19999e+07	6.05894e+07	9.45572e+06
141	416726     	2.18956e+07	6.05894e+07	9.28172e+06
142	416726     	2.19461e+07	5.54817e+07	9.1481e+06 
143	416726     	2.17019e+07	5.62771e+07	9.06546e+06
144	416726     	2.16889e+07	5.64547e+07	9.22281e+06
145	416726     	2.14879e+07	5.14e+07   	8.96115e+06
146	416726     	2.12444e+07	5.07648e+07	8.74057e+06
147	416726     	2.11924e+07	5.08879e+07	8.63391e+06
148	416726     	2.09474e+07	4.7359e+07 	8.15937e+06
149	416726     	2.10067e+07	4.6935e+07 	8.59717e+06
150	416726     	2.09823e+07	5.10892e+07	8.55368e+06
151	416726     	2.09086e+07	4.98016e+07	8.24604e+06
152	416726     	2.06896e+07	5.14155e+07	8.29878e+06
153	416726     	2.06869e+07	5.05353e+07	8.08311e+06
154	401279     	2.04215e+07	5.5031e+07 	8.02696e+06
155	401279     	2.03429e+07	4.78304e+07	7.61926e+06
156	401279     	2.02151e+07	4.2678e+07 	7.60869e+06
157	401279     	2.01982e+07	4.30453e+07	7.68052e+06
158	401279     	2.02595e+07	4.40632e+07	7.69585e+06
159	401279     	2.02406e+07	4.46726e+07	7.91596e+06
160	401279     	2.00406e+07	4.25379e+07	7.42276e+06
161	401279     	1.98709e+07	4.60642e+07	7.45823e+06
162	401279     	1.97984e+07	4.577e+07  	7.66132e+06
163	401279     	1.98573e+07	4.63393e+07	7.7586e+06 
164	401279     	1.97274e+07	4.82372e+07	7.63598e+06
165	401279     	1.97088e+07	4.46544e+07	7.65473e+06
166	401279     	1.97284e+07	4.68679e+07	7.66291e+06
167	401279     	1.97199e+07	4.67909e+07	7.40831e+06
168	401279     	1.96703e+07	4.60946e+07	7.44367e+06
169	401279     	1.97967e+07	4.5249e+07 	7.38598e+06
170	401279     	1.98027e+07	4.67053e+07	7.33253e+06
171	401279     	1.96984e+07	4.25116e+07	7.298e+06  
172	401279     	1.95801e+07	4.64145e+07	7.56065e+06
173	401279     	1.96026e+07	4.29948e+07	7.13539e+06
174	401279     	1.94651e+07	4.49975e+07	7.41767e+06
175	401279     	1.93109e+07	4.38205e+07	7.27133e+06
176	401279     	1.9239e+07 	4.5584e+07 	7.4618e+06 
177	401279     	1.92046e+07	4.7303e+07 	7.64308e+06
178	401279     	1.93031e+07	4.20018e+07	7.2825e+06 
179	401279     	1.92515e+07	4.04621e+07	7.18288e+06
180	401279     	1.91869e+07	3.97736e+07	7.30832e+06
181	401279     	1.91423e+07	4.24564e+07	7.1832e+06 
182	401279     	1.90476e+07	4.33932e+07	7.13426e+06
183	401279     	1.90047e+07	3.99887e+07	6.98661e+06
184	401279     	1.88816e+07	3.9778e+07 	6.96632e+06
185	401279     	1.88077e+07	4.32287e+07	7.06403e+06
186	374632     	1.89175e+07	4.08876e+07	7.07649e+06
187	374632     	1.88927e+07	4.36661e+07	7.08904e+06
188	374632     	1.89558e+07	5.50314e+07	7.30576e+06
189	370123     	1.87414e+07	4.26372e+07	6.88048e+06
190	370123     	1.87292e+07	4.21777e+07	6.74052e+06
191	370123     	1.85832e+07	4.37255e+07	6.58167e+06
192	370123     	1.86354e+07	4.17389e+07	6.50047e+06
193	370123     	1.8662e+07 	4.14084e+07	6.69956e+06
194	370123     	1.8617e+07 	4.12183e+07	6.69587e+06
195	370123     	1.86773e+07	3.95092e+07	6.57325e+06
196	370123     	1.8651e+07 	3.91198e+07	6.69591e+06
197	370123     	1.8502e+07 	3.85377e+07	6.44821e+06
198	370123     	1.84983e+07	3.73263e+07	6.49844e+06
199	370123     	1.84983e+07	3.8124e+07 	6.67149e+06
Result of algorithm run: SUCCESS, 0, 0, 370122.799851, 0
