/usr/lib/python2.7/site-packages/deap/tools/_hypervolume/pyhv.py:33: ImportWarning: Falling back to the python version of hypervolume module. Expect this to be very slow.
  "module. Expect this to be very slow.", ImportWarning)
gen	min    	avg        	max        	std        
0  	424.182	9.19497e+06	8.08833e+07	1.13852e+07
1  	424.182	9.1119e+06 	5.84822e+07	1.12227e+07
2  	424.182	9.04102e+06	6.17688e+07	1.18658e+07
3  	424.182	9.12347e+06	6.88381e+07	1.20664e+07
4  	424.182	9.04308e+06	6.09118e+07	1.13523e+07
5  	424.182	8.57428e+06	5.8167e+07 	1.05927e+07
6  	424.182	8.61026e+06	5.96654e+07	1.0513e+07 
7  	424.182	8.20526e+06	5.96654e+07	1.00722e+07
8  	424.182	8.07874e+06	5.28561e+07	9.89422e+06
9  	424.182	8.23999e+06	6.68439e+07	1.07704e+07
10 	424.182	8.46334e+06	7.15808e+07	1.12143e+07
11 	424.182	8.17466e+06	5.43222e+07	1.02323e+07
12 	424.182	8.16525e+06	5.31119e+07	9.85936e+06
13 	424.182	8.10271e+06	5.68398e+07	9.72815e+06
14 	424.182	7.58165e+06	5.32337e+07	9.07984e+06
15 	424.182	7.16149e+06	4.30187e+07	8.85227e+06
16 	424.182	7.03334e+06	4.65461e+07	8.78457e+06
17 	390.477	6.47397e+06	4.8012e+07 	7.96559e+06
18 	390.477	6.67522e+06	4.25423e+07	8.17473e+06
19 	390.477	6.45888e+06	4.03977e+07	7.97222e+06
20 	390.477	6.34943e+06	4.43959e+07	8.14305e+06
21 	390.477	6.46353e+06	4.65107e+07	8.39028e+06
22 	378.815	6.57546e+06	4.78936e+07	8.81184e+06
23 	378.815	6.56308e+06	5.31485e+07	8.68983e+06
24 	378.815	6.79104e+06	5.31485e+07	8.92768e+06
25 	378.815	6.96981e+06	4.93872e+07	8.84303e+06
26 	378.815	6.93025e+06	6.25609e+07	8.94446e+06
27 	378.815	6.61293e+06	5.32225e+07	8.51718e+06
28 	378.815	6.63196e+06	4.588e+07  	8.36291e+06
29 	378.815	6.38141e+06	4.588e+07  	8.15499e+06
30 	378.815	6.62688e+06	6.37386e+07	9.29821e+06
31 	378.815	6.63416e+06	5.48154e+07	8.37054e+06
32 	378.815	6.00585e+06	5.31041e+07	7.83912e+06
33 	378.815	5.80474e+06	4.1782e+07 	7.64911e+06
34 	378.815	5.76446e+06	4.1782e+07 	7.46888e+06
35 	378.815	5.71208e+06	3.93517e+07	7.35758e+06
36 	378.815	5.72293e+06	3.9824e+07 	7.49829e+06
37 	378.815	5.7281e+06 	4.02687e+07	7.38974e+06
38 	378.815	5.5051e+06 	5.1618e+07 	7.39043e+06
39 	378.815	5.62258e+06	3.89575e+07	7.25818e+06
40 	378.815	5.56781e+06	4.17057e+07	7.17645e+06
41 	378.815	5.25696e+06	3.96287e+07	6.90212e+06
42 	378.815	5.26278e+06	4.31454e+07	7.10231e+06
43 	378.815	5.10596e+06	3.51372e+07	6.82705e+06
44 	378.815	5.08958e+06	3.42939e+07	6.6237e+06 
45 	378.815	4.9473e+06 	3.56145e+07	6.70829e+06
46 	378.815	5.1274e+06 	3.35467e+07	6.66558e+06
47 	378.815	5.3533e+06 	3.38754e+07	6.64107e+06
48 	344.347	5.29932e+06	3.28697e+07	6.54095e+06
49 	344.347	5.424e+06  	3.88606e+07	6.51911e+06
50 	344.347	5.39789e+06	3.51593e+07	6.48632e+06
51 	344.347	5.03822e+06	2.94177e+07	6.25243e+06
52 	344.347	5.18878e+06	3.9858e+07 	6.84685e+06
53 	344.347	5.21044e+06	3.43175e+07	6.48094e+06
54 	344.347	5.25465e+06	3.56654e+07	7.02791e+06
55 	344.347	4.98541e+06	3.37576e+07	6.77619e+06
56 	331.816	4.53932e+06	3.41433e+07	6.02101e+06
57 	331.816	4.54713e+06	3.7206e+07 	6.11502e+06
58 	331.816	4.61392e+06	3.35822e+07	6.03046e+06
59 	331.816	4.50537e+06	3.35477e+07	5.87643e+06
60 	331.816	4.38055e+06	3.22857e+07	5.91397e+06
61 	331.816	4.56357e+06	3.56991e+07	6.12218e+06
62 	331.816	4.5557e+06 	3.26706e+07	6.01027e+06
63 	331.816	4.23632e+06	3.2639e+07 	5.89118e+06
64 	331.816	4.46929e+06	4.01314e+07	5.93223e+06
65 	331.816	4.20449e+06	3.1782e+07 	5.69637e+06
66 	331.816	3.8874e+06 	3.1782e+07 	5.19479e+06
67 	331.816	3.95434e+06	3.38571e+07	5.20551e+06
68 	331.816	4.13315e+06	2.9423e+07 	5.23944e+06
69 	331.816	3.88137e+06	2.53789e+07	4.86322e+06
70 	331.816	3.72528e+06	2.83834e+07	4.97013e+06
71 	331.816	3.94996e+06	3.04764e+07	5.24019e+06
72 	331.816	3.83375e+06	3.27978e+07	5.25977e+06
73 	331.816	3.77854e+06	3.53385e+07	5.01261e+06
74 	331.816	3.82455e+06	3.27287e+07	5.33327e+06
75 	331.816	3.85809e+06	2.83048e+07	5.01162e+06
76 	331.816	3.79952e+06	2.67333e+07	4.75914e+06
77 	331.816	3.85655e+06	2.48126e+07	5.1235e+06 
78 	331.816	3.68236e+06	2.79809e+07	4.8402e+06 
79 	331.816	3.71544e+06	3.21848e+07	4.87007e+06
80 	331.816	3.90168e+06	2.84319e+07	4.93867e+06
81 	305.22 	3.64602e+06	2.84319e+07	4.6495e+06 
82 	305.22 	3.58471e+06	2.93823e+07	4.67278e+06
83 	305.22 	3.50408e+06	3.19251e+07	4.73612e+06
84 	305.22 	3.52954e+06	3.18914e+07	4.64628e+06
85 	303.952	3.54521e+06	2.64991e+07	4.66864e+06
86 	303.952	3.32428e+06	2.36076e+07	4.38432e+06
87 	303.952	3.19441e+06	3.12485e+07	4.21468e+06
88 	303.952	3.14873e+06	2.34771e+07	3.86671e+06
89 	303.952	3.08818e+06	1.92128e+07	3.82557e+06
90 	303.952	3.00691e+06	1.92128e+07	3.8225e+06 
91 	303.952	2.86547e+06	2.02778e+07	3.56707e+06
92 	303.952	2.84427e+06	2.99836e+07	4.04879e+06
93 	303.952	2.90806e+06	2.47842e+07	4.02897e+06
94 	303.952	3.03115e+06	2.35442e+07	3.97684e+06
95 	303.952	3.14841e+06	2.20367e+07	3.99911e+06
96 	303.952	3.08941e+06	2.05865e+07	4.06172e+06
97 	303.952	2.93034e+06	2.1658e+07 	3.79141e+06
98 	303.952	3.18296e+06	2.4494e+07 	4.10044e+06
99 	303.952	3.1327e+06 	2.23219e+07	4.05719e+06
100	303.952	3.01389e+06	2.29771e+07	3.86276e+06
101	303.952	3.02047e+06	2.32728e+07	3.88816e+06
102	303.952	2.95156e+06	2.26905e+07	3.75105e+06
103	303.952	2.94206e+06	2.17658e+07	3.7023e+06 
104	303.952	2.93344e+06	2.20016e+07	3.79539e+06
105	303.952	3.02998e+06	2.01472e+07	3.93624e+06
106	303.952	3.15282e+06	2.38444e+07	4.33127e+06
107	303.952	3.02197e+06	2.38444e+07	4.06481e+06
108	303.952	2.80206e+06	2.36737e+07	3.73682e+06
109	303.952	2.82589e+06	2.54014e+07	3.67605e+06
110	303.952	2.7332e+06 	1.98589e+07	3.62786e+06
111	303.952	2.4903e+06 	1.99576e+07	3.3081e+06 
112	303.952	2.4413e+06 	1.89595e+07	3.11891e+06
113	303.952	2.43129e+06	1.98852e+07	3.1958e+06 
114	303.952	2.28787e+06	1.95386e+07	3.13067e+06
115	257.712	2.28327e+06	1.90708e+07	2.97432e+06
116	257.712	2.33166e+06	1.79858e+07	3.04862e+06
117	257.712	2.28194e+06	1.82978e+07	2.95584e+06
118	257.712	2.25375e+06	1.77867e+07	2.97537e+06
119	257.712	2.21247e+06	1.82696e+07	2.97824e+06
120	257.712	2.30624e+06	2.17507e+07	3.05747e+06
121	257.712	2.12536e+06	2.08632e+07	2.88038e+06
122	257.712	2.16499e+06	2.38148e+07	2.84493e+06
123	257.712	2.25214e+06	1.7724e+07 	2.86262e+06
124	257.712	2.26292e+06	2.01871e+07	2.91512e+06
125	257.712	2.27864e+06	1.80107e+07	2.9485e+06 
126	257.712	2.22666e+06	1.68146e+07	2.87181e+06
127	257.712	2.32383e+06	1.39918e+07	2.84842e+06
128	257.712	2.23491e+06	1.3609e+07 	2.822e+06  
129	257.712	2.15625e+06	1.45992e+07	2.77432e+06
130	257.712	2.173e+06  	1.7133e+07 	2.86627e+06
131	257.712	2.2238e+06 	1.51997e+07	2.92064e+06
132	257.712	2.0881e+06 	1.42775e+07	2.68514e+06
133	257.712	2.20203e+06	1.77244e+07	2.80554e+06
134	257.712	2.15562e+06	1.43301e+07	2.6622e+06 
135	257.712	2.15251e+06	1.59357e+07	2.78148e+06
136	257.712	2.0752e+06 	1.62431e+07	2.77826e+06
137	257.712	2.0898e+06 	1.77848e+07	2.76378e+06
138	257.712	1.97399e+06	1.82403e+07	2.7191e+06 
139	257.712	1.9265e+06 	1.67402e+07	2.44991e+06
140	257.712	1.94034e+06	1.72298e+07	2.52247e+06
141	257.712	1.98203e+06	1.47379e+07	2.40132e+06
142	257.712	1.99758e+06	1.45172e+07	2.43027e+06
143	257.712	2.0128e+06 	1.40276e+07	2.42448e+06
144	257.712	1.95084e+06	1.45615e+07	2.43994e+06
145	257.712	1.86347e+06	1.53137e+07	2.35847e+06
146	257.712	1.82357e+06	1.18946e+07	2.23517e+06
147	257.712	1.8359e+06 	1.18946e+07	2.20673e+06
148	257.712	1.75445e+06	9.91538e+06	2.18475e+06
149	257.712	1.78626e+06	1.23208e+07	2.29906e+06
150	257.712	1.78062e+06	1.41468e+07	2.30638e+06
151	257.712	1.76801e+06	1.44145e+07	2.29362e+06
152	257.712	1.7646e+06 	1.34619e+07	2.26128e+06
153	257.712	1.78934e+06	1.17071e+07	2.16649e+06
154	257.712	1.77424e+06	1.47542e+07	2.28053e+06
155	257.712	1.72777e+06	1.47542e+07	2.26793e+06
156	257.712	1.71247e+06	1.94157e+07	2.23887e+06
157	256.616	1.66777e+06	1.36198e+07	2.06283e+06
158	253.504	1.65823e+06	1.36198e+07	1.99517e+06
159	253.504	1.703e+06  	1.40653e+07	2.03864e+06
160	253.504	1.67857e+06	1.62542e+07	2.10711e+06
161	253.504	1.67287e+06	1.0537e+07 	2.03204e+06
162	253.504	1.63226e+06	1.86883e+07	2.07923e+06
163	253.504	1.61114e+06	1.40793e+07	2.0207e+06 
164	253.504	1.57943e+06	1.07808e+07	1.91753e+06
165	253.504	1.64771e+06	1.23439e+07	2.03996e+06
166	253.504	1.71778e+06	1.31931e+07	2.26885e+06
167	253.504	1.74115e+06	1.14939e+07	2.20596e+06
168	253.504	1.66887e+06	1.0552e+07 	2.0826e+06 
169	253.504	1.67238e+06	1.05132e+07	2.06438e+06
170	253.504	1.71524e+06	1.08638e+07	2.09578e+06
171	253.504	1.62926e+06	1.01635e+07	2.01931e+06
172	253.504	1.58168e+06	9.52767e+06	1.93955e+06
173	253.504	1.55013e+06	1.30731e+07	2.00656e+06
174	253.504	1.55844e+06	1.07526e+07	2.06343e+06
175	253.504	1.55674e+06	1.06249e+07	1.99447e+06
176	253.504	1.49717e+06	1.02812e+07	1.96881e+06
177	253.504	1.47798e+06	1.28119e+07	1.95978e+06
178	253.504	1.47702e+06	1.05478e+07	1.89751e+06
179	253.504	1.50354e+06	1.55391e+07	1.93186e+06
180	253.504	1.4512e+06 	1.51185e+07	1.94293e+06
181	253.504	1.45689e+06	1.26665e+07	1.83196e+06
182	253.504	1.33112e+06	8.87299e+06	1.63214e+06
183	253.504	1.36969e+06	8.87299e+06	1.7004e+06 
184	253.504	1.36168e+06	1.33059e+07	1.73721e+06
185	253.504	1.33712e+06	1.20579e+07	1.70779e+06
186	253.504	1.34088e+06	1.06092e+07	1.72179e+06
187	253.504	1.31184e+06	7.56003e+06	1.55339e+06
188	239.699	1.28276e+06	7.69863e+06	1.5634e+06 
189	239.699	1.26408e+06	1.17993e+07	1.59519e+06
190	239.699	1.30461e+06	9.93728e+06	1.57542e+06
191	239.699	1.37084e+06	9.96341e+06	1.62635e+06
192	239.699	1.25768e+06	7.70662e+06	1.48355e+06
193	239.699	1.27669e+06	7.1046e+06 	1.51459e+06
194	239.699	1.20875e+06	9.52632e+06	1.50107e+06
195	239.699	1.2111e+06 	6.79509e+06	1.40022e+06
196	239.699	1.28783e+06	8.87564e+06	1.54275e+06
197	239.699	1.26507e+06	7.8955e+06 	1.55779e+06
198	239.699	1.2754e+06 	9.42176e+06	1.59879e+06
199	239.699	1.21809e+06	9.20627e+06	1.48246e+06
Result of algorithm run: SUCCESS, 0, 0, 239.698564, 0
