/usr/lib/python2.7/site-packages/deap/tools/_hypervolume/pyhv.py:33: ImportWarning: Falling back to the python version of hypervolume module. Expect this to be very slow.
  "module. Expect this to be very slow.", ImportWarning)
gen	min   	avg        	max        	std        
0  	500.19	1.04555e+07	1.06539e+08	1.41951e+07
1  	443.847	9.99868e+06	1.13806e+08	1.47987e+07
2  	443.847	9.70255e+06	1.11601e+08	1.40686e+07
3  	443.847	9.53449e+06	7.75457e+07	1.23723e+07
4  	443.847	9.40918e+06	9.4231e+07 	1.17096e+07
5  	443.847	9.00447e+06	6.16028e+07	1.09069e+07
6  	443.847	9.52098e+06	6.91611e+07	1.16097e+07
7  	443.847	9.11991e+06	5.61758e+07	1.05691e+07
8  	443.847	8.97762e+06	5.86415e+07	1.04494e+07
9  	443.847	8.29492e+06	6.69882e+07	1.00582e+07
10 	443.847	7.79569e+06	7.75656e+07	9.69778e+06
11 	443.847	8.22125e+06	6.72563e+07	1.04348e+07
12 	443.847	8.18384e+06	5.20768e+07	9.98197e+06
13 	443.847	7.79628e+06	6.05821e+07	9.34188e+06
14 	404.903	7.52331e+06	7.83215e+07	1.00731e+07
15 	404.903	7.23257e+06	5.78066e+07	9.18423e+06
16 	404.903	7.02471e+06	5.4513e+07 	8.95511e+06
17 	404.903	6.96763e+06	5.1572e+07 	8.83334e+06
18 	404.903	6.70915e+06	4.7319e+07 	8.76709e+06
19 	404.903	6.62354e+06	5.79795e+07	8.84417e+06
20 	404.903	6.57144e+06	7.68906e+07	9.02638e+06
21 	404.903	6.98753e+06	6.98809e+07	9.04938e+06
22 	404.903	6.72539e+06	4.83071e+07	8.63971e+06
23 	404.903	6.74769e+06	4.83071e+07	9.07263e+06
24 	404.903	6.52971e+06	5.13052e+07	8.69005e+06
25 	404.903	6.35408e+06	4.39087e+07	8.14502e+06
26 	404.903	6.28224e+06	4.61536e+07	7.93588e+06
27 	404.903	6.19112e+06	4.42016e+07	8.00092e+06
28 	404.903	6.44767e+06	5.13923e+07	8.07493e+06
29 	404.903	6.17322e+06	5.63252e+07	8.48429e+06
30 	404.903	5.72004e+06	5.68906e+07	8.17163e+06
31 	383.315	5.75709e+06	4.80449e+07	8.31096e+06
32 	383.315	5.64927e+06	4.81389e+07	7.76058e+06
33 	383.315	5.69158e+06	4.16415e+07	7.52721e+06
34 	383.315	5.60506e+06	4.16415e+07	7.86449e+06
35 	383.315	5.64219e+06	4.26201e+07	7.62145e+06
36 	383.315	5.44922e+06	4.15055e+07	7.52605e+06
37 	383.315	5.27596e+06	4.24428e+07	7.21147e+06
38 	383.315	5.31909e+06	3.80833e+07	6.76344e+06
39 	383.315	5.16765e+06	2.84533e+07	6.58864e+06
40 	383.315	4.6679e+06 	3.79797e+07	6.39061e+06
41 	383.315	4.79181e+06	3.13078e+07	6.06617e+06
42 	377.311	4.76952e+06	2.91382e+07	6.10754e+06
43 	377.311	4.91646e+06	3.66449e+07	6.28676e+06
44 	377.311	4.65419e+06	3.34262e+07	6.19393e+06
45 	377.311	4.52323e+06	4.35513e+07	6.22153e+06
46 	377.311	4.75503e+06	3.58208e+07	6.27519e+06
47 	367.5  	4.71533e+06	3.76667e+07	6.28656e+06
48 	367.5  	4.70411e+06	3.92079e+07	6.24805e+06
49 	367.5  	4.48826e+06	3.15351e+07	5.89554e+06
50 	367.5  	4.41675e+06	3.23357e+07	5.72533e+06
51 	367.5  	4.08975e+06	3.61273e+07	5.60675e+06
52 	367.5  	4.43445e+06	4.09347e+07	5.90938e+06
53 	367.5  	4.48233e+06	3.49668e+07	5.79614e+06
54 	367.5  	4.26349e+06	3.32243e+07	5.61401e+06
55 	367.5  	4.00733e+06	3.28112e+07	5.15843e+06
56 	367.5  	4.13505e+06	3.06439e+07	5.2859e+06 
57 	367.5  	4.41566e+06	3.11254e+07	5.74367e+06
58 	367.5  	4.24666e+06	3.24623e+07	5.78718e+06
59 	367.5  	4.32775e+06	3.27532e+07	5.63399e+06
60 	356.044	4.1742e+06 	3.21988e+07	5.2737e+06 
61 	356.044	3.93284e+06	3.07485e+07	5.14748e+06
62 	356.044	3.90292e+06	3.07485e+07	5.11433e+06
63 	356.044	4.20278e+06	2.7758e+07 	5.34468e+06
64 	356.044	4.02732e+06	2.64595e+07	5.05695e+06
65 	356.044	3.88243e+06	2.81384e+07	4.90936e+06
66 	356.044	3.78577e+06	2.58519e+07	4.8301e+06 
67 	356.044	3.79428e+06	3.12568e+07	5.04678e+06
68 	356.044	3.86744e+06	2.62275e+07	5.09409e+06
69 	356.044	3.75785e+06	2.74224e+07	4.84371e+06
70 	351.857	3.93138e+06	2.91299e+07	5.05009e+06
71 	351.857	3.9725e+06 	3.57082e+07	5.43927e+06
72 	337.979	3.89009e+06	2.83196e+07	5.04704e+06
73 	337.979	4.0527e+06 	3.28171e+07	5.24804e+06
74 	337.979	4.05174e+06	2.75451e+07	5.07153e+06
75 	337.979	4.2467e+06 	3.33524e+07	5.43895e+06
76 	305.556	4.19434e+06	3.06246e+07	5.38107e+06
77 	305.556	4.06268e+06	3.11133e+07	5.1118e+06 
78 	305.387	4.07648e+06	3.11133e+07	5.22993e+06
79 	305.387	3.8409e+06 	2.55541e+07	4.67453e+06
80 	305.387	3.67878e+06	2.49453e+07	4.60674e+06
81 	305.387	3.75415e+06	2.52999e+07	4.78032e+06
82 	305.387	3.69686e+06	2.51319e+07	4.70067e+06
83 	305.387	3.58945e+06	2.79306e+07	4.61454e+06
84 	305.387	3.61988e+06	2.43596e+07	4.68646e+06
85 	305.387	3.42707e+06	2.3468e+07 	4.47476e+06
86 	305.387	3.24676e+06	2.8068e+07 	4.47663e+06
87 	305.387	3.16458e+06	2.54676e+07	4.51649e+06
88 	305.387	3.03815e+06	2.28891e+07	4.02119e+06
89 	305.387	3.13695e+06	2.69595e+07	4.16067e+06
90 	305.387	2.98356e+06	2.54919e+07	3.75769e+06
91 	305.387	2.99483e+06	2.19744e+07	3.68833e+06
92 	305.387	2.8585e+06 	2.16412e+07	3.65977e+06
93 	305.387	2.97648e+06	2.16038e+07	3.97197e+06
94 	305.387	3.02338e+06	2.15882e+07	4.01775e+06
95 	291.871	3.01789e+06	2.40245e+07	4.08882e+06
96 	291.871	3.01276e+06	2.40245e+07	4.15239e+06
97 	291.871	3.00716e+06	2.61905e+07	4.10752e+06
98 	291.871	2.89127e+06	2.21485e+07	3.77611e+06
99 	291.871	2.8025e+06 	2.21485e+07	3.78437e+06
100	291.871	2.85648e+06	2.34028e+07	3.82184e+06
101	291.871	3.00237e+06	2.44141e+07	4.12887e+06
102	291.871	3.07754e+06	2.34517e+07	4.02762e+06
103	265.512	2.99726e+06	2.13971e+07	3.7533e+06 
104	265.512	2.94076e+06	2.35302e+07	3.79841e+06
105	265.512	2.80658e+06	1.90588e+07	3.52901e+06
106	265.512	2.68647e+06	1.89029e+07	3.59169e+06
107	265.512	2.62604e+06	2.11063e+07	3.5373e+06 
108	265.512	2.56803e+06	2.1122e+07 	3.45455e+06
109	265.512	2.48605e+06	2.07816e+07	3.19297e+06
110	265.512	2.58208e+06	2.01562e+07	3.19803e+06
111	265.512	2.61989e+06	1.68345e+07	3.21009e+06
112	265.512	2.75032e+06	2.10076e+07	3.29408e+06
113	265.512	2.76106e+06	1.93878e+07	3.35856e+06
114	265.512	2.5122e+06 	1.83726e+07	3.02927e+06
115	265.512	2.57973e+06	1.73844e+07	3.00759e+06
116	265.512	2.56041e+06	1.73661e+07	3.06528e+06
117	265.512	2.52655e+06	2.36998e+07	3.13001e+06
118	236.838	2.54927e+06	2.45116e+07	3.35444e+06
119	236.838	2.53108e+06	2.2558e+07 	3.34366e+06
120	236.838	2.49558e+06	1.9662e+07 	3.3227e+06 
121	236.838	2.31357e+06	2.26956e+07	2.97648e+06
122	236.838	2.28794e+06	1.91681e+07	3.08912e+06
123	236.838	2.29807e+06	1.86556e+07	3.12535e+06
124	236.838	2.37184e+06	1.937e+07  	3.29541e+06
125	236.838	2.35853e+06	1.86436e+07	3.10598e+06
126	236.838	2.21415e+06	1.783e+07  	2.98229e+06
127	236.838	2.20348e+06	2.0314e+07 	3.08551e+06
128	236.838	2.17673e+06	1.97118e+07	3.08767e+06
129	236.838	2.19118e+06	1.97457e+07	3.12039e+06
130	236.838	2.20679e+06	1.90053e+07	2.96286e+06
131	236.838	2.17775e+06	1.74123e+07	2.93347e+06
132	236.838	2.2135e+06 	1.74123e+07	2.82698e+06
133	236.838	2.10946e+06	1.71397e+07	2.81964e+06
134	236.838	2.17693e+06	1.60716e+07	2.81845e+06
135	236.838	2.06624e+06	1.58256e+07	2.64275e+06
136	236.838	1.99772e+06	1.67865e+07	2.6513e+06 
137	236.838	2.00325e+06	1.93247e+07	2.6815e+06 
138	236.838	1.99428e+06	1.6872e+07 	2.56704e+06
139	236.838	2.01904e+06	1.93814e+07	2.55803e+06
140	236.838	2.00439e+06	1.54866e+07	2.73002e+06
141	236.838	2.0028e+06 	1.84428e+07	2.65807e+06
142	236.838	2.01027e+06	1.6121e+07 	2.56049e+06
143	236.838	1.97635e+06	1.49438e+07	2.51086e+06
144	236.838	1.91717e+06	1.47576e+07	2.36567e+06
145	236.838	1.8741e+06 	1.33293e+07	2.33363e+06
146	236.838	1.86859e+06	1.33542e+07	2.35787e+06
147	236.838	1.84017e+06	1.48274e+07	2.37527e+06
148	236.838	1.88329e+06	1.37617e+07	2.32633e+06
149	236.838	1.82677e+06	1.73768e+07	2.37785e+06
150	236.838	1.7345e+06 	1.57663e+07	2.22131e+06
151	236.838	1.6263e+06 	1.60413e+07	2.20866e+06
152	236.838	1.6159e+06 	1.60413e+07	2.1502e+06 
153	236.838	1.65161e+06	1.57041e+07	2.13005e+06
154	236.838	1.59205e+06	1.40749e+07	2.11535e+06
155	236.838	1.61242e+06	1.14767e+07	2.00529e+06
156	236.838	1.6412e+06 	1.36968e+07	2.10881e+06
157	236.838	1.55716e+06	1.09571e+07	2.03305e+06
158	236.838	1.47207e+06	1.01462e+07	1.83095e+06
159	236.838	1.41591e+06	1.08631e+07	1.77825e+06
160	236.838	1.39309e+06	1.14622e+07	1.70408e+06
161	236.838	1.36795e+06	8.98648e+06	1.72392e+06
162	236.838	1.40834e+06	1.06013e+07	1.79966e+06
163	236.838	1.49084e+06	1.17262e+07	1.86818e+06
164	236.838	1.40008e+06	1.33953e+07	1.79895e+06
165	236.838	1.37004e+06	1.04297e+07	1.70354e+06
166	236.838	1.44651e+06	1.19819e+07	1.85287e+06
167	236.838	1.41342e+06	1.33838e+07	1.87976e+06
168	236.838	1.43027e+06	1.21452e+07	1.85049e+06
169	236.838	1.50073e+06	9.15627e+06	1.90236e+06
170	236.838	1.50748e+06	9.51969e+06	1.91881e+06
171	236.838	1.48553e+06	8.85929e+06	1.84771e+06
172	236.838	1.43649e+06	8.86669e+06	1.78487e+06
173	236.838	1.50221e+06	9.01518e+06	1.81675e+06
174	236.838	1.45454e+06	9.58e+06   	1.79943e+06
175	236.838	1.46583e+06	1.16741e+07	1.8573e+06 
176	236.838	1.43026e+06	8.83337e+06	1.7526e+06 
177	236.838	1.49718e+06	1.22649e+07	1.95618e+06
178	236.838	1.42629e+06	9.23232e+06	1.70672e+06
179	236.838	1.35082e+06	8.33489e+06	1.61303e+06
180	236.838	1.29594e+06	7.505e+06  	1.49643e+06
181	236.838	1.30827e+06	9.35002e+06	1.53871e+06
182	236.838	1.29263e+06	8.71982e+06	1.56985e+06
183	236.838	1.34179e+06	8.97357e+06	1.67869e+06
184	236.838	1.35924e+06	9.43208e+06	1.72019e+06
185	236.838	1.38861e+06	1.03953e+07	1.85621e+06
186	236.838	1.35937e+06	1.1135e+07 	1.8669e+06 
187	236.838	1.34424e+06	1.05484e+07	1.72059e+06
188	236.838	1.43184e+06	9.13676e+06	1.78273e+06
189	236.838	1.41435e+06	1.02735e+07	1.77256e+06
190	236.838	1.363e+06  	9.73594e+06	1.71049e+06
191	236.838	1.41444e+06	1.00509e+07	1.80553e+06
192	236.838	1.32052e+06	1.0526e+07 	1.7408e+06 
193	236.838	1.27407e+06	1.0526e+07 	1.71616e+06
194	236.838	1.26413e+06	1.06727e+07	1.6317e+06 
195	236.838	1.28722e+06	1.04693e+07	1.63781e+06
196	236.838	1.24048e+06	8.17959e+06	1.6196e+06 
197	236.838	1.23465e+06	8.05986e+06	1.54903e+06
198	236.838	1.23415e+06	1.17944e+07	1.57531e+06
199	236.838	1.26322e+06	7.93745e+06	1.49687e+06
Result of algorithm run: SUCCESS, 0, 0, 236.838302, 0
