/usr/lib/python2.7/site-packages/deap/tools/_hypervolume/pyhv.py:33: ImportWarning: Falling back to the python version of hypervolume module. Expect this to be very slow.
  "module. Expect this to be very slow.", ImportWarning)
gen	min        	avg        	max        	std        
0  	3.56166e+08	6.29326e+09	2.41544e+11	1.51928e+10
1  	3.56166e+08	5.86305e+09	9.94047e+10	9.93904e+09
2  	3.56166e+08	5.87257e+09	1.43565e+11	1.20134e+10
3  	2.86981e+08	6.1887e+09 	1.8217e+11 	1.39729e+10
4  	2.86981e+08	5.30491e+09	1.36256e+11	1.1068e+10 
5  	2.86981e+08	5.20925e+09	1.39397e+11	1.2475e+10 
6  	2.78112e+08	4.83275e+09	1.28936e+11	9.4336e+09 
7  	2.68898e+08	4.6566e+09 	8.53371e+10	7.58394e+09
8  	2.68898e+08	4.43933e+09	7.28695e+10	6.82492e+09
9  	2.58045e+08	4.21766e+09	4.56559e+10	5.73174e+09
10 	2.42308e+08	4.04332e+09	4.43199e+10	5.52491e+09
11 	2.42308e+08	4.11336e+09	5.77152e+10	6.45344e+09
12 	2.42308e+08	3.79882e+09	5.02298e+10	5.31778e+09
13 	2.42308e+08	4.02357e+09	4.25864e+10	6.08038e+09
14 	2.41073e+08	3.99049e+09	6.30362e+10	6.74504e+09
15 	2.41073e+08	3.79808e+09	5.71161e+10	6.05917e+09
16 	2.41073e+08	3.80318e+09	5.99801e+10	6.13152e+09
17 	2.41073e+08	3.566e+09  	8.23375e+10	6.27627e+09
18 	2.41073e+08	3.78077e+09	8.63075e+10	7.45173e+09
19 	2.41073e+08	4.06953e+09	1.00629e+11	9.26641e+09
20 	2.41073e+08	3.72232e+09	9.94417e+10	7.99109e+09
21 	2.41073e+08	3.30224e+09	6.97005e+10	6.09517e+09
22 	2.41073e+08	2.89038e+09	5.60498e+10	4.505e+09  
23 	2.41073e+08	2.78914e+09	3.67981e+10	4.08678e+09
24 	2.41073e+08	2.60602e+09	3.2944e+10 	3.39199e+09
25 	2.35413e+08	2.6056e+09 	5.36505e+10	3.76429e+09
26 	2.35413e+08	2.48968e+09	3.38265e+10	3.22099e+09
27 	2.35413e+08	2.43554e+09	2.77009e+10	2.83956e+09
28 	2.35413e+08	2.66164e+09	3.67397e+10	3.98724e+09
29 	2.35413e+08	2.41875e+09	3.17045e+10	2.98867e+09
30 	2.35413e+08	2.47292e+09	3.27857e+10	3.52734e+09
31 	2.35413e+08	2.26504e+09	2.87825e+10	2.87501e+09
32 	2.35413e+08	2.18428e+09	1.90065e+10	2.32309e+09
33 	2.16658e+08	2.18253e+09	2.03839e+10	2.46157e+09
34 	2.1193e+08 	2.16966e+09	2.28711e+10	2.5777e+09 
35 	2.1193e+08 	2.08352e+09	2.21955e+10	2.34272e+09
36 	2.1193e+08 	2.04667e+09	2.2531e+10 	2.27691e+09
37 	2.1193e+08 	2.07277e+09	3.78353e+10	2.58818e+09
38 	2.1193e+08 	2.14191e+09	4.03185e+10	2.95976e+09
39 	1.94751e+08	1.94304e+09	1.81857e+10	2.07546e+09
40 	1.75111e+08	1.84684e+09	1.71039e+10	1.87692e+09
41 	1.75111e+08	1.78864e+09	1.27374e+10	1.67825e+09
42 	1.75111e+08	1.74478e+09	1.3675e+10 	1.74279e+09
43 	1.75111e+08	1.72691e+09	1.64646e+10	1.58918e+09
44 	1.75111e+08	1.73322e+09	1.37705e+10	1.74298e+09
45 	1.75111e+08	1.78291e+09	2.18002e+10	2.09145e+09
46 	1.75111e+08	1.80507e+09	2.21237e+10	2.23691e+09
47 	1.75111e+08	1.94438e+09	5.53412e+10	3.53554e+09
48 	1.75111e+08	2.01e+09   	3.57403e+10	3.47573e+09
49 	1.75111e+08	1.96224e+09	3.10882e+10	3.25854e+09
50 	1.75111e+08	1.85388e+09	3.11087e+10	2.77765e+09
51 	1.75111e+08	1.64939e+09	1.65257e+10	1.84169e+09
52 	1.75111e+08	1.57389e+09	1.60692e+10	1.74713e+09
53 	1.75111e+08	1.57902e+09	1.26943e+10	1.70292e+09
54 	1.75111e+08	1.52848e+09	1.80908e+10	1.81976e+09
55 	1.75111e+08	1.45499e+09	1.4837e+10 	1.58919e+09
56 	1.75111e+08	1.41096e+09	1.44096e+10	1.46988e+09
57 	1.75111e+08	1.31985e+09	1.44227e+10	1.23903e+09
58 	1.59497e+08	1.32109e+09	6.46975e+09	1.1082e+09 
59 	1.59497e+08	1.2807e+09 	9.69423e+09	1.0823e+09 
60 	1.59497e+08	1.22459e+09	1.19314e+10	1.04866e+09
61 	1.59497e+08	1.25769e+09	1.04896e+10	1.1182e+09 
62 	1.59497e+08	1.29648e+09	1.50132e+10	1.41161e+09
63 	1.59497e+08	1.24624e+09	1.50132e+10	1.31708e+09
64 	1.59497e+08	1.18532e+09	1.0515e+10 	1.07715e+09
65 	1.59497e+08	1.15161e+09	1.0388e+10 	1.05238e+09
66 	1.59497e+08	1.14645e+09	8.41066e+09	9.66969e+08
67 	1.59497e+08	1.11073e+09	5.4728e+09 	8.00662e+08
68 	1.59497e+08	1.10993e+09	5.35977e+09	8.44768e+08
69 	1.59497e+08	1.0904e+09 	9.09234e+09	9.28516e+08
70 	1.57038e+08	1.08554e+09	8.21662e+09	1.00537e+09
71 	1.44162e+08	1.05855e+09	8.37785e+09	9.04291e+08
72 	1.44162e+08	1.06559e+09	8.30934e+09	9.00051e+08
73 	1.44162e+08	1.05231e+09	5.92214e+09	8.36116e+08
74 	1.44162e+08	1.03165e+09	1.04187e+10	9.19609e+08
75 	1.44162e+08	1.02999e+09	9.69412e+09	9.19534e+08
76 	1.44162e+08	9.95304e+08	1.40032e+10	9.64128e+08
77 	1.33598e+08	1.00118e+09	8.48454e+09	9.5969e+08 
78 	1.33598e+08	9.56323e+08	7.02885e+09	8.27204e+08
79 	1.3229e+08 	9.28532e+08	6.0937e+09 	7.61826e+08
80 	1.3229e+08 	9.25481e+08	6.08009e+09	7.2332e+08 
81 	1.3229e+08 	8.96313e+08	5.33512e+09	6.64075e+08
82 	1.3229e+08 	9.00013e+08	4.30205e+09	6.65546e+08
83 	1.3229e+08 	9.07099e+08	4.80912e+09	7.12415e+08
84 	1.3229e+08 	9.5116e+08 	6.81875e+09	8.2544e+08 
85 	1.3229e+08 	9.16491e+08	4.75647e+09	7.24412e+08
86 	1.3229e+08 	9.10158e+08	5.87893e+09	7.75914e+08
87 	1.3229e+08 	8.74945e+08	6.63983e+09	7.15982e+08
88 	1.25183e+08	8.61608e+08	5.02937e+09	6.92087e+08
89 	1.25183e+08	8.64358e+08	5.8291e+09 	7.21369e+08
90 	1.25183e+08	8.18526e+08	5.57021e+09	6.39638e+08
91 	1.25183e+08	7.97083e+08	4.05275e+09	5.42883e+08
92 	1.25183e+08	8.0905e+08 	4.35485e+09	5.67873e+08
93 	1.25183e+08	8.03837e+08	4.73362e+09	6.05087e+08
94 	1.25183e+08	7.78715e+08	3.60308e+09	5.40218e+08
95 	1.25183e+08	7.82157e+08	4.28932e+09	6.03671e+08
96 	1.25183e+08	7.74117e+08	4.20016e+09	5.6767e+08 
97 	1.23742e+08	7.66462e+08	3.86639e+09	5.83406e+08
98 	1.23742e+08	7.52675e+08	4.29173e+09	5.80968e+08
99 	1.23742e+08	7.50538e+08	4.69735e+09	5.88188e+08
100	1.23742e+08	7.3208e+08 	4.24083e+09	5.55102e+08
101	1.18808e+08	7.1372e+08 	3.85634e+09	5.08692e+08
102	1.17915e+08	7.21591e+08	6.2396e+09 	5.97203e+08
103	1.01143e+08	6.81673e+08	4.80467e+09	4.77612e+08
104	1.01143e+08	6.79673e+08	4.16606e+09	4.77977e+08
105	1.01143e+08	6.78307e+08	3.75737e+09	5.02681e+08
106	1.01143e+08	6.61047e+08	4.96679e+09	5.07028e+08
107	1.01143e+08	6.58467e+08	8.27054e+09	5.61536e+08
108	1.01143e+08	6.4369e+08 	4.823e+09  	4.79613e+08
109	1.01143e+08	6.42076e+08	3.92305e+09	4.82833e+08
110	1.01143e+08	6.2353e+08 	3.82317e+09	4.51108e+08
111	1.01143e+08	6.14283e+08	4.02672e+09	4.21064e+08
112	9.68199e+07	6.16195e+08	3.58161e+09	4.2493e+08 
113	7.46714e+07	6.09501e+08	3.59754e+09	4.13958e+08
114	7.46714e+07	5.93392e+08	3.59754e+09	3.94616e+08
115	7.46714e+07	5.8378e+08 	3.92076e+09	3.88734e+08
116	7.46714e+07	5.70129e+08	3.04959e+09	3.51818e+08
117	7.46714e+07	5.57814e+08	2.35124e+09	3.26845e+08
118	7.46714e+07	5.68327e+08	2.36445e+09	3.45672e+08
119	7.46714e+07	5.70049e+08	2.83338e+09	3.74298e+08
120	7.46714e+07	5.6388e+08 	3.94861e+09	3.87763e+08
121	7.46714e+07	5.57824e+08	3.31536e+09	3.72346e+08
122	7.46714e+07	5.6267e+08 	3.61947e+09	3.78981e+08
123	7.25509e+07	5.51066e+08	2.34112e+09	3.42978e+08
124	7.25509e+07	5.41214e+08	2.33826e+09	3.29895e+08
125	7.25509e+07	5.42237e+08	3.66422e+09	3.6589e+08 
126	6.6802e+07 	5.31065e+08	2.49072e+09	3.12512e+08
127	6.6802e+07 	5.16378e+08	3.11035e+09	3.10675e+08
128	6.6802e+07 	5.04143e+08	2.27873e+09	2.77588e+08
129	6.6802e+07 	5.03358e+08	2.27873e+09	2.747e+08  
130	6.00163e+07	5.01636e+08	2.44029e+09	2.91927e+08
131	6.00163e+07	5.02647e+08	3.2273e+09 	3.24645e+08
132	6.00163e+07	4.87211e+08	2.27335e+09	2.81622e+08
133	5.93041e+07	4.9426e+08 	2.27341e+09	2.99931e+08
134	5.93041e+07	4.88574e+08	2.11312e+09	2.82344e+08
135	5.93041e+07	4.89152e+08	2.15285e+09	2.94206e+08
136	5.93041e+07	4.85607e+08	2.66277e+09	2.93758e+08
137	5.93041e+07	4.78823e+08	1.91501e+09	2.74693e+08
138	5.87206e+07	4.7688e+08 	1.58196e+09	2.56439e+08
139	5.58125e+07	4.70071e+08	2.28278e+09	2.76218e+08
140	5.58125e+07	4.70222e+08	1.94888e+09	2.63543e+08
141	5.58125e+07	4.58632e+08	1.74922e+09	2.30764e+08
142	5.58125e+07	4.49289e+08	1.43802e+09	2.10621e+08
143	5.58125e+07	4.40731e+08	1.67375e+09	2.12927e+08
144	5.58125e+07	4.32222e+08	1.50625e+09	2.06633e+08
145	5.58125e+07	4.27344e+08	1.72267e+09	2.07534e+08
146	5.58125e+07	4.24417e+08	1.2439e+09 	1.9805e+08 
147	5.58125e+07	4.20052e+08	1.47202e+09	2.08283e+08
148	5.58125e+07	4.23639e+08	2.13361e+09	2.29353e+08
149	5.13101e+07	4.22267e+08	1.78162e+09	2.23673e+08
150	5.13101e+07	4.22719e+08	1.6829e+09 	2.27627e+08
151	4.98032e+07	4.22488e+08	1.8241e+09 	2.32344e+08
152	4.98032e+07	4.30462e+08	2.79099e+09	2.80467e+08
153	4.98032e+07	4.25107e+08	3.21615e+09	2.71166e+08
154	4.19155e+07	4.18354e+08	1.76207e+09	2.35062e+08
155	4.19155e+07	4.07814e+08	1.74935e+09	2.0622e+08 
156	4.19155e+07	4.02388e+08	1.41557e+09	1.95896e+08
157	4.19155e+07	4.01357e+08	1.4671e+09 	1.98969e+08
158	3.65614e+07	3.96189e+08	1.50907e+09	1.93842e+08
159	3.65614e+07	3.91933e+08	1.75799e+09	1.98642e+08
160	3.65614e+07	3.8933e+08 	1.72836e+09	1.92942e+08
161	3.65614e+07	3.92642e+08	1.62267e+09	2.07642e+08
162	3.65614e+07	3.89377e+08	1.42046e+09	1.96103e+08
163	3.65614e+07	3.86499e+08	1.63039e+09	1.95627e+08
164	3.65614e+07	3.84345e+08	2.19599e+09	2.06587e+08
165	3.65614e+07	3.81561e+08	1.63198e+09	1.90939e+08
166	3.65614e+07	3.75941e+08	1.37608e+09	1.81579e+08
167	3.65614e+07	3.68805e+08	1.4395e+09 	1.74917e+08
168	3.65614e+07	3.65591e+08	1.34201e+09	1.74761e+08
169	3.65614e+07	3.58105e+08	1.2199e+09 	1.62282e+08
170	3.65614e+07	3.58008e+08	1.19885e+09	1.5788e+08 
171	3.65614e+07	3.58078e+08	1.45971e+09	1.63054e+08
172	3.65614e+07	3.5996e+08 	1.23597e+09	1.63862e+08
173	3.65614e+07	3.55287e+08	1.17742e+09	1.57661e+08
174	3.65614e+07	3.5395e+08 	1.28121e+09	1.61659e+08
175	3.65614e+07	3.51896e+08	1.30053e+09	1.60071e+08
176	3.65614e+07	3.49304e+08	1.12043e+09	1.48751e+08
177	3.65614e+07	3.53588e+08	1.22077e+09	1.59239e+08
178	3.65614e+07	3.49901e+08	1.22473e+09	1.6475e+08 
179	3.65614e+07	3.51863e+08	1.38146e+09	1.68983e+08
180	3.65614e+07	3.48103e+08	1.28133e+09	1.64102e+08
181	3.65614e+07	3.43754e+08	1.60098e+09	1.62011e+08
182	3.65614e+07	3.39147e+08	1.10752e+09	1.4558e+08 
183	3.65614e+07	3.37632e+08	1.04855e+09	1.44162e+08
184	3.65614e+07	3.371e+08  	1.14582e+09	1.45786e+08
185	3.65614e+07	3.35532e+08	9.51337e+08	1.40383e+08
186	3.65614e+07	3.36105e+08	1.07641e+09	1.41732e+08
187	3.65614e+07	3.31147e+08	9.29804e+08	1.3971e+08 
188	3.65614e+07	3.27375e+08	1.01678e+09	1.35421e+08
189	3.65614e+07	3.25109e+08	1.07606e+09	1.35228e+08
190	3.65614e+07	3.2384e+08 	8.62824e+08	1.25272e+08
191	3.65614e+07	3.19618e+08	8.33798e+08	1.18745e+08
192	3.65614e+07	3.19162e+08	8.89331e+08	1.18156e+08
193	3.388e+07  	3.19762e+08	8.7337e+08 	1.2264e+08 
194	3.388e+07  	3.18126e+08	1.08865e+09	1.26791e+08
195	3.29169e+07	3.18531e+08	1.03201e+09	1.26616e+08
196	3.12272e+07	3.16735e+08	9.41437e+08	1.22899e+08
197	3.12272e+07	3.13188e+08	8.54557e+08	1.20469e+08
198	3.12272e+07	3.12964e+08	1.21707e+09	1.25034e+08
199	3.12272e+07	3.08368e+08	8.48462e+08	1.18109e+08
Result of algorithm run: SUCCESS, 0, 0, 31227202.080521, 0
