/usr/lib/python2.7/site-packages/deap/tools/_hypervolume/pyhv.py:33: ImportWarning: Falling back to the python version of hypervolume module. Expect this to be very slow.
  "module. Expect this to be very slow.", ImportWarning)
gen	min    	avg    	max    	std    
0  	25.2072	282.244	1733.61	201.882
1  	25.2072	279.849	1391.66	196.772
2  	11.3748	276.035	1159.79	189.406
3  	10.1798	277.358	1099.37	188.642
4  	10.1798	273.425	1031.32	191.095
5  	10.1798	269.857	1052.55	180.238
6  	10.1798	265.72 	1077.35	174.317
7  	10.1798	258.425	1037.08	167.917
8  	10.1798	257.753	1029.03	171.742
9  	10.1798	248.5  	910.868	157.604
10 	7.96867	243.517	1132.48	162.225
11 	6.94302	243.987	1052.89	168.745
12 	2.75807	242.708	933.441	169.556
13 	-0.386081	243.059	1102.04	167.545
14 	-0.386081	235.398	1037.48	164.537
15 	-0.386081	232.465	1212.32	162.519
16 	-8.74977 	229.238	1071.39	163.078
17 	-11.2324 	223.292	1195.69	157.395
18 	-11.2324 	218.967	893.332	154.093
19 	-11.3651 	221.044	795.051	144.743
20 	-11.3651 	213.143	799.768	137.459
21 	-11.3651 	205.427	785.237	131.297
22 	-11.3651 	206.164	803.182	134.427
23 	-11.3651 	200.848	823.376	123.722
24 	-11.3651 	197.976	1007.78	125.553
25 	-16.8622 	196.229	730.106	121.39 
26 	-16.8622 	200.204	1107.71	135.247
27 	-16.8622 	200.166	808.252	128.056
28 	-16.8622 	198.839	878.258	132.218
29 	-23.5703 	192.63 	754.438	125.604
30 	-23.5703 	192.625	983.569	135.91 
31 	-25.79   	185.185	924.104	121.51 
32 	-25.79   	185.544	746.908	121.591
33 	-25.79   	184.329	754.96 	129.211
34 	-25.79   	181.259	754.96 	123.741
35 	-25.79   	176.141	776.957	118.114
36 	-25.9574 	176.834	793.688	124.249
37 	-27.1457 	173.814	793.333	119.093
38 	-27.1457 	171.165	763.739	120.032
39 	-28.2443 	168.97 	623.771	117.273
40 	-28.2443 	164.444	616.931	110.284
41 	-28.2443 	161.413	579.945	105.118
42 	-28.2443 	156.575	640.512	104.179
43 	-28.2443 	151.473	640.512	99.1942
44 	-28.2443 	148.435	620.918	95.8863
45 	-28.2443 	146.625	656.77 	94.929 
46 	-28.2443 	144.486	592.478	95.3544
47 	-28.7166 	141.793	616.819	97.905 
48 	-28.7166 	142.654	594.27 	99.111 
49 	-28.7166 	141.455	785.351	97.2139
50 	-28.7166 	140.619	587.398	94.9756
51 	-28.7166 	137.472	534.234	96.0493
52 	-28.7166 	135.824	713.439	95.4879
53 	-28.7166 	134.087	551.335	91.0037
54 	-28.7166 	132.017	466.291	87.3836
55 	-28.7166 	131.687	492.039	85.4192
56 	-28.7166 	125.366	471.431	82.6451
57 	-28.7166 	127.012	567.041	86.0141
58 	-28.7166 	125.542	442.625	80.8233
59 	-28.7166 	124.948	564.929	84.0587
60 	-28.7166 	123.341	548.521	83.7178
61 	-28.7166 	120.777	432.595	80.8908
62 	-28.7166 	118.502	565.777	78.0181
63 	-28.7166 	119.658	618.856	81.9116
64 	-28.8765 	116.84 	482.614	76.7728
65 	-28.8765 	116.941	416.373	75.6492
66 	-28.8765 	116.579	413.979	80.0142
67 	-28.8765 	115.38 	472.594	80.2742
68 	-28.8765 	112.336	440.92 	78.6244
69 	-28.8765 	109.432	506.129	74.6639
70 	-28.8765 	109.6  	408.376	73.7661
71 	-28.8765 	107.086	439.801	71.7619
72 	-28.8765 	106.584	365.514	70.3006
73 	-28.8765 	104.875	438.861	68.261 
74 	-28.8765 	103.75 	371.909	66.0371
75 	-28.8765 	104.512	382.989	66.5826
76 	-28.8765 	101.694	362.724	64.3668
77 	-28.8765 	98.7193	401.764	64.5095
78 	-28.8765 	98.4314	416.319	65.3083
79 	-28.8765 	97.5059	431.533	66.804 
80 	-28.8765 	96.502 	411.526	68.2102
81 	-28.8765 	95.9126	411.526	69.1199
82 	-28.8765 	95.5066	368.684	66.3527
83 	-28.8765 	93.9219	414.774	66.7745
84 	-28.8765 	93.2276	372.862	65.8954
85 	-28.8765 	89.6515	350.296	61.647 
86 	-28.8765 	88.2727	347.722	62.8815
87 	-28.8765 	88.6052	328.458	64.6876
88 	-28.8765 	89.0469	348.873	66.0359
89 	-28.8765 	87.2985	307.918	64.388 
90 	-28.8765 	85.8974	308.106	62.013 
91 	-28.8765 	84.327 	294.894	59.3461
92 	-28.8765 	84.5968	295.736	58.634 
93 	-28.8765 	84.7971	327.346	59.6148
94 	-28.8765 	84.4792	331.539	60.611 
95 	-28.8765 	82.3791	371.566	58.4096
96 	-28.8765 	80.9784	444.2  	56.8974
97 	-28.8765 	80.9564	381.166	59.524 
98 	-28.8765 	79.37  	329.116	57.9229
99 	-28.8765 	78.6434	329.1  	57.9138
100	-28.8765 	77.6016	312.945	55.719 
101	-28.8765 	76.6512	267.215	55.4873
102	-28.8765 	77.0423	285.688	56.1991
103	-28.8765 	77.5724	336.146	56.0254
104	-28.8957 	77.5091	293.125	55.3004
105	-28.8957 	77.553 	334.924	58.4644
106	-28.8957 	74.5044	297.06 	52.9309
107	-28.8957 	73.9256	279.183	50.925 
108	-28.8957 	72.3297	333.892	51.9674
109	-28.8957 	71.647 	293.849	50.4843
110	-28.9627 	72.3103	296.746	51.6209
111	-32.1389 	70.1914	321.653	50.9819
112	-32.1389 	69.1048	250.501	49.3993
113	-32.1389 	69.4399	262.262	49.873 
114	-32.1389 	69.306 	308.766	48.8804
115	-32.1389 	67.8958	239.411	46.8709
116	-32.1389 	68.0145	250.639	48.7191
117	-32.2576 	66.9061	397.354	49.8591
118	-32.2576 	65.4864	372.712	48.6369
119	-32.2576 	63.6299	246.335	46.8658
120	-32.2576 	63.6958	303.223	47.6039
121	-32.2576 	62.4404	306.675	45.7075
122	-32.2576 	61.6016	232.464	44.2076
123	-32.2576 	60.575 	249.319	43.33  
124	-32.2576 	60.0972	253.287	43.0213
125	-32.2576 	59.9857	248.167	43.9983
126	-32.2576 	60.1923	276.742	44.3872
127	-32.2576 	59.5984	220.393	42.4949
128	-32.2576 	59.0771	216.417	41.8964
129	-32.2576 	57.656 	243.703	41.3662
130	-32.2576 	56.3536	225.225	40.3827
131	-32.951  	55.2426	243.478	40.8684
132	-32.951  	54.269 	230.285	39.7605
133	-32.951  	53.185 	226.319	39.0082
134	-33.904  	52.795 	193.864	38.2027
135	-33.904  	52.462 	223.335	39.8847
136	-33.904  	51.8599	213.337	38.7158
137	-33.904  	50.826 	210.271	37.8506
138	-33.904  	51.2407	175    	37.8052
139	-33.904  	51.8796	193.202	37.8866
140	-33.904  	50.8435	177.379	37.5263
141	-33.904  	50.5933	204.372	37.25  
142	-33.904  	50.2755	189.342	36.1791
143	-33.904  	49.7594	193.427	36.0213
144	-33.904  	50.181 	173.5  	36.1132
145	-33.904  	49.3413	202.578	36.4596
146	-33.904  	48.7259	198.327	36.6979
147	-33.904  	48.1834	193.358	36.0566
148	-33.904  	47.0124	170.828	34.6557
149	-33.904  	46.8997	177.039	33.6805
150	-33.904  	47.4068	194.678	35.2384
151	-33.904  	47.1525	180.746	35.3619
152	-33.904  	47.4612	169.898	35.0614
153	-33.904  	45.8768	197.304	33.2385
154	-33.904  	45.8766	172.818	34.3471
155	-34.9048 	45.338 	166.014	33.4074
156	-34.9048 	44.8801	166.014	33.6276
157	-34.9048 	44.7282	154.268	34.2847
158	-34.9048 	44.7937	149.143	34.3044
159	-34.9048 	43.8802	149.293	34.633 
160	-34.9048 	43.5379	148.181	33.874 
161	-34.9048 	42.9985	175.416	33.8991
162	-34.9048 	42.5905	169.775	33.7692
163	-35.4166 	41.6425	151.215	32.9194
164	-35.4166 	40.8551	156.568	31.8082
165	-36.4328 	40.4042	218.914	31.612 
166	-36.4328 	40.2667	181.369	31.9235
167	-36.4328 	40.9106	204.722	33.2594
168	-36.4328 	40.0306	164.735	31.9591
169	-36.4328 	39.4652	164.735	31.5396
170	-36.4328 	38.9622	162.319	31.1809
171	-36.4328 	38.7565	169.474	31.5829
172	-36.4328 	38.9483	148.306	32.0316
173	-36.4328 	38.5297	143.022	31.1625
174	-36.4328 	38.2805	161.762	31.4593
175	-36.4328 	37.0932	136.089	29.4858
176	-36.4328 	36.7218	129.464	28.5358
177	-36.4328 	36.6864	125.839	28.3377
178	-36.4328 	36.659 	121.145	28.3942
179	-36.4328 	35.9138	143.477	27.5864
180	-36.4328 	35.814 	137.348	27.4535
181	-36.4328 	36.1782	138.096	27.685 
182	-37.9544 	35.0429	142.698	27.6475
183	-37.9544 	34.7343	125.417	27.8703
184	-37.9544 	35.3384	119.267	28.1603
185	-37.9544 	34.9478	118.976	28.0325
186	-37.9544 	34.4096	129.688	27.363 
187	-37.9544 	34.4849	122.325	27.4714
188	-37.9544 	34.5912	142.296	27.4353
189	-37.9544 	34.2727	143.839	27.8742
190	-37.9544 	34.1723	133.592	28.0933
191	-37.9544 	33.9144	127.154	26.4073
192	-37.9544 	33.6751	116.14 	26.3179
193	-37.9544 	33.3938	118.244	25.6996
194	-37.9544 	32.8752	111.778	25.0261
195	-37.9544 	33.222 	109.596	25.5778
196	-37.9544 	32.9072	112.013	25.3876
197	-37.9544 	32.3382	103.551	24.9467
198	-38.076  	32.868 	109.987	25.7561
199	-38.076  	32.1028	113.31 	24.8912
Result of algorithm run: SUCCESS, 0, 0, -38.075984, 0
