/usr/lib/python2.7/site-packages/deap/tools/_hypervolume/pyhv.py:33: ImportWarning: Falling back to the python version of hypervolume module. Expect this to be very slow.
  "module. Expect this to be very slow.", ImportWarning)
gen	min    	avg    	max    	std    
0  	25.9021	302.418	1568.16	204.471
1  	16.8786	303.676	1506.21	207.688
2  	16.8786	302.128	1347.4 	205.294
3  	16.8786	296.489	1327.64	202.931
4  	16.8786	283.613	1220.26	192.781
5  	16.8786	284.181	1280.36	199.323
6  	12.2329	280.589	1176.26	192.53 
7  	11.4083	268.374	1054.6 	173.503
8  	11.4083	264.9  	1119.54	175.109
9  	2.19421	255.384	1197.63	168.04 
10 	2.19421	256.988	953.609	161.13 
11 	2.19421	258.638	1028.94	165.709
12 	1.61787	255.538	1085.53	162.383
13 	-4.37669	247.666	935.584	158.233
14 	-4.37669	242.805	900.296	151.598
15 	-4.37669	242.324	873.373	158.904
16 	-4.37669	238.853	931.529	156.517
17 	-4.37669	235.01 	1069.68	152.765
18 	-7.24919	228.818	903.482	144.722
19 	-7.24919	224.889	861.272	145.432
20 	-16.4012	218.592	747.201	138.004
21 	-16.4012	216.262	876.206	142.056
22 	-21.9973	217.354	1117.34	152.719
23 	-21.9973	217.055	864.443	146.967
24 	-21.9973	213.658	952.515	143.784
25 	-21.9973	210.774	808.322	135.859
26 	-21.9973	214.625	955.422	142.247
27 	-21.9973	212.297	846.116	140.291
28 	-21.9973	211.585	840.316	140.241
29 	-21.9973	208.634	854.193	140.645
30 	-21.9973	203.165	760.819	134.135
31 	-21.9973	201.66 	878.813	134.022
32 	-21.9973	199.016	685.215	127.357
33 	-21.9973	194.524	777.015	126.431
34 	-21.9973	188.18 	766.506	122.146
35 	-21.9973	185.219	699.683	122.395
36 	-21.9973	182.444	684.301	121.136
37 	-21.9973	179.758	685.483	119.731
38 	-21.9973	178.677	681.222	119.907
39 	-21.9973	177.463	623.317	118.284
40 	-21.9973	171.657	611.405	112.385
41 	-21.9973	172.647	785.866	114.939
42 	-21.9973	169.009	577.119	106.17 
43 	-22.9212	167.732	569.021	101.524
44 	-22.9212	164.488	601.228	103.985
45 	-22.9212	160.25 	694.062	107.2  
46 	-23.8232	157.175	688.923	106.788
47 	-23.8232	151.921	547.679	98.0476
48 	-23.8232	150.418	527.38 	96.3905
49 	-23.8232	151.135	623.816	98.3116
50 	-23.8232	149.264	676.388	99.5198
51 	-23.8232	148.012	669.932	97.3262
52 	-25.531 	147.703	651.539	98.8442
53 	-25.531 	148.35 	545.58 	97.2285
54 	-25.531 	141.799	433.228	89.5886
55 	-25.997 	141.429	467.775	92.8776
56 	-25.997 	139.996	444.888	94.4306
57 	-26.5606	139.651	626.427	97.3701
58 	-26.5606	139.74 	721.938	102.512
59 	-27.3985	138.491	484.979	96.7608
60 	-27.3985	135.817	575.88 	96.1774
61 	-27.3985	129.91 	557.001	89.484 
62 	-27.3985	127.45 	535.906	84.9845
63 	-27.3985	126.512	413.865	83.735 
64 	-27.3985	124.742	426.403	81.2417
65 	-27.3985	124.141	457.392	82.8209
66 	-27.3985	125.92 	481.662	85.3188
67 	-27.3985	127.788	484.789	88.3226
68 	-27.3985	123.462	513.765	81.8321
69 	-27.3985	122.059	435.287	79.773 
70 	-27.3985	121.465	537.88 	83.9382
71 	-27.3985	121.722	535.573	85.6708
72 	-27.8329	119.071	533.779	84.6916
73 	-27.8329	118.007	466.405	81.1666
74 	-27.8329	117.171	513.647	85.8349
75 	-27.8329	115.858	511.402	85.533 
76 	-27.8329	114.523	552.456	84.0938
77 	-27.8329	111.855	384.196	75.6774
78 	-27.8329	112.362	375.984	76.8759
79 	-27.8329	111.512	428.852	76.5518
80 	-27.8329	109.762	425.337	75.6455
81 	-27.8329	107.71 	438.08 	75.5686
82 	-27.8329	107.917	455.342	75.9595
83 	-27.8329	104.461	413.011	73.1284
84 	-27.8329	104.541	414.845	73.9187
85 	-27.8329	102.649	414.845	70.138 
86 	-27.8329	99.5178	342.37 	67.19  
87 	-27.8329	100.178	401.144	69.2286
88 	-29.147 	97.9855	400.026	67.4   
89 	-29.147 	96.0732	365.743	65.9424
90 	-29.147 	96.159 	410.917	66.218 
91 	-29.147 	94.7305	402.441	68.1192
92 	-29.147 	95.0508	398.137	70.7282
93 	-29.147 	93.8662	398.137	67.9356
94 	-31.4895	91.7282	454.085	65.9599
95 	-31.4895	90.7691	405.934	65.0398
96 	-31.4895	89.4871	385.199	64.6876
97 	-31.4895	88.5995	405.858	65.2155
98 	-31.4895	88.4547	380.529	63.4597
99 	-31.4895	85.9123	380.529	60.9881
100	-31.4895	85.8604	376.318	60.2754
101	-31.4895	85.6229	350.305	62.6981
102	-31.4895	85.861 	406.32 	62.8947
103	-31.4895	85.7835	378.488	66.8999
104	-31.4895	84.5819	375.05 	65.8444
105	-31.4895	83.2979	451.398	66.1423
106	-31.4895	81.4235	446.022	63.0761
107	-34.3836	80.7128	342.183	59.2542
108	-34.3836	81.1964	326.954	59.6723
109	-34.3836	79.8844	349.264	60.3986
110	-34.4761	80.935 	367.522	60.8891
111	-34.4761	79.021 	287.314	56.9788
112	-34.4761	79.7708	290.086	58.5043
113	-34.4761	77.4153	293.28 	56.2854
114	-34.4761	75.5733	313.083	55.2744
115	-34.4761	74.3483	322.123	55.1464
116	-34.4761	73.446 	260.166	53.6056
117	-34.4761	72.8588	267.733	52.7731
118	-34.4761	72.3773	257.338	53.0269
119	-34.4761	72.9333	245.584	54.0616
120	-34.4761	70.6265	235.922	52.1789
121	-34.4761	69.6562	334.245	51.6779
122	-34.4761	67.334 	321.714	48.5329
123	-34.4761	67.3873	259.129	47.8602
124	-34.4761	65.7926	198.986	45.1655
125	-34.4761	64.4311	214.767	45.2105
126	-34.4761	63.6703	219.436	44.812 
127	-34.4761	62.5801	265.603	45.6145
128	-34.4761	62.3943	233.233	45.445 
129	-34.4761	62.3973	257.418	45.6012
130	-34.4761	62.0448	273.392	44.7972
131	-34.4761	63.5636	259.517	45.8285
132	-35.0923	62.5678	237.192	45.2133
133	-35.2521	61.7544	244.59 	45.395 
134	-35.2521	60.2784	227.164	43.9479
135	-35.2521	60.0487	208.578	43.073 
136	-35.2521	58.2036	257.315	42.6141
137	-35.2521	57.1598	241.369	42.3737
138	-35.2521	56.6469	223.185	41.8661
139	-35.2521	56.7596	214.816	42.542 
140	-35.2521	55.4853	212.029	40.4111
141	-35.2521	55.1694	231.908	40.1579
142	-35.2521	55.0152	221.361	41.5641
143	-35.2521	54.4809	218.009	42.9021
144	-35.2521	54.6066	223.932	42.3401
145	-35.2521	54.3148	236.83 	43.2126
146	-35.2521	53.3072	211.392	41.6996
147	-35.2521	52.6511	224.517	41.9496
148	-35.2521	51.9128	201.084	39.4165
149	-35.2521	52.1901	212.957	40.0539
150	-35.2521	51.6869	167.446	37.2736
151	-35.2521	51.6902	168.919	37.2084
152	-35.2521	51.0361	207.441	37.5421
153	-35.2521	51.4193	196.639	39.0585
154	-35.2521	50.7535	177.454	38.4116
155	-35.2521	50.2293	170.518	38.8675
156	-35.2521	48.9037	160.377	37.9529
157	-35.2521	47.9637	194.111	37.55  
158	-35.2521	47.7113	194.533	38.5502
159	-35.2521	47.0467	173.379	37.5425
160	-35.431 	46.9641	182.208	37.9641
161	-35.431 	47.6059	209.593	38.9276
162	-35.431 	45.6757	167.883	37.1168
163	-35.431 	45.4606	175.163	37.3395
164	-35.9859	45.6542	161.332	35.5622
165	-35.9859	44.8452	164.564	35.5254
166	-35.9859	44.5852	167.641	34.2141
167	-35.9859	45.4417	181.826	35.5911
168	-35.9904	44.8669	193.277	34.4332
169	-35.9904	43.911 	181.142	34.0446
170	-35.9904	43.9096	176.844	33.3953
171	-35.9904	44.1763	177.15 	33.4995
172	-35.9904	43.7115	164.821	32.961 
173	-35.9904	43.0229	166.985	32.7362
174	-35.9904	43.3555	175.009	34.0744
175	-35.9904	43.0056	169.839	34.4355
176	-36.5477	42.8427	188.965	35.0833
177	-36.5477	42.3498	175.58 	34.7425
178	-36.5477	42.2026	159.562	34.5439
179	-36.5477	42.2033	163.52 	34.4766
180	-36.5477	41.7037	163.52 	34.2408
181	-36.5477	42.0301	154.198	35.0173
182	-36.5477	41.2056	173.642	34.8191
183	-36.5733	41.8092	191.39 	34.8792
184	-36.5733	41.7425	174.965	33.513 
185	-36.5733	41.2399	176.72 	32.8173
186	-36.702 	40.7745	174.719	32.3456
187	-36.702 	39.5541	148.793	30.8154
188	-36.702 	40.2862	157.934	31.2205
189	-36.702 	39.8064	146.51 	31.0448
190	-36.702 	39.7109	145.96 	30.6656
191	-36.702 	39.3829	156.436	30.2696
192	-36.702 	39.5906	157.375	30.3127
193	-36.7543	39.2111	157.041	30.4911
194	-36.7543	38.9279	171.349	29.7691
195	-36.7543	38.5764	141.572	29.6933
196	-36.7543	38.4877	146.51 	30.5325
197	-36.7543	37.9478	136.954	29.8913
198	-36.7543	38.524 	147.934	30.6612
199	-36.7543	38.5631	145.292	30.6842
Result of algorithm run: SUCCESS, 0, 0, -36.754250, 0
