/usr/lib/python2.7/site-packages/deap/tools/_hypervolume/pyhv.py:33: ImportWarning: Falling back to the python version of hypervolume module. Expect this to be very slow.
  "module. Expect this to be very slow.", ImportWarning)
gen	min    	avg    	max    	std    
0  	113.533	151.079	195.312	15.4907
1  	113.533	151.976	195.492	15.2181
2  	110.764	151.874	208.211	15.5426
3  	110.764	152.418	196.344	15.2771
4  	110.764	151.861	203.792	15.0151
5  	110.764	151.503	197.985	14.8082
6  	110.764	152.552	208.508	15.278 
7  	110.764	151.828	202.963	15.9108
8  	110.764	152.106	200.287	14.9117
9  	110.764	151.835	196.801	15.3762
10 	110.764	152.059	195.35 	15.8916
11 	110.764	151.72 	207.228	14.3431
12 	107.988	153.204	206.276	15.7636
13 	107.988	152.012	197.573	15.7727
14 	107.988	151.873	198.675	15.3222
15 	107.988	151.486	195.65 	15.2834
16 	107.988	151.668	210.138	15.7412
17 	107.988	151.675	201.199	15.3715
18 	107.988	150.874	194.871	15.2602
19 	107.988	151.639	210.254	15.951 
20 	107.988	152.82 	205.189	15.8654
21 	107.988	151.968	196.099	15.4508
22 	107.988	151.624	196.713	14.766 
23 	107.988	153.417	201.526	14.6524
24 	107.988	153.082	210.117	15.4686
25 	107.988	151.815	196.452	16.2734
26 	107.988	152.764	202.173	14.9842
27 	107.988	150.995	197.591	15.5806
28 	107.988	152.05 	202.589	15.2841
29 	107.988	152.71 	197.945	15.5945
30 	107.988	152.803	206.535	15.4015
31 	107.988	151.398	187.164	14.1953
32 	107.988	151.559	196.496	14.9501
33 	107.988	151.943	197.154	14.9158
34 	107.988	151.836	204.429	14.9673
35 	107.988	152.311	193.845	15.6441
36 	107.988	151.487	188.574	14.8265
37 	107.988	152.203	198.044	15.5791
38 	107.988	151.759	198.8  	16.2821
39 	107.988	151.455	207.203	16.4375
40 	107.988	152.319	195.89 	15.375 
41 	107.988	152.403	195.538	15.4293
42 	101.523	152.377	217.788	15.5166
43 	101.523	151.68 	199.61 	15.577 
44 	101.523	151.913	196.977	14.8542
45 	101.523	152.062	202.307	15.8436
46 	101.523	152.545	212.658	16.4219
47 	101.523	152.276	209.205	15.5923
48 	101.523	151.967	196.778	15.655 
49 	101.523	152.243	200.09 	16.1198
50 	101.523	152.331	199.718	15.7405
51 	101.523	151.874	198.116	14.9298
52 	101.523	151.495	198.417	15.4154
53 	101.523	151.502	204.276	15.4447
54 	101.523	152.447	203.2  	15.5134
55 	101.523	152.19 	203.2  	15.1433
56 	101.523	152.231	199.405	14.9476
57 	101.523	153.504	198.945	15.6419
58 	101.523	151.678	202.934	15.4983
59 	101.523	152.812	200.936	15.7316
60 	101.523	152.138	212.117	15.9417
61 	101.523	152.242	201.802	15.1899
62 	101.523	151.04 	195.808	15.2902
63 	101.523	150.811	204.455	15.737 
64 	101.523	151.788	194.849	16.4199
65 	101.523	151.007	193.487	15.5284
66 	101.523	150.815	197.983	15.9629
67 	101.523	152.853	197.736	15.2817
68 	101.523	152.703	197.405	14.8826
69 	101.523	153.034	203.162	16.4601
70 	101.523	152.055	205.469	16.3555
71 	101.523	151.631	205.469	16.0942
72 	101.523	152.087	194.032	15.7133
73 	101.523	152.758	206.267	15.179 
74 	101.523	152.68 	201.81 	15.7761
75 	101.523	151.27 	202.612	15.0359
76 	101.523	152.378	217.382	16.5297
77 	101.523	152.38 	194.785	15.3203
78 	101.523	152.907	203.193	15.9178
79 	101.523	152.765	199.608	15.7141
80 	101.523	152.332	193.392	14.8831
81 	101.523	152.277	194.288	15.9074
82 	101.523	152.109	193.017	15.485 
83 	101.523	151.613	197.001	15.5667
84 	101.523	151.092	196.407	16.3462
85 	101.523	152.79 	199.851	15.6381
86 	101.523	151.902	194.294	15.336 
87 	101.523	152.237	194.255	14.8808
88 	101.523	153.043	197.909	14.7994
89 	101.523	152.856	213.212	16.0109
90 	101.523	151.959	202.204	15.9628
91 	101.523	151.534	202.204	15.938 
92 	101.523	151.69 	201.208	15.6289
93 	101.523	151.211	207.92 	15.6982
94 	101.523	151.751	202.595	16.9935
95 	101.523	152.869	204.943	15.1956
96 	101.523	151.561	223.083	15.6346
97 	101.523	151.706	193.034	15.2821
98 	101.523	151.763	198.216	15.669 
99 	101.523	150.934	201.77 	15.7931
100	101.523	152.339	201.732	15.9528
101	101.523	152.153	201.732	16.1644
102	101.523	152.418	210.066	15.8852
103	101.523	151.488	193.249	15.7429
104	101.523	152.022	198.821	15.5069
105	101.523	152.416	208.358	15.9087
106	101.523	152.333	205.907	15.5786
107	101.523	153.365	205.907	16.2872
108	101.523	152.867	192.491	15.8774
109	101.523	152.187	198.674	16.1096
110	101.523	151.642	202.674	16.0165
111	101.523	151.648	201.954	16.1061
112	101.523	151.672	198.406	15.0072
113	101.523	151.6  	198.307	16.3918
114	101.523	149.787	192.37 	15.2753
115	101.523	151.065	203.434	16.3822
116	101.523	151.878	204.939	15.5254
117	101.523	151.953	201.564	15.544 
118	101.523	151.656	215.179	16.6324
119	101.523	150.119	195.771	15.1262
120	101.523	151.046	200.696	15.5546
121	101.523	151.348	205.513	15.6548
122	101.523	151.858	198.86 	15.6021
123	101.523	152.348	215.198	16.3633
124	101.523	151.259	209.856	15.9477
125	101.523	153.294	197.425	16.286 
126	101.523	152.122	197.767	15.4108
127	101.523	150.952	196.422	15.658 
128	101.523	149.599	188.862	15.5392
129	101.523	151.912	199.881	15.6997
130	101.523	152.878	205.455	16.0191
131	101.523	152.892	196.897	14.9488
132	101.523	152.093	202.939	15.0588
133	101.523	151.837	199.251	16.0326
134	101.523	151.361	198.29 	15.4515
135	101.523	150.592	202.101	15.9156
136	101.523	152.047	197.825	16.2688
137	101.523	151.923	204.414	15.2186
138	101.523	152.329	198.39 	15.1387
139	101.523	152.045	196.813	14.7223
140	101.523	152.817	196.103	15.5577
141	101.523	151.894	197.973	15.3797
142	101.523	151.135	197.97 	15.7492
143	101.523	152.007	196.257	15.6787
144	101.523	153.065	209.585	16.4151
145	101.523	152.213	197.344	14.96  
146	101.523	151.966	212.446	15.9348
147	101.523	151.895	196.024	15.2065
148	101.523	153.029	203.127	15.9613
149	101.523	152.84 	202.82 	15.3784
150	101.523	152.605	205.532	16.615 
151	101.523	152.12 	202.378	16.0235
152	101.523	152.408	202.378	15.1711
153	100.964	152.643	203.708	15.9105
154	100.964	153.208	202.486	15.2662
155	100.964	152.231	202.937	16.5082
156	100.964	151.11 	195.825	14.5756
157	100.964	151.474	202.098	15.0209
158	100.964	151.208	194.402	14.8284
159	100.964	152.759	200.913	15.882 
160	100.964	151.106	196.066	14.8604
161	100.964	150.799	196.981	15.3283
162	100.964	151.976	193.42 	15.5983
163	100.964	150.428	195.369	14.9994
164	100.964	151.606	191.269	15.2074
165	100.964	152.085	204.572	15.8347
166	100.964	151.468	198.772	15.9028
167	100.964	151.164	201.131	15.5941
168	100.964	151.694	194.788	15.7528
169	100.964	151.364	200.719	16.2459
170	100.964	151.191	196.674	15.9861
171	100.964	151.323	194.146	15.0743
172	100.964	152.064	196.021	15.8948
173	100.964	151.397	200.577	16.3144
174	100.964	152.1  	200.069	15.5428
175	100.964	152.483	198.521	15.937 
176	100.964	152.737	201.564	16.0051
177	100.964	152.242	194.152	15.7035
178	100.964	151.932	195.757	15.6225
179	99.6389	151.796	194.947	15.3708
180	99.6389	151.272	198.919	16.3705
181	99.6389	152.026	202.828	16.5385
182	99.6389	151.936	205.945	15.8694
183	99.6389	152.46 	199.069	15.4091
184	96.3166	150.957	190.771	14.931 
185	96.3166	152.16 	199.123	15.797 
186	96.3166	150.687	205.02 	16.0854
187	96.3166	151.857	204.955	15.6612
188	96.3166	151.514	202.16 	15.5231
189	96.3166	149.943	208.078	16.1714
190	96.3166	151.554	203.457	16.5274
191	96.3166	151.916	201.643	16.586 
192	96.3166	150.858	194.444	15.4941
193	96.3166	151.238	204.076	16.2016
194	96.3166	152.168	207.455	16.3162
195	96.3166	152.149	206.247	16.3551
196	95.9849	152.082	202.25 	15.9851
197	95.9849	151.794	203.909	15.5652
198	95.9849	152.26 	202.35 	15.6247
199	95.9849	151.715	212.666	16.4397
Result of algorithm run: SUCCESS, 0, 0, 95.984866, 0
