/usr/lib/python2.7/site-packages/deap/tools/_hypervolume/pyhv.py:33: ImportWarning: Falling back to the python version of hypervolume module. Expect this to be very slow.
  "module. Expect this to be very slow.", ImportWarning)
gen	min     	avg   	max    	std    
0  	-3.55986	40.251	233.159	38.9595
1  	-3.55986	40.0452	233.159	38.8652
2  	-3.55986	38.9515	288.847	39.1506
3  	-3.55986	38.6296	261.073	38.7552
4  	-3.55986	38.3421	250.55 	37.5258
5  	-3.55986	38.1439	217.964	36.1692
6  	-3.55986	37.6161	207.936	35.3622
7  	-3.55986	36.4872	197.896	33.1314
8  	-4.63496	34.3828	207.292	32.0629
9  	-4.63496	33.7076	187.37 	31.2526
10 	-4.63496	32.3034	219.485	30.5431
11 	-4.63496	31.2683	212.743	30.5784
12 	-4.63496	30.3318	201.715	27.5971
13 	-5.40591	29.8139	183.339	28.4781
14 	-5.81523	29.0483	133.501	26.4498
15 	-6.08514	28.8565	186.941	28.8471
16 	-6.52867	28.3363	157.583	27.0775
17 	-6.52867	28.0176	170.642	26.8464
18 	-6.52867	27.6717	170.642	26.7902
19 	-6.52867	27.7181	177.028	28.0821
20 	-6.52867	27.7782	193.874	28.2634
21 	-6.52867	27.1231	148.22 	26.7563
22 	-6.52867	27.2512	172.542	27.1184
23 	-6.52867	26.5826	169.968	27.1901
24 	-6.52867	26.2109	174.158	26.7689
25 	-6.52867	25.5081	162.299	25.1824
26 	-6.52867	23.9812	149.73 	23.2802
27 	-6.52867	23.2379	183.395	23.2654
28 	-6.52867	22.6027	132.792	21.2056
29 	-6.52867	23.0107	148.244	23.6637
30 	-6.52867	22.3413	146.437	21.829 
31 	-6.52867	22.0735	122.791	22.1414
32 	-6.52867	22.8547	195.317	25.9436
33 	-6.52867	21.6184	139.267	22.9331
34 	-6.52867	21.5132	151.042	23.2014
35 	-6.52867	20.1353	142.533	20.8823
36 	-6.52867	19.2872	101.876	19.055 
37 	-6.52867	20.1668	163.082	21.5695
38 	-6.52867	19.1676	244.731	21.642 
39 	-6.96225	18.5985	241.007	20.1559
40 	-6.96225	18.159 	136.813	18.3126
41 	-6.96225	17.2341	113.224	15.9677
42 	-6.96225	16.9075	84.5507	15.0568
43 	-6.96225	16.597 	85.3131	15.0297
44 	-6.96225	16.4171	76.0249	15.0186
45 	-6.96225	16.532 	120.857	16.4569
46 	-6.96225	15.7199	108.897	15.1239
47 	-6.96225	15.2382	92.8133	15.2145
48 	-6.96225	15.5875	129.096	17.2152
49 	-6.96225	15.6625	123.439	17.1037
50 	-6.96225	15.3173	97.4214	15.5176
51 	-6.96225	15.1813	108.186	15.5668
52 	-6.96225	15.535 	97.7836	16.4679
53 	-6.96225	15.2741	98.8421	16.156 
54 	-6.96225	15.2024	115.57 	16.1431
55 	-6.96225	14.6178	123.436	15.8662
56 	-6.96225	14.4835	91.4378	14.1969
57 	-6.96225	14.1611	95.9344	14.2609
58 	-6.96225	13.5771	95.6658	13.7355
59 	-6.96225	13.5082	121.358	14.6041
60 	-6.96225	13.1936	79.6266	13.5465
61 	-6.96225	12.8363	77.5755	13.0763
62 	-6.96225	12.7343	75.6223	12.8567
63 	-6.96225	12.1567	82.889 	13.2299
64 	-6.96225	12.7034	113.365	14.3298
65 	-6.96225	12.1142	78.2113	12.6346
66 	-6.96225	11.8268	97.716 	13.2493
67 	-6.96225	11.9708	97.9907	14.2671
68 	-6.96225	11.5271	86.6431	13.1902
69 	-7.03988	11.2449	96.9025	12.6057
70 	-7.03988	10.8946	89.1138	12.5204
71 	-7.03988	10.3279	82.3952	11.7154
72 	-7.03988	10.2038	55.644 	10.9852
73 	-7.03988	9.93527	56.5676	11.3314
74 	-7.03988	9.38001	93.7249	11.4009
75 	-7.62627	9.39735	71.1693	10.9225
76 	-7.62627	9.02826	52.8683	9.96951
77 	-7.62627	8.67985	73.0179	10.3095
78 	-7.62627	8.65551	70.6134	10.0918
79 	-7.88869	8.3055 	54.7812	9.87702
80 	-7.88869	8.43388	61.6916	10.2709
81 	-7.88869	8.32315	57.6726	10.37  
82 	-7.88869	8.35986	93.9969	10.4255
83 	-7.88869	8.05778	53.3725	9.52508
84 	-7.90065	8.29081	74.6072	10.3699
85 	-7.90065	8.0738 	75.595 	10.2637
86 	-7.90065	7.7907 	80.2938	10.0757
87 	-7.90065	7.37839	68.3782	9.5266 
88 	-7.90065	6.95041	49.2266	8.82851
89 	-7.90065	6.81659	58.5163	8.58012
90 	-7.90065	6.45322	56.6523	8.56805
91 	-7.94963	6.58966	60.4605	9.03405
92 	-8.24749	6.17139	54.2804	8.49949
93 	-8.24749	6.025  	52.5288	8.43587
94 	-8.24749	5.69736	51.3953	8.22963
95 	-8.24749	5.76811	42.3614	8.14725
96 	-8.24749	5.72874	47.6208	8.21605
97 	-8.37954	5.47584	42.9072	7.94172
98 	-8.37954	5.22125	42.3318	7.29613
99 	-8.37954	4.99221	39.189 	7.39017
100	-8.37954	5.03045	48.4479	7.82732
101	-8.37954	5.09467	49.8795	7.87197
102	-8.37954	4.87898	39.6504	7.60594
103	-8.96253	4.9575 	46.8451	7.71201
104	-8.96253	4.88101	39.64  	7.67067
105	-8.96253	4.93862	48.1076	7.92497
106	-8.96253	4.70231	36.3673	7.84281
107	-8.96253	4.66734	45.2532	7.67361
108	-8.96253	4.58902	38.4638	7.52145
109	-8.96253	4.5657 	37.7082	6.92155
110	-8.96253	4.5061 	36.0363	7.18017
111	-8.96253	4.22997	35.8442	7.30945
112	-8.96253	4.30477	60.5989	7.75502
113	-8.96253	4.25202	34.1412	7.30202
114	-9.3139 	4.01932	34.3625	7.18388
115	-9.3139 	3.84488	32.9958	6.87635
116	-9.3139 	3.88771	37.6434	7.08932
117	-9.3139 	3.87026	34.548 	7.12236
118	-9.3139 	3.78113	39.9906	7.30237
119	-9.3139 	3.86421	33.84  	7.06295
120	-9.3139 	3.72005	34.9656	6.85391
121	-9.3139 	3.6484 	31.524 	6.84599
122	-9.3139 	3.47078	33.4155	6.76076
123	-9.3139 	3.3556 	33.4155	6.6241 
124	-9.3139 	3.05765	26.8294	6.11538
125	-9.3139 	3.08785	29.8664	6.00995
126	-9.3139 	2.96431	27.3866	5.78435
127	-9.3139 	2.93055	25.9449	5.91642
128	-9.3139 	2.96117	31.8602	6.37998
129	-9.3139 	2.80232	29.1915	6.04114
130	-9.3139 	2.84793	30.9063	5.98019
131	-9.3139 	3.00608	29.2905	6.12931
132	-9.3139 	2.69427	25.3366	5.84689
133	-9.3139 	2.84012	27.0639	5.94968
134	-9.3139 	2.49106	26.7847	5.55174
135	-9.35503	2.69862	25.8053	5.69799
136	-9.35503	2.67163	32.6476	5.76131
137	-9.35503	2.76104	28.6453	5.91961
138	-9.35503	2.58744	31.3186	5.8919 
139	-9.35503	2.30699	30.9035	5.69029
140	-9.35503	2.5039 	28.2024	5.92716
141	-9.35503	2.30773	27.7067	5.8122 
142	-9.35503	2.34564	34.6587	5.98539
143	-9.35503	2.29835	34.5094	6.09921
144	-9.35503	2.27834	25.6912	5.82405
145	-9.35503	2.1606 	32.4284	6.07736
146	-9.35503	1.81085	33.9167	6.05605
147	-9.35503	2.10369	33.9167	6.3607 
148	-9.35503	1.83007	37.847 	6.11835
149	-9.35503	1.57387	32.1086	5.7582 
150	-9.35503	1.5356 	29.0984	5.4005 
151	-9.35503	1.46424	26.1048	5.38265
152	-9.35503	1.38368	25.2479	5.26792
153	-9.35503	1.37057	29.1329	5.28676
154	-9.35503	1.29682	29.0265	4.99832
155	-9.35503	1.21958	19.8748	4.63607
156	-9.35503	1.17276	23.3413	4.65033
157	-9.35503	1.05068	24.123 	4.59425
158	-9.44271	0.964962	22.5244	4.62359
159	-9.44271	0.930192	19.5362	4.45112
160	-9.44271	0.945587	28.4237	4.72975
161	-9.44271	1.11867 	20.4718	4.73055
162	-9.44271	0.81135 	21.5959	4.43942
163	-9.44271	1.00846 	20.7577	4.62176
164	-9.44271	0.861598	17.6917	4.47752
165	-9.44271	0.818308	16.6277	4.40881
166	-9.44271	0.837383	22.3932	4.47883
167	-9.44271	0.815773	21.6303	4.66173
168	-9.44271	0.883296	18.1778	4.36945
169	-9.44271	0.702693	23.3273	4.55851
170	-9.44271	0.502407	18.8537	4.35656
171	-9.44271	0.665049	17.9625	4.26597
172	-9.44271	0.548982	20.8703	4.42755
173	-9.44271	0.485487	20.8703	4.14933
174	-9.44271	0.2908  	17.3096	4.00387
175	-9.44271	0.414966	16.4671	4.0712 
176	-9.44271	0.210661	14.5557	4.08727
177	-9.44271	0.214713	15.7084	3.95509
178	-9.44271	0.338919	14.5426	3.87094
179	-9.44271	0.280809	14.7292	3.96673
180	-9.44271	0.291186	16.0785	4.03328
181	-9.44271	0.235952	17.0206	4.32202
182	-9.44271	0.160432	18.8211	4.23088
183	-9.44271	0.179352	17.3078	4.14894
184	-9.44271	0.139016	17.937 	4.01312
185	-9.44271	-0.0358168	14.7301	3.6385 
186	-9.77901	-0.101903 	14.7301	3.78877
187	-9.77901	-0.0706419	15.9621	4.00122
188	-10.2787	-0.0673236	17.4898	3.87752
189	-10.2787	-0.0888776	14.9929	3.92411
190	-10.2787	-0.112478 	13.4642	3.8615 
191	-10.2787	-0.278274 	12.7384	3.66285
192	-10.2787	-0.352266 	14.1547	3.52536
193	-10.2787	-0.392546 	12.8641	3.4961 
194	-10.2787	-0.364453 	14.0106	3.58147
195	-10.2787	-0.388239 	12.0925	3.48596
196	-10.2787	-0.432397 	13.6484	3.62964
197	-10.2787	-0.450049 	13.5067	3.49066
198	-10.2787	-0.385971 	10.7174	3.44878
199	-10.2787	-0.332493 	14.0092	3.6837 
Result of algorithm run: SUCCESS, 0, 0, -10.278705, 0
