/usr/lib/python2.7/site-packages/deap/tools/_hypervolume/pyhv.py:33: ImportWarning: Falling back to the python version of hypervolume module. Expect this to be very slow.
  "module. Expect this to be very slow.", ImportWarning)
gen	min    	avg    	max    	std    
0  	36.0866	208.799	1513.25	160.172
1  	31.5775	201.286	915.915	141.9  
2  	31.5775	196.548	989.524	137.402
3  	31.5775	189.231	880.358	130.033
4  	31.5775	189.55 	730.152	126.066
5  	31.5775	184.474	1162   	129.913
6  	31.5775	182.048	1136.62	135.99 
7  	25.5051	180.874	1100.26	130.137
8  	25.5051	175.622	1229.93	121.303
9  	25.5051	173.253	870.11 	115.065
10 	25.5051	172.32 	870.11 	115.998
11 	25.5051	168.872	732.13 	109.628
12 	25.5051	168.077	735.001	111.172
13 	25.5051	167.387	884.655	109.553
14 	25.5051	167.592	807.054	108.608
15 	25.5051	163.213	665.071	105.539
16 	25.5051	162.829	786.441	107.104
17 	25.5051	160.147	910.37 	107.693
18 	25.5051	157.566	1030.96	102.774
19 	25.5051	156.013	702.161	95.1966
20 	25.5051	154.873	738.521	94.7698
21 	25.5051	151.612	803.141	97.7801
22 	25.5051	151.672	840.407	95.2246
23 	25.5051	148.661	584.269	88.9852
24 	24.093 	152.528	645.094	98.5501
25 	24.093 	152.397	825.329	103.717
26 	24.093 	149.31 	675.198	96.6243
27 	24.093 	148.886	817.024	98.6828
28 	24.093 	146.238	643.008	97.4116
29 	24.093 	142.238	748.351	89.9301
30 	24.093 	146.289	735.173	102.042
31 	24.093 	141.851	736.211	97.2224
32 	24.093 	138.847	990.722	100.233
33 	24.093 	138.615	986.326	104.889
34 	24.093 	135.177	829.475	91.6302
35 	24.093 	133.695	721.61 	85.433 
36 	24.093 	131.478	546.911	81.7952
37 	24.093 	134.418	703.653	89.4287
38 	22.6955	129.749	579.145	82.6462
39 	22.6955	129.423	613.469	84.2844
40 	22.6955	126.951	484.324	77.7792
41 	21.4009	122.271	718.426	76.7552
42 	18.8661	123.526	779.954	82.7167
43 	18.8661	121.906	664.137	75.6477
44 	18.8661	116.857	445.961	67.8912
45 	18.8661	112.321	448.409	59.3287
46 	18.8661	113.004	350.11 	59.88  
47 	18.8661	111.965	429.74 	63.1858
48 	18.0299	109.566	444.623	62.4269
49 	18.0299	108.903	418.168	61.6276
50 	18.0299	108.614	481.678	64.2943
51 	18.0299	107.727	635.272	66.6723
52 	18.0299	108.922	537.374	61.1344
53 	18.0299	109.138	400.965	59.0805
54 	18.0299	109.658	420.292	62.4518
55 	18.0299	109.403	436.683	63.9222
56 	18.0299	108.291	400.275	60.0787
57 	18.0299	108.589	363.446	60.0018
58 	18.0299	107.677	463.357	61.1667
59 	18.0299	105.785	399.707	61.7084
60 	18.0299	103.578	365.112	57.7717
61 	18.0299	104.384	437.972	61.8296
62 	18.0299	103.542	495.422	62.0412
63 	18.0299	101.762	390.165	57.7297
64 	18.0299	101.615	452.205	60.8157
65 	18.0299	99.4466	346.932	55.3837
66 	18.0299	98.8873	461.205	58.5153
67 	18.0299	100.392	381.669	57.59  
68 	18.0299	97.8502	322.97 	52.5153
69 	18.0299	97.1467	350.068	53.3086
70 	18.0299	94.9995	343.352	51.2387
71 	18.0299	96.3586	359.764	54.5867
72 	18.0299	94.507 	385.635	53.6905
73 	18.0299	93.2449	358.793	52.3292
74 	18.0299	91.1418	312.765	47.5511
75 	18.0299	91.4089	387.871	51.4541
76 	18.0299	93.2619	478.877	58.628 
77 	18.0299	91.8013	432.006	52.7053
78 	18.0299	91.1678	508.41 	56.1383
79 	18.0299	90.6716	452.544	50.2823
80 	18.0299	89.1305	378.067	49.5427
81 	18.0299	88.4785	360.168	45.9963
82 	18.0299	86.8952	266.709	42.9598
83 	17.878 	86.9329	276.864	43.4267
84 	17.878 	86.7751	315.054	46.9601
85 	17.878 	86.0147	336.401	46.0466
86 	16.1486	84.6158	336.401	42.4351
87 	16.1486	84.0436	318.399	38.538 
88 	15.8834	82.8882	234.352	38.3429
89 	15.8834	81.8268	288.18 	39.3143
90 	15.8834	81.6213	263.854	42.2082
91 	15.8834	79.8787	272.065	38.8797
92 	14.3872	79.3633	328.895	38.8334
93 	14.3872	79.5175	328.895	38.8153
94 	14.3872	79.855 	328.895	39.1303
95 	14.3872	78.473 	266.688	38.9364
96 	14.3872	77.5762	318.385	38.179 
97 	14.3872	76.217 	256.406	37.4758
98 	14.3872	76.1943	277.101	37.1062
99 	14.3872	76.9511	256.832	37.1082
100	14.3872	76.0067	245.952	36.5239
101	14.3872	76.0436	328.294	37.864 
102	14.3872	75.6375	274.896	35.8954
103	13.5133	74.9499	256.29 	36.4648
104	13.5133	74.8338	254.968	34.5556
105	13.5133	74.1578	287.026	35.7572
106	13.5133	74.2557	236.284	34.6845
107	13.5133	73.4264	247.742	34.184 
108	13.5133	71.9143	294.006	33.2041
109	11.7543	71.3606	266.297	32.0836
110	11.7543	69.7289	183.113	28.3117
111	11.7543	69.8144	201.743	28.853 
112	11.7543	69.9306	222.564	30.0855
113	11.7543	69.7749	186.487	28.4807
114	11.7543	68.1057	210.156	29.1428
115	11.7543	68.9499	261.303	30.6695
116	11.7543	67.7015	183.919	28.0446
117	11.7543	67.0941	194.068	26.776 
118	11.7543	67.7047	184.935	26.8271
119	11.7543	67.361 	210.375	27.8613
120	11.7543	68.0734	192.633	28.2217
121	11.7543	68.0553	219.907	28.5104
122	11.7543	67.2634	208.934	28.3471
123	11.7543	67.3061	175.36 	28.2835
124	11.7543	66.7928	198.572	29.4981
125	11.7543	65.8175	193.227	27.4588
126	11.7543	65.4895	186.622	26.6153
127	11.7543	64.2016	191.92 	26.2018
128	11.7543	64.2244	175.328	27.2088
129	11.7543	63.9066	188.938	27.1641
130	11.7543	62.5149	166.383	25.6003
131	11.7543	63.1417	176.66 	25.8933
132	11.7543	62.3161	162.035	24.8634
133	11.7543	62.333 	166.458	24.397 
134	9.85583	60.9944	161.139	22.9702
135	9.85583	60.3365	173.673	23.3699
136	9.85583	61.0134	194.127	23.3868
137	9.85583	61.0116	140.417	22.86  
138	9.85583	60.3405	148.817	23.0266
139	9.85583	60.1644	153.334	22.6   
140	9.85583	60.1606	174.205	22.679 
141	9.85583	59.9814	140.241	22.5878
142	9.85583	59.1255	144.532	21.9504
143	9.85583	59.342 	163.095	22.9154
144	9.85583	58.3666	163.095	22.8821
145	9.85583	58.0429	151.669	22.1452
146	9.85583	57.7664	149.754	21.8784
147	9.85583	57.7283	177.638	23.0929
148	9.85583	57.2829	175.861	22.9979
149	9.85583	57.0789	173.63 	23.3233
150	9.85583	56.5281	178.476	22.395 
151	9.85583	56.2142	150.936	21.3067
152	9.85583	56.3948	148.06 	20.8604
153	9.85583	56.4197	132.682	21.0479
154	9.85583	55.7293	137.981	20.4083
155	9.85583	55.256 	139.28 	20.5467
156	9.85583	55.0816	143.775	21.3747
157	9.85583	54.6678	129.188	19.9312
158	9.85583	55.0196	131.083	19.9256
159	9.85583	54.424 	134.609	19.9068
160	9.85583	54.7864	175.946	21.1911
161	9.85583	54.0159	152.142	20.4241
162	9.85583	53.9415	159.243	19.8191
163	9.85583	54.4021	133.341	19.643 
164	9.85583	54.4212	123.688	19.6134
165	9.85583	53.3696	117.365	18.1655
166	9.85583	53.405 	126.116	18.1774
167	9.85583	54.2006	131.703	19.3619
168	9.85583	54.0827	116.543	18.1061
169	9.85583	53.5822	138.958	19.3124
170	9.85583	52.9664	129.067	19.1251
171	9.85583	52.6333	129.067	18.7198
172	9.85583	52.7105	112.333	17.8664
173	9.85583	52.4254	111.374	18.1585
174	9.85583	51.6006	144.937	18.1491
175	9.85583	51.0429	116.409	17.405 
176	9.85583	51.3935	131.764	18.218 
177	9.85583	51.6314	128.621	18.158 
178	9.85583	50.5425	116.196	16.8474
179	9.85583	50.4175	116.644	17.5458
180	9.85583	50.7603	124.646	17.7593
181	9.85583	50.3923	113.729	17.5306
182	9.85583	50.5182	114.941	17.758 
183	9.85583	50.6886	160.599	18.2184
184	9.85583	50.4715	123.915	17.6411
185	9.85583	50     	112.382	16.6733
186	9.85583	49.9725	124.835	16.4303
187	9.85583	49.9981	121.55 	16.8699
188	9.85583	50.0848	128.066	16.4877
189	9.85583	50.0121	109.135	16.2047
190	9.85583	49.3634	123.333	15.8   
191	9.85583	49.4739	113.039	16.2468
192	9.85583	49.1187	128.037	16.2329
193	9.85583	49.6737	123.574	15.9452
194	9.85583	49.1431	109.507	15.4833
195	9.85583	48.9397	114.506	15.4142
196	9.85583	48.6635	109.361	15.3681
197	9.66629	49.1709	132.429	16.2979
198	9.66629	48.9289	132.726	15.8819
199	9.66629	49.0178	118.494	16.579 
Result of algorithm run: SUCCESS, 0, 0, 9.666293, 0
