/usr/lib/python2.7/site-packages/deap/tools/_hypervolume/pyhv.py:33: ImportWarning: Falling back to the python version of hypervolume module. Expect this to be very slow.
  "module. Expect this to be very slow.", ImportWarning)
gen	min    	avg    	max    	std    
0  	41.1072	211.213	1305.21	163.273
1  	40.5916	205.936	1173.67	153.742
2  	40.3334	203.758	1251.5 	150.238
3  	40.3334	201.348	1172.97	150.634
4  	40.3334	197.197	1534.12	147.484
5  	40.3334	190.756	1051.73	133.109
6  	40.3334	189.243	1233.49	135.593
7  	39.978 	186.349	1126.77	129.498
8  	28.9911	182.051	1131.87	131.062
9  	28.9911	181.01 	967.163	124.91 
10 	28.9911	182.618	899.725	129.741
11 	28.9911	177.942	773.596	127.635
12 	28.9911	177.039	1012.2 	135.173
13 	28.9911	174.523	1057.66	135.702
14 	28.9911	167.467	1042.63	122.948
15 	28.9911	162.88 	940.15 	111.906
16 	28.9911	159.938	991.155	108.607
17 	28.9911	160.695	916.063	113.756
18 	28.9911	157.437	764.075	111.376
19 	28.6664	155.837	704.942	105.729
20 	28.6664	155.925	708.558	102.665
21 	28.6664	149.487	677.767	97.1944
22 	28.6664	149.324	860.289	96.9367
23 	26.8067	149.767	697.542	98.8136
24 	26.8067	146.4  	638.512	93.3161
25 	18.8218	143.519	667.886	87.1846
26 	18.8218	142.88 	641.584	90.1111
27 	18.8218	142.425	724.919	87.3604
28 	18.8218	140.906	594.937	89.8738
29 	18.8218	141.386	636.365	92.3885
30 	18.8218	140.291	784.474	94.0629
31 	18.8218	137.324	718.817	87.7774
32 	18.8218	135.799	638.828	86.1318
33 	18.8218	134.482	570.425	82.2179
34 	18.8218	133.33 	530.449	79.2507
35 	18.8218	128.829	469.681	72.6203
36 	18.8218	127.622	457.253	74.1964
37 	18.8218	127.274	531.588	73.81  
38 	18.8218	127.34 	540.374	79.2561
39 	18.8218	128.597	631.741	85.0968
40 	18.8218	128.285	601.402	80.7798
41 	18.8218	128.558	750.895	83.6541
42 	18.8218	125.662	526.027	74.904 
43 	15.3564	122.911	461.656	71.8242
44 	15.3564	119.537	397.69 	64.5198
45 	15.3564	117.33 	428.404	66.2217
46 	15.3564	114.136	471.456	63.7893
47 	15.3564	115.356	525.602	72.7892
48 	15.3564	114.76 	469.487	69.2909
49 	15.3564	113.239	647.125	71.0539
50 	15.3564	111.36 	570.274	70.4596
51 	15.3564	110.057	657.045	70.083 
52 	15.3564	111.54 	570.274	68.0334
53 	15.3564	110.692	464.121	65.7429
54 	15.3564	107.805	485.216	62.6806
55 	15.3564	108.492	373.228	59.7156
56 	15.3564	107.806	427.086	61.8424
57 	15.3564	107.271	383.267	63.6944
58 	15.3564	106.149	516.41 	66.8575
59 	15.3564	102.332	378.601	54.4208
60 	15.3564	99.7944	412.279	54.0087
61 	15.2568	100.515	339.541	54.6775
62 	15.2568	99.9676	466.882	58.3817
63 	15.2568	98.0582	364.226	55.229 
64 	15.2568	98.2607	484.009	57.6697
65 	15.2568	97.2141	450.756	56.5606
66 	15.2568	94.9904	345.032	51.5784
67 	15.2568	95.3595	407.094	53.8134
68 	15.2568	93.6756	415.681	50.1941
69 	15.2568	94.522 	319.516	50.5824
70 	15.2568	93.8948	526.822	52.5202
71 	15.1913	90.5782	357.013	46.0479
72 	15.1913	92.5807	440.843	50.8296
73 	15.1913	92.8618	413.081	50.753 
74 	15.1913	92.5066	307.025	49.0099
75 	15.1913	92.363 	357.603	50.8784
76 	15.1913	89.7497	361.709	47.7924
77 	15.1913	90.1718	309.818	49.0686
78 	15.1913	89.023 	294.326	46.1352
79 	15.1913	87.1859	261.865	42.0784
80 	15.1913	86.8282	285.003	43.3302
81 	15.1913	87.0515	318.082	44.2003
82 	15.1913	85.7679	365.586	45.1279
83 	15.1913	85.4582	341.015	44.27  
84 	15.1913	84.7696	448.775	45.7169
85 	15.1913	83.3233	433.396	45.3663
86 	15.1913	81.6057	354.342	42.3612
87 	15.1913	80.2014	295.438	37.9475
88 	15.1913	80.9282	295.438	40.0541
89 	15.1913	81.2778	233.414	38.7733
90 	15.1913	80.3205	233.414	37.6178
91 	15.1913	79.7314	279.128	38.1655
92 	15.1913	78.3799	230.138	35.9313
93 	15.1913	79.2902	286.665	38.3524
94 	15.1913	80.2186	294.506	38.9244
95 	15.1913	77.0326	230.102	34.9524
96 	15.1913	76.1433	221.782	34.9422
97 	15.1913	77.8409	245.782	35.7501
98 	15.1913	77.0409	226.801	35.1079
99 	15.1913	74.5844	193.612	32.374 
100	15.1913	75.6742	226.155	32.1577
101	15.1913	75.3435	237.647	33.9496
102	12.6241	73.9192	237.647	33.4863
103	12.6241	73.9206	268.305	35.0444
104	12.6241	74.0628	274.824	35.7553
105	12.6241	73.9048	225.172	36.1538
106	12.6241	75.0223	248.79 	36.5714
107	12.6241	74.1557	293.315	34.9105
108	12.6241	72.5265	285.321	34.6923
109	12.6241	73.5544	275.098	35.5802
110	12.6241	73.2913	282.671	38.1481
111	12.6241	73.5463	275.268	38.0944
112	12.6241	72.5747	328.033	37.7397
113	12.6241	70.7228	284.447	32.9232
114	12.6241	69.9193	303.953	33.1849
115	12.6241	69.5346	248.16 	31.8165
116	12.6241	68.894 	248.16 	30.7583
117	12.6241	69.7529	204.142	31.7276
118	12.6241	69.183 	250.396	32.6664
119	12.6241	67.9322	219.905	30.3854
120	12.6241	67.2847	199.712	29.5411
121	12.6241	65.9782	179.515	27.9406
122	12.6241	64.9776	176.069	27.6607
123	12.6241	65.0062	168.213	27.9623
124	12.6241	66.0068	175.925	28.3074
125	12.6241	64.959 	172.307	27.1467
126	12.6241	65.0882	183.221	27.978 
127	12.6241	63.6276	184.337	25.944 
128	12.6241	63.6938	184.441	26.7929
129	12.6241	64.0894	208.592	28.2946
130	12.6241	63.5656	192.871	27.4997
131	12.6241	63.6567	185.296	26.3029
132	12.6241	64.2315	174.643	26.9611
133	12.6241	63.4137	168.072	25.3842
134	12.6241	64.1783	162.033	24.9808
135	12.6241	63.4709	164.248	24.4117
136	12.6241	62.2475	167.916	24.0083
137	12.6241	62.2804	140.338	24.4343
138	12.6241	61.7633	148.277	24.2793
139	12.6241	61.9081	149.859	25.0172
140	12.6241	61.2028	182.228	25.2321
141	12.6241	61.0056	158.436	24.0378
142	12.6241	61.5941	163.973	24.5504
143	12.6241	60.7647	187.955	23.9116
144	12.6241	60.5532	162.317	23.4935
145	12.6241	60.0458	152.44 	21.966 
146	12.6241	59.4863	150.281	22.7263
147	12.6241	58.6635	145.99 	21.7572
148	12.6241	58.4667	149.856	22.1646
149	12.6241	58.5491	160.866	23.4583
150	12.6241	58.9746	162.215	23.9126
151	12.6241	57.6556	162.215	21.7088
152	12.6241	57.2819	155.794	21.9625
153	12.6241	57.7384	152.84 	21.5559
154	12.6241	56.754 	138.182	21.2027
155	12.6241	56.9036	165.684	21.2354
156	12.6241	57.1409	203.234	23.103 
157	12.6241	56.5949	203.234	22.2789
158	12.6241	56.7725	194.949	21.5639
159	12.6241	55.4344	159.14 	20.1882
160	12.6241	56.0887	136.352	20.3612
161	12.6241	55.9988	138.547	20.6394
162	12.6241	55.5284	140.735	19.7457
163	12.6241	55.1773	140.735	19.1791
164	12.6241	54.9283	153.916	19.287 
165	12.6241	53.7999	153.575	18.7739
166	12.6241	53.9691	121.569	18.4859
167	12.6241	53.5184	131.417	18.1086
168	12.6241	53.2595	116.81 	17.9972
169	12.6241	52.6502	123.937	17.2212
170	12.6241	52.6908	123.937	18.0045
171	12.6241	52.7958	122.855	17.9932
172	12.6241	53.0072	121.229	17.606 
173	12.6241	52.921 	118.189	17.5545
174	12.6241	52.1061	120.518	16.8163
175	12.6241	52.532 	104.812	16.9606
176	12.6241	52.1047	115.126	16.7154
177	12.6241	52.0682	126.641	17.2428
178	12.6241	51.9727	133.903	17.3877
179	11.4936	52.1309	119.456	17.8967
180	11.4936	52.2012	118.787	17.4465
181	11.4936	51.567 	113.732	16.4482
182	11.4936	51.7575	124.105	17.4352
183	11.4936	51.2085	108.245	16.9365
184	11.4936	50.5511	110.775	15.9252
185	11.4936	50.5351	98.3383	15.3129
186	11.4936	50.8146	111.859	15.6754
187	11.4936	50.9778	117.16 	16.0408
188	11.4936	51.0886	141.614	16.5688
189	11.4936	51.0416	106.213	16.1679
190	11.4936	49.5379	133.192	15.4294
191	11.4936	49.9712	115.756	15.4621
192	11.4936	49.9542	115.741	15.209 
193	11.4936	49.9516	105.22 	15.6992
194	11.4936	49.3774	101.693	15.0825
195	11.4936	49.5167	101.693	15.8285
196	11.4936	49.3403	110.396	16.2812
197	11.4936	49.2798	105.027	15.5407
198	11.4936	48.6584	101.87 	14.4137
199	11.4936	49.276 	120.193	16.2532
Result of algorithm run: SUCCESS, 0, 0, 11.493571, 0
