/usr/lib/python2.7/site-packages/deap/tools/_hypervolume/pyhv.py:33: ImportWarning: Falling back to the python version of hypervolume module. Expect this to be very slow.
  "module. Expect this to be very slow.", ImportWarning)
gen	min    	avg    	max    	std    
0  	43.6875	222.077	2044.48	208.547
1  	43.6875	215.212	1545.33	178.591
2  	43.6875	207.065	1269.77	157.91 
3  	41.154 	202.261	1143.25	155.484
4  	41.154 	198.993	897.557	138.672
5  	41.154 	196.548	823.769	132.494
6  	41.154 	190.612	847.901	130.583
7  	35.584 	186.119	770.124	119.089
8  	33.8586	187.819	770.124	122.388
9  	27.475 	185.935	1055.69	130.362
10 	27.475 	182.358	982.455	134.269
11 	27.475 	189.932	1017.81	146.502
12 	27.475 	181.45 	840.643	129.074
13 	27.475 	178.254	1025.85	127.301
14 	27.475 	178.362	1025.85	122.557
15 	27.475 	172.73 	957.954	116.688
16 	27.475 	171.24 	957.954	112.481
17 	27.475 	166.765	995.594	99.5633
18 	27.475 	169.251	691.201	102.923
19 	27.475 	170.973	935.358	112.382
20 	27.475 	170.055	692.027	112.56 
21 	27.475 	171.842	1192.69	122.17 
22 	27.0216	165.113	881.089	112.761
23 	27.0216	166.088	864.022	116.112
24 	27.0216	163.605	702.764	107.23 
25 	27.0216	161.334	685.948	113.771
26 	26.863 	161.873	936.163	119.476
27 	25.3416	156.648	587.772	105.227
28 	25.3416	156.52 	870.451	109.898
29 	25.3416	150.997	642.917	99.1331
30 	25.3416	151.586	665.829	103.725
31 	25.3416	148.146	703.637	98.9327
32 	25.3416	145.065	683.689	97.3733
33 	25.3416	143.723	814.963	98.3165
34 	25.3416	141.884	633.407	89.0665
35 	25.3416	138.198	663.988	85.8985
36 	22.8959	135.207	520.799	82.9705
37 	22.8959	132.524	625.031	86.836 
38 	22.8959	131.424	538.595	80.4216
39 	22.8959	132.239	593.258	83.9516
40 	22.8959	129.269	593.258	79.5868
41 	22.8959	130.005	648.911	85.3885
42 	22.8959	129.566	529.839	79.516 
43 	22.8959	127.185	583.566	75.1367
44 	22.8959	125.118	513.124	69.2199
45 	22.8959	125.723	530.977	72.9862
46 	22.8959	123.035	419.803	68.34  
47 	22.8959	121.145	462.133	68.616 
48 	22.8959	120.688	556.583	72.9213
49 	22.8959	118.823	459.995	67.4537
50 	22.8959	119.629	496.128	69.1276
51 	22.8959	117.54 	573.446	70.3898
52 	22.8959	113.918	445.051	64.3546
53 	22.8959	113.033	404.69 	61.5825
54 	22.8959	113.523	402.02 	59.398 
55 	22.8959	112.672	344.784	58.3369
56 	22.8959	112.702	406.998	60.7628
57 	22.8959	109.493	391.512	58.2463
58 	22.8959	108.353	457.704	59.2437
59 	22.8959	107.537	398.234	55.9814
60 	22.8959	107.742	360.635	54.873 
61 	22.8959	106.36 	372.926	53.0012
62 	22.8959	104.447	375.326	52.9539
63 	22.8959	105.789	408.993	57.886 
64 	22.8959	102.134	329.289	52.2858
65 	22.8959	102.585	358.824	55.0917
66 	22.8959	102.189	389.871	54.6591
67 	22.8959	100.604	378.743	53.854 
68 	22.8959	102.076	378.743	54.5427
69 	22.8959	101.512	346.497	52.317 
70 	22.8959	102.433	430.296	55.1129
71 	22.8959	101.989	394.158	55.4385
72 	22.8959	99.5287	388.819	53.0997
73 	21.9848	98.249 	362.288	53.3491
74 	21.9848	95.9792	332.372	54.2276
75 	21.9848	96.0593	348.224	53.1921
76 	21.9848	93.7966	320.439	49.4284
77 	21.9848	93.5536	318.614	49.5113
78 	21.9848	91.6203	308.658	45.8461
79 	21.5705	90.7534	298.308	45.3037
80 	20.2607	92.0288	298.849	45.9791
81 	16.398 	90.9926	415.863	46.9954
82 	16.398 	92.0507	444.03 	48.5336
83 	16.398 	89.4279	319.373	43.7659
84 	16.398 	91.0601	319.373	45.9731
85 	15.9933	88.8658	358.84 	44.7824
86 	15.9933	87.016 	302.821	43.7971
87 	15.9933	88.5635	327.376	47.7941
88 	15.9933	86.4977	264.859	43.0432
89 	11.5468	85.9396	274.346	42.2452
90 	11.5468	84.876 	288.934	40.8217
91 	11.5468	84.0646	273.475	40.539 
92 	11.5468	82.2056	286.62 	39.4294
93 	11.5468	84.6151	280.194	43.7606
94 	11.5468	83.9253	284.24 	41.6451
95 	9.45346	83.3277	257.752	41.3356
96 	9.45346	84.0032	293.452	42.0147
97 	9.45346	82.7093	286.195	41.3075
98 	9.45346	82.9648	265.831	41.9737
99 	9.45346	82.0743	320.587	43.308 
100	9.45346	81.5103	328.964	44.7591
101	9.45346	80.1033	319.177	42.6181
102	9.45346	80.5919	510.595	50.6537
103	9.45346	79.3795	328.475	43.3964
104	9.45346	76.8547	283.229	37.7747
105	9.45346	77.457 	290.402	39.4907
106	9.45346	76.3339	275.718	38.3355
107	9.45346	74.7714	251.346	34.4109
108	9.45346	73.8003	249.766	34.8576
109	9.45346	74.3805	233.789	35.1883
110	9.45346	72.1736	230.186	31.7149
111	9.45346	71.609 	210.269	30.8049
112	9.45346	72.0939	242.599	32.6966
113	9.45346	71.411 	225.374	31.7095
114	9.45346	71.0752	195.956	30.895 
115	9.45346	71.1412	263.633	32.3343
116	9.45346	71.0619	210.456	32.2585
117	9.45346	70.1344	234.585	30.1058
118	9.45346	70.2333	224.799	30.955 
119	9.45346	69.808 	221.365	29.0061
120	9.45346	69.2149	200.998	30.0197
121	9.45346	68.7539	216.558	30.5012
122	9.45346	68.9612	233.222	31.5921
123	9.45346	68.8393	203.283	29.7554
124	9.45346	68.1733	221.385	29.6569
125	9.45346	68.3283	196.563	30.0131
126	9.45346	67.0769	187.94 	29.6423
127	9.45346	67.1301	205.037	30.0551
128	9.45346	65.6374	185.976	27.8519
129	9.45346	65.2933	177.395	27.8089
130	9.45346	65.6214	186.752	28.147 
131	9.45346	64.9199	188.902	28.1223
132	9.45346	64.6171	183.481	27.1394
133	9.45346	64.284 	194.97 	26.5491
134	9.45346	64.7924	236.64 	27.6676
135	9.45346	63.948 	188.276	26.9127
136	9.45346	63.5959	160.635	26.2959
137	9.45346	63.0046	155.529	24.7531
138	9.45346	62.4444	147.359	24.9981
139	9.45346	62.3177	161.855	24.9412
140	9.45346	62.4905	173.4  	26.2183
141	9.45346	61.8382	214.986	24.9758
142	9.45346	62.4336	182.181	26.9244
143	9.45346	63.2375	231.312	28.4712
144	9.45346	61.8449	170.487	25.9701
145	9.45346	62.1127	170.246	26.8425
146	9.45346	61.3515	189.465	26.5806
147	8.35385	60.8538	155.292	24.9113
148	8.35385	60.659 	168.986	25.5636
149	8.35385	60.24  	147.117	25.0038
150	8.35385	59.4296	160.541	23.8263
151	8.35385	59.7904	166.011	22.9805
152	8.35385	59.4415	143.762	22.3692
153	8.35385	58.5701	134.493	21.7675
154	8.35385	58.3003	139.802	22.49  
155	8.35385	57.5521	156.538	21.6211
156	8.35385	57.3094	137.678	21.532 
157	8.35385	57.8357	142.878	21.8968
158	8.35385	57.3106	142.878	21.5942
159	8.35385	56.8169	146.21 	21.5578
160	8.35385	56.4961	139.585	22.1397
161	8.35385	56.4676	148.525	21.9201
162	8.35385	56.4161	150.628	22.3693
163	8.35385	56.0384	145.605	21.6838
164	8.35385	56.0583	157.667	22.1423
165	8.35385	56.3327	157.488	21.7217
166	8.35385	55.6024	149.969	20.2516
167	8.35385	56.5225	142.171	20.9751
168	5.73381	55.1674	131.409	19.4815
169	5.73381	55.4536	131.611	19.7467
170	5.73381	55.6599	159.839	20.8335
171	5.73381	55.1016	140.027	20.7835
172	5.73381	54.5268	135.513	20.5839
173	5.73381	55.2148	124.398	20.1341
174	5.73381	54.5994	129.44 	19.6176
175	5.73381	54.5761	128.311	19.7089
176	5.73381	53.5077	140.148	19.3704
177	5.73381	53.3118	138.65 	18.995 
178	3.79607	53.1604	122.462	19.4933
179	3.79607	52.01  	119.809	18.0911
180	3.79607	52.0219	110.812	17.8366
181	3.79607	52.1466	117.102	18.164 
182	3.79607	51.7154	138.113	18.6921
183	3.79607	51.0595	117.389	17.7188
184	3.79607	51.1844	127.358	17.528 
185	3.79607	51.6788	109.891	16.9449
186	3.79607	51.098 	124.192	17.4656
187	3.79607	50.9302	110.381	16.7714
188	3.79607	51.0563	122.503	16.9195
189	3.79607	50.9741	109.913	16.9556
190	3.79607	50.5719	120.423	17.574 
191	3.79607	50.8152	111.598	17.3756
192	3.79607	51.0037	111.045	17.207 
193	3.79607	50.3314	128.409	17.6411
194	3.79607	50.5124	122.151	17.2841
195	3.79607	50.7712	114.076	18.0401
196	3.79607	50.1641	130.327	17.3362
197	3.79607	50.1914	113.659	16.5042
198	3.79607	49.8307	112.695	16.8389
199	3.79607	49.033 	103.551	15.3384
Result of algorithm run: SUCCESS, 0, 0, 3.796067, 0
