/usr/lib/python2.7/site-packages/deap/tools/_hypervolume/pyhv.py:33: ImportWarning: Falling back to the python version of hypervolume module. Expect this to be very slow.
  "module. Expect this to be very slow.", ImportWarning)
gen	min    	avg    	max    	std    
0  	-81.572	-39.142	25.6084	19.5605
1  	-81.572	-40.8  	40.8478	19.7118
2  	-81.572	-41.8233	13.9117	18.998 
3  	-81.572	-43.3452	17.5007	18.3304
4  	-81.572	-44.5253	25.6189	19.1814
5  	-81.572	-45.9339	28.5055	17.4903
6  	-81.572	-46.3381	26.0153	18.3634
7  	-81.572	-47.0085	17.9092	17.6182
8  	-84.0826	-47.4606	33.0469	18.4674
9  	-84.0826	-49.0571	28.3576	17.505 
10 	-84.0826	-50.1604	34.8576	17.1291
11 	-87.6568	-50.728 	25.5496	17.5135
12 	-87.6568	-51.1941	12.5956	17.7704
13 	-87.6568	-51.6123	40.9973	17.9959
14 	-87.6568	-52.9543	19.5511	16.9274
15 	-88.9965	-53.8729	6.74465	16.5964
16 	-88.9965	-54.9696	2.28258	15.5424
17 	-90.1675	-55.6876	-0.572852	15.4999
18 	-90.1675	-56.5219	8.71801  	15.2231
19 	-90.1675	-57.4761	10.402   	14.7015
20 	-90.1675	-58.415 	1.9891   	14.3204
21 	-90.1675	-58.9171	11.387   	14.9441
22 	-90.1675	-59.8707	4.81054  	14.505 
23 	-90.8325	-60.3373	0.442992 	14.6006
24 	-90.8325	-61.5399	1.90824  	14.0705
25 	-90.8325	-62.0478	-21.2416 	13.3399
26 	-90.8325	-62.9987	-10.7404 	13.4549
27 	-90.8325	-63.6991	-21.6841 	12.5703
28 	-90.8325	-63.7143	-16.296  	12.9882
29 	-90.8325	-64.8574	-6.18073 	12.6709
30 	-90.8325	-65.2302	-7.19148 	12.6188
31 	-90.8325	-65.6176	-16.4088 	12.3912
32 	-90.8325	-66.249 	-13.134  	11.4223
33 	-90.8325	-66.8779	-26.4545 	11.5666
34 	-90.8325	-67.2309	-20.994  	11.9397
35 	-90.8325	-67.8707	-27.3618 	11.4158
36 	-90.8325	-68.4273	-31.3908 	10.5388
37 	-91.1914	-69.1996	-36.2053 	10.1812
38 	-91.1914	-69.845 	-26.7718 	10.3457
39 	-91.1914	-69.7873	-19.6016 	10.7111
40 	-91.1914	-70.4356	-22.486  	10.4751
41 	-91.1914	-70.6155	-31.4697 	10.4135
42 	-91.1914	-71.1659	-27.1123 	10.4976
43 	-91.1914	-71.9007	-34.4751 	10.3745
44 	-91.1914	-72.3479	-18.1736 	10.3655
45 	-91.3185	-72.7452	-37.1061 	9.63296
46 	-92.2878	-73.184 	-36.5376 	9.39636
47 	-92.2878	-73.5018	-37.6608 	9.4011 
48 	-92.2878	-73.9124	-32.6637 	9.79449
49 	-92.2878	-74.5556	-35.7643 	9.5724 
50 	-92.2878	-74.6877	-45.0153 	9.42826
51 	-92.2878	-75.3762	-38.96   	9.08627
52 	-92.2878	-75.339 	-41.5487 	9.36857
53 	-92.2878	-75.5345	-36.4566 	9.32167
54 	-92.2878	-75.7237	-37.31   	9.17592
55 	-92.2878	-76.1772	-37.6598 	8.75279
56 	-92.2878	-76.7457	-39.6046 	8.30641
57 	-92.2878	-77.3522	-47.5893 	8.00541
58 	-92.2878	-77.7306	-47.5893 	7.83594
59 	-92.5132	-78.0471	-49.2781 	7.46828
60 	-92.587 	-78.1964	-52.4813 	7.65701
61 	-92.587 	-78.4914	-48.6046 	7.30462
62 	-92.7197	-78.9185	-56.4761 	6.98852
63 	-92.7197	-78.9672	-53.1399 	6.89764
64 	-92.7197	-79.2525	-52.1495 	7.04225
65 	-93.0974	-79.7443	-53.559  	6.87384
66 	-93.0974	-79.866 	-54.3018 	6.71363
67 	-93.0974	-80.0857	-56.5568 	6.56734
68 	-93.0974	-80.5318	-49.8932 	6.51131
69 	-93.0974	-80.7353	-53.4641 	6.63645
70 	-93.3455	-80.9212	-54.4597 	6.42285
71 	-93.3455	-81.234 	-57.4642 	6.56248
72 	-93.8678	-81.5571	-58.806  	6.39339
73 	-93.8678	-81.7327	-55.901  	6.16131
74 	-93.8678	-81.9423	-58.2296 	6.12796
75 	-93.8678	-82.2152	-56.103  	6.00572
76 	-94.2359	-82.4407	-57.8859 	5.56161
77 	-94.2359	-82.6531	-60.8822 	5.55318
78 	-94.2359	-82.7304	-58.5437 	5.75279
79 	-94.2359	-82.9087	-65.4408 	5.18956
80 	-94.2359	-83.218 	-63.9731 	5.17621
81 	-94.2359	-83.3962	-58.2213 	5.18492
82 	-94.2359	-83.5404	-63.6599 	5.15587
83 	-94.2359	-83.6632	-64.5493 	5.14535
84 	-94.2359	-83.9654	-64.9896 	5.08751
85 	-94.2359	-83.9832	-59.4886 	5.06984
86 	-94.2359	-84.2493	-60.5831 	5.00687
87 	-94.2359	-84.4638	-61.0009 	4.9024 
88 	-94.5056	-84.6285	-63.3564 	4.72998
89 	-94.5056	-84.7511	-62.2486 	4.70628
90 	-94.5056	-85.0418	-61.561  	4.59998
91 	-94.5056	-85.163 	-66.7997 	4.73267
92 	-94.5056	-85.3879	-66.6048 	4.53962
93 	-94.5056	-85.4131	-63.9711 	4.41114
94 	-94.5056	-85.512 	-63.7324 	4.55086
95 	-94.5056	-85.7273	-67.086  	4.29957
96 	-94.5056	-85.8437	-66.7828 	4.23949
97 	-94.5056	-85.9449	-66.6213 	4.28003
98 	-94.5056	-86.1627	-64.3256 	4.36039
99 	-94.5056	-86.1487	-62.347  	4.30964
100	-94.5056	-86.4234	-69.1049 	4.04849
101	-94.5056	-86.4538	-71.0767 	4.05083
102	-94.5056	-86.5808	-72.6142 	3.96106
103	-94.5056	-86.6562	-70.1086 	3.89444
104	-94.5056	-86.7046	-69.6721 	3.90779
105	-94.5056	-86.8741	-68.6465 	3.73928
106	-94.5056	-86.8369	-66.482  	3.94404
107	-94.5056	-87.0115	-66.184  	3.75012
108	-94.5056	-87.1323	-72.2276 	3.69098
109	-94.5056	-87.2976	-72.4345 	3.47971
110	-94.5056	-87.5392	-75.242  	3.3322 
111	-94.5056	-87.5712	-73.6442 	3.16546
112	-94.5056	-87.7514	-73.6442 	3.30932
113	-94.5056	-87.683 	-75.1587 	3.16205
114	-94.585 	-87.9736	-78.3585 	3.13368
115	-94.585 	-87.8805	-73.6586 	3.07074
116	-94.8915	-88.0784	-69.0007 	3.00691
117	-94.8915	-88.0848	-74.5764 	3.0498 
118	-94.8915	-88.2349	-74.5764 	3.08543
119	-94.8915	-88.2978	-74.5764 	2.89621
120	-94.8915	-88.3672	-76.9659 	2.8724 
121	-94.8915	-88.3496	-76.4565 	2.9004 
122	-94.8915	-88.5431	-74.7976 	2.76816
123	-94.8915	-88.6827	-78.7865 	2.67944
124	-94.8915	-88.882 	-79.3423 	2.61909
125	-94.8915	-88.8273	-75.8295 	2.79108
126	-94.8915	-89.0365	-78.2789 	2.75766
127	-94.8915	-89.0582	-80.2354 	2.64351
128	-94.8915	-89.1339	-78.669  	2.53285
129	-94.8915	-89.1529	-76.5154 	2.63166
130	-95.4758	-89.2216	-77.6813 	2.68013
131	-95.4758	-89.2394	-80.16   	2.52411
132	-95.4758	-89.4409	-80.16   	2.47032
133	-95.4758	-89.4015	-80.7917 	2.44765
134	-95.4758	-89.3985	-79.957  	2.38186
135	-95.4758	-89.5119	-79.9371 	2.43605
136	-95.4758	-89.5227	-80.5044 	2.4141 
137	-95.4758	-89.5263	-80.3328 	2.28718
138	-95.4758	-89.6339	-81.9099 	2.24775
139	-95.4758	-89.7595	-81.93   	2.18906
140	-95.4758	-89.8008	-83.7992 	2.11525
141	-95.4758	-89.8297	-82.0272 	2.16438
142	-95.4758	-89.8531	-82.0272 	2.16101
143	-95.4758	-89.9076	-81.4915 	2.24525
144	-95.4758	-90.0189	-81.2501 	2.16344
145	-95.4758	-89.9241	-81.5626 	2.24535
146	-95.4758	-89.9266	-81.245  	2.1939 
147	-95.4758	-90.0985	-83.2706 	2.03714
148	-95.4758	-90.1297	-81.0537 	2.09119
149	-95.4758	-90.1668	-81.0003 	2.05737
150	-95.4758	-90.2555	-81.897  	2.00861
151	-95.4758	-90.2502	-81.897  	2.04064
152	-95.4758	-90.2137	-80.2602 	2.12591
153	-95.4758	-90.3458	-80.2602 	1.99994
154	-95.4758	-90.3901	-82.1657 	1.94931
155	-95.4758	-90.5079	-82.2421 	2.02879
156	-95.4758	-90.445 	-83.0424 	1.97697
157	-95.4758	-90.4957	-80.9578 	2.07971
158	-95.4758	-90.5275	-83.5823 	1.78066
159	-95.6115	-90.6401	-82.8992 	1.95276
160	-95.6115	-90.6763	-82.1993 	1.84413
161	-96.1751	-90.6996	-83.3778 	1.89313
162	-96.1751	-90.6407	-83.5625 	1.82392
163	-96.1751	-90.7296	-83.2413 	1.87519
164	-96.1751	-90.7816	-83.7836 	1.8149 
165	-96.1751	-90.7909	-83.7836 	1.85758
166	-96.1751	-90.8672	-83.2769 	1.88681
167	-96.1751	-90.9697	-82.9064 	1.88021
168	-96.1751	-91.0035	-83.8805 	1.77781
169	-96.1751	-91.0652	-84.6568 	1.71323
170	-96.1751	-90.9207	-84.7674 	1.63245
171	-96.2986	-91.0042	-85.5379 	1.66386
172	-96.2986	-91.0214	-85.3307 	1.64975
173	-96.2986	-91.051 	-84.003  	1.59469
174	-96.2986	-91.1097	-84.0688 	1.63446
175	-96.2986	-91.121 	-84.3635 	1.64875
176	-96.2986	-91.1734	-85.6359 	1.57598
177	-96.2986	-91.2409	-85.2736 	1.62038
178	-96.2986	-91.2952	-85.8793 	1.58398
179	-96.2986	-91.2616	-85.8893 	1.61036
180	-96.2986	-91.2468	-85.352  	1.58439
181	-96.2986	-91.3014	-84.2631 	1.6693 
182	-96.2986	-91.3672	-83.5019 	1.52907
183	-96.2986	-91.4208	-84.7289 	1.49166
184	-96.2986	-91.2795	-86.4898 	1.58885
185	-96.2986	-91.3344	-84.7992 	1.53168
186	-96.2986	-91.4372	-85.4141 	1.5536 
187	-96.2986	-91.4774	-85.3769 	1.50518
188	-96.2986	-91.4482	-87.0755 	1.3483 
189	-96.2986	-91.5074	-86.6579 	1.40987
190	-96.2986	-91.5039	-86.238  	1.41215
191	-96.2986	-91.5413	-86.4695 	1.36897
192	-96.2986	-91.5295	-86.2908 	1.38909
193	-96.2986	-91.5971	-86.7907 	1.43752
194	-96.2986	-91.5902	-86.9599 	1.36292
195	-96.2986	-91.6108	-86.6682 	1.43496
196	-96.2986	-91.6505	-87.7789 	1.33014
197	-96.2986	-91.5946	-86.2176 	1.44235
198	-96.2986	-91.6532	-88.0572 	1.36689
199	-96.2986	-91.7459	-87.6154 	1.41329
Result of algorithm run: SUCCESS, 0, 0, -96.298578, 0
