/usr/lib/python2.7/site-packages/deap/tools/_hypervolume/pyhv.py:33: ImportWarning: Falling back to the python version of hypervolume module. Expect this to be very slow.
  "module. Expect this to be very slow.", ImportWarning)
gen	min     	avg    	max    	std   
0  	-78.4176	-38.665	53.0365	20.694
1  	-78.4176	-40.438	32.3404	20.0981
2  	-81.2465	-41.0554	39.8746	19.7652
3  	-83.2245	-42.7508	28.0571	19.5698
4  	-83.2245	-44.0103	26.0048	18.146 
5  	-83.676 	-44.917 	30.1079	18.3646
6  	-83.676 	-46.355 	23.2843	17.3585
7  	-83.9159	-46.7691	23.5519	17.8569
8  	-85.1436	-47.2615	28.9709	17.9353
9  	-85.1436	-48.0855	28.829 	18.3694
10 	-85.6032	-49.4194	36.9916	18.0694
11 	-85.6032	-51.1906	11.6742	17.1011
12 	-85.6032	-51.4398	18.2005	16.9826
13 	-87.381 	-52.7992	9.55073	16.7067
14 	-87.4536	-53.3706	2.88053	16.9161
15 	-87.4536	-54.5193	-3.47285	15.7818
16 	-87.4536	-55.4042	0.773924	15.7621
17 	-87.4536	-55.8442	6.95392 	15.5796
18 	-87.4536	-57.4454	-10.2754	14.6719
19 	-87.4536	-57.7961	1.63959 	14.9233
20 	-87.4536	-58.2273	0.206223	15.0244
21 	-87.4536	-58.7602	0.551549	14.7962
22 	-87.4536	-59.6085	-5.17667	14.3847
23 	-87.4536	-60.3553	-15.1267	14.1655
24 	-87.4536	-60.6681	2.10881 	14.0568
25 	-87.4536	-61.2226	-6.86466	13.8298
26 	-87.4536	-61.4496	-0.598034	14.3434
27 	-87.4536	-62.0799	2.09646  	14.1283
28 	-87.4536	-63.0796	-15.5369 	13.1798
29 	-87.4536	-63.3765	-8.53779 	13.4274
30 	-87.4536	-64.1646	-13.6782 	13.018 
31 	-89.116 	-64.6324	-25.0485 	12.409 
32 	-89.116 	-65.4644	-20.0059 	12.2086
33 	-89.116 	-65.8166	-14.3288 	12.741 
34 	-89.116 	-66.1264	-14.1999 	13.3264
35 	-89.116 	-67.2426	-13.2785 	12.4991
36 	-89.116 	-67.9103	-12.9936 	12.2876
37 	-89.5549	-68.5117	-13.0819 	11.6245
38 	-90.2807	-69.0095	-24.1108 	11.0419
39 	-90.2807	-69.5369	-24.0226 	11.2633
40 	-90.2807	-70.1029	-30.2202 	10.9731
41 	-90.2807	-70.3082	-21.998  	11.0211
42 	-90.2807	-70.7251	-9.49023 	11.1248
43 	-90.2807	-71.5424	-26.5371 	10.7505
44 	-90.6618	-71.6542	-26.5371 	10.6144
45 	-90.6618	-72.3657	-33.9974 	9.71615
46 	-93.0032	-73.0448	-33.9974 	9.43727
47 	-93.0032	-73.4352	-33.5695 	9.50926
48 	-93.0032	-73.6412	-35.5608 	9.51625
49 	-93.0032	-73.98  	-28.2066 	9.79495
50 	-93.0032	-74.4672	-44.2963 	8.86407
51 	-93.0032	-74.842 	-44.2963 	8.83469
52 	-93.0032	-75.1858	-41.6701 	8.82537
53 	-93.0032	-75.634 	-40.121  	8.84223
54 	-93.0032	-75.8127	-44.8485 	8.72335
55 	-93.0032	-76.2431	-35.502  	8.33219
56 	-93.0032	-76.565 	-50.4873 	8.2254 
57 	-93.0032	-76.9461	-43.3624 	7.9099 
58 	-93.0032	-77.228 	-43.3624 	8.06678
59 	-93.0032	-77.7593	-45.6513 	7.96541
60 	-93.0032	-78.0956	-46.7351 	7.70112
61 	-93.0032	-78.2033	-51.6575 	7.65526
62 	-93.0032	-78.6559	-54.7078 	7.47084
63 	-93.0032	-78.9693	-54.1379 	7.26273
64 	-93.0032	-79.2483	-54.1379 	7.05743
65 	-93.0032	-79.5111	-55.5269 	6.99535
66 	-93.0032	-79.7354	-50.8748 	7.00449
67 	-93.0032	-80.1223	-52.3106 	6.87525
68 	-93.4382	-80.1608	-53.0099 	6.86381
69 	-93.4382	-80.3141	-54.8622 	6.86078
70 	-93.4382	-80.6829	-58.5146 	6.58312
71 	-93.4382	-81.0059	-56.6602 	6.40461
72 	-93.4382	-81.4608	-58.0482 	6.16469
73 	-93.4382	-81.5782	-62.5993 	6.0531 
74 	-93.9534	-81.9679	-57.6823 	5.96953
75 	-93.9534	-81.938 	-55.9082 	5.78999
76 	-93.9534	-82.2132	-59.4863 	5.83639
77 	-93.9534	-82.4548	-54.4461 	5.81622
78 	-93.9534	-82.6678	-61.1408 	5.80045
79 	-93.9534	-83.0245	-58.8241 	5.37974
80 	-93.9534	-83.0703	-55.2153 	5.47558
81 	-93.9534	-83.363 	-55.3767 	5.44991
82 	-93.9534	-83.4291	-64.8172 	5.42291
83 	-93.9534	-83.6677	-65.1471 	5.07718
84 	-93.9534	-83.7847	-65.5493 	4.78262
85 	-93.9534	-83.876 	-66.7264 	4.83578
86 	-93.9534	-83.9134	-58.7396 	5.36069
87 	-93.9534	-84.0258	-61.3245 	5.0665 
88 	-93.9534	-84.5262	-65.5194 	4.78626
89 	-94.2088	-84.5206	-67.5547 	4.65231
90 	-94.2088	-84.7732	-66.8309 	4.56054
91 	-94.2088	-85.0432	-68.4663 	4.38915
92 	-94.2088	-85.222 	-70.404  	4.2413 
93 	-94.2088	-85.3422	-70.404  	4.0991 
94 	-94.2088	-85.5653	-68.4485 	4.19924
95 	-94.2088	-85.6688	-65.0756 	4.21522
96 	-94.2088	-85.741 	-67.047  	4.29329
97 	-94.2088	-85.8845	-63.8691 	4.2299 
98 	-94.2088	-86.0747	-66.671  	3.9382 
99 	-94.2088	-86.1902	-68.8838 	3.71323
100	-94.596 	-86.2534	-72.0478 	3.84562
101	-94.596 	-86.4159	-71.6241 	3.77883
102	-94.596 	-86.4044	-71.0271 	3.85574
103	-94.596 	-86.4548	-67.3321 	4.0205 
104	-94.596 	-86.6718	-70.4517 	3.84341
105	-94.596 	-86.7935	-71.1182 	3.76353
106	-94.596 	-86.8417	-71.3774 	3.76225
107	-95.3378	-87.0015	-68.7236 	3.87885
108	-95.3378	-87.0115	-71.1586 	3.89325
109	-95.3378	-87.2492	-73.1021 	3.65997
110	-95.3378	-87.325 	-73.1146 	3.74962
111	-95.3378	-87.4458	-70.3653 	3.63489
112	-95.3378	-87.6015	-69.4735 	3.57073
113	-95.3378	-87.6818	-73.6298 	3.43765
114	-95.3378	-87.7318	-74.9565 	3.34939
115	-95.3378	-87.8239	-72.4819 	3.37516
116	-95.3378	-87.9363	-74.2476 	3.25962
117	-95.3378	-88.042 	-73.3832 	3.26533
118	-95.3378	-88.1572	-75.9639 	3.22666
119	-95.3378	-88.2825	-78.2145 	3.06622
120	-95.3378	-88.2626	-76.7415 	3.08461
121	-95.3378	-88.434 	-76.8592 	2.88811
122	-95.3378	-88.4655	-73.74   	2.97077
123	-95.3378	-88.4859	-79.2144 	2.87111
124	-95.3378	-88.6276	-80.0541 	2.74476
125	-95.3378	-88.6869	-79.1634 	2.63974
126	-95.3378	-88.7151	-79.7333 	2.75083
127	-95.3378	-88.7599	-77.5803 	2.82603
128	-95.3378	-88.8791	-77.0056 	2.80867
129	-95.3378	-89.0754	-79.6883 	2.63429
130	-95.3378	-89.1137	-76.1119 	2.59329
131	-95.3378	-89.2334	-77.804  	2.50352
132	-95.3378	-89.2534	-78.4456 	2.58485
133	-95.3378	-89.2749	-80.0301 	2.46242
134	-95.6333	-89.3982	-79.729  	2.55877
135	-95.6333	-89.479 	-81.2684 	2.36028
136	-95.6333	-89.4378	-82.4279 	2.30913
137	-95.6333	-89.4897	-81.9797 	2.29934
138	-95.6333	-89.597 	-81.4221 	2.38114
139	-95.6333	-89.6179	-80.4352 	2.22409
140	-95.6333	-89.6919	-82.0322 	2.26431
141	-95.6333	-89.7181	-81.8548 	2.24701
142	-95.6333	-89.8231	-80.4728 	2.29907
143	-95.6333	-89.8883	-81.1015 	2.28281
144	-95.6333	-89.9624	-82.6943 	2.11105
145	-95.6333	-89.9614	-81.4875 	2.21552
146	-95.6333	-89.9703	-81.4048 	2.08156
147	-95.6333	-90.0178	-81.3391 	2.14381
148	-95.6333	-90.207 	-81.9501 	2.13618
149	-95.6333	-90.1576	-82.8664 	2.09637
150	-95.6333	-90.1892	-82.8664 	2.08589
151	-95.6333	-90.2746	-81.7036 	2.17023
152	-95.6333	-90.2929	-81.6009 	2.17746
153	-95.6333	-90.3133	-83.4353 	2.06985
154	-95.6333	-90.3316	-82.7878 	2.03919
155	-95.6333	-90.482 	-82.7296 	2.01437
156	-95.6333	-90.4597	-83.6983 	1.91953
157	-95.6333	-90.483 	-84.3062 	1.8469 
158	-95.6333	-90.6351	-83.9476 	1.84328
159	-95.6333	-90.5283	-82.1239 	1.92047
160	-95.7206	-90.6185	-82.2005 	2.03637
161	-95.7796	-90.6388	-82.6394 	1.9022 
162	-95.7796	-90.6681	-83.5062 	1.80076
163	-95.7796	-90.8195	-85.1606 	1.6892 
164	-95.7796	-90.8825	-83.7361 	1.79314
165	-95.7796	-90.8975	-84.4374 	1.75072
166	-95.7796	-90.8921	-84.4374 	1.73961
167	-95.7796	-90.9412	-84.9827 	1.64251
168	-95.7796	-90.9639	-84.4888 	1.7461 
169	-95.7796	-90.9191	-84.2834 	1.83037
170	-95.9646	-90.9318	-84.6832 	1.65506
171	-95.9646	-90.9831	-85.092  	1.68012
172	-95.9646	-90.9991	-85.509  	1.61619
173	-95.9646	-91.0165	-85.5098 	1.62469
174	-95.9646	-91.0461	-85.0907 	1.61016
175	-95.9646	-91.2139	-85.0907 	1.60704
176	-95.9646	-91.1393	-85.7393 	1.58098
177	-95.9646	-91.1534	-85.8629 	1.59201
178	-95.9646	-91.2432	-85.6868 	1.53441
179	-95.9646	-91.1456	-86.7155 	1.5319 
180	-95.9646	-91.3682	-85.9256 	1.55508
181	-95.9646	-91.2968	-85.3991 	1.55081
182	-95.9646	-91.2825	-85.2969 	1.51394
183	-95.9646	-91.308 	-86.5771 	1.43005
184	-95.9646	-91.3141	-86.2778 	1.4174 
185	-95.9646	-91.3795	-86.2693 	1.53949
186	-95.9646	-91.3523	-86.0128 	1.51499
187	-95.9646	-91.4162	-85.5802 	1.47135
188	-95.9646	-91.4621	-87.062  	1.44341
189	-95.9646	-91.4595	-87.1067 	1.45742
190	-95.9646	-91.4386	-87.0419 	1.42584
191	-95.9646	-91.3998	-86.508  	1.44641
192	-95.9646	-91.4456	-87.2172 	1.42597
193	-95.9646	-91.5852	-86.7    	1.44603
194	-95.9646	-91.5193	-86.991  	1.39602
195	-95.9646	-91.61  	-87.2601 	1.41847
196	-95.9646	-91.5458	-86.394  	1.44936
197	-95.9646	-91.5366	-86.394  	1.41352
198	-95.9646	-91.6337	-87.0799 	1.41251
199	-95.9646	-91.6574	-87.0799 	1.344  
Result of algorithm run: SUCCESS, 0, 0, -95.964586, 0
