gen	min    	avg    	max    	std    
0  	353.093	588.203	860.004	95.5206
1  	353.093	582.937	891.571	92.0023
2  	353.093	577.871	835.963	91.5484
3  	328.818	573.172	848.782	91.6998
4  	313.093	569.004	824.731	89.891 
5  	313.093	564.358	826.562	91.1126
6  	313.093	560.627	853.489	89.769 
7  	313.093	556.631	800.299	87.9021
8  	313.093	553.088	799.992	87.8561
9  	313.093	548.55 	792.974	89.9431
10 	309.625	545.164	785.601	87.9825
11 	296.888	541.461	795.978	87.2674
12 	291.898	537.565	784.144	86.2706
13 	291.898	533.498	766.29 	83.3887
14 	270.878	528.843	748.847	85.6497
15 	270.878	524.548	746.139	85.1573
16 	270.878	521.599	751.175	84.2842
17 	270.878	517.399	748.142	83.6469
18 	270.878	513.892	719.214	81.8045
19 	270.878	510.902	706.444	81.085 
20 	270.878	507.781	706.592	79.2175
21 	257.649	504.089	687.223	83.2484
22 	257.649	501.223	705.564	81.3676
23 	219.07 	497.595	722.013	80.6684
24 	219.07 	493.018	688.21 	80.9446
25 	219.07 	489.663	690.385	80.2522
26 	219.07 	486.367	693.851	80.5867
27 	219.07 	483.187	708.306	79.3274
28 	219.07 	479.68 	710.743	80.6431
29 	219.07 	476.077	707.356	81.3864
30 	219.07 	472.687	691.272	79.8235
31 	214.992	468.9  	694.839	79.7456
32 	214.992	466.248	684.756	79.9632
33 	214.992	463.047	654.174	78.3606
34 	210.037	459.652	664.684	78.46  
35 	204.537	456.835	664.332	77.2753
36 	204.537	453.288	680.899	75.748 
37 	204.537	450.526	633.749	76.0467
38 	204.537	446.17 	641.717	75.1876
39 	204.537	443.285	635.334	72.7233
40 	204.537	440.294	651.635	72.2363
41 	204.537	437.816	624.111	72.0899
42 	204.537	435.427	632.398	71.6165
43 	204.537	431.41 	624.57 	71.8803
44 	204.537	428.629	625.935	71.1457
45 	204.537	426.127	610.088	71.7091
46 	204.537	423.003	614.473	71.1532
47 	204.537	420.214	586.955	70.0479
48 	204.537	417.677	587.384	67.7011
49 	204.537	414.981	591.553	67.4526
50 	200.634	412.588	601.392	67.2731
51 	200.634	409.795	579.266	65.7287
52 	200.634	407.179	632.972	65.3875
53 	197.72 	404.499	611.887	67.8835
54 	197.72 	401.865	609.563	69.0862
55 	191.009	399.016	590.604	68.55  
56 	191.009	396.861	568.491	65.2724
57 	191.009	394.66 	590.137	67.8395
58 	188.271	391.788	565.339	67.0537
59 	180.327	389.394	564.342	65.2368
60 	180.327	386.918	577.916	63.0292
61 	180.327	384.702	569.985	61.9421
62 	180.327	382.842	549.896	61.6679
63 	180.327	381.222	548.876	62.169 
64 	180.327	378.386	568.676	63.2014
65 	174.586	375.931	545.842	62.5212
66 	169.217	373.958	546.567	61.1911
67 	169.217	372.01 	549.492	61.5265
68 	169.217	370.078	547.299	59.4383
69 	169.217	368.115	523.99 	60.2696
70 	169.217	365.956	542.609	60.7876
71 	169.217	364.059	540.802	61.6873
72 	166.127	362.473	535.391	61.6827
73 	166.127	360.456	509.453	61.7086
74 	166.127	358.398	524.461	59.5303
75 	166.127	356.541	522.99 	59.7152
76 	164.628	354.869	523.955	59.5114
77 	164.628	352.823	515.65 	59.4658
78 	164.628	350.941	515.65 	59.2631
79 	164.628	349.232	532.077	59.0175
80 	164.628	347.83 	507.376	58.3424
81 	164.628	346.03 	495.853	57.3875
82 	164.628	344.718	502.632	57.4414
83 	164.628	342.877	495.298	56.8074
84 	164.628	341.101	477.543	55.4298
85 	164.628	339.281	490.125	54.9799
86 	164.628	337.936	470.125	55.1423
87 	164.628	336.331	482.991	54.6797
88 	164.628	335.304	482.474	54.951 
89 	164.628	333.598	498.803	55.6117
90 	164.628	331.825	498.803	54.2689
91 	164.628	330.441	485.578	54.3495
92 	164.628	328.915	503.028	53.3912
93 	164.628	327.011	497.03 	53.3808
94 	164.628	325.612	482.091	52.6532
95 	164.628	323.807	476.812	51.4259
96 	164.628	322.503	487.117	51.4253
97 	164.628	321.272	470.295	52.6154
98 	164.628	319.754	465.458	51.6598
99 	164.628	318.296	452.886	51.5006
100	164.628	316.636	453.39 	50.3365
101	164.628	315.416	442.658	51.2516
102	164.628	314.572	441.687	50.1735
103	164.046	313.14 	459.89 	50.4642
104	164.046	312.081	449.213	50.7872
105	164.046	310.681	447.787	48.4883
106	164.046	309.041	446.723	48.0894
107	164.046	307.915	446.723	47.6275
108	164.046	306.621	442.227	47.876 
109	164.046	305.599	442.227	46.8786
110	160.334	304.13 	438.924	45.7501
111	160.334	302.924	451.012	44.8057
112	160.334	301.58 	431.869	45.4615
113	160.334	300.57 	437.783	45.6779
114	160.334	299.436	458.212	46.0641
115	160.334	298.372	437.367	46.4253
116	160.334	297.592	423.891	46.0481
117	160.334	296.353	426.277	44.4688
118	160.334	295.452	425.384	45.0044
119	154.824	294.416	427.582	45.5141
120	154.824	293.41 	426.402	44.4104
121	154.44 	292.145	421.681	43.6372
122	154.44 	291.037	418.545	44.0003
123	154.44 	289.846	407.607	43.7326
124	154.44 	288.527	406.169	43.9378
125	154.44 	287.581	406.038	44.3841
126	154.44 	286.533	451.036	45.4091
127	154.44 	285.472	413.012	44.6619
128	154.44 	284.52 	405.911	42.9895
129	154.44 	283.772	412.774	42.8062
130	152.593	282.643	396.135	42.7382
131	148.556	281.754	406.475	42.1657
132	148.556	280.695	406.475	41.5535
133	148.556	279.9  	405.559	40.6829
134	148.556	279.248	385.666	39.9135
135	148.556	278.352	394.772	38.7711
136	148.556	277.585	389.51 	38.3956
137	148.556	276.823	389.153	39.4128
138	148.556	276.066	380.056	38.7622
139	148.556	275.103	377.699	38.6669
140	148.556	274.31 	370.683	38.0438
141	148.556	273.42 	375.507	37.9584
142	148.556	272.788	381.011	37.7702
143	148.416	272.135	392.733	37.7072
144	148.416	271.181	383.147	36.5775
145	148.416	270.142	400.151	36.452 
146	148.416	269.304	385.952	35.7937
147	148.416	268.596	381.851	35.3987
148	148.416	267.94 	386.378	35.4547
149	147.569	267.074	373.811	35.0378
150	147.569	266.4  	367.621	35.3329
151	147.569	265.612	364.868	35.4966
152	147.569	264.831	363.403	35.4364
153	147.569	263.968	364.9  	34.7672
154	147.569	263.335	355.413	34.3786
155	147.569	262.861	358.277	34.3487
156	147.569	262.159	358.526	33.5914
157	147.569	261.355	384.032	34.1577
158	147.569	260.697	371.016	33.3481
159	147.569	260.071	362.41 	32.843 
160	147.569	259.317	350.915	32.6045
161	147.569	258.93 	355.087	32.8602
162	147.569	258.309	351.422	32.726 
163	147.569	257.652	342.084	32.461 
164	147.569	257.04 	335.322	31.3325
165	147.569	256.441	341.779	31.5139
166	147.315	255.593	352.189	31.3907
167	147.315	254.923	350.713	31.7696
168	147.315	254.166	345.959	31.0919
169	146.949	253.45 	333.4  	30.3337
170	146.949	252.96 	335.461	30.545 
171	146.949	252.475	337.455	29.71  
172	146.949	251.69 	338.183	29.9075
173	146.949	250.999	342.319	29.5549
174	146.949	250.489	340.734	30.1442
175	146.41 	249.987	334.094	28.8096
176	146.41 	249.602	343.107	29.174 
177	146.41 	249.202	333.982	28.7258
178	146.41 	248.736	313.493	28.4367
179	146.41 	248.164	318.152	28.5911
180	146.41 	247.764	316.184	27.866 
181	146.41 	247.45 	335.177	27.8501
182	146.41 	246.897	342.275	27.8202
183	146.41 	246.504	327.65 	27.1392
184	146.41 	246.03 	314.279	27.1512
185	146.41 	245.811	319.82 	27.069 
186	146.41 	245.223	319.82 	27.032 
187	146.41 	244.76 	325.216	26.8523
188	146.41 	244.3  	330.651	27.1049
189	146.41 	243.927	326.249	27.6688
190	146.41 	243.453	323.868	26.7324
191	145.086	242.971	317.77 	26.5424
192	145.086	242.633	323.144	26.8341
193	145.086	242.143	313.543	26.5347
194	145.086	241.919	322.071	26.7128
195	145.086	241.469	324.95 	26.901 
196	143.812	240.881	324.95 	26.741 
197	143.812	240.356	311.722	26.7785
198	143.812	240.143	307.767	26.7069
199	143.812	239.755	307.001	26.0124
Result of algorithm run: SUCCESS, 0, 0, 143.812081, 0
