gen	min    	avg    	max    	std    
0  	320.164	579.892	858.766	95.7175
1  	310.433	576.115	818.599	94.5469
2  	310.433	571.035	834.227	94.6742
3  	310.433	566.52 	817.657	95.982 
4  	310.433	562.474	809.559	94.4202
5  	310.433	558.197	803.928	94.6401
6  	310.433	553.846	793.788	93.6161
7  	275.215	549.722	808.913	92.1169
8  	274.925	545.331	788.179	91.8956
9  	260.49 	541.612	786.947	91.0901
10 	260.49 	537.678	789.485	92.9536
11 	260.49 	533.338	788.468	92.0686
12 	260.49 	528.427	783.3  	90.9359
13 	246.305	525.125	796.394	90.5369
14 	238.694	521.447	765.435	90.4968
15 	238.694	517.897	724.741	88.3226
16 	238.694	513.853	724.741	86.8585
17 	238.694	510.178	743.335	87.8794
18 	238.694	506.568	728.427	88.7924
19 	222.477	502.99 	736.799	89.598 
20 	217.324	499.424	744.418	88.0647
21 	217.324	495.472	727.261	88.0842
22 	217.324	491.255	713.13 	88.1363
23 	217.324	487.94 	713.13 	84.5849
24 	217.324	484.532	688.176	84.5076
25 	217.324	481.855	674.904	82.4735
26 	217.324	478.365	681.677	79.2664
27 	217.324	475.031	696.108	80.0429
28 	217.324	471.227	696.108	81.1415
29 	217.324	468.715	702.235	79.4876
30 	217.324	465.697	690.758	78.6587
31 	217.324	462.895	657.546	78.3656
32 	215.169	460.302	657.546	79.2392
33 	215.169	456.81 	676.659	78.7795
34 	215.169	453.776	674.062	79.8056
35 	214.315	450.883	661.911	79.0132
36 	196.107	447.933	651.358	78.6989
37 	196.107	445.04 	660.111	77.8336
38 	196.107	442.575	677.487	78.9554
39 	196.107	439.617	659.839	76.8527
40 	196.107	436.355	632.726	74.9121
41 	196.107	432.981	640.064	72.9111
42 	196.107	430.531	650.468	72.5878
43 	196.107	427.125	631.511	73.7862
44 	196.107	424.041	626.822	71.8457
45 	196.107	422.094	624.379	71.5356
46 	196.107	419.189	622.384	72.7853
47 	196.107	416.206	641.151	71.3644
48 	196.107	414.053	648.443	72.8059
49 	196.107	411.769	647.392	71.0171
50 	196.107	409.659	607.227	70.2794
51 	196.107	407.308	607.227	69.3621
52 	196.107	404.92 	625.247	70.6933
53 	196.107	402.721	622.075	73.6145
54 	196.107	399.891	618.944	72.2952
55 	196.107	396.706	607.431	71.5552
56 	196.107	395.01 	601.744	69.6104
57 	193.046	392.758	593.095	68.1374
58 	193.046	390.833	570.463	66.9514
59 	193.046	388.46 	564.026	66.7034
60 	193.046	385.958	560.396	64.2337
61 	184.918	383.807	541.73 	63.7609
62 	184.918	382.005	553.412	63.2176
63 	184.918	380.108	544.683	62.2272
64 	180.967	377.917	548.57 	62.6021
65 	180.967	375.931	548.57 	61.9195
66 	180.967	373.414	576.261	60.5256
67 	180.967	370.911	549.555	60.6509
68 	173.292	369.039	535.479	60.7241
69 	173.292	366.724	535.455	59.9195
70 	173.292	365.233	542.517	60.7579
71 	173.292	362.422	542.517	59.2415
72 	173.292	360.977	537.827	57.9958
73 	170.409	359.132	524.037	57.1284
74 	170.409	356.572	503.88 	54.7399
75 	170.409	354.628	502.538	54.4397
76 	170.409	352.325	528.345	55.2776
77 	170.409	350.731	524.304	55.7878
78 	170.409	348.971	517.503	55.1089
79 	170.409	347.069	519.362	54.6279
80 	170.409	345.507	512.089	54.0511
81 	170.409	342.992	510.307	53.9285
82 	170.409	341.321	503.195	53.1054
83 	164.515	339.377	493.965	53.1584
84 	164.515	338.273	474.708	53.6262
85 	164.515	336.238	489.998	53.2189
86 	164.515	334.068	506.037	54.3741
87 	164.515	332.433	489.893	53.4498
88 	164.515	330.869	480.33 	54.1967
89 	164.515	329.202	462.456	52.6348
90 	164.515	327.755	464.276	50.5684
91 	164.515	326.379	483.583	51.1729
92 	164.515	325.324	486.287	50.9154
93 	164.515	324.143	486.287	52.0335
94 	164.515	322.615	483.217	51.4736
95 	164.515	321.336	483.244	51.7664
96 	164.515	319.993	472.452	50.625 
97 	164.515	319.163	459.144	50.2853
98 	164.515	317.675	458.821	49.6455
99 	164.515	316.143	456.027	49.1023
100	164.515	314.556	456.027	48.281 
101	164.515	313.257	445.644	47.889 
102	164.515	312.132	450.333	47.8707
103	163.758	310.482	444.873	46.8071
104	163.758	309.404	435.747	46.3204
105	162.093	307.846	474.648	46.2099
106	162.093	306.952	449.643	45.1708
107	162.093	305.841	432.096	45.8766
108	162.093	304.444	439.904	45.3638
109	162.093	303.612	430.889	45.243 
110	162.093	302.666	449.255	45.2145
111	162.093	301.761	438.388	45.7933
112	162.093	300.755	433.562	44.3644
113	162.093	299.418	433.87 	44.6096
114	162.093	297.967	429.359	44.8326
115	150.188	296.967	425.769	43.9456
116	150.188	295.586	432.583	44.4677
117	150.188	294.47 	425.147	41.96  
118	150.188	293.635	425.147	42.9435
119	150.188	292.517	417.564	42.1124
120	150.188	291.426	422.41 	42.0539
121	150.188	289.902	436.783	43.1847
122	150.188	288.729	420.252	41.6968
123	150.188	287.625	419.484	41.1617
124	150.188	286.678	421.264	41.0152
125	150.188	285.54 	395.149	40.6852
126	150.188	284.493	414.289	41.0526
127	150.188	283.547	406.127	40.5411
128	150.188	282.923	389.405	40.5236
129	150.188	282.233	389.892	40.9847
130	144.493	281.225	391.461	41.0447
131	144.493	280.366	386.912	40.3379
132	144.493	279.655	374.622	39.5637
133	144.493	278.717	391.576	39.5936
134	144.493	277.923	383.4  	39.3231
135	144.493	277.135	382.491	38.1234
136	144.493	276.355	378.967	37.6837
137	144.493	275.325	393.555	37.5453
138	144.493	274.763	398.651	37.9422
139	144.493	273.896	398.651	37.5313
140	144.493	273.31 	385.31 	36.3284
141	144.493	272.512	378.953	35.7733
142	144.493	271.682	383.293	36.4303
143	144.493	271.022	383.293	35.529 
144	144.493	270.269	375.68 	35.4694
145	134.996	269.551	372.62 	35.4785
146	133.581	268.728	385.777	36.2433
147	133.286	267.766	364.238	36.2714
148	133.286	266.994	356.85 	35.9093
149	133.286	266.189	357.675	35.6359
150	133.286	265.227	361.467	36.0479
151	133.286	264.437	380.368	36.3901
152	133.286	263.954	373.66 	36.0559
153	133.286	263.178	373.068	35.2621
154	133.286	262.68 	359.609	34.885 
155	133.286	261.926	355.457	35.5527
156	133.286	261.085	353.447	34.512 
157	127.59 	260.43 	355.09 	33.8809
158	127.144	259.773	355.09 	34.1717
159	127.144	259.117	342.7  	33.7348
160	127.144	258.668	342.397	33.4286
161	127.144	258.228	350.472	32.6223
162	127.144	257.579	359.241	33.0499
163	127.144	256.876	350.593	32.899 
164	127.144	256.268	347.746	32.7662
165	127.144	255.569	362.787	32.9429
166	127.144	254.938	353.663	32.7511
167	127.144	254.201	356.949	32.5743
168	127.144	253.483	346.16 	33.1738
169	127.144	252.958	349.023	33.0185
170	127.144	252.462	342.488	32.4696
171	127.144	251.904	339.639	31.3326
172	127.144	251.077	338.016	31.3582
173	127.144	250.574	333.637	30.653 
174	127.144	250.22 	329.66 	29.7949
175	127.144	249.672	319.814	29.733 
176	127.144	249.131	322.926	29.8867
177	127.144	248.696	331.36 	30.104 
178	126.578	248.159	322.897	28.6421
179	126.578	247.803	322.897	28.0677
180	126.578	247.165	347.543	28.2603
181	126.578	246.591	325.027	28.2568
182	126.578	246.011	336.276	28.6981
183	126.578	245.645	332.936	28.3476
184	126.578	245.219	325.27 	28.5838
185	126.578	244.647	316.963	29.3212
186	126.578	244.161	332.591	29.5236
187	126.578	243.619	351.726	29.0688
188	126.235	243.251	339.125	29.0486
189	126.235	242.783	339.125	28.4928
190	126.235	242.302	317.357	28.3143
191	126.235	241.946	321.721	28.0575
192	126.235	241.414	317.455	27.3421
193	126.235	240.967	317.621	27.2743
194	126.235	240.309	320.917	26.8705
195	126.235	239.855	320.917	26.9731
196	126.235	239.408	314.44 	27.1343
197	126.084	238.705	358.776	27.3865
198	126.084	238.305	320.924	27.3752
199	126.084	237.897	323.789	27.1819
Result of algorithm run: SUCCESS, 0, 0, 126.083629, 0
