gen	min    	avg    	max    	std    
0  	311.051	580.934	800.386	87.8167
1  	311.051	575.465	821.826	88.2892
2  	311.051	571.502	829.42 	88.7091
3  	311.051	567.648	781.676	86.9546
4  	276.626	562.198	805.95 	88.1288
5  	276.626	558.56 	796.237	88.0558
6  	244.451	554.482	798.664	89.2186
7  	244.451	550.558	798.376	90.1725
8  	244.451	546.53 	810.772	91.2479
9  	244.451	542.124	764.083	87.1858
10 	244.451	537.827	773.753	84.8764
11 	213.47 	534.425	786.294	84.6316
12 	213.47 	529.89 	741.83 	85.7066
13 	213.47 	525.557	766.354	86.1793
14 	213.47 	521.516	741.386	87.3594
15 	213.47 	517.231	736.639	88.4502
16 	213.47 	512.617	711.15 	85.9788
17 	213.47 	509.551	715.953	84.8609
18 	213.47 	506.4  	713.186	83.5738
19 	213.47 	501.587	719.96 	83.9154
20 	213.47 	498.334	719.11 	82.5693
21 	213.47 	494.875	718.419	82.1039
22 	209.173	491.859	731.957	81.8909
23 	209.173	488.053	725.488	81.2697
24 	209.173	484.865	725.488	82.2552
25 	209.173	481.339	731.291	83.5583
26 	209.173	477.467	713.426	83.1695
27 	209.173	473.748	715.031	83.7113
28 	209.173	470.568	691.479	82.6001
29 	209.173	467.415	669.7  	82.5078
30 	209.173	464.751	657.443	82.9506
31 	195.537	461.076	653.709	80.4473
32 	195.537	457.596	682.971	80.2869
33 	195.537	454.354	704.681	79.9339
34 	195.537	451.423	658.773	78.6205
35 	195.537	448.88 	663.849	80.4199
36 	195.537	445.626	643.654	78.7563
37 	195.537	442.48 	639.253	78.0871
38 	195.537	439.028	643.368	77.0758
39 	195.537	436.853	650.831	77.5563
40 	191.234	434.325	669.686	77.8622
41 	191.234	431.455	640.384	76.6496
42 	191.234	429.162	649.122	76.9579
43 	191.234	426.584	641.451	75.0945
44 	191.234	424.512	673.098	75.3562
45 	191.234	421.716	644.945	75.8135
46 	191.234	418.946	630.237	73.7871
47 	191.234	415.805	620.527	72.9338
48 	191.234	413.136	619.194	71.889 
49 	191.234	410.745	604.057	70.7133
50 	191.234	407.77 	614.935	69.8317
51 	191.234	405.584	576.371	70.6556
52 	187.665	403.823	583.351	71.5246
53 	187.665	401.789	578.081	69.6942
54 	187.665	399.104	558.058	67.5329
55 	187.665	396.262	560.786	67.085 
56 	180.49 	393.959	574.476	67.2164
57 	180.49 	391.48 	546.434	65.8046
58 	177.865	389.357	543.53 	67.35  
59 	177.865	386.997	559.014	67.9655
60 	174.72 	385.039	554.197	65.3306
61 	174.72 	382.766	539.273	64.2412
62 	174.72 	381.031	545.887	64.1091
63 	174.72 	378.945	545.83 	63.3233
64 	174.72 	377.228	537.271	62.4894
65 	174.72 	374.988	521.376	62.7236
66 	174.72 	372.59 	537.902	61.8824
67 	173.769	370.625	516.171	62.1988
68 	173.769	367.977	540.686	61.7473
69 	173.769	365.904	540.686	61.3815
70 	173.769	364.311	546.773	61.8701
71 	173.769	362.355	531.067	58.8741
72 	173.769	360.732	520.609	59.6682
73 	166.002	358.578	526.111	59.6611
74 	166.002	356.645	556.291	60.0998
75 	166.002	355.288	524.751	59.9284
76 	166.002	353.654	523.256	59.304 
77 	166.002	351.532	500.438	58.1644
78 	166.002	349.892	514.467	58.176 
79 	166.002	347.96 	517.192	56.5682
80 	166.002	346.094	513.812	57.3821
81 	165.617	343.91 	525.468	57.2781
82 	164.426	342.292	536.704	56.4645
83 	164.426	340.89 	515.349	56.6829
84 	164.426	339.536	504.289	57.3524
85 	164.426	338.046	502.538	57.608 
86 	164.426	336.317	497.02 	57.075 
87 	164.426	334.781	491.124	56.3384
88 	164.426	332.857	484.097	56.6306
89 	164.426	330.575	485.473	56.4425
90 	164.426	329.032	488.505	55.8122
91 	153.977	327.355	506.518	57.1528
92 	153.977	326.151	496.756	56.4116
93 	153.977	324.448	490.879	54.9689
94 	149.932	323.087	491.784	54.5879
95 	149.932	321.616	471.671	53.5945
96 	149.932	319.601	460.211	53.6842
97 	149.932	318.424	453.075	52.7532
98 	149.932	316.696	459.567	50.8365
99 	149.932	315.096	467.246	52.1107
100	149.932	313.66 	467.246	51.2515
101	149.932	312.917	466.398	50.6126
102	149.932	311.768	457.124	50.6029
103	149.932	310.224	444.954	49.5366
104	148.382	308.69 	428.712	49.4244
105	148.382	307.382	453.981	49.2025
106	148.382	306.124	428.737	47.9818
107	148.382	304.942	423.111	47.5006
108	148.382	303.535	437.77 	48.8094
109	148.382	302.246	436.234	48.5493
110	148.382	300.923	429.495	47.6329
111	148.382	299.437	437.666	45.922 
112	148.382	298.299	429.437	44.9432
113	148.382	297.199	424.353	45.7312
114	148.382	296.243	428.317	44.8515
115	148.382	295.275	429.413	43.5931
116	148.382	294.051	416.854	43.6801
117	148.347	292.926	416.386	43.5208
118	148.347	291.935	411.818	43.6302
119	146.811	290.691	430.734	43.5628
120	146.811	289.75 	420.013	43.0415
121	146.811	288.409	413.722	43.2375
122	146.811	287.459	394.039	42.7806
123	146.811	286.406	401.785	42.8381
124	146.811	285.644	404.282	42.4133
125	146.811	284.462	399.624	40.9674
126	146.811	283.352	395.344	40.2076
127	144.886	282.529	411.69 	40.4683
128	144.886	281.621	395.865	40.4973
129	144.886	280.599	392.767	40.2594
130	144.886	279.873	404.519	40.1175
131	144.886	278.819	394.523	38.523 
132	144.886	277.81 	383.627	37.2837
133	144.886	276.851	389.934	37.3383
134	144.886	276.147	390.215	36.9814
135	144.886	275.079	388.121	36.3967
136	144.886	274.321	380.204	37.0995
137	144.886	273.53 	388.06 	36.5102
138	144.886	272.656	388.06 	36.9728
139	144.142	272.007	375.968	37.0677
140	144.142	270.946	367.441	36.2361
141	144.142	270.283	358.143	35.5394
142	144.142	269.384	364.915	36.6243
143	144.142	268.924	366.997	36.8976
144	144.142	268.097	367.329	37.1691
145	144.142	267.28 	374.769	37.1034
146	144.142	266.627	403.893	37.6955
147	144.142	265.734	378.435	36.6842
148	144.142	265.098	366.146	36.3136
149	144.142	263.998	365.96 	35.6397
150	144.142	263.414	357.353	34.1325
151	144.142	262.493	344.15 	33.9846
152	144.142	261.944	349.059	33.6161
153	144.142	261.063	351.432	33.3918
154	139.766	260.183	364.082	33.1831
155	139.766	259.52 	357.832	32.6492
156	139.766	258.924	356.853	33.2665
157	139.766	258.123	347.487	33.9286
158	139.766	257.238	351.291	33.6311
159	139.766	256.418	364.163	32.9697
160	139.766	255.883	350.003	32.1224
161	139.766	255.415	357.472	32.1227
162	139.766	254.747	344.546	32.6065
163	139.376	254.259	340.437	32.3254
164	139.376	253.596	337.288	31.9178
165	139.376	252.911	352.608	31.5548
166	139.376	252.256	335.962	31.4904
167	139.376	251.653	334.404	30.8031
168	139.376	251.179	333.037	30.6146
169	139.376	250.427	321.601	30.7931
170	139.376	249.937	320.087	31.0443
171	139.376	249.43 	333.988	30.7981
172	139.376	248.779	338.824	31.0668
173	132.74 	248.316	327.087	30.5302
174	132.74 	247.806	332.359	29.6447
175	132.74 	247.374	339.806	30.4732
176	132.74 	246.793	337.882	30.8679
177	132.74 	246.125	338.042	30.2293
178	132.74 	245.433	327.923	29.1128
179	132.359	244.944	336.472	28.6759
180	132.359	244.354	337.984	28.6753
181	129.018	243.667	354.574	29.3369
182	128.144	243.081	354.543	29.5267
183	128.144	242.491	351.526	29.7271
184	128.076	241.974	351.93 	28.8669
185	126.199	241.241	330.989	28.3849
186	126.199	240.883	333.461	27.6196
187	126.199	240.23 	325.239	27.072 
188	126.199	239.698	319.15 	27.3107
189	125.725	239.272	324.288	27.3365
190	125.725	238.943	318.21 	27.6157
191	125.725	238.528	319.02 	26.908 
192	125.725	238.097	314.756	26.8398
193	125.725	237.716	320.024	26.6552
194	125.725	237.222	307.096	26.0005
195	125.725	236.634	315.182	25.8901
196	125.725	236.248	307.971	25.6465
197	125.725	235.668	305.811	26.2623
198	119.574	235.283	306.198	26.2754
199	119.574	235.024	298.455	26.1668
Result of algorithm run: SUCCESS, 0, 0, 119.574293, 0
