/usr/lib/python2.7/site-packages/deap/tools/_hypervolume/pyhv.py:33: ImportWarning: Falling back to the python version of hypervolume module. Expect this to be very slow.
  "module. Expect this to be very slow.", ImportWarning)
gen	min    	avg   	max   	std   
0  	97946.8	409534	843470	135393
1  	84717.4	404691	853085	136630
2  	84717.4	398303	843219	133055
3  	66953.7	395906	820997	134016
4  	66003.3	389030	808531	136230
5  	66003.3	385637	842969	133364
6  	66003.3	376274	818150	131051
7  	66003.3	373500	845992	132436
8  	66003.3	368800	833132	131057
9  	55076.8	364569	776747	125204
10 	55076.8	359589	704042	126184
11 	55076.8	354519	729886	125665
12 	55076.8	352777	697536	124238
13 	55076.8	347441	685860	120929
14 	55076.8	342672	734574	122967
15 	55076.8	339198	704601	126035
16 	44626.3	335176	719820	124923
17 	44626.3	331360	745349	125513
18 	44626.3	326337	716114	125388
19 	43153.2	322640	700297	122114
20 	43153.2	318430	701520	119371
21 	43153.2	313230	698818	118188
22 	32614.8	309209	676236	115413
23 	32614.8	305832	676783	116166
24 	32614.8	301408	717442	114259
25 	31017.5	299360	643242	114544
26 	31017.5	295084	621898	110524
27 	31017.5	289825	647789	111675
28 	31017.5	285945	629634	112356
29 	31017.5	282051	614818	114744
30 	31017.5	278961	625339	112966
31 	30148.8	274436	623242	109100
32 	30148.8	269973	623220	105478
33 	28896.1	265963	590892	103580
34 	28896.1	261718	597889	102098
35 	28824.5	259018	573050	101458
36 	27249.4	256902	543221	100015
37 	21440.8	254349	572809	100227
38 	21440.8	249948	549702	97424.4
39 	21440.8	246476	529068	98689.7
40 	21440.8	244124	561562	98074.8
41 	21440.8	241777	510102	95936.3
42 	21328.5	239123	551137	98410.2
43 	21328.5	235293	509983	94277.1
44 	21328.5	233539	512060	95295.4
45 	21328.5	229920	518030	94740.2
46 	21328.5	227829	543728	97052.4
47 	21328.5	222429	543072	94641.3
48 	21328.5	219757	536895	94416.7
49 	21328.5	217398	568133	95672.7
50 	21328.5	213976	565476	93151.3
51 	21328.5	211691	512899	91309.9
52 	21328.5	209882	514996	92008.5
53 	21090.4	207235	559344	92168.8
54 	21090.4	203752	524261	87944  
55 	21090.4	201804	494509	89212.1
56 	21090.4	199302	513030	86287.7
57 	21090.4	196745	513950	86705.2
58 	21090.4	194422	487160	85012.6
59 	21090.4	191812	464590	81368.8
60 	21090.4	190359	501071	86677.7
61 	21090.4	186919	482812	85585.7
62 	21090.4	184342	496179	85988.1
63 	21090.4	182572	456565	84206.1
64 	21090.4	180635	430002	82936  
65 	21090.4	178557	510103	85818  
66 	21090.4	176805	479278	83195  
67 	16554.2	174403	448887	82412.8
68 	16554.2	171350	423922	81114.5
69 	16554.2	168886	423128	79789.6
70 	16554.2	167290	422535	78112.4
71 	16554.2	165308	469467	78009.7
72 	16554.2	163673	428249	78161  
73 	14139.7	162333	405374	76963.2
74 	14139.7	160695	404374	75014.6
75 	14139.7	158286	417184	73373.3
76 	14139.7	156656	415929	73270.1
77 	14139.7	155333	403387	73464.3
78 	14139.7	153367	393108	72066.3
79 	14139.7	151852	393108	73378.9
80 	14139.7	149925	395714	73412  
81 	9402.83	148094	395737	72723  
82 	6266.91	146746	410223	73552.7
83 	6266.91	145189	379986	71011  
84 	6266.91	142980	382785	70089.6
85 	6266.91	142024	379221	68866.3
86 	2029.94	140522	366143	70444  
87 	2029.94	138553	333365	71673.3
88 	2029.94	137460	334004	70057.7
89 	2029.94	135816	360281	68603.1
90 	2029.94	133501	427688	67094.2
91 	2029.94	132515	385078	66324.2
92 	2029.94	131889	350457	66338.9
93 	2029.94	130140	356707	65478.2
94 	2029.94	129256	356707	65107.2
95 	2029.94	127328	379561	64487.2
96 	2029.94	126197	354718	62235.3
97 	2029.94	124331	321608	60451.6
98 	2029.94	123078	322088	61089.1
99 	2029.94	121191	342265	58728.3
100	1794.51	119937	332326	58749.6
101	1794.51	118421	317971	57847  
102	1794.51	116302	312727	58781.5
103	1794.51	115280	336287	60491.9
104	1794.51	113887	332774	60051.4
105	1794.51	113080	336979	59167.4
106	1794.51	111992	301170	57326.8
107	1794.51	110601	295272	55004.9
108	1794.51	109459	300855	55255.8
109	1794.51	108008	306205	55295.2
110	1794.51	106416	294899	56283.1
111	1794.51	105640	283712	54908.2
112	1794.51	104304	264567	53969.9
113	1794.51	102886	268910	52484.5
114	1794.51	101356	288563	51221.3
115	1658.39	100467	288152	50179  
116	1658.39	99761.5	286096	50643  
117	1658.39	98758.7	280775	50820.8
118	1658.39	97801.3	280775	50234.4
119	1658.39	96709.4	259160	49269.8
120	1658.39	95753.8	248657	47964  
121	1658.39	94662.4	251869	45532.7
122	1658.15	93577.9	262814	45967.7
123	1658.15	92150.8	262812	45770  
124	1658.15	91300.7	258031	45081.4
125	1658.15	90676.7	252113	44439.7
126	1658.15	89396.3	238746	44336.3
127	1658.15	89030.3	236992	45060.6
128	1658.15	88207.2	237451	45604.5
129	1005   	87509.5	230288	46499.8
130	1005   	86600.1	230938	45898.3
131	1005   	85457.5	260742	44787.2
132	1005   	84496.9	269661	43811.7
133	1005   	82980.1	231137	42219.3
134	1005   	81801.9	233140	41485  
135	1005   	81430  	221113	41118.4
136	1005   	80335.7	220429	40863.9
137	1005   	79646.2	218218	40098.9
138	1005   	78606.5	247967	38517.5
139	1005   	77644.2	207386	38151.7
140	1005   	77098.6	242084	39004.1
141	1005   	76452.1	221676	39563  
142	1005   	75689  	208740	38590.5
143	1005   	74721.9	204506	37609.7
144	1005   	74185.2	215013	37036.6
145	1005   	73453.4	232741	38578.8
146	1005   	72508.2	226906	38068.4
147	914.317	72076.7	209816	37954.8
148	902.186	71351.3	216947	38293.7
149	902.186	70751.6	220405	37507.3
150	902.186	70040.4	190133	36590.2
151	902.186	69230.2	191389	35566.3
152	902.186	68744.3	208349	35117.4
153	902.186	68209.1	193337	34570.4
154	902.186	67327.3	187467	34216.7
155	902.186	66720.1	168721	33267.9
156	894.753	66251  	165434	32166.2
157	894.753	65602  	173667	32476.8
158	894.753	64807.1	158303	31075.2
159	894.753	64321.6	164646	31501.5
160	894.753	64000.1	161322	31410  
161	894.753	63395.3	157476	31807.7
162	894.753	62662.2	180668	31627.6
163	894.753	62049.6	170319	30719  
164	894.753	61253.3	157862	30024.5
165	894.753	60915.4	156245	29674.8
166	894.753	60292.3	159976	29206.1
167	894.753	59780.4	164593	29626.9
168	846.517	59280  	164593	29096.9
169	846.517	58693.6	158300	28823.7
170	846.517	58393.6	159313	29158.2
171	846.455	57665.6	158065	28493.4
172	846.455	56971  	152318	27519.8
173	846.455	56414  	160780	26947.6
174	846.455	55898  	161865	26375.4
175	842.766	55560.2	157252	25986.8
176	842.766	55115.9	158653	25702.5
177	842.766	54534.4	152276	24780.9
178	842.766	54123.1	141265	23686.4
179	842.766	53772.4	140636	23527.5
180	842.766	53249.1	132489	22901.3
181	842.766	53048.6	142852	23393.8
182	842.766	52880.9	140298	23595.1
183	842.766	52526.9	137526	23246.1
184	842.766	52160.8	136462	22640.8
185	842.766	51694.1	135064	22590.2
186	842.766	51469.1	142744	22819.3
187	842.766	51111.6	136473	21691.8
188	842.766	50858.3	127263	21416.7
189	842.766	50499  	121514	21550.5
190	842.766	49994.8	128020	21540.1
191	842.766	49520.4	124733	20856.5
192	842.766	49142.8	122909	20657.5
193	842.766	48487.6	113654	20093.8
194	842.766	48055.5	113638	20442.4
195	842.766	47808  	117959	20451.3
196	842.766	47548  	122714	20231.1
197	842.766	47199.4	119641	20249.1
198	842.766	47009.6	120536	19859  
199	842.766	46515.2	117013	19591.8
Result of algorithm run: SUCCESS, 0, 0, 842.766397, 0
