/usr/lib/python2.7/site-packages/deap/tools/_hypervolume/pyhv.py:33: ImportWarning: Falling back to the python version of hypervolume module. Expect this to be very slow.
  "module. Expect this to be very slow.", ImportWarning)
gen	min    	avg   	max   	std   
0  	99457.2	398373	878630	151973
1  	99457.2	392090	855400	149933
2  	90081.3	386160	861583	144768
3  	86893.2	381207	867912	143276
4  	86893.2	379166	820387	138709
5  	86893.2	374066	842892	140910
6  	85187.2	371005	819861	137916
7  	85187.2	364421	788728	131926
8  	85187.2	359750	788728	133562
9  	77060.3	352409	743584	130195
10 	77060.3	349247	835363	130005
11 	64931.2	344358	714703	127308
12 	49675.1	339316	707953	124634
13 	49675.1	334397	717721	127789
14 	49675.1	330846	696482	129022
15 	48740.3	324864	740022	124152
16 	48740.3	318709	690574	120650
17 	44714.2	315819	705428	122820
18 	44714.2	312197	693652	120584
19 	44714.2	306457	664248	114080
20 	44714.2	301878	672999	114636
21 	44714.2	299281	672329	114113
22 	44714.2	297658	670316	114005
23 	37430.9	295057	646325	113117
24 	37430.9	291668	646325	112912
25 	37430.9	288028	625541	110466
26 	37430.9	283930	600862	106365
27 	37430.9	280605	642265	103404
28 	37430.9	278117	611946	101884
29 	34938.1	275331	602400	102810
30 	34710.6	272604	608088	102432
31 	27418.3	268683	569944	101071
32 	27418.3	264857	598420	100592
33 	26161.2	261975	614761	100196
34 	11176.2	260379	620357	103310
35 	11176.2	256288	616799	102379
36 	11176.2	251962	597666	100850
37 	11176.2	248144	591665	100290
38 	11176.2	245312	540906	98842.2
39 	11176.2	244044	515110	98574.3
40 	11176.2	240332	489789	94690  
41 	11176.2	238550	552692	94185.5
42 	11176.2	235389	496349	92317.3
43 	11176.2	231263	562147	91054.3
44 	11176.2	227138	525064	88404.1
45 	9211.77	223165	512243	88091.4
46 	9211.77	221136	551636	90263.1
47 	9211.77	218271	526999	87329.6
48 	9211.77	215842	503655	89591  
49 	9211.77	212789	503655	89205.1
50 	9192.22	208051	509712	89529.8
51 	9192.22	206143	481160	87895.6
52 	9192.22	203780	478387	88333.6
53 	9192.22	201492	478810	92228.1
54 	7762.52	199258	523361	93439.1
55 	7762.52	195691	507801	89206.5
56 	7762.52	194292	503031	86403.9
57 	7757.56	191148	460382	83864.2
58 	7757.56	189021	449034	82490.3
59 	7757.56	187364	444848	82074.5
60 	7757.56	185311	439970	84155.1
61 	7757.56	183574	433009	83860.4
62 	7757.56	180859	449098	81278.4
63 	7757.56	178798	417451	80033.3
64 	7390.98	176500	450521	81134.6
65 	7390.98	175086	425212	79093.8
66 	7390.98	172663	425212	81391  
67 	7390.98	171075	415951	79640.3
68 	7390.98	169015	415951	78835.2
69 	7390.98	167865	387197	78755.5
70 	7390.98	166309	407863	79466.5
71 	7390.98	164493	426799	80169.2
72 	7390.98	162959	411430	80249.7
73 	7390.98	160795	426276	78435.9
74 	7390.98	158751	437526	76640.3
75 	7390.98	157144	422729	76597.8
76 	7390.98	155026	392516	74215.1
77 	7390.98	153460	377194	73788.2
78 	7390.98	151341	377194	72857.1
79 	7390.98	149329	374243	70944.1
80 	7390.98	146893	368902	69241.8
81 	7390.98	145481	354831	68644.8
82 	7390.98	144142	369054	68516.2
83 	7390.98	142410	364235	67348.5
84 	5587.34	139306	371649	65594.7
85 	5587.34	137180	394032	67540.2
86 	5587.34	135510	368455	65802.1
87 	5587.34	134201	373883	67066.7
88 	5587.34	132750	378230	65119.1
89 	5587.34	130697	366806	62189.6
90 	5587.34	128902	366982	62016.1
91 	5587.34	126862	357712	61618.8
92 	5587.34	125410	365453	60833  
93 	5587.34	123994	326698	60479.3
94 	5392.58	121799	323494	58749.7
95 	5392.58	120463	326081	59845.5
96 	5392.58	119503	319315	59698.5
97 	5392.58	118181	318718	59753.6
98 	5392.58	117263	352046	59632.3
99 	5392.58	116111	352046	57300.1
100	5392.58	113765	315155	54168.6
101	5392.58	112427	315156	53517.8
102	5392.58	111076	289417	53081.6
103	5392.58	109693	316888	53031.9
104	5392.58	108219	325108	52066.9
105	5392.58	107115	324966	51016.4
106	5392.58	106625	263617	50335.4
107	5392.58	105089	281628	49556.5
108	5392.58	103566	352202	48721.2
109	5392.38	102348	283821	49887.8
110	5392.38	101348	274470	50179.5
111	5392.38	100246	281700	50243.6
112	5392.38	99194.8	280915	50041.2
113	4107.13	98377.4	264253	47927.9
114	4062.28	97609.8	268031	46288.8
115	4062.28	96880  	249394	46657.8
116	4062.28	95481.6	249394	45965.7
117	4062.28	94539  	249394	45984.1
118	4062.28	94086.5	241481	46109.4
119	4062.28	92935.2	234951	45726.7
120	2252.45	92147  	226603	45077.1
121	1944.85	90893.7	218522	43957.7
122	1944.85	89941.9	239060	44085.2
123	1944.85	88580.2	259371	43177  
124	1944.84	87362.1	246121	43042.2
125	1944.84	86408.5	243473	43680.9
126	1944.84	86035.5	235087	44263  
127	1944.84	85369.9	256497	44560.8
128	1944.84	84853.2	259150	44424.5
129	1944.84	83594  	248071	42489.3
130	1944.84	83215.1	248071	41988.8
131	1944.84	82028.7	290246	42298.9
132	1651.92	81048.6	235956	40945.7
133	1651.92	80510  	230564	39861.7
134	1651.92	80118.6	232727	40867.6
135	1651.92	79420.5	219352	40648.9
136	1651.92	78730.4	223770	38322.3
137	1651.92	77827.4	219727	38161.7
138	1651.92	77011.9	221213	38048.8
139	1651.92	75856.6	212698	37985.5
140	1523.37	75230.3	206657	37634  
141	1523.37	74324.3	203201	36949.3
142	1523.37	73401  	204229	36190.8
143	1523.37	72668.1	206031	35814.6
144	1523.37	72268.8	215880	36428.3
145	1523.37	71205.9	213367	36417.7
146	1523.37	70305.6	196401	35265.3
147	1523.37	69863.5	203598	35477.7
148	1523.37	69219.2	198739	33864.9
149	1523.37	68526.9	207801	32738.9
150	1523.37	67729.5	204655	32252.9
151	1523.37	67104.2	175409	32529.7
152	1523.37	66517.5	170313	31882.7
153	1523.37	65644.5	174693	31591.9
154	1523.37	64881.6	157662	30554  
155	1523.37	64476.9	162666	30206.3
156	1523.37	63887.7	178960	30622.8
157	1523.37	63421.7	176112	30531  
158	1523.37	62839.2	178353	29619.6
159	1523.37	62687.7	167166	29626.7
160	1523.37	62299.4	173017	29357.8
161	1523.37	61868.2	163389	29302.3
162	1523.37	61691.2	163689	28796.1
163	1523.37	61301.3	167821	28736.5
164	1523.37	60702.6	165146	28308.1
165	1523.3 	60018.2	169245	28270.1
166	1523.3 	59419.1	190809	27742.2
167	1523.3 	59049.2	165022	27100.5
168	1523.3 	58502.7	165517	27232.6
169	1523.3 	57836.2	157836	26876.6
170	1523.3 	57495.3	157798	27108.7
171	1523.3 	56990.7	157798	27029.3
172	1520.83	56153.6	162076	26661.8
173	1060.01	55859.9	164950	26246.5
174	1060.01	55641.7	155400	26494.7
175	1060.01	55229.8	155400	25984.1
176	1060.01	54972.4	155072	25194.6
177	1060.01	54704.6	154773	24834.3
178	1059.95	54444.3	140873	25112.8
179	1059.95	54074.8	149893	25729.4
180	1059.95	53731.3	161624	25797.9
181	1059.95	53264  	152047	25086.6
182	1059.95	52913.3	136068	23819.7
183	1059.95	52589.8	135999	23478.8
184	1059.95	52209.9	128798	22888.3
185	1059.95	51879.5	134896	22491.5
186	1059.95	51322.1	122358	21519.1
187	1059.95	50862.4	120372	20928.8
188	1059.95	50536.3	121117	21290.4
189	1059.95	50324.1	121258	20878.6
190	1059.95	49765.9	122913	21262.4
191	1059.95	49373.6	123122	21134.3
192	1059.95	49075.5	124613	20628.5
193	1059.95	48799.1	130885	20471.6
194	1059.95	48277.3	116604	20049.4
195	961.372	48107.3	116604	19899.5
196	961.372	47807.4	111346	19490  
197	961.372	47506.4	106524	18646.6
198	961.372	47224.1	102092	18754.3
199	961.372	46889.7	103396	18524.9
Result of algorithm run: SUCCESS, 0, 0, 961.372040, 0
