/usr/lib/python2.7/site-packages/deap/tools/_hypervolume/pyhv.py:33: ImportWarning: Falling back to the python version of hypervolume module. Expect this to be very slow.
  "module. Expect this to be very slow.", ImportWarning)
gen	min    	avg    	max    	std     
0  	121.274	126.766	127.297	0.681558
1  	120.867	126.758	127.292	0.690394
2  	119.554	126.755	127.298	0.718016
3  	119.554	126.722	127.296	0.759111
4  	119.128	126.713	127.292	0.769473
5  	119.128	126.704	127.285	0.73885 
6  	114.444	126.661	127.29 	0.932505
7  	114.444	126.632	127.299	1.04471 
8  	114.444	126.601	127.295	1.05308 
9  	114.444	126.628	127.28 	0.868426
10 	114.444	126.593	127.274	0.911801
11 	114.444	126.562	127.271	1.00485 
12 	114.444	126.577	127.271	1.00638 
13 	114.444	126.531	127.259	1.06498 
14 	114.444	126.521	127.292	1.11795 
15 	114.444	126.482	127.267	1.15238 
16 	114.444	126.481	127.254	1.05094 
17 	114.444	126.453	127.262	1.05314 
18 	114.444	126.456	127.247	1.07618 
19 	114.006	126.41 	127.243	1.20974 
20 	114.006	126.385	127.246	1.20759 
21 	114.006	126.365	127.264	1.22333 
22 	114.006	126.329	127.262	1.17267 
23 	112.755	126.308	127.239	1.26764 
24 	111.084	126.295	127.234	1.38273 
25 	111.084	126.279	127.261	1.3626  
26 	111.084	126.239	127.221	1.37817 
27 	111.084	126.213	127.218	1.35344 
28 	111.084	126.17 	127.206	1.43207 
29 	111.084	126.128	127.205	1.50171 
30 	111.084	126.094	127.218	1.47225 
31 	111.084	126.07 	127.215	1.39535 
32 	111.084	126.007	127.251	1.36085 
33 	111.084	125.983	127.199	1.49109 
34 	111.084	125.934	127.201	1.49922 
35 	111.084	125.878	127.18 	1.53906 
36 	111.084	125.875	127.218	1.53696 
37 	111.084	125.872	127.214	1.60648 
38 	111.084	125.86 	127.188	1.64986 
39 	111.084	125.858	127.202	1.47721 
40 	111.084	125.83 	127.183	1.40873 
41 	111.084	125.794	127.213	1.46446 
42 	111.084	125.765	127.183	1.54366 
43 	111.084	125.749	127.243	1.54164 
44 	111.084	125.735	127.171	1.60943 
45 	111.084	125.705	127.18 	1.60095 
46 	107.43 	125.732	127.18 	1.57746 
47 	107.43 	125.709	127.145	1.61518 
48 	107.43 	125.644	127.2  	1.71231 
49 	107.43 	125.548	127.151	1.91945 
50 	107.43 	125.482	127.209	2.0089  
51 	107.43 	125.415	127.182	1.95254 
52 	107.43 	125.378	127.092	1.92048 
53 	107.43 	125.378	127.161	1.86429 
54 	107.43 	125.379	127.144	1.83054 
55 	107.43 	125.407	127.152	1.87956 
56 	107.43 	125.329	127.124	2.03188 
57 	103.808	125.284	127.09 	2.07538 
58 	103.808	125.294	127    	2.03549 
59 	103.808	125.269	127.057	1.98177 
60 	103.808	125.281	127.076	1.99745 
61 	103.808	125.249	127.062	1.92871 
62 	103.808	125.256	127.017	1.91433 
63 	103.808	125.168	126.999	2.07699 
64 	103.808	125.161	126.959	2.02482 
65 	103.808	125.137	126.928	1.87504 
66 	103.808	125.035	127.002	2.06993 
67 	103.808	124.974	126.994	1.97901 
68 	103.808	124.944	126.948	2.16934 
69 	103.808	124.936	127.022	2.1302  
70 	103.808	124.919	126.924	2.06019 
71 	103.808	124.864	127.051	2.30889 
72 	103.808	124.822	126.989	2.20791 
73 	103.808	124.735	126.934	2.25958 
74 	103.808	124.709	126.982	2.21939 
75 	103.808	124.675	126.985	2.17049 
76 	103.808	124.63 	127.042	2.25087 
77 	103.808	124.588	127.008	2.28728 
78 	103.808	124.6  	126.909	2.2268  
79 	103.808	124.528	126.822	2.19176 
80 	103.808	124.465	126.734	2.19274 
81 	103.808	124.345	126.828	2.25892 
82 	103.808	124.388	126.879	2.26809 
83 	102.628	124.396	126.881	2.24366 
84 	102.628	124.252	126.931	2.43763 
85 	102.628	124.246	126.923	2.44036 
86 	102.628	124.288	126.887	2.3421  
87 	102.628	124.204	126.964	2.37    
88 	102.628	124.152	126.792	2.43316 
89 	102.628	124.137	126.849	2.2688  
90 	102.628	124.138	126.868	2.38172 
91 	102.628	124.127	126.884	2.31858 
92 	102.628	124.081	126.827	2.55875 
93 	102.628	124.014	126.808	2.47144 
94 	102.628	124.012	126.645	2.43197 
95 	100.648	123.994	126.71 	2.44834 
96 	100.081	123.908	126.649	2.62225 
97 	100.081	123.882	126.551	2.62599 
98 	100.081	123.865	126.681	2.79167 
99 	100.081	123.864	126.686	2.6317  
100	93.0816	123.789	126.702	2.86693 
101	93.0816	123.737	126.652	2.7481  
102	93.0546	123.709	126.565	2.97351 
103	93.0546	123.676	126.562	2.76188 
104	93.0546	123.585	126.562	2.87176 
105	93.0546	123.563	126.59 	2.89236 
106	93.0546	123.571	126.67 	2.73241 
107	93.0546	123.502	126.689	2.86362 
108	93.0546	123.486	126.504	2.99048 
109	93.0546	123.428	126.492	3.09974 
110	93.0546	123.394	126.589	3.17983 
111	93.0546	123.403	126.396	3.0171  
112	93.0546	123.256	126.608	3.10885 
113	93.0546	123.188	126.425	3.05986 
114	93.0546	123.207	126.495	2.81902 
115	93.0546	123.142	126.588	3.03774 
116	93.0546	122.995	126.487	3.30135 
117	93.0546	123.002	126.502	3.13273 
118	93.0546	122.979	126.618	3.09487 
119	93.0546	123.015	126.462	3.11029 
120	93.0546	123.074	126.51 	3.24688 
121	93.0546	123.038	126.527	3.10506 
122	93.0546	122.976	126.355	3.15616 
123	93.0546	122.942	126.376	3.10047 
124	93.0546	122.881	126.379	3.18057 
125	93.0546	122.83 	126.457	3.01515 
126	93.0546	122.82 	126.277	3.0703  
127	93.0546	122.854	126.338	3.03873 
128	93.0546	122.758	126.362	3.19945 
129	93.0546	122.746	126.362	2.99205 
130	92.4221	122.667	126.129	3.14138 
131	92.4221	122.553	126.22 	3.07597 
132	92.4221	122.588	126.203	3.03462 
133	92.4221	122.569	126.143	2.86209 
134	92.4221	122.497	126.335	2.90107 
135	92.4221	122.44 	126.365	3.00604 
136	92.4221	122.381	126.275	2.98367 
137	92.4221	122.339	126.219	2.85252 
138	92.4221	122.289	126.302	2.82535 
139	92.4221	122.314	126.158	2.80945 
140	92.4221	122.295	126.233	2.93872 
141	91.6016	122.217	126.214	2.96867 
142	91.6016	122.211	126.09 	3.09413 
143	91.6016	122.204	125.988	2.98622 
144	91.6016	122.144	125.979	3.1343  
145	91.6016	122.143	126.051	3.15185 
146	91.6016	122.085	126.034	3.32971 
147	91.6016	121.948	125.907	3.37033 
148	91.6016	121.994	126.416	3.42368 
149	91.6016	122.027	126.1  	3.06618 
150	91.6016	121.993	126.192	3.08143 
151	91.6016	121.902	126.036	3.16627 
152	91.6016	121.854	125.877	3.00213 
153	91.6016	121.844	125.748	2.96933 
154	91.6016	121.857	125.519	3.12956 
155	91.6016	121.841	125.619	3.04447 
156	91.6016	121.766	125.688	3.02962 
157	91.6016	121.783	125.717	2.87928 
158	91.6016	121.77 	125.803	3.01083 
159	91.6016	121.658	125.699	3.09142 
160	91.6016	121.723	125.667	2.97836 
161	91.6016	121.682	125.76 	3.11869 
162	91.6016	121.584	125.671	3.13511 
163	91.6016	121.518	125.57 	3.22936 
164	91.6016	121.489	125.449	3.18739 
165	91.6016	121.432	125.523	3.11689 
166	91.3124	121.426	125.497	3.21102 
167	91.3124	121.327	125.444	3.26919 
168	91.3124	121.281	125.542	3.18181 
169	91.3124	121.259	125.331	3.3514  
170	89.4651	121.238	125.364	3.38512 
171	88.0944	121.18 	125.767	3.41412 
172	88.0944	121.249	125.598	3.02247 
173	88.0944	121.224	125.598	2.96302 
174	88.0944	121.162	125.434	3.07023 
175	88.0944	121.121	125.563	3.03575 
176	88.0944	121.072	125.379	3.11716 
177	88.0944	121.031	125.693	3.02106 
178	88.0944	120.99 	125.634	3.19454 
179	88.0944	121.002	125.634	3.10275 
180	88.0944	120.994	125.812	3.0586  
181	88.0944	120.998	125.529	2.86961 
182	88.0944	120.946	125.3  	3.03905 
183	88.0944	120.951	125.084	3.07402 
184	88.0944	120.918	125.264	3.25627 
185	88.0944	120.847	125.394	3.23906 
186	87.0367	120.825	124.972	3.2849  
187	87.0367	120.828	125.209	3.15871 
188	87.0367	120.811	125.638	3.2319  
189	87.0367	120.788	125.112	3.3519  
190	87.0367	120.783	124.946	3.21145 
191	87.0367	120.678	124.778	3.48765 
192	87.0367	120.725	124.515	3.25535 
193	87.0367	120.686	124.803	3.11591 
194	87.0367	120.649	124.848	3.37358 
195	87.0367	120.568	124.803	3.30734 
196	84.7689	120.534	125.026	3.53184 
197	84.7689	120.535	124.722	3.72204 
198	84.7689	120.519	124.853	3.41849 
199	84.7689	120.429	125.043	3.75234 
Result of algorithm run: SUCCESS, 0, 0, 84.768927, 0
