/usr/lib/python2.7/site-packages/deap/tools/_hypervolume/pyhv.py:33: ImportWarning: Falling back to the python version of hypervolume module. Expect this to be very slow.
  "module. Expect this to be very slow.", ImportWarning)
gen	min    	avg    	max    	std     
0  	120.755	126.777	127.295	0.610475
1  	120.755	126.758	127.3  	0.663126
2  	120.755	126.774	127.298	0.646404
3  	120.755	126.75 	127.282	0.686829
4  	120.444	126.733	127.282	0.717882
5  	120.444	126.664	127.29 	0.846445
6  	120.444	126.67 	127.294	0.74    
7  	120.444	126.669	127.289	0.765939
8  	120.444	126.646	127.292	0.796242
9  	120.364	126.611	127.28 	0.809625
10 	120.074	126.584	127.28 	0.81307 
11 	120.074	126.563	127.268	0.798662
12 	120.074	126.571	127.257	0.739652
13 	119.954	126.571	127.262	0.754016
14 	119.954	126.538	127.26 	0.800421
15 	119.954	126.502	127.268	0.859889
16 	119.954	126.5  	127.268	0.790032
17 	119.954	126.465	127.268	0.835259
18 	119.954	126.464	127.246	0.814989
19 	119.954	126.43 	127.254	0.863303
20 	119.954	126.399	127.281	0.882549
21 	119.954	126.354	127.269	0.901621
22 	116.056	126.363	127.253	0.966148
23 	116.056	126.319	127.234	1.12573 
24 	116.056	126.29 	127.202	1.12289 
25 	116.056	126.273	127.219	1.13233 
26 	114.838	126.209	127.199	1.27728 
27 	114.838	126.213	127.217	1.18243 
28 	114.838	126.203	127.193	1.13124 
29 	114.838	126.174	127.238	1.28463 
30 	114.838	126.138	127.195	1.16504 
31 	114.264	126.152	127.176	1.23482 
32 	114.264	126.08 	127.167	1.25169 
33 	112.741	126.013	127.169	1.3383  
34 	111.909	125.994	127.226	1.47336 
35 	111.909	125.941	127.214	1.42685 
36 	111.768	125.902	127.141	1.54427 
37 	109.689	125.946	127.128	1.58315 
38 	109.689	125.939	127.146	1.4411  
39 	109.689	125.922	127.153	1.38927 
40 	109.689	125.911	127.126	1.45673 
41 	109.689	125.872	127.096	1.46882 
42 	109.689	125.813	127.097	1.61997 
43 	109.689	125.762	127.127	1.74658 
44 	109.689	125.731	127.192	1.81029 
45 	109.689	125.653	127.137	1.6638  
46 	109.689	125.63 	127.146	1.63551 
47 	109.689	125.647	127.107	1.59785 
48 	109.689	125.623	127.098	1.70922 
49 	109.689	125.562	127.126	1.73717 
50 	109.689	125.531	127.123	1.70284 
51 	109.689	125.481	127.082	1.83129 
52 	109.689	125.499	127.081	1.75529 
53 	108.72 	125.382	127.128	1.92766 
54 	108.72 	125.292	127.09 	2.0242  
55 	106.062	125.273	127.113	2.11003 
56 	105.722	125.237	127.043	2.15195 
57 	105.722	125.212	127.14 	2.08521 
58 	105.722	125.254	127.056	1.91303 
59 	105.722	125.19 	127.021	2.08116 
60 	105.722	125.193	127.028	2.0066  
61 	105.722	125.111	127.014	2.11637 
62 	105.722	125.049	127.065	2.19085 
63 	105.722	124.995	127.116	2.29616 
64 	104.717	124.958	127.06 	2.33409 
65 	104.717	124.941	127.036	2.3875  
66 	104.717	124.876	127.053	2.32402 
67 	104.717	124.877	126.927	2.32903 
68 	104.717	124.827	126.873	2.35786 
69 	104.717	124.838	126.947	2.34488 
70 	104.717	124.804	126.947	2.14071 
71 	104.717	124.747	126.96 	2.20115 
72 	104.717	124.695	126.955	2.3474  
73 	104.536	124.683	127.028	2.22459 
74 	104.536	124.656	126.949	2.23809 
75 	104.536	124.635	126.87 	2.26501 
76 	104.536	124.64 	126.97 	2.02832 
77 	104.536	124.599	126.97 	2.05422 
78 	104.536	124.595	126.862	2.08329 
79 	101.072	124.549	126.971	2.33716 
80 	101.072	124.509	126.912	2.24901 
81 	101.072	124.591	126.849	2.21739 
82 	101.072	124.555	126.814	2.19408 
83 	101.072	124.516	126.898	2.18674 
84 	101.072	124.454	126.847	2.46136 
85 	101.072	124.345	126.838	2.5833  
86 	99.1802	124.289	126.798	2.61163 
87 	99.1802	124.256	126.713	2.49448 
88 	99.1802	124.234	126.713	2.38834 
89 	99.1802	124.21 	126.749	2.18022 
90 	99.1802	124.18 	126.723	2.29183 
91 	99.1802	124.132	126.612	2.23904 
92 	97.9261	124.04 	126.763	2.47875 
93 	97.9261	124.043	126.733	2.54721 
94 	97.9261	124.034	126.794	2.3988  
95 	97.9261	123.991	126.632	2.38172 
96 	97.9261	123.977	126.611	2.4523  
97 	97.9261	123.919	126.727	2.40293 
98 	97.9261	123.894	126.739	2.64667 
99 	97.6785	123.822	126.668	2.8181  
100	97.6785	123.829	126.62 	2.58061 
101	95.328 	123.711	126.642	2.86789 
102	95.1088	123.685	126.673	2.86194 
103	95.1088	123.619	126.704	2.93333 
104	95.1088	123.631	126.778	2.80159 
105	95.1088	123.625	126.651	2.70244 
106	95.1088	123.575	126.698	2.51197 
107	95.1088	123.477	126.807	2.54041 
108	95.1088	123.403	126.483	2.68689 
109	95.1088	123.364	126.567	2.73448 
110	87.3158	123.387	126.535	2.91591 
111	87.3158	123.434	126.634	2.69598 
112	87.3158	123.373	126.593	2.80768 
113	87.3158	123.308	126.649	2.82145 
114	87.3158	123.176	126.504	2.79573 
115	87.3158	123.127	126.471	3.02696 
116	87.3158	123.082	126.471	2.83524 
117	86.8184	123.042	126.471	3.19632 
118	86.8184	123.036	126.353	3.28997 
119	86.8184	123.044	126.72 	3.04613 
120	86.8184	123.043	126.242	2.80387 
121	86.8184	123.058	126.172	2.91723 
122	86.8184	123.087	126.061	2.79192 
123	86.8184	122.94 	126.174	3.04368 
124	86.8184	122.945	126.431	2.90339 
125	86.8184	122.933	126.382	2.82095 
126	86.8184	122.877	126.386	3.12325 
127	86.8184	122.8  	126.444	3.2845  
128	86.8184	122.827	126.458	3.05855 
129	86.8184	122.763	126.275	3.0788  
130	86.8184	122.686	126.279	3.04927 
131	86.8184	122.615	126.235	3.23497 
132	86.8184	122.641	126.235	3.43349 
133	86.8184	122.66 	126.349	3.26982 
134	86.8184	122.641	126.308	3.1378  
135	84.7366	122.597	126.355	3.3563  
136	84.7366	122.622	126.326	3.07287 
137	84.7366	122.535	126.031	3.38286 
138	84.7225	122.431	125.919	3.7534  
139	84.7225	122.376	125.908	3.75295 
140	84.7225	122.35 	126.063	3.12034 
141	84.7225	122.301	126.096	3.33982 
142	84.7225	122.294	126.167	3.22261 
143	84.7225	122.249	126.136	3.52997 
144	83.2379	122.194	126.113	3.64738 
145	83.2379	122.104	126.055	3.63788 
146	83.2379	122.141	125.828	3.36146 
147	83.2379	122.078	125.866	3.51216 
148	83.2379	122    	125.899	3.82519 
149	83.2379	122.043	125.62 	3.30295 
150	83.2379	122.003	125.696	3.52497 
151	83.2379	121.952	125.915	3.21035 
152	83.2379	121.901	125.96 	3.4065  
153	83.2379	121.871	125.989	3.75026 
154	83.2379	121.932	126.099	3.43773 
155	83.2379	121.882	125.816	3.68339 
156	83.2379	121.903	125.882	3.1321  
157	83.2379	121.845	125.783	3.15    
158	83.2379	121.82 	126.101	3.14024 
159	83.2379	121.788	125.723	3.09876 
160	83.2379	121.651	125.632	3.4536  
161	83.2379	121.618	125.522	3.79098 
162	83.2317	121.647	125.383	3.48892 
163	83.2317	121.578	125.643	3.45461 
164	83.2317	121.518	125.41 	3.3535  
165	83.2317	121.506	125.57 	3.33437 
166	83.2317	121.511	125.501	3.2761  
167	83.2317	121.503	125.222	3.55991 
168	83.2317	121.475	125.761	3.1192  
169	82.0486	121.369	125.995	3.5551  
170	82.0486	121.395	125.741	3.22368 
171	82.0486	121.336	125.744	3.52241 
172	80.411 	121.266	125.611	3.81497 
173	80.411 	121.332	125.363	3.247   
174	80.411 	121.36 	125.363	3.47093 
175	80.411 	121.288	125.332	3.58402 
176	80.411 	121.268	125.383	3.52665 
177	80.411 	121.186	125.554	3.61869 
178	80.411 	121.247	125.388	3.31171 
179	80.411 	121.196	125.26 	3.28657 
180	80.411 	121.217	125.126	3.14229 
181	80.411 	121.175	125.379	3.17453 
182	80.411 	121.075	125.379	3.51672 
183	80.411 	121.024	125.424	3.44637 
184	80.411 	121.02 	125.424	3.68743 
185	80.411 	120.983	125.22 	3.80655 
186	80.411 	121.021	125.561	3.50123 
187	80.411 	121.014	125.323	3.40321 
188	80.411 	121.014	125.25 	3.24914 
189	80.411 	120.93 	125.25 	3.49558 
190	80.411 	120.876	124.932	3.52582 
191	80.411 	120.858	124.802	3.76656 
192	80.411 	120.818	125.213	3.55112 
193	80.411 	120.874	125.438	3.29237 
194	80.411 	120.806	125.318	3.40101 
195	80.411 	120.751	125.272	3.70788 
196	80.411 	120.736	125.06 	3.58693 
197	80.411 	120.692	125.163	3.78746 
198	80.411 	120.725	125.383	3.60746 
199	80.411 	120.746	124.948	3.27973 
Result of algorithm run: SUCCESS, 0, 0, 80.411023, 0
