/usr/lib/python2.7/site-packages/deap/tools/_hypervolume/pyhv.py:33: ImportWarning: Falling back to the python version of hypervolume module. Expect this to be very slow.
  "module. Expect this to be very slow.", ImportWarning)
gen	min   	avg    	max    	std     
0  	120.93	126.775	127.293	0.646254
1  	120.93	126.76 	127.29 	0.639932
2  	120.601	126.724	127.29 	0.691618
3  	120.601	126.685	127.293	0.721944
4  	120.601	126.665	127.287	0.714961
5  	120.469	126.639	127.304	0.780925
6  	120.38 	126.665	127.3  	0.755216
7  	120.287	126.661	127.276	0.750548
8  	119.651	126.613	127.287	0.816429
9  	119.247	126.57 	127.272	0.87841 
10 	119.247	126.601	127.289	0.770985
11 	118.814	126.555	127.263	0.864537
12 	118.814	126.506	127.279	0.9296  
13 	118.814	126.497	127.277	0.927714
14 	118.814	126.516	127.271	0.824205
15 	118.814	126.492	127.271	0.827793
16 	117.886	126.503	127.26 	0.847445
17 	117.886	126.469	127.268	0.865282
18 	117.886	126.457	127.25 	0.871024
19 	117.232	126.414	127.242	1.01736 
20 	117.232	126.374	127.235	1.00688 
21 	116.024	126.325	127.245	1.188   
22 	116.024	126.263	127.223	1.21516 
23 	116.024	126.233	127.225	1.18281 
24 	115.816	126.233	127.221	1.17517 
25 	115.816	126.219	127.219	1.12743 
26 	115.816	126.181	127.23 	1.20503 
27 	115.247	126.141	127.203	1.27424 
28 	115.247	126.084	127.243	1.27558 
29 	115.247	126.093	127.209	1.23269 
30 	115.247	126.065	127.217	1.26428 
31 	115.247	126.028	127.185	1.31294 
32 	115.247	125.951	127.185	1.40998 
33 	115.247	125.955	127.231	1.36961 
34 	115.247	125.921	127.19 	1.4737  
35 	115.247	125.91 	127.185	1.42651 
36 	115.247	125.897	127.181	1.39789 
37 	115.247	125.88 	127.18 	1.38279 
38 	115.247	125.896	127.197	1.33891 
39 	115.247	125.837	127.176	1.35975 
40 	115.247	125.845	127.188	1.26826 
41 	115.247	125.805	127.167	1.36952 
42 	115.247	125.782	127.158	1.47134 
43 	114.091	125.802	127.155	1.36303 
44 	114.091	125.775	127.167	1.2652  
45 	114.091	125.648	127.103	1.52979 
46 	114.091	125.635	127.075	1.51613 
47 	114.091	125.613	127.142	1.53818 
48 	111.618	125.601	127.132	1.6083  
49 	106.07 	125.528	127.077	1.72816 
50 	106.07 	125.483	127.057	1.74414 
51 	106.07 	125.449	127.095	1.81234 
52 	106.07 	125.447	127.097	1.71895 
53 	106.07 	125.431	127.074	1.74812 
54 	106.07 	125.389	127.105	1.74358 
55 	104.389	125.298	127.026	1.9349  
56 	104.389	125.295	127.05 	2.04038 
57 	104.389	125.224	127.087	2.13039 
58 	104.389	125.249	127.022	2.06532 
59 	104.389	125.268	127.037	1.99785 
60 	104.389	125.218	127.024	2.0973  
61 	104.389	125.231	127.054	2.06751 
62 	104.389	125.203	127.131	1.94945 
63 	104.389	125.099	127.052	1.96652 
64 	104.389	125.097	127.028	2.02127 
65 	104.389	125.007	127.131	2.0587  
66 	104.389	125.029	126.987	1.89196 
67 	104.389	124.978	126.936	1.94814 
68 	102.853	124.862	126.923	2.26097 
69 	102.853	124.913	126.946	2.11999 
70 	102.853	124.886	126.955	2.15006 
71 	102.853	124.859	126.938	2.10278 
72 	102.853	124.812	126.971	2.11035 
73 	102.853	124.8  	126.954	2.21489 
74 	102.853	124.786	126.927	2.18337 
75 	102.761	124.739	126.873	2.37814 
76 	102.761	124.728	126.928	2.25261 
77 	102.761	124.739	126.925	2.20764 
78 	102.066	124.732	126.917	2.15979 
79 	102.066	124.681	126.841	2.13478 
80 	101.564	124.644	126.841	2.23672 
81 	101.564	124.589	126.787	2.17318 
82 	101.564	124.57 	126.847	2.07851 
83 	101.564	124.573	126.816	1.97801 
84 	101.564	124.55 	126.75 	2.17657 
85 	101.564	124.512	126.807	2.05168 
86 	101.564	124.483	126.894	2.05616 
87 	101.564	124.364	126.877	2.25889 
88 	101.564	124.297	126.704	2.34894 
89 	101.564	124.289	126.746	2.27478 
90 	101.564	124.236	126.633	2.42387 
91 	101.564	124.21 	126.802	2.37856 
92 	101.564	124.188	126.734	2.44872 
93 	101.564	124.166	126.726	2.19134 
94 	101.564	124.159	126.719	2.13955 
95 	101.564	124.157	126.7  	2.24388 
96 	100.478	124.09 	126.882	2.4392  
97 	100.478	123.991	126.849	2.4038  
98 	100.478	124.059	126.806	2.31535 
99 	100.478	124.012	126.862	2.38016 
100	100.478	123.967	126.818	2.29195 
101	100.478	123.926	126.764	2.36213 
102	100.478	123.884	126.764	2.35444 
103	100.478	123.807	126.764	2.47353 
104	100.478	123.799	126.662	2.60075 
105	100.478	123.785	126.684	2.47723 
106	99.7892	123.861	126.676	2.46681 
107	99.7892	123.753	126.613	2.42964 
108	99.7892	123.719	126.51 	2.53682 
109	99.7892	123.707	126.481	2.49322 
110	99.7892	123.667	126.806	2.48434 
111	99.6187	123.59 	126.743	2.73624 
112	99.6187	123.548	126.683	2.70808 
113	99.6187	123.53 	126.547	2.59571 
114	99.6187	123.547	126.423	2.71909 
115	99.6187	123.533	126.355	2.72236 
116	99.6187	123.569	126.324	2.50703 
117	99.6187	123.512	126.275	2.40782 
118	99.6187	123.501	126.445	2.31206 
119	99.6187	123.437	126.401	2.30971 
120	99.6187	123.435	126.715	2.19513 
121	99.6187	123.408	126.578	2.27636 
122	99.6187	123.393	126.335	2.26814 
123	99.6187	123.386	126.319	2.28612 
124	99.6187	123.363	126.43 	2.27859 
125	99.1239	123.293	126.43 	2.45462 
126	99.1239	123.244	126.302	2.53541 
127	99.1239	123.232	126.313	2.5363  
128	99.1239	123.167	126.278	2.60618 
129	99.1239	123.08 	126.314	2.68049 
130	99.1239	123.032	126.354	2.68332 
131	99.1239	123.088	126.376	2.59095 
132	99.1239	122.926	126.208	2.79989 
133	97.4326	122.898	126.208	2.78954 
134	95.6243	122.837	126.182	2.92964 
135	95.6243	122.859	126.313	2.58992 
136	95.6243	122.839	126.123	2.61708 
137	95.6243	122.793	126.35 	2.78863 
138	95.6243	122.756	126.469	2.85934 
139	95.6243	122.783	126.266	2.65885 
140	95.6243	122.709	126.258	2.79519 
141	95.6243	122.674	125.998	2.83979 
142	95.6243	122.706	125.926	2.74472 
143	95.6243	122.657	126.058	2.84105 
144	95.6243	122.624	126.116	2.62661 
145	95.6243	122.6  	125.861	2.70827 
146	95.6243	122.555	125.948	2.82734 
147	95.6243	122.506	126.067	2.71711 
148	95.6243	122.419	126.021	2.74419 
149	95.6243	122.366	126.011	2.76558 
150	95.6243	122.327	125.89 	2.74538 
151	94.7838	122.303	125.859	2.88956 
152	94.7838	122.281	125.962	2.87994 
153	94.7838	122.347	125.953	2.64457 
154	94.7838	122.367	125.953	2.62931 
155	94.7838	122.278	125.908	2.83059 
156	94.7838	122.309	125.786	2.56865 
157	94.7838	122.224	125.929	2.61621 
158	94.7838	122.203	125.704	2.64224 
159	94.7838	122.179	125.628	2.51901 
160	94.7838	122.204	125.77 	2.59778 
161	94.7838	122.216	125.807	2.56927 
162	94.7838	122.184	125.785	2.70463 
163	94.7838	122.163	125.768	2.61507 
164	94.7838	122.135	125.886	2.54384 
165	94.7838	122.208	125.783	2.40797 
166	94.7838	122.207	125.61 	2.64381 
167	94.7838	122.164	125.557	2.50633 
168	94.7838	122.163	125.781	2.45937 
169	94.7838	122.113	125.854	2.5885  
170	94.7838	122.065	125.658	2.53402 
171	94.7838	122.09 	125.782	2.65549 
172	94.7838	122.026	125.686	2.49237 
173	94.7838	121.984	125.718	2.68091 
174	94.7838	121.985	125.698	2.50518 
175	94.7838	122.001	125.404	2.41172 
176	94.1204	121.964	125.286	2.58495 
177	92.9469	121.911	125.569	2.66024 
178	92.9469	121.861	125.59 	2.69021 
179	92.9469	121.833	125.458	2.70307 
180	92.9469	121.773	125.296	2.66207 
181	90.6269	121.779	125.503	2.77412 
182	90.6269	121.794	125.423	2.6946  
183	90.6269	121.795	125.613	2.64452 
184	90.6269	121.724	125.34 	2.72609 
185	90.6269	121.686	125.367	2.92084 
186	90.6269	121.66 	125.34 	2.94861 
187	90.6269	121.628	125.298	3.10565 
188	90.6269	121.66 	125.306	3.03464 
189	90.6269	121.675	125.137	2.88748 
190	90.6269	121.665	125.223	2.70222 
191	90.6269	121.709	125.501	2.54288 
192	90.6269	121.679	125.498	2.56037 
193	90.6269	121.681	125.4  	2.56282 
194	90.6269	121.587	125.383	2.72056 
195	90.6269	121.56 	125.652	2.87191 
196	90.6269	121.474	125.476	2.77061 
197	90.6269	121.453	125.503	2.72466 
198	90.6269	121.43 	125.428	2.56727 
199	90.6269	121.44 	125.107	2.64649 
Result of algorithm run: SUCCESS, 0, 0, 90.626917, 0
