/usr/lib/python2.7/site-packages/deap/tools/_hypervolume/pyhv.py:33: ImportWarning: Falling back to the python version of hypervolume module. Expect this to be very slow.
  "module. Expect this to be very slow.", ImportWarning)
gen	min     	avg     	max    	std     
0  	-917.572	-913.737	-913.45	0.395434
1  	-917.572	-913.74 	-913.447	0.37314 
2  	-917.572	-913.761	-913.445	0.415659
3  	-917.572	-913.758	-913.451	0.424308
4  	-917.572	-913.776	-913.451	0.460461
5  	-918.844	-913.793	-913.455	0.484581
6  	-918.844	-913.831	-913.449	0.567054
7  	-918.851	-913.837	-913.445	0.558761
8  	-918.851	-913.842	-913.458	0.551841
9  	-918.851	-913.867	-913.455	0.552938
10 	-918.851	-913.893	-913.462	0.600094
11 	-920.558	-913.89 	-913.448	0.623475
12 	-920.558	-913.914	-913.474	0.700826
13 	-920.558	-913.942	-913.462	0.763189
14 	-923.089	-913.956	-913.46 	0.791587
15 	-923.089	-913.979	-913.456	0.808775
16 	-923.089	-914.014	-913.466	0.904098
17 	-923.089	-913.999	-913.462	0.773298
18 	-923.089	-914.011	-913.463	0.780914
19 	-923.089	-914.017	-913.477	0.826088
20 	-923.089	-914.045	-913.463	0.841288
21 	-923.089	-914.038	-913.477	0.792624
22 	-923.089	-914.082	-913.469	0.906089
23 	-925.19 	-914.094	-913.47 	0.970566
24 	-925.794	-914.107	-913.47 	1.07997 
25 	-925.794	-914.096	-913.471	1.02413 
26 	-925.794	-914.133	-913.493	1.06462 
27 	-925.794	-914.173	-913.499	1.08765 
28 	-925.794	-914.184	-913.484	1.02256 
29 	-925.889	-914.241	-913.493	1.13195 
30 	-925.889	-914.261	-913.502	1.17977 
31 	-925.889	-914.282	-913.483	1.16918 
32 	-925.889	-914.309	-913.481	1.18637 
33 	-925.889	-914.338	-913.476	1.17246 
34 	-926.351	-914.355	-913.485	1.24091 
35 	-926.351	-914.362	-913.48 	1.1646  
36 	-926.351	-914.397	-913.488	1.24455 
37 	-926.351	-914.42 	-913.497	1.23431 
38 	-926.351	-914.413	-913.505	1.22118 
39 	-926.351	-914.414	-913.509	1.15514 
40 	-926.893	-914.488	-913.497	1.38838 
41 	-926.893	-914.5  	-913.497	1.35599 
42 	-928.487	-914.525	-913.51 	1.43642 
43 	-928.487	-914.54 	-913.525	1.52517 
44 	-929.249	-914.575	-913.528	1.58848 
45 	-929.249	-914.629	-913.527	1.63846 
46 	-929.249	-914.629	-913.54 	1.64057 
47 	-929.249	-914.637	-913.54 	1.63056 
48 	-929.249	-914.678	-913.558	1.60345 
49 	-929.249	-914.71 	-913.519	1.63243 
50 	-929.249	-914.744	-913.573	1.68737 
51 	-929.249	-914.762	-913.559	1.68642 
52 	-929.954	-914.786	-913.559	1.68007 
53 	-929.954	-914.788	-913.589	1.64923 
54 	-929.954	-914.821	-913.526	1.61654 
55 	-929.954	-914.854	-913.591	1.57063 
56 	-929.954	-914.865	-913.553	1.67112 
57 	-929.954	-914.873	-913.553	1.60324 
58 	-929.954	-914.905	-913.525	1.61206 
59 	-929.954	-914.902	-913.546	1.58458 
60 	-930.298	-914.962	-913.585	1.70785 
61 	-930.298	-915.033	-913.588	1.76037 
62 	-930.298	-915.036	-913.606	1.64915 
63 	-930.298	-915.081	-913.595	1.63273 
64 	-930.298	-915.123	-913.623	1.65696 
65 	-930.298	-915.164	-913.608	1.61916 
66 	-930.298	-915.169	-913.642	1.62292 
67 	-932.002	-915.206	-913.68 	1.79719 
68 	-932.002	-915.236	-913.585	1.79598 
69 	-932.002	-915.267	-913.673	1.74643 
70 	-932.002	-915.32 	-913.62 	1.74687 
71 	-932.002	-915.333	-913.625	1.81111 
72 	-932.002	-915.348	-913.611	1.74956 
73 	-932.002	-915.378	-913.602	1.76533 
74 	-932.002	-915.395	-913.676	1.74756 
75 	-932.002	-915.481	-913.643	1.89748 
76 	-932.002	-915.475	-913.697	1.83651 
77 	-934.686	-915.519	-913.697	1.90036 
78 	-934.686	-915.519	-913.65 	1.86797 
79 	-934.686	-915.551	-913.654	1.88327 
80 	-934.686	-915.57 	-913.653	1.90846 
81 	-934.686	-915.601	-913.679	1.96149 
82 	-934.686	-915.619	-913.732	1.84622 
83 	-934.686	-915.653	-913.713	1.90319 
84 	-934.686	-915.714	-913.774	2.0649  
85 	-934.686	-915.754	-913.77 	2.08621 
86 	-934.686	-915.823	-913.775	2.1348  
87 	-934.686	-915.858	-913.88 	2.22732 
88 	-934.686	-915.883	-913.762	2.17954 
89 	-935.534	-915.917	-913.725	2.23437 
90 	-935.534	-915.963	-913.779	2.26384 
91 	-935.534	-915.976	-913.782	2.24434 
92 	-935.534	-916.02 	-913.806	2.21558 
93 	-935.534	-916.055	-913.723	2.20112 
94 	-935.534	-916.128	-913.692	2.29612 
95 	-935.534	-916.174	-913.767	2.29899 
96 	-935.534	-916.197	-913.761	2.31752 
97 	-935.534	-916.244	-913.837	2.37575 
98 	-935.534	-916.276	-913.854	2.33724 
99 	-935.534	-916.283	-913.794	2.26051 
100	-935.534	-916.328	-913.777	2.34726 
101	-935.534	-916.314	-913.797	2.20844 
102	-935.534	-916.313	-913.867	2.17741 
103	-935.534	-916.322	-913.954	2.12684 
104	-935.534	-916.33 	-913.945	1.97923 
105	-935.534	-916.41 	-913.862	2.11478 
106	-935.534	-916.459	-913.77 	2.22152 
107	-935.534	-916.509	-913.888	2.26456 
108	-935.534	-916.503	-913.847	2.21147 
109	-935.534	-916.502	-913.99 	2.27779 
110	-935.916	-916.54 	-913.952	2.33081 
111	-935.916	-916.565	-914.024	2.30738 
112	-935.916	-916.632	-914.044	2.3125  
113	-936.789	-916.667	-914.044	2.30534 
114	-936.789	-916.717	-914.061	2.35075 
115	-937.26 	-916.762	-914.058	2.36226 
116	-937.26 	-916.812	-913.869	2.36124 
117	-937.26 	-916.853	-913.956	2.46111 
118	-937.26 	-916.838	-914.126	2.37083 
119	-937.26 	-916.902	-914.136	2.32632 
120	-937.26 	-916.948	-914.185	2.36743 
121	-937.26 	-916.965	-914.205	2.39616 
122	-937.26 	-917    	-914.223	2.48179 
123	-937.26 	-917.031	-914.102	2.4364  
124	-937.26 	-917.045	-914.185	2.35031 
125	-937.26 	-917.122	-914.216	2.4841  
126	-937.26 	-917.161	-914.247	2.44378 
127	-937.26 	-917.183	-914.238	2.45447 
128	-937.26 	-917.256	-914.118	2.54258 
129	-937.26 	-917.324	-914.174	2.56897 
130	-937.26 	-917.331	-914.111	2.61599 
131	-937.26 	-917.334	-914.112	2.53752 
132	-937.26 	-917.335	-914.182	2.4437  
133	-937.26 	-917.379	-914.26 	2.50052 
134	-937.26 	-917.387	-914.136	2.47869 
135	-937.26 	-917.433	-914.274	2.55645 
136	-937.26 	-917.44 	-914.315	2.47239 
137	-937.26 	-917.476	-914.245	2.55242 
138	-937.26 	-917.537	-914.391	2.62406 
139	-937.26 	-917.551	-914.416	2.38072 
140	-937.26 	-917.564	-914.462	2.41065 
141	-937.26 	-917.573	-914.497	2.31585 
142	-937.26 	-917.605	-914.497	2.44972 
143	-937.26 	-917.674	-914.428	2.45819 
144	-937.26 	-917.693	-914.44 	2.43234 
145	-937.26 	-917.752	-914.44 	2.48985 
146	-937.26 	-917.745	-914.42 	2.42284 
147	-937.26 	-917.78 	-914.476	2.43839 
148	-937.26 	-917.841	-914.476	2.44005 
149	-937.26 	-917.864	-914.492	2.4024  
150	-937.26 	-917.897	-914.214	2.32277 
151	-937.26 	-917.922	-914.708	2.363   
152	-937.26 	-917.922	-914.643	2.32767 
153	-937.26 	-917.97 	-914.531	2.34063 
154	-937.26 	-918.018	-914.685	2.36389 
155	-937.26 	-918.041	-914.685	2.33347 
156	-937.26 	-918.089	-914.621	2.4321  
157	-937.26 	-918.141	-914.518	2.52949 
158	-937.262	-918.173	-914.559	2.5295  
159	-937.708	-918.183	-914.769	2.51186 
160	-937.708	-918.197	-914.672	2.39302 
161	-937.708	-918.222	-914.581	2.39208 
162	-937.787	-918.254	-914.738	2.46247 
163	-937.787	-918.29 	-914.681	2.43316 
164	-937.787	-918.323	-914.674	2.44821 
165	-937.787	-918.355	-914.757	2.41152 
166	-937.787	-918.407	-914.838	2.57803 
167	-937.787	-918.472	-914.714	2.68823 
168	-938.705	-918.481	-914.687	2.69931 
169	-938.705	-918.485	-914.784	2.62432 
170	-938.705	-918.508	-914.835	2.67677 
171	-938.705	-918.566	-914.967	2.67591 
172	-938.705	-918.555	-915.062	2.4339  
173	-940.075	-918.605	-914.99 	2.51033 
174	-940.075	-918.619	-914.821	2.42938 
175	-940.075	-918.647	-914.821	2.54912 
176	-940.075	-918.653	-914.776	2.43145 
177	-940.092	-918.706	-914.923	2.5046  
178	-940.385	-918.736	-915.062	2.62067 
179	-941.351	-918.741	-915.138	2.63224 
180	-941.351	-918.784	-915.251	2.6719  
181	-941.351	-918.8  	-915.275	2.67824 
182	-941.351	-918.81 	-915.267	2.64625 
183	-942.375	-918.862	-915.328	2.84894 
184	-942.375	-918.867	-915.385	2.77976 
185	-942.375	-918.869	-915.502	2.73028 
186	-942.375	-918.904	-915.144	2.82573 
187	-942.375	-918.896	-915.563	2.72006 
188	-942.375	-918.912	-915.508	2.69815 
189	-942.571	-918.956	-915.202	2.75293 
190	-942.571	-918.979	-915.113	2.58967 
191	-942.571	-919.015	-915.467	2.73998 
192	-942.571	-919.025	-915.412	2.68861 
193	-942.571	-919.051	-915.538	2.66871 
194	-942.571	-919.095	-915.102	2.74133 
195	-942.571	-919.132	-915.131	2.79876 
196	-942.571	-919.118	-915.543	2.70664 
197	-942.571	-919.123	-915.737	2.61357 
198	-942.571	-919.167	-915.893	2.66494 
199	-942.571	-919.16 	-915.528	2.40721 
Result of algorithm run: SUCCESS, 0, 0, -942.571260, 0
