/usr/lib/python2.7/site-packages/deap/tools/_hypervolume/pyhv.py:33: ImportWarning: Falling back to the python version of hypervolume module. Expect this to be very slow.
  "module. Expect this to be very slow.", ImportWarning)
gen	min     	avg     	max     	std     
0  	-915.778	-913.712	-913.446	0.302876
1  	-916.27 	-913.73 	-913.445	0.351436
2  	-916.547	-913.758	-913.448	0.383396
3  	-916.547	-913.762	-913.45 	0.372666
4  	-917.332	-913.768	-913.45 	0.397335
5  	-917.407	-913.775	-913.45 	0.405912
6  	-917.407	-913.793	-913.456	0.433936
7  	-918.197	-913.807	-913.453	0.473366
8  	-918.792	-913.808	-913.456	0.517752
9  	-918.792	-913.821	-913.457	0.502405
10 	-920.421	-913.844	-913.458	0.606438
11 	-920.776	-913.869	-913.452	0.640094
12 	-920.776	-913.87 	-913.452	0.627264
13 	-920.776	-913.87 	-913.462	0.556283
14 	-921.402	-913.891	-913.457	0.655858
15 	-921.402	-913.906	-913.456	0.704424
16 	-924.615	-913.92 	-913.463	0.808806
17 	-925.517	-913.956	-913.475	0.941932
18 	-925.517	-913.984	-913.481	0.904758
19 	-925.517	-913.996	-913.481	0.823464
20 	-925.517	-914.019	-913.485	0.865095
21 	-925.517	-914.017	-913.486	0.833497
22 	-925.517	-914.069	-913.478	0.996357
23 	-925.517	-914.102	-913.484	1.07464 
24 	-925.924	-914.127	-913.485	1.11669 
25 	-925.924	-914.169	-913.488	1.17899 
26 	-925.924	-914.191	-913.493	1.09542 
27 	-925.924	-914.202	-913.475	1.02795 
28 	-925.924	-914.214	-913.471	1.05401 
29 	-925.924	-914.237	-913.48 	1.17779 
30 	-925.924	-914.259	-913.48 	1.22183 
31 	-925.924	-914.278	-913.491	1.19974 
32 	-926.36 	-914.277	-913.475	1.14955 
33 	-926.36 	-914.294	-913.498	1.07298 
34 	-926.36 	-914.301	-913.502	1.06624 
35 	-926.36 	-914.302	-913.486	1.05059 
36 	-926.36 	-914.321	-913.506	1.07308 
37 	-927.862	-914.362	-913.516	1.22194 
38 	-927.862	-914.389	-913.494	1.22554 
39 	-927.862	-914.428	-913.503	1.24763 
40 	-927.862	-914.482	-913.511	1.39184 
41 	-927.862	-914.501	-913.522	1.33541 
42 	-927.862	-914.503	-913.501	1.24852 
43 	-927.862	-914.539	-913.509	1.3398  
44 	-927.862	-914.516	-913.515	1.21327 
45 	-927.862	-914.555	-913.497	1.3759  
46 	-927.862	-914.573	-913.512	1.3245  
47 	-927.862	-914.574	-913.548	1.31659 
48 	-927.862	-914.563	-913.525	1.1679  
49 	-927.862	-914.609	-913.533	1.34743 
50 	-927.862	-914.633	-913.543	1.45496 
51 	-927.862	-914.649	-913.548	1.44151 
52 	-927.862	-914.653	-913.566	1.39065 
53 	-927.862	-914.675	-913.527	1.28835 
54 	-927.862	-914.75 	-913.533	1.36456 
55 	-927.862	-914.763	-913.572	1.47691 
56 	-927.862	-914.837	-913.533	1.57428 
57 	-928.274	-914.871	-913.579	1.58777 
58 	-928.319	-914.893	-913.578	1.58341 
59 	-928.672	-914.916	-913.577	1.5896  
60 	-930.453	-914.92 	-913.542	1.55476 
61 	-930.453	-914.923	-913.55 	1.48851 
62 	-930.453	-914.962	-913.51 	1.49575 
63 	-930.453	-914.993	-913.55 	1.50919 
64 	-930.453	-915.011	-913.544	1.53719 
65 	-930.453	-915.061	-913.576	1.66666 
66 	-930.453	-915.119	-913.586	1.74795 
67 	-930.453	-915.124	-913.574	1.73085 
68 	-930.453	-915.145	-913.563	1.71427 
69 	-930.453	-915.186	-913.602	1.74877 
70 	-930.453	-915.194	-913.564	1.75021 
71 	-930.453	-915.25 	-913.547	1.84839 
72 	-930.453	-915.233	-913.64 	1.71837 
73 	-930.453	-915.259	-913.62 	1.78287 
74 	-930.453	-915.292	-913.635	1.73695 
75 	-930.453	-915.339	-913.678	1.77984 
76 	-930.624	-915.351	-913.672	1.93032 
77 	-931.104	-915.338	-913.632	1.92479 
78 	-931.104	-915.377	-913.651	1.92719 
79 	-931.104	-915.408	-913.631	1.8866  
80 	-931.104	-915.401	-913.674	1.77138 
81 	-931.104	-915.453	-913.702	1.81734 
82 	-931.104	-915.499	-913.652	1.86217 
83 	-931.104	-915.539	-913.593	1.87124 
84 	-931.908	-915.6  	-913.627	1.86282 
85 	-931.908	-915.593	-913.662	1.70622 
86 	-932.704	-915.616	-913.71 	1.80209 
87 	-932.704	-915.628	-913.709	1.83617 
88 	-932.704	-915.673	-913.712	1.9125  
89 	-932.704	-915.731	-913.714	1.93881 
90 	-932.704	-915.761	-913.713	1.89199 
91 	-932.704	-915.773	-913.808	1.88966 
92 	-932.704	-915.783	-913.775	1.88244 
93 	-932.704	-915.832	-913.749	1.94077 
94 	-932.704	-915.898	-913.801	2.03922 
95 	-932.704	-915.931	-913.812	2.11661 
96 	-932.704	-915.996	-913.801	2.17369 
97 	-932.704	-916.042	-913.795	2.12683 
98 	-932.704	-916.073	-913.739	2.07842 
99 	-933.267	-916.079	-913.827	2.11094 
100	-933.705	-916.106	-913.827	2.23724 
101	-933.705	-916.13 	-913.809	2.03788 
102	-933.705	-916.175	-913.784	2.08337 
103	-933.705	-916.205	-913.865	2.0435  
104	-933.768	-916.25 	-913.786	2.12148 
105	-933.768	-916.283	-913.885	2.10356 
106	-933.768	-916.285	-913.945	2.09244 
107	-933.768	-916.332	-913.897	2.15721 
108	-933.768	-916.352	-913.902	2.09145 
109	-933.816	-916.433	-913.916	2.1567  
110	-933.816	-916.525	-913.941	2.25574 
111	-935.077	-916.566	-913.871	2.29279 
112	-935.077	-916.557	-913.966	2.26474 
113	-935.077	-916.582	-913.905	2.13865 
114	-935.077	-916.584	-913.938	2.11048 
115	-935.077	-916.633	-914.085	2.19255 
116	-935.077	-916.657	-914.059	2.20199 
117	-935.077	-916.699	-914.05 	2.23007 
118	-935.414	-916.714	-913.969	2.20882 
119	-937.007	-916.75 	-914.076	2.24851 
120	-937.007	-916.78 	-914.108	2.18279 
121	-937.007	-916.852	-914.091	2.19344 
122	-937.007	-916.86 	-914.069	2.14637 
123	-937.007	-916.893	-914.093	2.15237 
124	-937.007	-916.913	-914.07 	2.15387 
125	-937.007	-916.959	-914.105	2.27067 
126	-937.27 	-916.997	-914.095	2.40581 
127	-937.27 	-917.041	-914.1  	2.4015  
128	-937.27 	-917.081	-914.089	2.41513 
129	-937.27 	-917.132	-914.225	2.53548 
130	-937.27 	-917.167	-914.117	2.51652 
131	-937.27 	-917.2  	-913.885	2.49829 
132	-937.27 	-917.274	-914.079	2.53564 
133	-937.27 	-917.297	-914.219	2.50784 
134	-937.27 	-917.333	-914.291	2.53489 
135	-937.27 	-917.324	-914.317	2.43742 
136	-937.27 	-917.348	-914.185	2.41582 
137	-937.27 	-917.369	-914.2  	2.40387 
138	-937.27 	-917.38 	-914.215	2.29484 
139	-937.27 	-917.435	-914.285	2.31335 
140	-937.27 	-917.453	-914.45 	2.24447 
141	-937.27 	-917.506	-914.466	2.31205 
142	-937.27 	-917.538	-914.471	2.4244  
143	-937.27 	-917.601	-914.384	2.43708 
144	-937.27 	-917.598	-914.584	2.28824 
145	-937.27 	-917.615	-914.643	2.36235 
146	-937.27 	-917.65 	-914.623	2.40048 
147	-937.27 	-917.652	-914.596	2.37118 
148	-937.27 	-917.692	-914.732	2.41258 
149	-937.27 	-917.73 	-914.761	2.39794 
150	-937.33 	-917.782	-914.603	2.47558 
151	-937.33 	-917.844	-914.566	2.53611 
152	-937.33 	-917.857	-914.7  	2.47064 
153	-937.33 	-917.894	-914.7  	2.47191 
154	-937.493	-917.895	-914.778	2.48287 
155	-937.493	-917.926	-914.751	2.51719 
156	-937.493	-917.927	-914.751	2.43164 
157	-937.493	-917.945	-914.788	2.47181 
158	-937.493	-917.978	-914.691	2.49341 
159	-937.493	-917.991	-914.721	2.41578 
160	-937.9  	-918.019	-914.761	2.53355 
161	-937.9  	-918.052	-914.816	2.42785 
162	-937.9  	-918.087	-914.772	2.46049 
163	-937.9  	-918.164	-914.595	2.44846 
164	-937.9  	-918.176	-914.89 	2.50518 
165	-937.9  	-918.166	-914.961	2.40497 
166	-937.9  	-918.185	-914.917	2.4056  
167	-937.9  	-918.218	-914.714	2.42117 
168	-937.9  	-918.24 	-914.923	2.3769  
169	-942.054	-918.237	-914.915	2.37619 
170	-942.054	-918.284	-914.952	2.3749  
171	-942.054	-918.307	-915.096	2.49201 
172	-942.054	-918.355	-914.87 	2.51012 
173	-942.054	-918.389	-914.615	2.54269 
174	-942.054	-918.407	-914.904	2.49477 
175	-943.107	-918.454	-915.09 	2.55649 
176	-943.107	-918.502	-915.014	2.71133 
177	-943.107	-918.505	-915.077	2.55874 
178	-943.107	-918.507	-914.884	2.43571 
179	-943.382	-918.54 	-914.802	2.61994 
180	-943.382	-918.552	-915.013	2.55392 
181	-943.382	-918.594	-915.019	2.54611 
182	-943.382	-918.613	-915.105	2.49579 
183	-943.382	-918.654	-915.127	2.61066 
184	-943.382	-918.673	-915.227	2.53724 
185	-943.382	-918.708	-915.131	2.60314 
186	-943.382	-918.731	-915.218	2.59685 
187	-943.382	-918.759	-915.073	2.58019 
188	-943.382	-918.765	-915.088	2.50366 
189	-943.382	-918.828	-914.699	2.63373 
190	-943.382	-918.857	-915.315	2.58357 
191	-943.382	-918.877	-915.21 	2.52707 
192	-943.382	-918.912	-915.186	2.59459 
193	-943.382	-918.922	-915.111	2.52992 
194	-943.382	-918.943	-915.111	2.54559 
195	-943.382	-918.966	-915.222	2.52362 
196	-943.382	-918.989	-915.333	2.53534 
197	-943.382	-919.02 	-915.441	2.65524 
198	-943.382	-919.018	-915.46 	2.57275 
199	-943.382	-919.061	-915.488	2.70733 
Result of algorithm run: SUCCESS, 0, 0, -943.381705, 0
