/usr/lib/python2.7/site-packages/deap/tools/_hypervolume/pyhv.py:33: ImportWarning: Falling back to the python version of hypervolume module. Expect this to be very slow.
  "module. Expect this to be very slow.", ImportWarning)
gen	min  	avg    	max    	std    
0  	12.41	21.4385	33.1223	3.91195
1  	12.41	21.4526	33.0225	3.83969
2  	12.2777	21.6599	35.1433	4.27256
3  	12.2777	21.3662	33.1627	3.86403
4  	12.2777	21.4234	34.292 	3.97765
5  	11.8587	21.7007	33.3008	3.84741
6  	11.8587	21.4853	32.3002	4.10048
7  	11.8587	21.2994	33.7681	3.74175
8  	11.8587	21.3313	32.4422	4.02613
9  	11.8587	21.5566	34.3537	4.00014
10 	11.8587	21.4861	33.1268	4.03133
11 	11.8587	21.6948	35.8822	3.81094
12 	11.8587	21.3785	33.3606	3.85053
13 	11.7406	21.6495	33.399 	3.88902
14 	11.2257	21.4941	35.6345	4.00655
15 	11.2257	21.1587	32.3659	3.78236
16 	11.2257	21.6193	34.0186	3.84329
17 	11.2257	21.5156	33.0885	3.74149
18 	11.2257	21.4539	34.4058	3.81699
19 	11.2257	21.8559	32.8573	4.0412 
20 	11.2257	21.2719	34.8731	4.1838 
21 	11.2257	21.295 	34.8731	3.92657
22 	11.2257	21.4315	33.0801	3.90786
23 	11.2257	21.649 	34.6177	4.09082
24 	11.2257	21.5432	35.9665	3.59875
25 	11.2257	21.5622	35.2186	3.77307
26 	11.2257	21.2667	32.8352	3.853  
27 	11.2257	21.3938	33.25  	3.94837
28 	11.2257	21.4784	33.5863	3.79658
29 	11.2257	21.3184	33.6823	3.95842
30 	11.2257	21.3351	35.4562	3.90754
31 	10.9385	21.3562	33.3888	3.54638
32 	10.9385	21.4276	34.7057	3.93619
33 	10.9385	21.1785	35.3142	3.99096
34 	10.9385	21.5265	33.381 	3.9186 
35 	10.9385	21.5217	33.2444	3.77372
36 	10.9385	21.4762	35.1777	3.99645
37 	10.9385	21.2366	32.896 	3.84265
38 	10.9385	21.3479	33.1032	4.0099 
39 	10.9385	21.4175	33.5478	4.02114
40 	10.9385	21.4249	35.2043	4.13468
41 	10.9385	21.6177	33.2584	3.84868
42 	10.9385	21.4746	33.6418	3.81634
43 	10.9385	21.8225	34.7309	3.86282
44 	10.9385	21.5575	34.343 	3.89261
45 	10.9385	21.6196	36.6727	4.09066
46 	10.9385	21.5233	35.7575	4.21717
47 	10.9385	21.382 	33.693 	4.02778
48 	10.9385	21.2912	34.0191	3.80028
49 	10.9385	21.2129	32.9896	4.00582
50 	10.9385	21.4314	35.8284	3.74346
51 	10.9385	21.5223	33.984 	4.05707
52 	10.9385	21.4529	34.9563	4.03249
53 	10.9385	21.3974	34.7486	3.78081
54 	10.9385	21.6782	33.5713	3.83616
55 	10.9385	21.3956	33.1768	3.91815
56 	10.9385	21.65  	32.689 	3.82499
57 	10.9385	21.6246	34.1295	3.79062
58 	10.9385	21.7915	34.7738	3.83754
59 	10.9385	21.8033	32.5328	3.95414
60 	10.9385	21.6089	34.6777	3.97821
61 	10.9385	21.5534	33.1534	3.8924 
62 	10.9385	21.4498	32.1643	3.83963
63 	10.9385	21.6848	34.3789	3.88015
64 	10.6438	21.5664	32.8957	3.9253 
65 	10.6438	21.4778	33.458 	4.12233
66 	10.6438	21.7136	32.6121	4.11364
67 	10.6438	21.2032	32.7404	3.80754
68 	10.6438	21.4339	32.0401	3.8349 
69 	10.6438	21.7941	36.979 	4.15457
70 	10.6438	21.5888	34.6986	3.97453
71 	10.6438	21.463 	34.3264	4.02126
72 	10.6438	21.5498	33.2846	3.83009
73 	10.6438	21.2142	33.2846	3.89542
74 	10.6438	21.2225	32.6317	3.85274
75 	10.6438	21.4965	32.1902	3.88839
76 	10.6438	21.6486	35.6513	4.08607
77 	10.6438	21.4882	33.9773	3.8748 
78 	10.6438	21.5185	34.2662	3.82747
79 	10.6438	21.6442	34.7075	3.88977
80 	10.6438	21.3991	32.9268	3.83338
81 	10.6438	21.5319	33.8932	3.85696
82 	10.6438	21.2782	34.8854	3.9511 
83 	10.6438	21.5352	32.3797	3.92786
84 	10.6438	21.6127	33.7693	4.0793 
85 	10.6438	21.6395	33.2068	3.73513
86 	10.6438	21.4693	32.7957	3.88492
87 	10.6438	21.5655	32.0479	3.70852
88 	10.6438	21.5082	33.695 	3.92825
89 	10.6438	21.5486	32.6211	3.7705 
90 	10.6438	21.2706	32.573 	4.01897
91 	10.6438	21.3138	32.9912	4.13668
92 	10.6438	21.6446	36.1114	4.04569
93 	10.6438	21.6996	34.0051	3.74763
94 	10.6438	21.7385	33.4178	4.08761
95 	10.6438	21.735 	34.4507	4.02996
96 	10.6438	21.4095	32.8699	3.82361
97 	10.6438	21.5428	34.2918	4.00965
98 	10.6438	21.7856	32.4203	3.88609
99 	10.6438	21.3292	32.966 	3.8375 
100	10.6438	21.7413	34.2052	3.93214
101	10.6438	21.4432	32.0484	3.93699
102	10.6438	21.2599	32.0179	3.76354
103	10.6438	21.5468	32.3691	3.85113
104	10.6438	21.34  	31.9021	3.83691
105	10.6438	21.2632	34.3584	3.78272
106	10.6438	21.4275	32.387 	4.04974
107	10.6438	21.394 	33.5221	3.9333 
108	10.6438	21.4149	32.4153	3.78846
109	10.6438	21.5287	33.7973	3.843  
110	10.6438	21.5833	33.359 	3.75328
111	10.6438	21.4944	32.2348	3.87492
112	10.6438	21.0417	31.683 	3.81728
113	10.6438	21.2287	33.84  	3.72947
114	10.6438	21.5262	34.6481	3.96332
115	10.6438	21.8405	33.4583	4.01576
116	10.6438	21.3208	32.8828	3.96311
117	10.6438	21.4931	34.3968	3.75943
118	10.6438	21.4882	35.5755	3.93536
119	10.6438	21.4746	32.2424	3.82074
120	10.6438	21.5836	34.0439	3.81885
121	10.6438	21.4519	33.5013	3.85869
122	10.6438	21.5038	33.312 	3.86495
123	10.6438	21.2206	32.6197	3.76237
124	10.6438	21.3747	35.0619	3.9796 
125	10.6438	21.3281	32.0553	3.57913
126	10.6438	21.4833	34.1933	4.02502
127	10.6438	21.3773	32.1456	3.62003
128	10.6438	21.6207	32.287 	3.81061
129	10.6438	21.5145	34.1535	3.81906
130	10.6438	21.3902	32.2426	3.67824
131	10.6438	21.6557	34.2584	3.98571
132	10.6438	21.488 	32.9999	3.83535
133	10.6438	21.6962	33.9223	4.17905
134	10.6438	21.5456	32.7366	3.81812
135	10.6438	21.5881	33.4522	4.11622
136	10.6438	21.2004	33.4522	3.83388
137	10.6438	21.4165	31.8967	3.90669
138	10.6438	21.2544	34.6104	3.62711
139	10.6438	21.3374	32.5785	3.87698
140	10.6438	21.3116	33.2099	3.73361
141	10.6438	21.4361	33.2099	3.7401 
142	10.6438	21.3995	31.6429	3.72235
143	10.6438	21.7745	33.7651	3.98921
144	10.6438	21.1956	32.3711	3.81985
145	10.6438	21.3121	35.2752	3.96706
146	10.6438	21.5678	35.2752	3.91515
147	10.6438	21.7139	35.1672	4.025  
148	10.6438	21.3399	31.8317	3.86772
149	10.6438	21.459 	35.79  	3.92969
150	10.6438	21.5861	33.4564	3.90497
151	10.6438	21.3791	35.4071	3.61236
152	10.6438	21.628 	33.1478	3.95419
153	10.6438	21.4393	33.1478	4.04364
154	10.6438	21.4944	34.5601	3.93342
155	10.6438	21.7191	33.0295	3.89416
156	10.3869	21.6359	33.4891	3.98509
157	10.3869	21.6704	34.7504	3.83297
158	10.3869	21.1287	30.5865	3.67068
159	10.3869	21.2865	32.5393	3.85212
160	10.3869	21.4951	34.0327	3.79732
161	10.3869	21.5067	34.1509	3.88471
162	10.3869	21.511 	32.6767	3.84288
163	10.3869	21.4024	32.7493	3.76655
164	10.3869	21.4437	32.7493	4.01029
165	10.3869	21.3544	31.8539	3.74203
166	10.3869	21.5777	34.0412	3.95297
167	10.3869	21.3956	32.7394	3.93836
168	10.3869	21.2052	32.5563	3.86837
169	10.3869	21.4494	33.4688	4.026  
170	10.3869	21.6773	33.5473	3.9565 
171	10.3869	21.6981	33.5431	3.90392
172	10.3869	21.4741	33.088 	3.84443
173	10.3869	21.3595	33.007 	3.74373
174	10.3869	21.4866	35.1067	3.69296
175	10.3869	21.7268	32.5248	3.86171
176	10.3869	21.5484	35.9384	3.85691
177	10.3869	21.4393	33.9608	3.83452
178	10.3869	21.738 	34.617 	4.18356
179	10.3869	21.6392	34.4203	3.87885
180	10.3869	21.5982	32.2355	3.8158 
181	10.3869	21.5909	32.2132	3.99637
182	10.3869	21.5836	32.0288	4.03794
183	10.3869	21.6221	32.0288	3.81405
184	10.3869	21.4311	35.4919	4.02841
185	10.3869	21.5972	36.7116	3.98024
186	10.3869	21.3197	33.5751	3.72498
187	10.3869	21.3494	31.4904	3.58425
188	10.3869	21.5807	33.077 	3.78097
189	10.3869	21.7913	34.9549	3.93572
190	10.3869	21.6017	34.1381	3.88766
191	10.3869	21.6137	33.9005	3.69211
192	10.3869	21.483 	33.1018	3.90378
193	10.3869	21.4252	32.529 	3.87223
194	10.3869	21.4833	32.8705	3.97026
195	10.3869	21.6542	32.0536	3.83728
196	10.3869	21.6523	33.813 	3.89286
197	10.3869	21.4427	33.1263	3.95399
198	10.3869	21.2254	31.909 	3.61994
199	10.3869	21.4084	32.172 	4.04222
Result of algorithm run: SUCCESS, 0, 0, 10.386886, 0
