/usr/lib/python2.7/site-packages/deap/tools/_hypervolume/pyhv.py:33: ImportWarning: Falling back to the python version of hypervolume module. Expect this to be very slow.
  "module. Expect this to be very slow.", ImportWarning)
gen	min    	avg    	max    	std   
0  	1260.52	1840.02	2436.17	200.16
1  	1260.52	1824.85	2371.6 	201.109
2  	1260.52	1810.39	2322.87	198.738
3  	1260.52	1794.32	2295.2 	203.612
4  	1123.44	1786.19	2243.85	204.702
5  	1123.44	1770.85	2317.68	205.138
6  	1123.44	1756.5 	2313.7 	206.275
7  	1107.16	1747.59	2425.84	206.469
8  	1099.65	1728.17	2323   	203.993
9  	1008.38	1719.94	2263.93	205.326
10 	1008.38	1704.64	2263.93	210.674
11 	1008.38	1698.01	2276.77	213.741
12 	1008.38	1684.31	2201.11	213.47 
13 	1008.38	1670.82	2237.26	202.908
14 	938.785	1662.65	2212.33	198.82 
15 	938.785	1645.58	2177.78	204.62 
16 	938.785	1632.14	2175.21	201.299
17 	938.785	1625.37	2196.43	204.514
18 	938.785	1612.28	2146.43	202.64 
19 	865.028	1600.49	2092.98	196.872
20 	865.028	1590.37	2152.33	206.584
21 	865.028	1584.95	2142.29	204.931
22 	865.028	1572.7 	2152.06	205.595
23 	865.028	1563.23	2124.97	204.766
24 	865.028	1560.01	2130.01	196.048
25 	865.028	1555.34	2014.25	199.945
26 	848.822	1539.91	2123.02	204.535
27 	848.822	1525.51	2140.94	210.69 
28 	848.822	1519.66	2061.36	215.083
29 	848.822	1510.66	2007.89	212.17 
30 	848.822	1498.74	2007.89	209.438
31 	848.822	1485.58	1993.5 	202.877
32 	848.822	1466.23	2013.14	200.406
33 	848.822	1464.59	1965.13	191.532
34 	848.822	1456.55	1937.77	188.445
35 	848.822	1447.27	1952.04	187.256
36 	848.822	1432.46	1949.99	189.963
37 	848.822	1424.57	1910.72	183.401
38 	848.822	1423.45	1890.15	188.512
39 	848.822	1412.37	1930.06	180.387
40 	848.822	1400.74	1904.32	189.172
41 	848.822	1390.88	1876.02	179.241
42 	848.822	1379.01	1896.99	181.378
43 	848.822	1372.4 	1944.49	183.247
44 	848.822	1363.5 	1890.87	184.461
45 	845.072	1357.87	1912.94	182.765
46 	845.072	1352.45	1920.54	183.466
47 	817.908	1345.93	1895.2 	173.012
48 	817.908	1340.29	1757.84	171.473
49 	817.908	1332.09	1804.91	170.538
50 	817.908	1324.19	1805.21	173.323
51 	817.908	1318.47	1781.65	166.507
52 	769.582	1311.55	1757.68	166.414
53 	751.607	1301.88	1779.11	162.872
54 	751.607	1297.99	1785.28	162.759
55 	750.319	1292.29	1821.04	166.95 
56 	750.319	1281.39	1715.13	158.762
57 	750.319	1282.62	1747.57	165.667
58 	750.319	1276.01	1787.03	166.149
59 	750.319	1265.89	1756.78	164.448
60 	750.319	1256.01	1741.35	166.915
61 	750.319	1256.23	1714.53	163.137
62 	750.319	1248.4 	1680.61	161.959
63 	750.319	1243.43	1731.26	161.744
64 	750.319	1233.25	1668.51	156.11 
65 	750.319	1222.26	1738.1 	158.129
66 	750.319	1216.01	1710.12	155.311
67 	750.319	1210.19	1662.6 	155.635
68 	750.319	1203   	1659.28	153.068
69 	750.319	1197.05	1612.1 	149.978
70 	750.319	1191.52	1604.54	152.394
71 	684.889	1183.96	1641.07	155.121
72 	684.889	1181.63	1558.43	151.074
73 	684.889	1176.44	1580.72	152.652
74 	684.889	1168.99	1566.1 	156.032
75 	684.889	1165.62	1573.63	153.027
76 	684.889	1161.23	1598.74	156.115
77 	633.717	1155.18	1541.87	149.888
78 	633.717	1153.18	1590.14	146.885
79 	633.717	1147.5 	1542.3 	150.276
80 	633.717	1140.13	1571.59	148.978
81 	633.717	1134.52	1578.4 	151.115
82 	633.717	1128.2 	1589.51	146.916
83 	633.717	1125.21	1528.53	146.092
84 	633.717	1121.23	1536.06	149.902
85 	633.717	1109.63	1468.15	140.609
86 	633.717	1108.23	1488.05	141.24 
87 	633.717	1103.32	1540.13	138.829
88 	633.717	1096.68	1481.62	133.967
89 	633.717	1092.21	1424.29	132.747
90 	633.717	1091.32	1490.59	131.159
91 	633.717	1083.85	1473.33	129.863
92 	633.717	1080.77	1431.28	128.681
93 	633.717	1079.19	1413.23	129.595
94 	633.717	1072.35	1462.99	132.949
95 	633.717	1065.83	1444.93	134.222
96 	633.717	1065.42	1413.37	132.418
97 	633.717	1063.68	1477.83	133.606
98 	633.717	1060.54	1422.84	136.137
99 	633.717	1053.34	1411.94	129.129
100	633.717	1052.67	1411.94	132.355
101	633.717	1049.42	1384.17	129.296
102	633.717	1044.09	1406.87	131.463
103	633.717	1037.86	1427.43	133.266
104	633.717	1038.65	1418.74	135.23 
105	633.717	1026.25	1495.12	131.544
106	633.717	1027.83	1381.98	133.238
107	633.717	1019.28	1419.28	129.278
108	633.717	1016.05	1401.74	130.462
109	633.717	1016.94	1393.77	131.574
110	633.717	1009.31	1404.08	121.138
111	633.717	1010.88	1417.82	125.656
112	633.717	1008.07	1380.1 	125.949
113	633.717	1004.08	1436.63	118.874
114	633.717	996.096	1367.08	113.66 
115	633.717	992.51 	1333.84	115.691
116	633.717	995.318	1345.87	114.826
117	633.717	991.332	1391.86	117.88 
118	633.717	989.934	1355.27	113.075
119	633.717	983.381	1358.35	117.784
120	633.717	979.163	1333.27	113.225
121	633.717	975.249	1297.06	112.667
122	633.717	973.703	1295.63	112.147
123	633.717	969.829	1328.96	114.874
124	633.717	966.28 	1309.24	118.944
125	633.717	964.163	1266.99	108.165
126	633.717	956.564	1325.69	109.105
127	633.717	952.122	1297.91	111.135
128	626.841	951.67 	1303.8 	114.08 
129	626.841	952.567	1253.32	105.936
130	626.841	948.469	1315.13	116.036
131	626.841	944.957	1304.21	115.98 
132	626.841	940.781	1251.28	112.384
133	626.841	941.034	1251.28	109.566
134	626.841	941.132	1270.64	110.958
135	626.841	934.953	1316.65	111.273
136	626.841	930.503	1269.42	106.094
137	626.841	927.788	1250.39	101.093
138	626.841	930.563	1293.33	103.989
139	626.841	922.495	1216.45	100.36 
140	626.841	920.659	1273.6 	100.177
141	622.27 	916.565	1188.04	96.5252
142	622.27 	919.505	1190.63	97.4963
143	622.27 	912.591	1213.75	98.5688
144	622.27 	912.788	1184.72	93.244 
145	614.72 	911.418	1181.03	98.0545
146	614.72 	907.31 	1211.73	98.3996
147	614.72 	904.188	1186.73	101.333
148	614.72 	902.687	1188.46	99.2222
149	614.72 	903.43 	1217.49	97.4902
150	614.72 	901.761	1206.63	96.8529
151	614.72 	897.741	1198.91	95.6831
152	614.72 	896.624	1181.03	101.097
153	614.72 	891.13 	1163.48	98.7584
154	614.72 	890.976	1171.16	96.8279
155	614.72 	890.798	1155.48	97.996 
156	614.72 	888.519	1173.92	98.5356
157	614.72 	886.516	1218.48	94.488 
158	614.72 	884.886	1218.88	96.75  
159	614.72 	881.526	1209.96	91.7572
160	614.72 	881.239	1124.04	88.3048
161	614.72 	876.82 	1123.21	86.3694
162	614.72 	877.043	1120.33	86.3959
163	614.72 	874.774	1171.07	92.9337
164	614.72 	874.388	1160.47	90.9275
165	614.72 	870.234	1184.35	93.0939
166	614.72 	871.097	1205.85	91.778 
167	614.72 	871.703	1193.32	90.8018
168	614.72 	868.269	1142.87	90.2319
169	614.72 	863.143	1148.85	87.7314
170	614.72 	862.829	1162.85	88.8024
171	614.72 	858.267	1103.55	87.5447
172	614.72 	860.716	1101.91	86.4584
173	614.72 	859.151	1091.33	82.2038
174	614.72 	858.734	1140.87	84.7594
175	614.72 	857.877	1105.53	81.7866
176	614.72 	854.896	1129.07	87.1156
177	614.72 	856.782	1086.73	86.5234
178	614.72 	852.776	1067.4 	78.9944
179	614.72 	850.325	1065.29	78.6302
180	614.72 	852.031	1087.84	80.4612
181	614.72 	847.088	1052.44	78.1372
182	614.72 	844.091	1107.6 	82.527 
183	614.72 	845.606	1068.97	79.3911
184	614.72 	846.734	1060.79	79.0969
185	614.72 	842.892	1093.92	79.7174
186	614.72 	840.844	1074.93	78.5248
187	614.72 	839.297	1070.96	81.8921
188	614.72 	841.009	1090.48	80.0877
189	614.72 	840.402	1070.7 	76.174 
190	614.72 	837.287	1068.15	76.4453
191	614.72 	838.014	1062   	78.816 
192	614.72 	837.341	1060.05	78.0778
193	614.72 	829.171	1012.76	74.5514
194	614.72 	829.443	1049.8 	74.3467
195	609.034	827.942	1065.88	78.2764
196	609.034	827.91 	1064.5 	73.8003
197	609.034	823.387	1063.97	75.5658
198	609.034	825.954	1048.7 	73.6073
199	609.034	824.525	1066.6 	69.0966
Result of algorithm run: SUCCESS, 0, 0, 609.034071, 0
