/usr/lib/python2.7/site-packages/deap/tools/_hypervolume/pyhv.py:33: ImportWarning: Falling back to the python version of hypervolume module. Expect this to be very slow.
  "module. Expect this to be very slow.", ImportWarning)
gen	min    	avg    	max    	std    
0  	1000.35	1809.85	2334.38	201.644
1  	953.55 	1799.15	2335.38	204.41 
2  	953.55 	1786.63	2287.52	203.232
3  	953.55 	1772.91	2272.96	204.995
4  	946.623	1764.12	2267.01	205.137
5  	946.623	1748.62	2222.72	203.971
6  	946.623	1740.45	2281.4 	208.865
7  	946.623	1727.24	2253   	215.307
8  	946.623	1716.85	2277.28	212.981
9  	930.447	1702.79	2223.6 	211.715
10 	930.447	1687.44	2221.21	214.976
11 	911.621	1681.02	2344.42	214.726
12 	905.557	1669.29	2169.37	214.506
13 	905.557	1656.6 	2172.79	210.964
14 	905.557	1655.83	2191.1 	214.752
15 	905.557	1653.19	2327.29	212.284
16 	833.692	1634.11	2220.76	209.216
17 	833.692	1628.14	2207.04	205.24 
18 	833.692	1620.24	2112.75	199.189
19 	833.692	1609.42	2115.56	203.076
20 	833.692	1598.48	2146.96	207.65 
21 	833.692	1589.4 	2172.83	200.454
22 	833.692	1574.85	2045.18	194.528
23 	833.692	1571.51	2172.58	201.893
24 	833.692	1560.63	2097.27	210.25 
25 	833.692	1544.25	2046.04	201.268
26 	764.795	1537.49	2162.21	212.406
27 	764.795	1527.9 	2102.48	205.639
28 	764.795	1522.73	2075.36	206.488
29 	764.795	1513.28	1983.88	200.572
30 	764.795	1501.36	1990.43	202.513
31 	764.795	1490.94	1990.43	199.683
32 	764.795	1479.46	2030.2 	197.818
33 	764.795	1469.87	2023.17	198.16 
34 	764.795	1458.16	2030.54	197.67 
35 	764.795	1447.69	1945.92	193.744
36 	764.795	1442.07	2001.04	196.408
37 	764.795	1434.03	1922.55	189.528
38 	764.795	1424.14	1882.96	183.63 
39 	764.795	1415.82	1978.72	186.656
40 	764.795	1405.41	1905.42	183.603
41 	764.795	1398.01	1893.04	185.308
42 	764.795	1391.29	1912.57	186.416
43 	760.314	1379.47	1874.46	186.822
44 	760.314	1375.13	1841.52	187.584
45 	760.314	1362.74	1895.16	183.44 
46 	760.314	1354.18	1863.48	185.37 
47 	760.314	1350.84	1839.82	185.981
48 	760.314	1342.4 	1803.19	183.659
49 	760.314	1333.48	1799.3 	186.351
50 	760.314	1332.3 	1844.16	177.955
51 	760.314	1320.15	1844.16	177.534
52 	760.314	1317.74	1816.49	173.861
53 	760.314	1307.53	1738.06	168.296
54 	760.314	1297.23	1735.48	172.704
55 	760.314	1290.04	1759.03	168.05 
56 	760.314	1279.19	1792.63	168.448
57 	760.314	1275.18	1650.38	158.223
58 	760.314	1270.19	1694.39	157.7  
59 	760.314	1267.83	1709.26	167.001
60 	760.314	1262.09	1688.41	161.688
61 	760.314	1251.89	1686.45	158.47 
62 	760.314	1243.7 	1675.77	164.959
63 	760.314	1233.04	1673.26	164.886
64 	760.314	1230.81	1653.63	162.684
65 	760.314	1228.04	1669.93	151.18 
66 	760.314	1222.94	1685.56	157.844
67 	760.314	1216.99	1685.56	152.316
68 	708.429	1207.25	1663.45	154.295
69 	708.429	1202.55	1611.59	151.553
70 	708.429	1202.4 	1691.19	146.519
71 	708.429	1191.78	1572.45	146.609
72 	708.429	1188.25	1618.91	145.865
73 	708.429	1183.18	1563.68	148.243
74 	708.429	1179.84	1585.78	149.967
75 	708.429	1173.06	1602.69	150.748
76 	708.429	1164.85	1563.61	149.641
77 	708.429	1161.83	1554.3 	149.04 
78 	708.429	1157.43	1518.93	152.729
79 	708.429	1153.26	1528.18	147.573
80 	708.429	1145.26	1558.72	155.431
81 	708.429	1141.04	1509.06	148.934
82 	708.429	1140.53	1593.8 	153.402
83 	708.429	1131.81	1580.97	145.893
84 	708.429	1126.63	1604.88	146.772
85 	708.429	1119.25	1521.8 	146.188
86 	708.429	1119.46	1497.23	145.502
87 	708.429	1115.4 	1487.61	141.666
88 	708.429	1110.21	1470.49	139.509
89 	708.429	1106.73	1499.33	137.863
90 	708.429	1099.15	1490.41	141.366
91 	708.429	1095.5 	1497.56	136.585
92 	708.429	1092.91	1497.91	139.159
93 	708.429	1087.01	1495.95	134.797
94 	708.429	1082.23	1482.19	135.765
95 	708.429	1076.27	1428.73	133.093
96 	708.429	1070.43	1457.78	140.468
97 	708.429	1062.45	1454.63	134.225
98 	708.429	1061.18	1427.23	129.191
99 	708.429	1055.7 	1505.64	127.208
100	708.429	1050.91	1455.39	130.954
101	708.429	1048.05	1488.95	127.092
102	692.368	1045.85	1413.16	129.313
103	692.368	1038.23	1495.34	124.996
104	692.368	1036.64	1414.41	122.045
105	692.368	1035.37	1355.32	121.791
106	692.368	1028.55	1327.42	112.599
107	692.368	1024.65	1358.25	119.474
108	692.368	1021.94	1386.14	118.872
109	692.368	1020.01	1361.7 	115.967
110	692.368	1016.27	1361.7 	115.729
111	660.407	1010.21	1310.17	112.464
112	660.407	1007.66	1313.33	112.954
113	660.407	1000.93	1337.57	115.367
114	660.407	1003.07	1365.89	122.061
115	660.407	996.194	1338.94	121.195
116	660.407	990.152	1337.36	122.028
117	660.407	990.723	1319.21	117.44 
118	660.407	988.012	1327.34	115.645
119	660.407	988.09 	1339.85	113.475
120	660.407	981.519	1287.45	113.414
121	660.407	981.454	1363.89	112.06 
122	660.407	974.224	1266.87	108.772
123	660.407	972.025	1285.27	105.88 
124	660.407	970.171	1285.27	109.965
125	660.407	962.715	1262.11	110.062
126	650.411	961.94 	1305.61	110.125
127	585.75 	955.136	1301.27	111.038
128	585.75 	953.731	1265.66	112.437
129	585.75 	951.171	1276.12	107.613
130	585.75 	950.6  	1288.71	111.259
131	585.75 	942.347	1273.34	109.875
132	585.75 	939.513	1243.45	103.494
133	585.75 	937.395	1238.05	105.982
134	585.75 	937.631	1242.24	111.413
135	585.75 	938.143	1256.73	105.2  
136	585.75 	932.127	1264.83	102.891
137	585.75 	933.357	1217.66	106.243
138	585.75 	928.928	1282.33	105.525
139	585.75 	924.055	1236.01	102.644
140	585.75 	916.23 	1232.87	104.338
141	585.75 	919.827	1263.52	103.498
142	585.75 	916.683	1208.97	97.5295
143	585.75 	915.179	1202.97	95.8757
144	585.75 	909.747	1212.15	97.7474
145	585.75 	907.938	1173.21	96.7165
146	585.75 	908.682	1230.77	95.2606
147	585.75 	904.194	1189.16	93.3314
148	585.75 	900.945	1142.53	93.6938
149	585.75 	902.442	1143.18	88.671 
150	585.75 	899.921	1168.96	92.619 
151	585.75 	897.524	1196.89	94.4395
152	585.75 	895.832	1156.89	93.282 
153	585.75 	894.96 	1179.52	91.4048
154	585.75 	891.257	1197.79	90.6034
155	585.75 	887.818	1159.81	87.212 
156	585.75 	884.929	1163.51	89.2629
157	585.75 	886.27 	1149.47	88.7108
158	585.75 	880.744	1118.48	86.5959
159	585.75 	881.737	1133.11	89.6696
160	585.75 	882.144	1193.72	89.8871
161	585.75 	878.535	1147.61	86.5546
162	585.75 	880.26 	1164.84	89.5008
163	585.75 	877.085	1140.41	86.7622
164	585.75 	872.855	1155.02	83.9904
165	585.75 	870.156	1118.94	86.5594
166	585.75 	869.949	1140.06	85.8149
167	585.75 	871.986	1132.03	85.268 
168	585.75 	862.786	1132.1 	84.5706
169	585.75 	863.057	1132.1 	84.2377
170	585.75 	862.797	1134.85	85.8903
171	585.75 	864.065	1094.02	85.7044
172	585.75 	864.436	1152.79	84.3773
173	585.75 	856.978	1152.79	89.0969
174	585.75 	856.256	1129.23	82.1244
175	585.75 	854.921	1105.56	82.4128
176	585.75 	856.097	1170.72	83.7067
177	585.75 	852.322	1092.35	82.8115
178	585.75 	851.614	1096.67	83.0901
179	585.75 	849.576	1081.42	81.3011
180	585.75 	850.104	1154.49	78.3082
181	585.75 	844.567	1070.83	76.9664
182	585.75 	847.747	1109.33	79.72  
183	585.75 	844.274	1076.57	76.9665
184	585.75 	847.639	1071.41	79.0496
185	585.75 	838.252	1052.55	78.999 
186	585.75 	841.173	1070.12	81.5541
187	585.75 	837.084	1079.39	80.634 
188	585.75 	837.701	1077.87	79.9254
189	585.75 	834.947	1079.64	81.026 
190	585.75 	834.365	1050.17	75.6493
191	585.75 	831.443	1106.33	77.3191
192	585.75 	831.73 	1042.23	75.8706
193	585.75 	830.468	1033.4 	71.7357
194	585.75 	829.625	1049.77	69.2767
195	585.75 	826.471	1007.02	72.517 
196	585.75 	826.836	1055.86	74.8073
197	585.75 	827.489	1031.31	70.5343
198	585.75 	827.899	1081.27	71.2902
199	585.75 	824.961	1054.86	71.0771
Result of algorithm run: SUCCESS, 0, 0, 585.749904, 0
