gen	min        	avg        	max        	std       
0  	5.94147e+06	3.32317e+07	7.12377e+07	1.2884e+07
1  	5.94147e+06	3.27431e+07	6.98152e+07	1.30497e+07
2  	5.53062e+06	3.24247e+07	7.2674e+07 	1.3193e+07 
3  	5.53062e+06	3.20186e+07	7.159e+07  	1.31184e+07
4  	5.53062e+06	3.16317e+07	6.92903e+07	1.3057e+07 
5  	5.29611e+06	3.13276e+07	6.92375e+07	1.31282e+07
6  	5.29611e+06	3.09501e+07	6.70173e+07	1.30006e+07
7  	5.22635e+06	3.07328e+07	6.70183e+07	1.29646e+07
8  	5.22635e+06	3.0399e+07 	6.61343e+07	1.29468e+07
9  	5.22635e+06	3.0058e+07 	6.44075e+07	1.28728e+07
10 	5.20313e+06	2.96625e+07	6.55524e+07	1.28852e+07
11 	4.51837e+06	2.91715e+07	6.44134e+07	1.27619e+07
12 	4.51837e+06	2.88643e+07	6.42956e+07	1.29687e+07
13 	3.82155e+06	2.84509e+07	6.42956e+07	1.2791e+07 
14 	3.70989e+06	2.81605e+07	6.37914e+07	1.27826e+07
15 	3.17143e+06	2.79169e+07	6.24214e+07	1.26393e+07
16 	3.17143e+06	2.7532e+07 	6.25349e+07	1.23861e+07
17 	3.14368e+06	2.71692e+07	6.25352e+07	1.26504e+07
18 	3.14368e+06	2.67608e+07	6.23998e+07	1.24497e+07
19 	1.85706e+06	2.64553e+07	6.24334e+07	1.23062e+07
20 	1.85706e+06	2.61678e+07	6.24334e+07	1.23859e+07
21 	1.84845e+06	2.58078e+07	6.45762e+07	1.21328e+07
22 	1.72994e+06	2.54839e+07	6.34957e+07	1.20258e+07
23 	1.57706e+06	2.5101e+07 	6.20869e+07	1.19646e+07
24 	1.57706e+06	2.4793e+07 	5.85826e+07	1.20839e+07
25 	1.57706e+06	2.44218e+07	6.02268e+07	1.19873e+07
26 	1.57706e+06	2.40994e+07	6.15709e+07	1.19556e+07
27 	1.29032e+06	2.38471e+07	5.82431e+07	1.15902e+07
28 	1.29032e+06	2.3512e+07 	5.94426e+07	1.13485e+07
29 	1.29032e+06	2.32375e+07	5.94702e+07	1.11703e+07
30 	1.29032e+06	2.29812e+07	5.95045e+07	1.1132e+07 
31 	1.29032e+06	2.26728e+07	5.85159e+07	1.13113e+07
32 	1.29032e+06	2.24152e+07	5.85159e+07	1.1177e+07 
33 	1.29032e+06	2.21638e+07	5.69599e+07	1.13285e+07
34 	1.29032e+06	2.18994e+07	5.69882e+07	1.12301e+07
35 	1.29032e+06	2.16136e+07	5.53834e+07	1.11118e+07
36 	1.29032e+06	2.14574e+07	5.49588e+07	1.10593e+07
37 	1.29032e+06	2.11716e+07	5.40834e+07	1.10113e+07
38 	1.29032e+06	2.09865e+07	5.48665e+07	1.10728e+07
39 	1.29032e+06	2.08234e+07	5.35083e+07	1.0978e+07 
40 	1.29032e+06	2.05176e+07	5.79322e+07	1.08117e+07
41 	1.29032e+06	2.02162e+07	5.54507e+07	1.05392e+07
42 	1.24312e+06	1.99098e+07	5.54447e+07	1.0565e+07 
43 	1.12353e+06	1.96842e+07	5.32696e+07	1.04283e+07
44 	905984     	1.94251e+07	6.2008e+07 	1.03938e+07
45 	905984     	1.92094e+07	5.63159e+07	9.99966e+06
46 	905984     	1.90058e+07	5.6102e+07 	9.93946e+06
47 	905984     	1.88138e+07	5.1702e+07 	9.93822e+06
48 	905984     	1.86433e+07	5.22456e+07	9.87095e+06
49 	905984     	1.83809e+07	5.18346e+07	9.72182e+06
50 	905984     	1.80942e+07	5.02206e+07	9.64813e+06
51 	902646     	1.79164e+07	5.0503e+07 	9.58002e+06
52 	902646     	1.75857e+07	4.76615e+07	9.38168e+06
53 	902646     	1.73991e+07	5.16724e+07	9.34516e+06
54 	902646     	1.72149e+07	4.74688e+07	9.21089e+06
55 	902616     	1.70431e+07	4.53594e+07	8.91286e+06
56 	902616     	1.67848e+07	4.5338e+07 	8.81203e+06
57 	839048     	1.66455e+07	4.64587e+07	8.78477e+06
58 	839048     	1.64253e+07	4.45257e+07	8.63484e+06
59 	839048     	1.62035e+07	4.26382e+07	8.3788e+06 
60 	839048     	1.60241e+07	4.22597e+07	8.25144e+06
61 	839048     	1.58535e+07	4.2024e+07 	8.26284e+06
62 	839048     	1.56717e+07	4.39812e+07	8.3046e+06 
63 	837743     	1.55222e+07	4.21221e+07	8.37479e+06
64 	837743     	1.53781e+07	4.10274e+07	8.10342e+06
65 	837743     	1.51835e+07	4.10836e+07	8.0743e+06 
66 	837743     	1.50274e+07	3.9548e+07 	7.81227e+06
67 	837743     	1.47745e+07	4.20861e+07	7.71001e+06
68 	837743     	1.46509e+07	4.19706e+07	7.37531e+06
69 	728386     	1.45167e+07	3.95859e+07	7.20382e+06
70 	728386     	1.43944e+07	3.84801e+07	7.18176e+06
71 	728386     	1.42579e+07	3.81839e+07	7.06192e+06
72 	728386     	1.40591e+07	4.21262e+07	7.06419e+06
73 	728386     	1.38905e+07	4.20511e+07	7.01044e+06
74 	728386     	1.37151e+07	3.97437e+07	6.82515e+06
75 	728386     	1.35185e+07	3.83174e+07	6.68482e+06
76 	728317     	1.33737e+07	3.86723e+07	6.75658e+06
77 	728317     	1.32691e+07	3.55323e+07	6.70192e+06
78 	728317     	1.31472e+07	3.52361e+07	6.52038e+06
79 	728317     	1.29878e+07	3.51405e+07	6.28008e+06
80 	728317     	1.2832e+07 	3.45654e+07	6.33241e+06
81 	727454     	1.27325e+07	3.74015e+07	6.25957e+06
82 	727454     	1.26061e+07	3.45731e+07	6.18744e+06
83 	727454     	1.241e+07  	3.38517e+07	6.01143e+06
84 	727454     	1.2271e+07 	3.45183e+07	6.07437e+06
85 	727454     	1.2178e+07 	3.41982e+07	6.11832e+06
86 	727454     	1.2025e+07 	3.23068e+07	6.04826e+06
87 	727454     	1.19086e+07	3.15085e+07	6.02406e+06
88 	725155     	1.17976e+07	3.17959e+07	5.98269e+06
89 	725155     	1.17037e+07	3.09453e+07	5.96635e+06
90 	725155     	1.159e+07  	3.30524e+07	6.09835e+06
91 	725155     	1.15008e+07	3.10228e+07	5.9962e+06 
92 	725155     	1.13896e+07	3.10228e+07	5.71144e+06
93 	725155     	1.12319e+07	3.03183e+07	5.56878e+06
94 	725155     	1.10793e+07	2.9476e+07 	5.53714e+06
95 	725155     	1.09982e+07	2.93356e+07	5.34231e+06
96 	725155     	1.08972e+07	2.92705e+07	5.1356e+06 
97 	725155     	1.07761e+07	2.93364e+07	5.0928e+06 
98 	725155     	1.06917e+07	2.93607e+07	5.20657e+06
99 	725155     	1.05816e+07	2.79261e+07	5.21021e+06
100	725155     	1.04639e+07	2.73247e+07	5.19283e+06
101	725155     	1.0363e+07 	2.68236e+07	5.21721e+06
102	725155     	1.02728e+07	2.88093e+07	5.0279e+06 
103	725155     	1.01351e+07	2.54317e+07	4.88754e+06
104	725155     	1.00596e+07	2.52605e+07	4.80562e+06
105	725155     	9.97496e+06	2.44197e+07	4.77987e+06
106	725155     	9.87504e+06	2.4417e+07 	4.81847e+06
107	725155     	9.8014e+06 	2.47098e+07	4.72284e+06
108	725155     	9.66746e+06	2.35767e+07	4.57495e+06
109	725155     	9.58423e+06	2.35736e+07	4.58911e+06
110	725155     	9.49605e+06	2.56871e+07	4.59891e+06
111	725155     	9.38225e+06	2.56857e+07	4.50043e+06
112	725155     	9.26444e+06	2.4587e+07 	4.34752e+06
113	725155     	9.19444e+06	2.36243e+07	4.3046e+06 
114	722076     	9.12662e+06	2.3422e+07 	4.24182e+06
115	722076     	9.06142e+06	2.64859e+07	4.31058e+06
116	721223     	8.95619e+06	2.34372e+07	4.17687e+06
117	721223     	8.83703e+06	2.31585e+07	4.0743e+06 
118	721223     	8.76879e+06	2.31585e+07	4.01674e+06
119	716477     	8.70581e+06	2.30294e+07	3.95886e+06
120	712987     	8.63716e+06	2.12623e+07	3.90475e+06
121	712987     	8.54614e+06	2.08579e+07	3.90227e+06
122	712987     	8.4641e+06 	2.09311e+07	3.87658e+06
123	712987     	8.38468e+06	2.07145e+07	3.82004e+06
124	712987     	8.30413e+06	2.07145e+07	3.706e+06  
125	712987     	8.24174e+06	2.02677e+07	3.65442e+06
126	712987     	8.18896e+06	2.00488e+07	3.66437e+06
127	705382     	8.12216e+06	2.07601e+07	3.66861e+06
128	705382     	8.02173e+06	2.12764e+07	3.67868e+06
129	705382     	7.9861e+06 	2.12382e+07	3.62119e+06
130	705382     	7.91365e+06	2.07672e+07	3.57517e+06
131	705382     	7.84228e+06	2.07732e+07	3.43677e+06
132	705382     	7.78306e+06	2.07732e+07	3.33042e+06
133	705382     	7.71734e+06	1.97577e+07	3.30094e+06
134	705304     	7.66029e+06	1.96764e+07	3.30747e+06
135	705089     	7.60428e+06	1.87043e+07	3.26033e+06
136	705089     	7.54345e+06	2.02759e+07	3.21049e+06
137	705089     	7.50917e+06	2.02774e+07	3.17736e+06
138	705089     	7.47701e+06	1.90536e+07	3.13496e+06
139	705089     	7.40773e+06	1.80477e+07	3.08453e+06
140	705089     	7.35244e+06	1.70516e+07	3.05669e+06
141	705089     	7.30664e+06	1.70047e+07	3.04334e+06
142	705089     	7.25711e+06	1.90177e+07	3.05607e+06
143	705089     	7.19643e+06	1.70334e+07	3.04421e+06
144	705089     	7.11101e+06	1.6499e+07 	2.94729e+06
145	705089     	7.0772e+06 	1.63402e+07	2.86001e+06
146	705089     	7.03778e+06	1.77826e+07	2.87957e+06
147	705089     	6.98312e+06	1.7313e+07 	2.74438e+06
148	705089     	6.94022e+06	1.5928e+07 	2.66089e+06
149	705089     	6.88088e+06	1.68801e+07	2.60978e+06
150	705089     	6.84753e+06	1.6109e+07 	2.6014e+06 
151	703784     	6.81356e+06	1.56491e+07	2.62864e+06
152	703784     	6.74765e+06	1.54184e+07	2.58382e+06
153	703784     	6.69152e+06	1.62567e+07	2.51731e+06
154	703784     	6.65347e+06	1.5596e+07 	2.45358e+06
155	703784     	6.62569e+06	1.58488e+07	2.47756e+06
156	703784     	6.59507e+06	1.4592e+07 	2.38664e+06
157	703784     	6.56898e+06	1.36267e+07	2.31495e+06
158	703609     	6.5409e+06 	1.43829e+07	2.38499e+06
159	703609     	6.51484e+06	1.43829e+07	2.33486e+06
160	703609     	6.47336e+06	1.37644e+07	2.3682e+06 
161	703609     	6.43427e+06	1.40029e+07	2.37483e+06
162	703609     	6.40037e+06	1.58517e+07	2.33949e+06
163	703609     	6.35746e+06	1.48853e+07	2.31946e+06
164	703609     	6.32609e+06	1.4103e+07 	2.29227e+06
165	703609     	6.28774e+06	1.41078e+07	2.24007e+06
166	703609     	6.25609e+06	1.5569e+07 	2.27777e+06
167	703609     	6.23155e+06	1.43993e+07	2.26251e+06
168	701438     	6.20507e+06	1.43993e+07	2.23332e+06
169	701438     	6.16781e+06	1.2939e+07 	2.22223e+06
170	701438     	6.14286e+06	1.39414e+07	2.20974e+06
171	701438     	6.11746e+06	1.37855e+07	2.19009e+06
172	701438     	6.09989e+06	1.26443e+07	2.18269e+06
173	701438     	6.05757e+06	1.2583e+07 	2.11098e+06
174	701438     	6.02697e+06	1.3057e+07 	2.0802e+06 
175	701438     	6.00654e+06	1.32541e+07	2.02541e+06
176	701438     	5.97068e+06	1.32552e+07	2.04946e+06
177	701438     	5.94462e+06	1.27432e+07	1.98694e+06
178	701438     	5.92138e+06	1.25682e+07	1.97538e+06
179	701438     	5.90799e+06	1.38306e+07	1.99323e+06
180	701438     	5.88037e+06	1.29533e+07	2.04821e+06
181	701438     	5.8503e+06 	1.26173e+07	1.98791e+06
182	701438     	5.83038e+06	1.22945e+07	1.9505e+06 
183	701438     	5.80052e+06	1.22947e+07	1.90185e+06
184	701438     	5.76883e+06	1.22948e+07	1.83589e+06
185	701438     	5.74715e+06	1.21444e+07	1.83757e+06
186	701438     	5.73051e+06	1.20727e+07	1.85886e+06
187	701438     	5.70365e+06	1.20681e+07	1.81068e+06
188	701438     	5.68733e+06	1.17074e+07	1.82927e+06
189	701392     	5.66295e+06	1.17652e+07	1.83879e+06
190	701392     	5.64649e+06	1.16006e+07	1.81768e+06
191	701392     	5.62774e+06	1.1598e+07 	1.80204e+06
192	701392     	5.60244e+06	1.13749e+07	1.82291e+06
193	701392     	5.58679e+06	1.12562e+07	1.77266e+06
194	701392     	5.56177e+06	1.13274e+07	1.74503e+06
195	701392     	5.53846e+06	1.14624e+07	1.77692e+06
196	701392     	5.52146e+06	1.14342e+07	1.79124e+06
197	701392     	5.50381e+06	1.14342e+07	1.78516e+06
198	701392     	5.47275e+06	1.11902e+07	1.75241e+06
199	701392     	5.44609e+06	1.28649e+07	1.74519e+06
Result of algorithm run: SUCCESS, 0, 0, 701392.128492, 0
