gen	min        	avg       	max        	std        
0  	5.92552e+06	3.2308e+07	6.68705e+07	1.26338e+07
1  	5.92552e+06	3.20081e+07	6.94903e+07	1.29496e+07
2  	5.15497e+06	3.17143e+07	6.81592e+07	1.28728e+07
3  	5.04697e+06	3.14236e+07	6.81576e+07	1.29034e+07
4  	5.04697e+06	3.10903e+07	7.04617e+07	1.28212e+07
5  	5.04697e+06	3.06778e+07	6.8102e+07 	1.27831e+07
6  	4.76687e+06	3.0402e+07 	6.55515e+07	1.27097e+07
7  	4.26644e+06	3.00367e+07	6.58853e+07	1.25379e+07
8  	3.37341e+06	2.96369e+07	6.43222e+07	1.24977e+07
9  	3.37341e+06	2.92941e+07	6.36549e+07	1.23059e+07
10 	3.37341e+06	2.89982e+07	6.25614e+07	1.20463e+07
11 	3.37341e+06	2.87014e+07	6.25678e+07	1.20783e+07
12 	3.37341e+06	2.8486e+07 	5.9049e+07 	1.1987e+07 
13 	3.37341e+06	2.81925e+07	6.46092e+07	1.20892e+07
14 	3.37168e+06	2.79102e+07	6.29067e+07	1.22318e+07
15 	3.35316e+06	2.76139e+07	6.25358e+07	1.18963e+07
16 	3.35316e+06	2.73391e+07	6.29519e+07	1.18714e+07
17 	3.35182e+06	2.70066e+07	5.98867e+07	1.19553e+07
18 	3.35182e+06	2.66573e+07	5.97921e+07	1.20192e+07
19 	3.35182e+06	2.63488e+07	5.97766e+07	1.22479e+07
20 	3.35182e+06	2.60865e+07	5.89791e+07	1.2172e+07 
21 	3.17127e+06	2.58579e+07	5.68698e+07	1.20437e+07
22 	3.17127e+06	2.5602e+07 	5.63686e+07	1.18909e+07
23 	3.17127e+06	2.53538e+07	5.80313e+07	1.18329e+07
24 	3.17127e+06	2.50996e+07	5.62463e+07	1.17587e+07
25 	3.17127e+06	2.4804e+07 	5.6246e+07 	1.14425e+07
26 	3.17127e+06	2.45491e+07	5.98894e+07	1.14232e+07
27 	3.17127e+06	2.41384e+07	5.97782e+07	1.10587e+07
28 	2.56852e+06	2.38338e+07	5.78037e+07	1.11498e+07
29 	2.56852e+06	2.34867e+07	5.57081e+07	1.10447e+07
30 	2.28389e+06	2.32143e+07	5.42428e+07	1.09162e+07
31 	2.28389e+06	2.29721e+07	5.60437e+07	1.06863e+07
32 	2.28389e+06	2.27489e+07	5.2759e+07 	1.04602e+07
33 	2.23983e+06	2.24526e+07	5.38751e+07	1.06944e+07
34 	2.23983e+06	2.22233e+07	5.15336e+07	1.05849e+07
35 	2.23983e+06	2.1877e+07 	6.14115e+07	1.06799e+07
36 	2.23983e+06	2.15168e+07	6.04819e+07	1.04685e+07
37 	2.2379e+06 	2.12582e+07	5.47499e+07	1.02011e+07
38 	2.2379e+06 	2.10164e+07	5.88441e+07	1.01339e+07
39 	2.2379e+06 	2.06749e+07	5.31149e+07	9.9225e+06 
40 	2.2379e+06 	2.04631e+07	5.24872e+07	9.74559e+06
41 	2.2379e+06 	2.02021e+07	5.64379e+07	9.80151e+06
42 	1.65598e+06	1.99389e+07	5.33193e+07	9.53917e+06
43 	1.65598e+06	1.96679e+07	4.62119e+07	9.3629e+06 
44 	1.65598e+06	1.95267e+07	4.61667e+07	9.32179e+06
45 	1.59123e+06	1.93023e+07	4.60465e+07	9.26328e+06
46 	1.59119e+06	1.89549e+07	4.53807e+07	9.1398e+06 
47 	1.55546e+06	1.86953e+07	4.65126e+07	9.03922e+06
48 	1.14106e+06	1.85e+07   	4.43537e+07	8.77875e+06
49 	1.14106e+06	1.82947e+07	4.91278e+07	8.75834e+06
50 	917808     	1.81141e+07	4.58271e+07	8.48678e+06
51 	917808     	1.78532e+07	4.58271e+07	8.31303e+06
52 	917808     	1.7609e+07 	4.20724e+07	8.37063e+06
53 	917808     	1.74418e+07	4.45809e+07	8.33787e+06
54 	885882     	1.72373e+07	4.3458e+07 	8.3229e+06 
55 	885882     	1.70605e+07	4.19769e+07	8.21884e+06
56 	885882     	1.68606e+07	4.19769e+07	8.22115e+06
57 	810193     	1.65874e+07	4.11619e+07	7.92774e+06
58 	619676     	1.63918e+07	4.11619e+07	7.9467e+06 
59 	619676     	1.62096e+07	4.11619e+07	7.77818e+06
60 	619676     	1.60172e+07	3.95712e+07	7.79064e+06
61 	619676     	1.57982e+07	4.1673e+07 	7.79301e+06
62 	619676     	1.56032e+07	4.20546e+07	7.7573e+06 
63 	619676     	1.54849e+07	4.15441e+07	7.87572e+06
64 	619676     	1.52451e+07	4.27875e+07	7.94903e+06
65 	619676     	1.50569e+07	4.73482e+07	8.02298e+06
66 	602164     	1.48331e+07	5.05586e+07	7.99218e+06
67 	602164     	1.46902e+07	4.78251e+07	7.9318e+06 
68 	602164     	1.45263e+07	4.26769e+07	7.62976e+06
69 	602164     	1.43861e+07	3.99887e+07	7.43175e+06
70 	600413     	1.41846e+07	4.11505e+07	7.36172e+06
71 	600413     	1.40303e+07	3.82544e+07	7.09987e+06
72 	600413     	1.38038e+07	3.82544e+07	6.98211e+06
73 	597695     	1.361e+07  	3.98412e+07	6.84271e+06
74 	597695     	1.34069e+07	3.68013e+07	6.80433e+06
75 	554650     	1.32881e+07	3.50519e+07	6.63575e+06
76 	554650     	1.31551e+07	3.52114e+07	6.5286e+06 
77 	554650     	1.30123e+07	3.59439e+07	6.45856e+06
78 	554650     	1.2914e+07 	3.52172e+07	6.34062e+06
79 	554650     	1.27806e+07	3.70042e+07	6.34449e+06
80 	554650     	1.25778e+07	3.51031e+07	6.1902e+06 
81 	554650     	1.23945e+07	3.46331e+07	6.20344e+06
82 	554650     	1.2264e+07 	4.13317e+07	6.47177e+06
83 	554650     	1.20745e+07	3.82076e+07	6.32492e+06
84 	554650     	1.19171e+07	3.78533e+07	6.22855e+06
85 	551120     	1.18179e+07	3.68536e+07	6.15577e+06
86 	551120     	1.17131e+07	3.62146e+07	5.9654e+06 
87 	551120     	1.15537e+07	3.63309e+07	5.98315e+06
88 	551120     	1.14252e+07	3.62441e+07	5.88969e+06
89 	551120     	1.13139e+07	3.60586e+07	5.94129e+06
90 	551120     	1.1156e+07 	3.57952e+07	5.84483e+06
91 	551120     	1.10205e+07	3.6381e+07 	5.73025e+06
92 	551120     	1.09021e+07	3.34602e+07	5.55823e+06
93 	551120     	1.08066e+07	3.29814e+07	5.34066e+06
94 	551120     	1.07125e+07	3.05565e+07	5.30991e+06
95 	551120     	1.06065e+07	2.84384e+07	5.17274e+06
96 	528938     	1.04985e+07	2.83181e+07	5.06475e+06
97 	528938     	1.04169e+07	2.5055e+07 	4.83889e+06
98 	528938     	1.03335e+07	2.95784e+07	4.9254e+06 
99 	528938     	1.02088e+07	2.91589e+07	4.94054e+06
100	528938     	1.00925e+07	2.94065e+07	4.82877e+06
101	528938     	9.96167e+06	2.58436e+07	4.65876e+06
102	485134     	9.87796e+06	2.46868e+07	4.69385e+06
103	478496     	9.76368e+06	2.41518e+07	4.60149e+06
104	478496     	9.68804e+06	2.37742e+07	4.51602e+06
105	478496     	9.60483e+06	2.37128e+07	4.4067e+06 
106	478496     	9.52911e+06	2.33706e+07	4.25197e+06
107	478496     	9.47536e+06	2.33706e+07	4.28613e+06
108	478496     	9.4001e+06 	2.28145e+07	4.22408e+06
109	478460     	9.33889e+06	2.2915e+07 	4.22604e+06
110	478460     	9.2432e+06 	2.29276e+07	4.30367e+06
111	478460     	9.18235e+06	2.27422e+07	4.16249e+06
112	478460     	9.07234e+06	2.25275e+07	4.09491e+06
113	478460     	9.02274e+06	2.2228e+07 	4.09584e+06
114	477454     	8.93933e+06	2.24342e+07	3.99688e+06
115	477454     	8.87107e+06	2.29223e+07	3.95418e+06
116	477454     	8.81129e+06	2.39468e+07	4.03629e+06
117	477454     	8.74669e+06	2.30686e+07	3.9628e+06 
118	477454     	8.68194e+06	2.30121e+07	4.05634e+06
119	477454     	8.6002e+06 	2.26462e+07	4.02675e+06
120	477443     	8.48157e+06	2.21286e+07	3.82286e+06
121	477443     	8.38437e+06	2.12191e+07	3.79702e+06
122	477443     	8.33768e+06	2.08653e+07	3.68186e+06
123	477443     	8.27526e+06	2.02789e+07	3.65878e+06
124	477443     	8.20804e+06	1.99775e+07	3.55278e+06
125	477443     	8.16235e+06	2.01142e+07	3.50037e+06
126	477443     	8.10226e+06	1.99651e+07	3.42559e+06
127	477443     	8.01775e+06	2.08757e+07	3.32728e+06
128	467740     	7.96181e+06	1.89277e+07	3.29797e+06
129	467740     	7.89785e+06	1.875e+07  	3.25342e+06
130	467740     	7.81302e+06	1.94829e+07	3.27296e+06
131	467740     	7.7574e+06 	1.876e+07  	3.18823e+06
132	467740     	7.67313e+06	1.876e+07  	3.18056e+06
133	467740     	7.63488e+06	1.78244e+07	3.07716e+06
134	467740     	7.57949e+06	1.89674e+07	3.0811e+06 
135	467740     	7.50979e+06	2.00924e+07	3.01342e+06
136	467740     	7.45488e+06	1.83189e+07	2.9743e+06 
137	467740     	7.42318e+06	1.83189e+07	2.91969e+06
138	467740     	7.39131e+06	1.67784e+07	2.86697e+06
139	467740     	7.34011e+06	1.9663e+07 	2.94089e+06
140	467740     	7.27479e+06	1.67379e+07	2.91577e+06
141	467740     	7.22169e+06	1.6737e+07 	2.83747e+06
142	467740     	7.17807e+06	1.64005e+07	2.79528e+06
143	467740     	7.14543e+06	1.63228e+07	2.73005e+06
144	467740     	7.09768e+06	1.63793e+07	2.66239e+06
145	467740     	7.05978e+06	1.57128e+07	2.59716e+06
146	467740     	7.01353e+06	1.60627e+07	2.64728e+06
147	467740     	6.96387e+06	1.60656e+07	2.66265e+06
148	467740     	6.91921e+06	1.4663e+07 	2.54278e+06
149	466575     	6.88921e+06	1.4222e+07 	2.53593e+06
150	466575     	6.85079e+06	1.54652e+07	2.59662e+06
151	466575     	6.80236e+06	1.59159e+07	2.54425e+06
152	466575     	6.76754e+06	1.50525e+07	2.42932e+06
153	466575     	6.72619e+06	1.49611e+07	2.43365e+06
154	466575     	6.6843e+06 	1.5589e+07 	2.43814e+06
155	466575     	6.64725e+06	1.55618e+07	2.42856e+06
156	466575     	6.61791e+06	1.41358e+07	2.36988e+06
157	466575     	6.58898e+06	1.40736e+07	2.40243e+06
158	466575     	6.54248e+06	1.5416e+07 	2.32058e+06
159	466575     	6.51516e+06	1.46369e+07	2.34184e+06
160	466575     	6.47702e+06	1.42099e+07	2.26932e+06
161	466575     	6.44576e+06	1.42099e+07	2.3227e+06 
162	466575     	6.41615e+06	1.40621e+07	2.29365e+06
163	466575     	6.38329e+06	1.40541e+07	2.31818e+06
164	451611     	6.34575e+06	1.38526e+07	2.2934e+06 
165	451611     	6.3134e+06 	1.4127e+07 	2.24961e+06
166	451611     	6.28143e+06	1.34764e+07	2.20982e+06
167	451611     	6.25395e+06	1.31922e+07	2.23681e+06
168	451611     	6.22567e+06	1.32859e+07	2.14456e+06
169	451611     	6.19275e+06	1.32859e+07	2.18245e+06
170	451611     	6.17112e+06	1.24173e+07	2.17098e+06
171	451611     	6.1384e+06 	1.24174e+07	2.16829e+06
172	451599     	6.10128e+06	1.26388e+07	2.16346e+06
173	451599     	6.07952e+06	1.24122e+07	2.077e+06  
174	451599     	6.05792e+06	1.27629e+07	2.06806e+06
175	451599     	6.01674e+06	1.30247e+07	2.11174e+06
176	451599     	5.99717e+06	1.2909e+07 	2.10553e+06
177	451599     	5.95406e+06	1.28019e+07	2.05313e+06
178	451599     	5.91106e+06	1.29157e+07	2.0363e+06 
179	451599     	5.88174e+06	1.25264e+07	2.00986e+06
180	451599     	5.87056e+06	1.25724e+07	1.98674e+06
181	451599     	5.85415e+06	1.25161e+07	1.95787e+06
182	451599     	5.82937e+06	1.22591e+07	1.99576e+06
183	451029     	5.81067e+06	1.16522e+07	1.98402e+06
184	451029     	5.79567e+06	1.10944e+07	1.91587e+06
185	451029     	5.77348e+06	1.07704e+07	1.84578e+06
186	451029     	5.75621e+06	1.11499e+07	1.88753e+06
187	451029     	5.73525e+06	1.13081e+07	1.86731e+06
188	451029     	5.70779e+06	1.13141e+07	1.85904e+06
189	451029     	5.69461e+06	1.08624e+07	1.85359e+06
190	451029     	5.66933e+06	1.22655e+07	1.93508e+06
191	451029     	5.65262e+06	1.22655e+07	1.93636e+06
192	451029     	5.61928e+06	1.22655e+07	1.88988e+06
193	449622     	5.59172e+06	1.09703e+07	1.84831e+06
194	449622     	5.57033e+06	1.07923e+07	1.80845e+06
195	449622     	5.55664e+06	1.05822e+07	1.852e+06  
196	449622     	5.5438e+06 	1.11113e+07	1.82694e+06
197	449622     	5.51548e+06	1.13483e+07	1.80713e+06
198	449622     	5.48796e+06	1.15172e+07	1.78455e+06
199	449622     	5.45097e+06	1.05561e+07	1.77375e+06
Result of algorithm run: SUCCESS, 0, 0, 449621.721178, 0
