gen	min        	avg        	max        	std        
0  	6.32662e+06	3.11967e+07	7.35523e+07	1.24932e+07
1  	6.32662e+06	3.08021e+07	6.75557e+07	1.21181e+07
2  	4.91379e+06	3.03724e+07	6.60794e+07	1.21336e+07
3  	4.91379e+06	3.00295e+07	6.60674e+07	1.20119e+07
4  	4.91379e+06	2.96221e+07	6.63399e+07	1.18934e+07
5  	4.6553e+06 	2.92959e+07	6.54364e+07	1.19252e+07
6  	4.17058e+06	2.89642e+07	6.55239e+07	1.21897e+07
7  	4.17058e+06	2.87243e+07	6.71406e+07	1.22156e+07
8  	4.17058e+06	2.84606e+07	6.58503e+07	1.22142e+07
9  	4.17058e+06	2.80304e+07	6.87652e+07	1.20621e+07
10 	4.17058e+06	2.76992e+07	6.58871e+07	1.17444e+07
11 	4.17058e+06	2.73204e+07	6.25406e+07	1.16573e+07
12 	4.10817e+06	2.7009e+07 	6.44512e+07	1.17917e+07
13 	4.10817e+06	2.67082e+07	6.44545e+07	1.16222e+07
14 	3.81721e+06	2.63617e+07	6.24848e+07	1.17895e+07
15 	3.81648e+06	2.60101e+07	6.03051e+07	1.16199e+07
16 	3.7276e+06 	2.56966e+07	6.05e+07   	1.15436e+07
17 	3.7276e+06 	2.54267e+07	6.08942e+07	1.17743e+07
18 	3.7276e+06 	2.49958e+07	6.10883e+07	1.15863e+07
19 	2.8443e+06 	2.47978e+07	5.99608e+07	1.15137e+07
20 	2.8443e+06 	2.4522e+07 	5.98959e+07	1.18213e+07
21 	2.8443e+06 	2.42679e+07	6.19836e+07	1.19109e+07
22 	2.81385e+06	2.40431e+07	5.93839e+07	1.17337e+07
23 	2.81385e+06	2.37289e+07	5.89246e+07	1.16795e+07
24 	2.81385e+06	2.33044e+07	5.89246e+07	1.12908e+07
25 	2.81385e+06	2.29449e+07	5.74885e+07	1.10713e+07
26 	2.81235e+06	2.2651e+07 	5.53467e+07	1.10729e+07
27 	2.81235e+06	2.24194e+07	5.48055e+07	1.09568e+07
28 	2.79701e+06	2.2219e+07 	5.45829e+07	1.08638e+07
29 	2.79701e+06	2.20473e+07	5.44513e+07	1.10958e+07
30 	2.68245e+06	2.1804e+07 	5.16904e+07	1.06998e+07
31 	1.56939e+06	2.1584e+07 	5.22115e+07	1.08661e+07
32 	1.56939e+06	2.12641e+07	5.27055e+07	1.04465e+07
33 	1.56939e+06	2.09179e+07	6.37539e+07	1.05177e+07
34 	1.56939e+06	2.06559e+07	5.3398e+07 	1.04079e+07
35 	1.56939e+06	2.03717e+07	5.17055e+07	1.02066e+07
36 	1.56939e+06	2.0133e+07 	5.09254e+07	1.00022e+07
37 	1.54896e+06	1.98737e+07	5.08157e+07	9.78613e+06
38 	1.54896e+06	1.96308e+07	4.93401e+07	9.77266e+06
39 	1.54896e+06	1.94301e+07	4.73247e+07	9.59327e+06
40 	1.54896e+06	1.92565e+07	4.51064e+07	9.39252e+06
41 	1.54896e+06	1.90665e+07	5.1855e+07 	9.66347e+06
42 	1.47655e+06	1.88793e+07	4.77165e+07	9.2994e+06 
43 	1.47655e+06	1.86863e+07	4.76493e+07	9.51269e+06
44 	1.47655e+06	1.84873e+07	4.58889e+07	9.32104e+06
45 	1.47261e+06	1.82815e+07	5.13047e+07	9.41794e+06
46 	1.47261e+06	1.80488e+07	5.13047e+07	9.3454e+06 
47 	1.47261e+06	1.78719e+07	4.4504e+07 	9.20256e+06
48 	1.47261e+06	1.76905e+07	4.39329e+07	8.85634e+06
49 	1.47261e+06	1.74524e+07	4.60473e+07	8.80726e+06
50 	1.47251e+06	1.73006e+07	4.44009e+07	8.43048e+06
51 	1.40865e+06	1.71032e+07	4.14344e+07	8.25793e+06
52 	1.40865e+06	1.69099e+07	4.56964e+07	8.32915e+06
53 	1.37888e+06	1.673e+07  	4.48899e+07	8.36911e+06
54 	1.37888e+06	1.64854e+07	4.24984e+07	8.18287e+06
55 	1.37888e+06	1.6266e+07 	4.10428e+07	8.18728e+06
56 	1.37866e+06	1.606e+07  	4.49126e+07	8.27112e+06
57 	1.36601e+06	1.58773e+07	4.55101e+07	8.3255e+06 
58 	1.36601e+06	1.57204e+07	4.55602e+07	8.22242e+06
59 	1.35615e+06	1.55325e+07	4.35795e+07	8.06483e+06
60 	1.15118e+06	1.5377e+07 	4.26464e+07	7.99958e+06
61 	1.08337e+06	1.52305e+07	4.20193e+07	7.92806e+06
62 	1.07363e+06	1.50352e+07	4.0018e+07 	7.8275e+06 
63 	1.07289e+06	1.49287e+07	3.80837e+07	7.67168e+06
64 	1.07289e+06	1.47838e+07	3.56238e+07	7.47509e+06
65 	1.07289e+06	1.46789e+07	3.54981e+07	7.41289e+06
66 	1.07289e+06	1.45356e+07	3.57293e+07	7.2614e+06 
67 	1.07289e+06	1.43761e+07	3.60835e+07	7.29171e+06
68 	1.07289e+06	1.42378e+07	3.60493e+07	7.14715e+06
69 	994563     	1.39626e+07	3.68849e+07	6.99677e+06
70 	994563     	1.38095e+07	3.48617e+07	7.04547e+06
71 	948393     	1.36225e+07	3.49496e+07	7.00172e+06
72 	826076     	1.3477e+07 	3.52043e+07	6.96703e+06
73 	826076     	1.32955e+07	3.79693e+07	6.86342e+06
74 	826076     	1.31644e+07	3.52073e+07	6.87108e+06
75 	826076     	1.30069e+07	3.6514e+07 	6.85919e+06
76 	826076     	1.28481e+07	3.66249e+07	6.79807e+06
77 	679106     	1.26956e+07	3.83701e+07	6.98657e+06
78 	679106     	1.25495e+07	3.76202e+07	6.80995e+06
79 	679106     	1.23206e+07	3.74332e+07	6.3495e+06 
80 	569015     	1.21804e+07	3.26848e+07	6.09782e+06
81 	569015     	1.20574e+07	3.27147e+07	6.08243e+06
82 	569015     	1.19459e+07	3.23105e+07	5.9574e+06 
83 	569015     	1.18231e+07	3.30515e+07	6.0868e+06 
84 	569015     	1.17123e+07	3.31301e+07	5.97044e+06
85 	569015     	1.16374e+07	3.27252e+07	5.88138e+06
86 	569015     	1.14711e+07	3.18558e+07	5.90226e+06
87 	569015     	1.12965e+07	2.95831e+07	5.68626e+06
88 	569015     	1.1177e+07 	2.93431e+07	5.65571e+06
89 	569015     	1.10993e+07	2.94462e+07	5.59365e+06
90 	569015     	1.09853e+07	2.97626e+07	5.63499e+06
91 	569015     	1.0908e+07 	3.0157e+07 	5.51687e+06
92 	569015     	1.08116e+07	2.99546e+07	5.56109e+06
93 	569015     	1.07498e+07	2.75671e+07	5.42077e+06
94 	569015     	1.06637e+07	2.73265e+07	5.27621e+06
95 	569015     	1.05673e+07	3.63985e+07	5.27806e+06
96 	569015     	1.04446e+07	2.80979e+07	5.12772e+06
97 	569015     	1.03551e+07	2.97588e+07	5.05986e+06
98 	569015     	1.02078e+07	2.63469e+07	4.99256e+06
99 	569015     	1.01419e+07	2.55216e+07	4.93295e+06
100	569015     	1.00336e+07	2.60204e+07	4.88333e+06
101	569015     	9.96866e+06	2.5475e+07 	4.86342e+06
102	569015     	9.82444e+06	2.87045e+07	4.80833e+06
103	569015     	9.70029e+06	2.56589e+07	4.69006e+06
104	569015     	9.60868e+06	2.40949e+07	4.61624e+06
105	569015     	9.55749e+06	2.40302e+07	4.55504e+06
106	569015     	9.4988e+06 	2.50458e+07	4.50017e+06
107	569015     	9.38432e+06	2.50458e+07	4.37735e+06
108	544135     	9.31516e+06	2.50796e+07	4.43604e+06
109	544135     	9.23454e+06	2.5286e+07 	4.46722e+06
110	544135     	9.10589e+06	2.37931e+07	4.36507e+06
111	544135     	9.02863e+06	2.38103e+07	4.34158e+06
112	544135     	8.943e+06  	2.31627e+07	4.25805e+06
113	544135     	8.88205e+06	2.31634e+07	4.26614e+06
114	544135     	8.83019e+06	2.31949e+07	4.23798e+06
115	544135     	8.77253e+06	2.3196e+07 	4.17351e+06
116	544135     	8.6761e+06 	2.63553e+07	4.22824e+06
117	544135     	8.60278e+06	2.59716e+07	4.09337e+06
118	533054     	8.54328e+06	2.23747e+07	4.01208e+06
119	533054     	8.4756e+06 	2.54554e+07	4.09231e+06
120	533054     	8.39342e+06	2.48443e+07	3.9969e+06 
121	533054     	8.32821e+06	2.43291e+07	3.99597e+06
122	533009     	8.26612e+06	2.38278e+07	4.02675e+06
123	533009     	8.19311e+06	2.3629e+07 	4.01952e+06
124	533009     	8.13437e+06	2.27375e+07	3.79886e+06
125	533009     	8.06494e+06	2.25366e+07	3.6188e+06 
126	533009     	7.95227e+06	2.07014e+07	3.52722e+06
127	533009     	7.86223e+06	2.16296e+07	3.56698e+06
128	532725     	7.81362e+06	2.07452e+07	3.55834e+06
129	532725     	7.76517e+06	2.1833e+07 	3.47491e+06
130	526632     	7.69764e+06	2.15452e+07	3.37273e+06
131	526632     	7.64645e+06	2.03925e+07	3.30634e+06
132	526632     	7.59662e+06	2.0348e+07 	3.26866e+06
133	526632     	7.54462e+06	2.0348e+07 	3.29471e+06
134	526632     	7.49733e+06	1.90654e+07	3.15007e+06
135	526632     	7.44921e+06	1.86815e+07	3.07313e+06
136	526632     	7.4123e+06 	1.73849e+07	2.99577e+06
137	526632     	7.37227e+06	1.80268e+07	3.036e+06  
138	526632     	7.32977e+06	1.78992e+07	3.02178e+06
139	526632     	7.25151e+06	1.79746e+07	2.9053e+06 
140	526632     	7.20661e+06	1.76586e+07	2.87816e+06
141	526632     	7.17262e+06	1.94314e+07	2.90084e+06
142	526632     	7.11491e+06	1.97192e+07	2.87931e+06
143	526632     	7.07136e+06	1.958e+07  	2.83611e+06
144	526632     	7.01945e+06	1.7475e+07 	2.71319e+06
145	526632     	6.98773e+06	1.7475e+07 	2.68542e+06
146	526632     	6.95511e+06	1.85691e+07	2.6624e+06 
147	526632     	6.92066e+06	1.61446e+07	2.58946e+06
148	526632     	6.89313e+06	1.49922e+07	2.57182e+06
149	526632     	6.85364e+06	1.47183e+07	2.54421e+06
150	514292     	6.82464e+06	1.45535e+07	2.51149e+06
151	514292     	6.7718e+06 	1.41037e+07	2.49542e+06
152	512598     	6.73911e+06	1.50992e+07	2.46454e+06
153	512598     	6.6969e+06 	1.42126e+07	2.46076e+06
154	484991     	6.64924e+06	1.48227e+07	2.36008e+06
155	484991     	6.62225e+06	1.48227e+07	2.32834e+06
156	484991     	6.58715e+06	1.45663e+07	2.35913e+06
157	484991     	6.54073e+06	1.54348e+07	2.36051e+06
158	484907     	6.50689e+06	1.46318e+07	2.29052e+06
159	484907     	6.4555e+06 	1.41774e+07	2.28283e+06
160	484907     	6.40211e+06	1.43356e+07	2.27256e+06
161	484907     	6.36062e+06	1.40644e+07	2.25234e+06
162	473926     	6.31482e+06	1.4154e+07 	2.22326e+06
163	473917     	6.28869e+06	1.43841e+07	2.20903e+06
164	473917     	6.25399e+06	1.40287e+07	2.18124e+06
165	472850     	6.23494e+06	1.36142e+07	2.14722e+06
166	472850     	6.20078e+06	1.36372e+07	2.10288e+06
167	472850     	6.18098e+06	1.33188e+07	2.11567e+06
168	472850     	6.1495e+06 	1.45211e+07	2.14765e+06
169	472850     	6.12371e+06	1.4234e+07 	2.14165e+06
170	472838     	6.09448e+06	1.32692e+07	2.08164e+06
171	472838     	6.06222e+06	1.34e+07   	2.00455e+06
172	472838     	6.0328e+06 	1.23121e+07	2.01418e+06
173	472838     	6.01135e+06	1.23032e+07	2.03565e+06
174	472838     	5.98802e+06	1.24815e+07	2.02137e+06
175	472838     	5.96373e+06	1.22304e+07	2.00031e+06
176	472838     	5.94296e+06	1.19426e+07	1.93204e+06
177	458851     	5.9067e+06 	1.17787e+07	1.92283e+06
178	458851     	5.89084e+06	1.17787e+07	1.91057e+06
179	458851     	5.85714e+06	1.17787e+07	1.92925e+06
180	458851     	5.83522e+06	1.14124e+07	1.91521e+06
181	458851     	5.8088e+06 	1.10635e+07	1.88885e+06
182	458851     	5.79058e+06	1.1163e+07 	1.88103e+06
183	424937     	5.76736e+06	1.1267e+07 	1.86553e+06
184	424937     	5.7446e+06 	1.09659e+07	1.85783e+06
185	424937     	5.71726e+06	1.18507e+07	1.86636e+06
186	424937     	5.69666e+06	1.12219e+07	1.85494e+06
187	424937     	5.67527e+06	1.09397e+07	1.84282e+06
188	424937     	5.65642e+06	1.06875e+07	1.78819e+06
189	424937     	5.62733e+06	1.07558e+07	1.76431e+06
190	424937     	5.60403e+06	1.07557e+07	1.74103e+06
191	424937     	5.56974e+06	1.1471e+07 	1.75194e+06
192	402029     	5.56201e+06	1.07558e+07	1.74586e+06
193	402029     	5.5473e+06 	1.114e+07  	1.74102e+06
194	402027     	5.52495e+06	1.07932e+07	1.71574e+06
195	402027     	5.50996e+06	1.03144e+07	1.66422e+06
196	402027     	5.48134e+06	9.89181e+06	1.69789e+06
197	402027     	5.45542e+06	1.09252e+07	1.68453e+06
198	402027     	5.43671e+06	1.00555e+07	1.6717e+06 
199	402027     	5.40912e+06	1.03908e+07	1.65383e+06
Result of algorithm run: SUCCESS, 0, 0, 402026.540611, 0
