/usr/lib/python2.7/site-packages/deap/tools/_hypervolume/pyhv.py:33: ImportWarning: Falling back to the python version of hypervolume module. Expect this to be very slow.
  "module. Expect this to be very slow.", ImportWarning)
gen	min    	avg    	max    	std    
0  	1588.53	13737.5	37449.1	6752.74
1  	1588.53	13555  	34596.4	6711.02
2  	1588.53	13324.9	34635.9	6711.15
3  	1588.53	13187.2	34696.9	6600.87
4  	1588.53	12980.9	31633.2	6428.25
5  	1588.18	12776.7	34426.1	6435.24
6  	1402.99	12566.1	33201  	6343.94
7  	1402.99	12372.3	33729.6	6273.28
8  	1397.09	12206.9	32577.9	6069.64
9  	1397.09	11997  	32092.6	6036.27
10 	1397.09	11820.1	27311.3	5964.45
11 	1376.37	11685.2	27758.1	6061.05
12 	1368.59	11474.7	28047.7	5789.7 
13 	1346.94	11319.7	27741.3	5890.24
14 	1346.94	11188.2	27932.5	5857.2 
15 	1332.99	11014  	27632.1	5937.03
16 	1218.13	10895.9	31109.6	6084.26
17 	1208.5 	10763.7	31087.3	6116.21
18 	1208.5 	10649  	31087.3	6074.22
19 	1208.5 	10533.5	31043.9	6050.81
20 	1138.67	10376.8	27509.3	5934.53
21 	853.42 	10233.1	26762.6	5827.49
22 	853.42 	10083.5	26969.8	5809.61
23 	781.281	9920.1 	27055.1	5708.4 
24 	781.281	9713.09	25758.1	5472.95
25 	781.281	9553.63	25758.1	5273.98
26 	781.281	9437.1 	25758.1	5251.9 
27 	781.281	9258.63	29546.3	5178.44
28 	781.281	9132.3 	27026.3	5138.01
29 	651.555	9045.45	26087.3	5143.64
30 	651.555	8909.94	26158  	4994.22
31 	649.263	8800.96	23295.6	4950.04
32 	649.263	8688.5 	24539.3	4897.04
33 	649.263	8569.83	27296.3	4983.67
34 	647.311	8401.9 	27066.7	4872.76
35 	584.105	8253.5 	26846.4	4873.32
36 	584.105	8145.64	24126.7	4746.54
37 	584.105	8009.81	23379.2	4720.67
38 	584.105	7895.19	23009.9	4790.14
39 	521.635	7766.43	28645.3	4782.71
40 	521.635	7605.9 	27083.1	4813.14
41 	521.635	7501.72	27082.6	4614.56
42 	502.298	7345.77	23091.7	4516.4 
43 	484.491	7238.12	23888.5	4454.29
44 	484.491	7122.75	21739.7	4404.51
45 	484.491	6977.18	21964.7	4319.93
46 	473.072	6882.78	23259.9	4349.95
47 	473.072	6756.23	23259.8	4190.24
48 	473.072	6654.54	23043.4	4125.56
49 	473.072	6551.52	21617.4	4096.16
50 	473.072	6423.75	22145.3	3874.52
51 	473.072	6296.65	20287.9	3808.31
52 	473.072	6176.77	20297  	3809.71
53 	459.916	6073.01	20347.1	3895.28
54 	459.916	5987.61	20522.7	3801.24
55 	459.916	5859.84	18720.2	3689.65
56 	459.916	5781.3 	23297.5	3814.23
57 	459.916	5698.95	19790.6	3824.97
58 	459.916	5620.86	19665.7	3798.88
59 	459.916	5500.26	19841.9	3732.38
60 	454.498	5411.46	19723.9	3667.91
61 	454.498	5348.28	19096.3	3587.93
62 	454.498	5285.98	17430.8	3546.95
63 	454.498	5176.1 	17854.1	3490.7 
64 	454.498	5103.96	17854.1	3429.92
65 	454.498	5046.29	17706.9	3406.76
66 	454.498	4979.58	17892  	3492.77
67 	454.498	4898.49	17796.3	3473.73
68 	454.498	4809.23	17132.7	3370.5 
69 	454.498	4732.16	17110  	3378.13
70 	454.498	4641.7 	16310.3	3260.55
71 	415.96 	4572.67	16689.3	3272.46
72 	415.96 	4508.85	16240.4	3166.65
73 	415.96 	4435.21	15811.5	3166.58
74 	415.96 	4374.29	16197.2	3206.05
75 	415.843	4310.17	15917.3	3151.43
76 	382.573	4250.67	15359.5	3093.43
77 	382.573	4199.81	15101.9	3066.47
78 	382.573	4148.18	14445.2	2977.31
79 	382.573	4075.12	14875.3	2946.33
80 	382.573	3993.8 	13904.2	2919.79
81 	375.329	3943.64	14186.6	2952.6 
82 	375.329	3897.42	13474  	2826.5 
83 	375.329	3843.34	13684.7	2815.56
84 	375.329	3772.3 	13611.7	2711.54
85 	375.329	3725.08	13611.7	2676.66
86 	299.795	3665.07	13611.7	2710.75
87 	299.795	3596.76	13611.7	2625.66
88 	299.795	3553.29	13478.8	2604.97
89 	299.795	3489.23	12569.6	2521.87
90 	299.795	3433.98	13149  	2506.62
91 	299.795	3396.28	13174.6	2462.89
92 	299.795	3352.62	12360.1	2370.39
93 	299.795	3298.25	12760.9	2399.29
94 	299.795	3246.7 	11255.5	2325.87
95 	299.795	3193.57	11684.3	2279.57
96 	299.795	3143.44	12655.4	2320.85
97 	288.62 	3093.86	12682.7	2271.68
98 	280.108	3054.8 	12685.3	2250.04
99 	280.108	3008.39	11780.5	2277.58
100	280.108	2957.04	11768.5	2236.54
101	280.108	2916.68	11614  	2177.24
102	280.108	2880.54	11735.5	2128.82
103	280.108	2846.21	10687.3	2073.22
104	280.108	2802.13	10884.8	2068.1 
105	280.108	2754.19	10926.1	2046.39
106	280.108	2699.4 	10798.9	1984.26
107	244.241	2655.44	10792.4	1938.79
108	244.241	2621.22	10183  	1900.2 
109	244.241	2592.26	10057.4	1854.37
110	244.241	2558.39	9909.92	1836.57
111	244.241	2499.7 	9735.09	1774.42
112	244.241	2462.95	9700.66	1766.17
113	244.241	2432.03	9302.12	1721.74
114	244.241	2403.33	8914.49	1666.45
115	227.345	2367.82	8849.28	1655.53
116	227.345	2329.74	11081.2	1673.8 
117	227.345	2293.82	8841.57	1643.22
118	227.345	2262.51	8508.15	1611.71
119	227.345	2233.21	8468.33	1599.73
120	227.345	2205.29	8468.33	1552.44
121	227.345	2162.41	8112.76	1515.35
122	227.345	2125.73	7962.45	1498.83
123	227.345	2102.84	7147.56	1421.93
124	227.345	2070.7 	7184.65	1379.15
125	227.345	2052.17	6709.85	1315.78
126	227.345	2033.89	6721.91	1332.79
127	227.345	2010.01	6583.05	1317.53
128	227.345	1978.97	6603.18	1275.22
129	227.345	1963.81	6356.31	1235.47
130	227.345	1942.69	6534.86	1238.15
131	227.345	1909.82	7872.49	1237.85
132	227.345	1892.43	6523.96	1202.71
133	227.345	1866.11	6685   	1194.07
134	227.345	1850.75	6629.06	1198.54
135	227.345	1817.55	7602.09	1188.11
136	227.345	1798.48	7411.48	1157.02
137	227.345	1777.55	6594.33	1125.12
138	227.345	1738.02	6308.81	1085.81
139	227.345	1718.24	6124.89	1058.09
140	209.141	1689.09	6181.07	1044.49
141	209.141	1669.13	5837.18	1051.8 
142	209.141	1651.84	5457.44	1025   
143	209.141	1631.84	5753.77	1035.46
144	209.141	1607.97	6313.51	1014.84
145	209.141	1587.31	6317.34	962.551
146	209.141	1563.83	5568.48	960.391
147	209.141	1540.28	5576.45	936.458
148	209.141	1521.58	5311.54	923.098
149	204.952	1503.16	5307.65	899.382
150	204.952	1479.13	5307.65	880.225
151	204.952	1464.89	5259.36	883.325
152	204.952	1445.24	5128.08	849.756
153	204.952	1430.98	5005.45	817.821
154	204.952	1409.73	5005.45	791.672
155	204.952	1394.49	4894.06	787.335
156	204.952	1381.08	4863.9 	791.119
157	204.952	1365.94	4796.94	761.406
158	204.952	1352.84	4301.56	739.888
159	204.952	1341.2 	4366.05	733.751
160	204.952	1321.29	4316.72	695.603
161	188.517	1310.58	4393.24	710.596
162	188.517	1297.23	4261.47	662.557
163	188.517	1279.9 	4058.19	665.118
164	188.517	1256.53	3928.69	636.07 
165	188.517	1244.19	4261.06	627.101
166	188.517	1232.59	4261.06	618.852
167	188.517	1216.67	4286.49	611.024
168	188.517	1204.75	4305.3 	607.332
169	188.517	1190.14	4311.57	590.91 
170	188.517	1181.25	3999.01	576.796
171	188.517	1171.04	3388.23	562.501
172	188.517	1160.3 	3374.19	536.303
173	188.517	1152.82	3366.16	543.626
174	188.517	1142.64	3225.61	524.959
175	188.517	1136.89	3213.79	520.426
176	188.517	1128.87	3164.64	507.576
177	188.517	1122.35	3165.55	492.621
178	188.517	1111.7 	3188.07	483.015
179	188.517	1105.4 	3179.24	469.755
180	188.517	1096.12	3177.3 	472.269
181	188.517	1086.72	3125.56	464.943
182	188.517	1079.15	3012.55	455.043
183	188.517	1068.58	2782.08	440.911
184	188.517	1061.68	2842.18	439.886
185	188.517	1054.89	2757.63	431.304
186	188.517	1046.39	2744.36	429.103
187	188.517	1039.45	2799.37	422.38 
188	188.517	1033.7 	2775.15	410.56 
189	188.517	1027.6 	2744.1 	404.528
190	188.517	1020   	2766.89	406.688
191	188.517	1012.26	2679.68	405.001
192	188.517	1007.14	2582.15	400.89 
193	188.517	997.629	2487.88	385.019
194	188.517	992.016	2680.03	382.54 
195	188.517	985.334	2510.89	368.172
196	188.517	975.888	2831.1 	363.934
197	188.517	967.272	2523.87	354.722
198	188.517	960.922	2437.7 	343.646
199	188.517	954.762	2423.52	336.297
Result of algorithm run: SUCCESS, 0, 0, 188.516909, 0
