/usr/lib/python2.7/site-packages/deap/tools/_hypervolume/pyhv.py:33: ImportWarning: Falling back to the python version of hypervolume module. Expect this to be very slow.
  "module. Expect this to be very slow.", ImportWarning)
gen	min    	avg    	max    	std    
0  	1259.13	13478.9	37489.6	6537.67
1  	1259.13	13266.5	36622.5	6499.05
2  	1223.52	13059  	32521.9	6234.12
3  	1218.04	12867.3	31364.6	5996.14
4  	1218.04	12699.9	33583  	5975.41
5  	1198.94	12479.7	30536.8	5959.26
6  	1198.94	12341  	31404  	5819.8 
7  	1198.94	12171.7	31404  	5892.66
8  	1198.94	12057.7	30489.4	5878.15
9  	1198.94	11887.9	30580.9	5929.29
10 	1198.94	11693.2	30096.9	5862.92
11 	1198.94	11466.3	29730.1	5760.14
12 	1198.94	11312.7	29014.7	5660.82
13 	1088.22	11193.9	28809.2	5664.78
14 	1088.22	11021.6	28752.4	5690.45
15 	1088.22	10891.3	28532  	5623.14
16 	1088.22	10719.7	27070.3	5338.06
17 	1088.22	10583.1	27103.4	5339.59
18 	1088.22	10479.6	26450.1	5384.72
19 	1049.3 	10368.5	25778.3	5360.87
20 	1049.3 	10212.6	29642.3	5412.85
21 	1049.3 	10044.4	27786.1	5258.56
22 	1049.3 	9916.16	24653.8	5132.94
23 	1049.3 	9783.65	24248.8	5048.33
24 	961.945	9702.62	24668.4	4983.92
25 	850.943	9547.03	24013.6	5084.98
26 	850.943	9350.69	24013.2	5052.44
27 	850.943	9190.12	26671.3	5030.99
28 	842.494	9032.98	24215.2	5004.74
29 	738.019	8912.04	28142.3	5104.88
30 	738.019	8700.87	24771.5	4971.54
31 	738.019	8565.36	24138.2	4875.48
32 	738.019	8420.06	24256.2	4831.16
33 	738.019	8291.95	22543.1	4782.41
34 	703.449	8186.49	22786.7	4808.25
35 	703.449	8102.48	23106.7	4796.45
36 	703.449	8004.09	26235.7	4798.82
37 	703.449	7829.97	25437.3	4848.32
38 	657.463	7706.96	23877.3	4677.85
39 	657.463	7599.11	23034.8	4653.63
40 	657.463	7465.43	23775.3	4561.39
41 	657.463	7366.19	22531.3	4511.57
42 	657.463	7302.18	21852.9	4347.75
43 	657.463	7228.33	22877.8	4356.22
44 	657.463	7135.43	21939.3	4252.68
45 	657.463	7036.71	22011.6	4310.79
46 	657.463	6950.79	24602.6	4233.26
47 	605.39 	6841.88	23522.7	4196.59
48 	605.39 	6719.3 	22902.4	4142.53
49 	605.39 	6642.83	21079.2	4072.87
50 	521.686	6583.74	19961.2	4035.73
51 	521.686	6497.26	20230.3	4005.61
52 	506.717	6380.09	21314.2	3888.17
53 	506.717	6286.63	20565.9	3814.48
54 	506.717	6206.97	20565.9	3659.7 
55 	506.717	6139.36	17909.9	3675.92
56 	506.717	6035.38	17254.3	3657.71
57 	506.717	5959.89	17266.6	3656.92
58 	506.717	5907.33	17118.1	3570.67
59 	499.165	5809.32	17106  	3688.35
60 	499.165	5730.36	17253.9	3658.71
61 	499.165	5637.97	19570.8	3660.6 
62 	499.165	5551.84	19523.2	3598.26
63 	499.165	5473.85	19476.9	3530.85
64 	499.165	5361.19	19449.6	3472.78
65 	430.497	5263.46	18252.1	3454.43
66 	430.497	5188.03	16862  	3460.78
67 	430.497	5119.45	16705.7	3403.68
68 	430.497	4995.87	16193.4	3323.65
69 	430.497	4905.09	15966.9	3293.49
70 	430.497	4842.15	15752  	3321.58
71 	399.17 	4769.24	15407.6	3244.69
72 	399.17 	4702.97	15235.5	3259.7 
73 	382.453	4637.34	15317.1	3201.88
74 	382.453	4568.96	15472.5	3157.66
75 	382.453	4518.71	15221.2	3067.13
76 	381.721	4423.34	15102.8	3024.34
77 	381.721	4362.03	15109.3	2997.02
78 	381.721	4276.92	16529.5	2905.05
79 	381.721	4216.62	15245.8	2919.83
80 	381.721	4160.55	15010.4	2861.03
81 	381.721	4112.03	15078  	2871.74
82 	381.721	4029.5 	14616.3	2779.57
83 	369.63 	3933.14	14616.3	2684.86
84 	369.63 	3883.58	13404.4	2642.42
85 	369.63 	3839.69	12787.4	2573.72
86 	369.63 	3793.48	15524.8	2562.09
87 	369.63 	3731.41	13680.8	2550.52
88 	327.895	3675.98	13889.9	2507.39
89 	327.895	3640.42	13527.2	2489.88
90 	327.895	3547.8 	11869.3	2387.15
91 	327.895	3487.32	11909.4	2365.42
92 	327.895	3423.43	11177.3	2315.49
93 	327.895	3386.56	11404.4	2300.88
94 	327.895	3325.61	11912  	2321.62
95 	327.895	3274.83	11147.6	2303.68
96 	327.895	3241.22	11012  	2259.57
97 	327.895	3191.45	10216.6	2187.5 
98 	327.895	3157.85	9960.12	2127.2 
99 	327.895	3121.28	11481.4	2142.51
100	327.895	3075.9 	11464.9	2167.54
101	327.895	3028.62	11457.7	2109.95
102	289.591	2984.71	11224.2	2099.3 
103	282.986	2944.99	11196.1	2098.4 
104	282.986	2891.58	10888.1	2087.17
105	282.986	2857.29	11359.9	2068.23
106	280.445	2810.64	11043.6	2038.34
107	271.597	2777.91	11017.3	2031.54
108	236.406	2739.04	10600.9	1964.49
109	236.406	2698.25	10417.7	1961.17
110	236.406	2668.35	10008.1	1918.28
111	236.406	2591.84	9567.3 	1861.61
112	221.77 	2561.92	9212.44	1834.2 
113	196.559	2526.57	9106.92	1808.95
114	196.559	2498.49	9143.53	1785.8 
115	196.559	2470.64	8970.72	1748.54
116	196.559	2428.15	8218.43	1717.87
117	196.559	2399.59	9286.33	1692.44
118	196.559	2373.25	8884.75	1679.27
119	196.559	2332.3 	8466.4 	1633.63
120	196.559	2286.83	8025.95	1603.1 
121	196.559	2253.61	7888.92	1563.38
122	196.559	2226.75	7777.93	1540.79
123	196.559	2207.88	7537.37	1514.43
124	196.559	2189.03	8115.79	1521.81
125	196.559	2160.01	7782.36	1493.96
126	196.457	2120.28	7150.65	1466.89
127	196.457	2093.49	7114.4 	1446.71
128	196.457	2070.18	7095.84	1426.55
129	196.457	2042.53	7086.84	1394.72
130	194.174	2015.42	6913.58	1361.98
131	193.504	1987.25	6598.6 	1339.52
132	193.504	1953.83	6602.17	1292.24
133	193.504	1934.37	6614.23	1265.69
134	191.109	1910.27	6644.95	1236.67
135	168.58 	1882.17	6537.76	1201.58
136	168.58 	1857.56	6232.2 	1205.88
137	168.58 	1831.3 	6349.03	1203.87
138	168.58 	1805.07	6773.04	1179.31
139	168.58 	1768.38	6500.88	1136   
140	168.58 	1745.6 	6539.98	1078.04
141	168.58 	1725.3 	6283.8 	1080.82
142	160.598	1708.33	6199.52	1074.56
143	160.598	1683.94	6224.11	1077.69
144	138.143	1669.08	6164.72	1097.7 
145	138.143	1652.7 	6101.02	1085.27
146	138.143	1637.51	5912.27	1079.97
147	138.143	1617.2 	5829.12	1044.37
148	138.143	1600.11	5660.56	1021.78
149	127.655	1577.67	5674.11	1009.36
150	127.655	1560.27	5788.21	986.15 
151	127.655	1543.36	5691.16	965.966
152	127.655	1525.39	5703.37	935.476
153	127.655	1512.08	5637.58	929.112
154	127.655	1496.67	5612.81	909.111
155	121.886	1478.52	5453.4 	896.072
156	121.886	1458.93	5114.05	885.915
157	121.886	1446.23	4814.51	857.435
158	121.886	1432.74	5191.05	854.063
159	121.886	1419.59	5087.17	843.453
160	121.886	1402.11	4649.72	826.998
161	121.886	1387.98	5964.3 	828.102
162	121.886	1370.8 	4870.85	772.016
163	89.4211	1352.26	4742.8 	747.517
164	89.4211	1335.07	4283.35	735.903
165	89.4211	1318.65	4137.04	716.178
166	89.4211	1302.85	4029.67	703.149
167	89.4211	1292.96	3772.67	687.35 
168	89.4211	1283.8 	3774.9 	676.702
169	89.4211	1269.45	3781.13	659.65 
170	89.4211	1255.9 	4331.61	657.76 
171	89.4211	1241.45	4287.84	667.799
172	89.4211	1233.51	3881.7 	651.947
173	89.4211	1223.91	3950.77	655.1  
174	89.4211	1211.2 	4029.18	646.391
175	89.4211	1197.74	3787.18	623.239
176	89.4211	1184.28	3561.74	598.052
177	62.0924	1173.68	3641.34	581.842
178	62.0924	1158.74	3438.6 	561.749
179	62.0924	1147.47	3623.99	551.335
180	62.0924	1134.91	3482.8 	547.658
181	62.0924	1125.67	3553.98	542.057
182	62.0924	1117.7 	3525.27	530.595
183	62.0924	1106.46	3264.51	517.97 
184	62.0924	1096.55	3267.48	507.118
185	62.0924	1088.52	3205.22	497.457
186	62.0924	1076.28	3065.45	481.22 
187	62.0924	1070.49	3035.43	474.021
188	62.0924	1057.95	2997.74	454.311
189	62.0924	1051.33	2945.14	444.541
190	62.0924	1041.13	2897.21	429.277
191	62.0924	1034.25	2979.2 	421.161
192	62.0924	1026.13	2808.27	412.111
193	62.0924	1014.56	2455.12	394.793
194	62.0924	1008.8 	2329.1 	392.408
195	62.0924	999.782	2340.93	383.341
196	62.0924	992.923	2426.07	375.426
197	62.0924	987.42 	2355.44	362.49 
198	57.7654	982.242	2327.65	356.457
199	57.7654	973.498	2390.6 	357.106
Result of algorithm run: SUCCESS, 0, 0, 57.765388, 0
