/usr/lib/python2.7/site-packages/deap/tools/_hypervolume/pyhv.py:33: ImportWarning: Falling back to the python version of hypervolume module. Expect this to be very slow.
  "module. Expect this to be very slow.", ImportWarning)
gen	min    	avg    	max    	std    
0  	1959.31	13610.3	30050.1	6224.47
1  	1802.83	13487.2	30095.2	6136.16
2  	1802.83	13334.4	31982.9	6193.63
3  	1709.17	13146.2	30064.7	6119.88
4  	1709.17	12971.8	32263.5	6175.26
5  	1709.17	12794.1	34228.7	6295.63
6  	1690.79	12662.7	33620.8	6193.92
7  	1690.79	12489.5	29244.9	6081.3 
8  	1690.79	12344.8	29673.7	6253.41
9  	1690.79	12132.9	30140.3	6077.65
10 	1384.98	11964.7	30140.3	5942.15
11 	1384.98	11777.3	29783.3	5938.84
12 	1384.98	11642.3	30494.4	5914.45
13 	1287.78	11510.6	30494.4	5802.26
14 	1287.78	11368.9	30323.3	5836.36
15 	1113.14	11221.7	28464  	5870.26
16 	1113.14	11071.9	33694.4	5891.68
17 	1113.14	10913.1	31667.6	6016.03
18 	1053.73	10816.5	30647.2	5822.8 
19 	1053.73	10668.2	29952.5	5663.26
20 	1053.73	10496.5	31197.5	5714.21
21 	1053.73	10310.6	27556.1	5708.09
22 	977.507	10183.2	27707.4	5733.47
23 	972.351	9936.74	27707.5	5705.55
24 	972.351	9745.89	28962.2	5710.61
25 	956.78 	9614.22	29815.7	5813.88
26 	931.176	9496.55	28676.8	5768.61
27 	918.195	9354.28	26555.7	5606.98
28 	918.195	9216.72	29135  	5437.21
29 	838.357	9059.72	29135  	5465.27
30 	838.357	8953.89	28311.4	5377.6 
31 	824.565	8816.06	27715.3	5344.99
32 	824.565	8678.89	29826.8	5277.84
33 	784.145	8527.64	26707.9	5201.51
34 	784.145	8345.74	29876.5	5136.53
35 	784.145	8215.4 	27243.7	5172.59
36 	784.145	8101.36	25659.6	5183.89
37 	784.145	7978.55	24647.7	4957.47
38 	769.448	7892.04	24790.1	4998.25
39 	769.448	7755.88	24198.8	4962.52
40 	762.329	7601.32	23680.3	4716.92
41 	759.102	7458.2 	22345.9	4640.08
42 	759.102	7368.74	22393.2	4566.51
43 	759.102	7263.72	21078.3	4400.49
44 	714.544	7109.54	21116.7	4403.58
45 	587.788	7014.13	21106.3	4474.72
46 	587.788	6945.15	20411.6	4432.19
47 	587.788	6853.4 	21253.1	4491.65
48 	587.788	6751.12	22861.1	4455.89
49 	587.788	6663.85	23083.5	4401.38
50 	587.788	6600.64	21275  	4285.5 
51 	587.788	6498.05	21141  	4221.03
52 	587.788	6372.53	21019.2	4091.05
53 	587.788	6280.48	18993.4	4008.85
54 	587.788	6184.52	19758.7	3965.99
55 	526.279	6100.36	20928.5	3999.75
56 	526.279	6025.7 	21015.7	4029.58
57 	526.279	5865.89	21815.2	4042.05
58 	526.279	5780.13	19838  	3905.32
59 	526.279	5667.49	18692.6	3771.88
60 	526.279	5554.07	18677.8	3639.12
61 	526.279	5451.66	19121.7	3702.6 
62 	526.279	5367.23	17699.9	3723.9 
63 	509.445	5302.5 	16657.9	3726.26
64 	493.944	5253.7 	16709.3	3700.39
65 	493.944	5130.06	16668.1	3652.72
66 	493.944	5038.65	17097  	3668.95
67 	493.944	4968.79	16643.6	3640.59
68 	486.005	4896.12	15564.2	3533.31
69 	486.005	4805.47	18561.7	3560.37
70 	486.005	4721.59	14971.9	3368.4 
71 	486.005	4653.97	15024.9	3271.69
72 	486.005	4585.91	15764.7	3237.33
73 	486.005	4507.79	16032.3	3172.11
74 	486.005	4451.5 	18565  	3173.23
75 	486.005	4385.89	18473  	3135.58
76 	486.005	4329.72	15446.2	3069.13
77 	486.005	4270.83	18589.3	3085.03
78 	464.064	4192.18	16093.3	3107.9 
79 	464.064	4116.73	16117.6	3020.81
80 	464.064	4075.71	15541.9	3043.25
81 	464.064	4019.66	14753.7	2950.81
82 	464.064	3938.48	14753.7	2857.62
83 	464.064	3858.02	16214.8	2874.02
84 	464.064	3783.28	14570.5	2745.55
85 	464.064	3703.47	14633.7	2692.91
86 	464.064	3610.07	14449.7	2569.5 
87 	464.064	3557.21	13753.9	2504.59
88 	464.064	3518.27	13390.1	2457.87
89 	464.064	3463.99	12136.6	2439.43
90 	452.219	3421.49	12207.6	2485.75
91 	402.826	3364.81	13090.9	2448.19
92 	402.826	3312.63	13433.8	2416.53
93 	402.826	3271.87	12822.9	2421.74
94 	380.975	3194.14	12316.7	2331.15
95 	380.975	3144.35	12232.1	2245.59
96 	380.975	3087.22	13585.2	2184.12
97 	380.975	3014.15	12331.9	2204.66
98 	380.975	2948.53	11719.9	2137.85
99 	380.975	2898.01	11578.3	2167.65
100	380.975	2864.01	11578.3	2131.3 
101	380.975	2831.04	10230.4	2053.52
102	380.975	2762.05	10714.2	1983.22
103	371.873	2724.36	9848.42	1926.79
104	308.312	2672.78	9848.42	1855.61
105	308.312	2628.33	11091  	1863.76
106	308.312	2579.47	10274.5	1797.42
107	308.312	2544.87	9694.97	1758.71
108	286.253	2516.86	8960.55	1712.97
109	286.253	2490.91	8960.55	1671.43
110	286.253	2462.3 	8488.59	1657.98
111	286.253	2439.62	8384.12	1622.61
112	286.253	2419.84	8608.12	1613.5 
113	260.194	2387.45	8111.06	1571.15
114	233.35 	2349.47	8107.6 	1536.71
115	233.35 	2323.01	7508.48	1513.38
116	233.35 	2282.38	8018.62	1500.81
117	233.35 	2234.8 	7780.65	1481.36
118	233.35 	2201.45	7520.08	1428.6 
119	208.431	2155.98	7476.85	1383.08
120	208.431	2125.45	6657.06	1351.18
121	208.431	2091.69	7273.1 	1370.92
122	208.431	2069.03	6790.83	1361.23
123	185.962	2042.55	6861.31	1331.72
124	185.962	2004.52	6885.99	1315.44
125	185.962	1980.34	6900.01	1313.29
126	185.962	1940.84	6992.62	1275.71
127	185.962	1910.57	6863.51	1249.34
128	185.962	1888.58	6800.51	1228.36
129	185.962	1855.74	6772.19	1186.42
130	185.962	1831.16	6775.52	1162.67
131	185.962	1811.31	6698.11	1141.74
132	185.962	1792.99	6492.68	1115.17
133	185.962	1754.87	5886.89	1052.57
134	185.962	1735.58	5719.38	1040.16
135	185.962	1713.72	5614.26	1006.04
136	185.962	1698.92	5420.32	990.585
137	185.962	1682.27	5420.32	985.635
138	185.962	1657.92	5433.33	961.673
139	185.962	1645.67	5041.66	945.329
140	185.962	1630.58	5028.15	927.797
141	185.962	1611.18	5050.01	928.485
142	185.962	1591.43	5066.48	916.484
143	185.962	1573.63	5051.86	903.239
144	185.962	1550.9 	5051.86	883.591
145	185.962	1535.61	5051.02	852.445
146	185.962	1516.84	5101.21	837.187
147	185.962	1495.14	4894.31	803.157
148	185.962	1479.99	4870.23	794.998
149	185.962	1468.44	4948.45	781.297
150	185.962	1449.99	4970.05	801.534
151	172.717	1436.09	4867.71	783.187
152	172.717	1416.86	4884.42	758.296
153	172.717	1405.27	4889.05	734.717
154	172.717	1394.12	4584.39	727.835
155	172.717	1374.05	4213.25	705.575
156	172.717	1361.07	4213.25	701.843
157	172.717	1345.82	4223.18	698.382
158	172.717	1332.18	4207.92	701.608
159	172.717	1315.8 	4185.56	673.699
160	172.717	1302.03	4338.14	649.741
161	172.717	1285.59	4200.02	623.672
162	172.717	1274.63	3885.61	605.909
163	172.717	1262.2 	3905.15	598.995
164	158.653	1249.39	3814.61	582.393
165	158.653	1241.21	3539.37	557.648
166	158.653	1232.48	3566.94	553.77 
167	158.653	1219.22	4202.33	547.51 
168	158.653	1209.01	3741.31	525.309
169	158.653	1196.47	3421.81	510.735
170	158.653	1183.33	3314.63	500.938
171	158.653	1174.73	3359.44	504.731
172	158.653	1166.17	3340.33	490.079
173	158.653	1154.62	3188.36	479.264
174	158.653	1140.88	3161.24	460.297
175	158.653	1132.24	2920.74	451.74 
176	158.653	1121.92	2836.22	442.099
177	158.653	1111.65	2741.29	445.173
178	158.653	1105.84	2902.38	444.321
179	158.653	1094.52	2726.26	440.986
180	158.653	1086.08	3004.29	442.799
181	158.653	1080.45	2671.81	431.01 
182	158.653	1070.75	2841.23	426.862
183	158.653	1062.12	2831.45	421.716
184	158.653	1055.16	2697.6 	405.802
185	154.003	1045.09	2695.16	399.577
186	154.003	1040.14	2657.46	392.391
187	154.003	1035.55	2613.35	378.472
188	153.928	1025.19	2514.28	366.551
189	153.928	1018.83	2469.67	365.665
190	153.928	1011   	2371.04	351.758
191	153.928	1003.02	2378.45	347.396
192	100.185	998.75 	2347.82	348.534
193	100.185	989.092	2245.45	342.213
194	100.185	984.045	2274.37	335.25 
195	100.185	978.498	2660.1 	340.999
196	100.185	970.795	2660.1 	335.201
197	100.185	965.101	2476.33	327.749
198	100.185	959.951	2352.2 	319.567
199	100.185	953.662	2359.98	319.445
Result of algorithm run: SUCCESS, 0, 0, 100.184575, 0
