/usr/lib/python2.7/site-packages/deap/tools/_hypervolume/pyhv.py:33: ImportWarning: Falling back to the python version of hypervolume module. Expect this to be very slow.
  "module. Expect this to be very slow.", ImportWarning)
gen	min    	avg    	max    	std    
0  	500.576	780.452	1009.11	84.7269
1  	500.576	779.296	984.762	84.4889
2  	500.576	777.991	1008.09	85.1943
3  	500.576	776.777	983.541	81.8745
4  	500.576	775.31 	1006.92	80.9438
5  	500.576	774.544	973.265	79.5756
6  	500.576	773.608	966.623	80.1819
7  	500.576	772.35 	1022.16	82.6921
8  	500.576	771.15 	959.169	82.4502
9  	471.085	770.047	964.373	84.094 
10 	471.085	768.913	963.443	82.2882
11 	471.085	768.243	950.244	82.5112
12 	402.104	766.936	977.779	84.5129
13 	402.104	765.688	954.651	85.4162
14 	402.104	764.147	956.027	86.5835
15 	402.104	763.053	961.975	87.2501
16 	402.104	761.778	962.692	87.9718
17 	402.104	760.846	978.964	88.0437
18 	402.104	759.726	994.196	86.1614
19 	402.104	758.323	961.047	85.5416
20 	402.104	756.854	968.017	84.9668
21 	402.104	755.901	934.257	83.2963
22 	402.104	754.886	959.576	83.3299
23 	402.104	753.995	954.902	82.7613
24 	392.597	753.463	932.118	83.215 
25 	392.597	751.523	950.502	83.2963
26 	392.597	750.511	953.808	84.0071
27 	392.597	749.904	961.327	83.0068
28 	392.597	749.058	939.034	82.9471
29 	392.597	748.206	939.705	84.6555
30 	392.597	747.539	961.647	83.8765
31 	392.597	746.511	939.309	84.652 
32 	382.652	745.566	939.309	82.3845
33 	382.652	744.598	954.911	82.7848
34 	382.652	743.997	937.265	83.7104
35 	382.652	742.56 	928.424	81.4095
36 	382.651	741.648	919.025	80.645 
37 	382.651	740.5  	928.022	79.7454
38 	382.651	739.592	917.726	79.5979
39 	382.651	738.985	933.144	77.8562
40 	381.068	738.045	904.524	79.4757
41 	381.068	736.83 	905.332	79.86  
42 	381.068	736.337	905.332	78.9544
43 	381.068	735.759	913.07 	80.317 
44 	381.068	735.29 	895.836	79.3525
45 	381.068	734.644	892.769	78.2538
46 	381.068	733.635	908.76 	77.3257
47 	381.068	732.631	909.731	77.8401
48 	381.068	731.306	921    	76.8783
49 	368.059	730.439	915.484	77.5348
50 	368.059	729.878	910.724	75.5193
51 	368.059	729.036	889.033	75.0495
52 	368.059	728.052	916.671	74.9461
53 	368.059	728.122	911.077	74.8288
54 	367.961	727.476	904.132	75.9644
55 	367.961	727.034	915.171	74.31  
56 	367.961	726.065	908.781	75.0224
57 	367.961	724.774	903.499	74.4402
58 	367.961	723.884	880.8  	75.0499
59 	367.961	723.015	878.695	74.2569
60 	349.379	722.073	880.483	74.7821
61 	349.379	721.157	879.31 	75.9622
62 	349.379	720.312	883.31 	77.3829
63 	349.379	719.351	871.215	74.5612
64 	349.379	718.493	868.358	72.9581
65 	349.379	717.701	875.427	72.8882
66 	340.133	716.826	877.223	74.6249
67 	340.133	716.372	892.741	75.3057
68 	340.133	715.827	889.743	74.5687
69 	340.133	715.166	881.834	73.8548
70 	340.133	714.683	898.657	75.7011
71 	340.133	713.665	869.392	74.4077
72 	340.133	713.393	874.212	75.0056
73 	340.133	712.342	887.996	75.6325
74 	340.133	711.611	875.268	74.5411
75 	340.133	711.21 	875.508	74.7899
76 	340.133	710.527	861.661	74.3456
77 	338.316	709.867	870.206	74.9502
78 	338.316	709.172	882.922	74.0808
79 	338.316	708.214	892.77 	74.1655
80 	320.657	707.554	867.145	74.5342
81 	320.657	706.699	862.242	73.2827
82 	320.657	705.919	859.631	72.8098
83 	320.657	704.762	870.997	72.093 
84 	320.657	704.179	863.058	71.0931
85 	320.657	703.131	864.866	72.2975
86 	304.176	702.543	863.684	72.9409
87 	304.176	701.968	862.015	72.195 
88 	304.176	701.396	859.594	72.3877
89 	304.176	700.779	841.207	70.1623
90 	304.176	700.573	841.207	69.3287
91 	304.176	700.409	834.646	68.5303
92 	304.176	699.999	839.181	69.3068
93 	304.176	698.942	839.79 	68.4636
94 	304.176	698.531	845.676	67.4005
95 	304.176	697.385	834.815	67.3981
96 	304.176	696.581	840.526	67.2366
97 	304.176	695.877	847.172	67.9574
98 	304.176	695.149	835.826	68.9417
99 	304.176	694.685	842.563	68.2874
100	304.176	694.12 	828.632	66.0124
101	295.06 	693.397	829.127	67.7511
102	295.06 	692.612	840.225	68.9362
103	295.06 	692.303	821.62 	68.7616
104	295.06 	691.761	828.2  	69.8852
105	295.06 	691.139	815.725	68.4447
106	295.06 	690.291	815.725	69.0173
107	295.06 	689.81 	821.645	68.4507
108	295.06 	689.315	826.62 	69.1477
109	295.06 	688.864	825.497	70.2097
110	295.06 	688.956	833.692	69.8538
111	295.06 	688.381	822.811	70.4695
112	295.06 	687.996	818.58 	71.5445
113	295.06 	687.585	829.691	70.9829
114	295.06 	687.533	814.867	70.3237
115	295.06 	687.096	814.867	68.613 
116	295.06 	686.534	814.867	67.6887
117	295.06 	685.906	815.16 	68.1917
118	295.06 	685.62 	823.876	68.7199
119	295.06 	685.512	819.297	68.4057
120	295.06 	685.014	818.28 	68.3571
121	295.06 	684.289	821.69 	66.3133
122	295.06 	683.449	818.913	65.1541
123	295.06 	683.012	821.013	65.5941
124	295.06 	682.754	813.576	66.113 
125	295.06 	682.336	813.576	65.2051
126	295.06 	681.923	813.576	63.9875
127	295.06 	681.196	807.999	64.7549
128	295.06 	681.352	806.014	64.1559
129	295.06 	680.575	808.721	65.8262
130	295.06 	680.435	806.401	66.32  
131	295.06 	679.965	802.804	68.4467
132	295.06 	679.719	807.108	67.6101
133	288.327	678.965	806.732	67.9134
134	288.327	678.478	812.821	67.5501
135	288.327	678.414	804.114	66.682 
136	288.327	677.929	809.447	67.3356
137	288.327	677.569	820.631	67.1659
138	288.327	677.679	807.856	66.9189
139	288.327	677.341	812.294	68.6578
140	288.327	676.995	811.271	67.0253
141	288.327	676.509	806.533	66.0644
142	288.327	676.345	796.093	65.7711
143	288.327	676.366	795.036	65.6894
144	283.977	675.769	799.344	65.2473
145	283.977	675.761	806.856	65.8125
146	283.977	675.148	807.124	64.4313
147	283.977	675.346	816.5  	63.8768
148	283.977	675.441	816.5  	63.5168
149	283.977	675.131	810.107	63.0051
150	283.977	674.529	807.423	62.1265
151	283.977	674.037	804.112	63.6402
152	283.977	673.956	798.302	62.3251
153	283.977	673.76 	792.051	62.3057
154	283.977	673.351	783.273	62.4138
155	283.977	672.968	790.489	62.8852
156	283.977	672.445	790.194	62.0929
157	283.949	672.253	786.981	64.3044
158	283.949	671.884	788.906	64.8839
159	283.949	671.497	786.355	65.1213
160	283.949	671.118	793.522	64.2698
161	283.949	671.411	795.315	64.537 
162	283.949	671.249	791.402	64.2447
163	283.949	671.183	793.795	65.0016
164	283.949	670.81 	788.609	64.7373
165	283.949	670.565	791.115	65.3982
166	283.949	670.251	805.758	65.2499
167	283.949	669.714	814.183	65.3673
168	283.949	669.555	804.283	64.0102
169	283.949	669.179	801.985	64.4177
170	283.949	668.873	781.775	65.1056
171	283.949	668.325	787.392	65.0413
172	283.949	667.619	805.445	65.3377
173	283.949	667.201	790.311	64.868 
174	283.949	666.925	778.113	64.1789
175	283.949	666.796	781.531	63.1779
176	283.949	666.595	782.191	63.2032
177	283.949	667.036	782.277	63.1217
178	283.949	666.64 	783.899	63.544 
179	283.949	666.416	797.094	62.0027
180	283.949	666.055	784.842	63.8517
181	283.949	665.444	774.87 	63.9258
182	283.949	665.528	782.887	64.0215
183	283.949	665.305	779.35 	64.2651
184	283.949	664.987	783.684	63.7564
185	283.949	664.961	778.982	61.9884
186	283.949	664.682	778.359	60.8833
187	283.949	664.567	773.57 	60.2473
188	283.949	664.577	783.219	61.353 
189	283.949	664.374	784.326	60.701 
190	283.949	664.175	772.282	60.2989
191	283.949	663.951	787.002	59.53  
192	283.949	663.578	772.795	58.1904
193	283.949	663.728	767.447	58.3161
194	283.949	663.997	776    	59.0796
195	283.949	663.526	769.421	58.6313
196	283.949	663.084	760.64 	58.1183
197	283.949	663.005	771.174	60.3415
198	283.949	662.896	776.942	59.5576
199	283.949	662.232	794.331	59.2279
Result of algorithm run: SUCCESS, 0, 0, 283.949304, 0
