/usr/lib/python2.7/site-packages/deap/tools/_hypervolume/pyhv.py:33: ImportWarning: Falling back to the python version of hypervolume module. Expect this to be very slow.
  "module. Expect this to be very slow.", ImportWarning)
gen	min   	avg        	max        	std   
0  	585852	2.20571e+06	3.78155e+06	578543
1  	585852	2.19723e+06	3.90209e+06	598363
2  	585852	2.17159e+06	4.0255e+06 	602338
3  	577994	2.15964e+06	4.18367e+06	587317
4  	553084	2.13896e+06	4.01872e+06	581530
5  	553084	2.12087e+06	3.69347e+06	549632
6  	553084	2.11096e+06	3.58586e+06	570027
7  	553084	2.10234e+06	3.74821e+06	569371
8  	508731	2.08338e+06	3.79457e+06	562567
9  	508731	2.06122e+06	3.57075e+06	550010
10 	496793	2.03879e+06	3.75757e+06	550485
11 	496793	2.03295e+06	3.35186e+06	540257
12 	392915	2.02076e+06	3.27677e+06	556767
13 	392915	2.00888e+06	3.44035e+06	562010
14 	392915	1.99912e+06	3.61251e+06	542357
15 	392915	1.97507e+06	3.80543e+06	547442
16 	325867	1.96137e+06	3.82919e+06	556113
17 	325867	1.93973e+06	3.36403e+06	540568
18 	325867	1.92944e+06	3.32792e+06	553628
19 	325867	1.90687e+06	3.42192e+06	537784
20 	325867	1.89867e+06	3.57218e+06	555169
21 	205155	1.87485e+06	3.49188e+06	553049
22 	205155	1.8585e+06 	3.25067e+06	547622
23 	205155	1.83683e+06	3.23522e+06	539003
24 	205155	1.82701e+06	3.16579e+06	546028
25 	205155	1.82994e+06	3.19184e+06	546030
26 	205155	1.82005e+06	3.17212e+06	557432
27 	205155	1.8109e+06 	3.2527e+06 	560784
28 	205155	1.79445e+06	3.32101e+06	561419
29 	205155	1.77607e+06	3.22564e+06	548029
30 	205155	1.75281e+06	3.38011e+06	546157
31 	205155	1.7379e+06 	3.26338e+06	516409
32 	205155	1.72089e+06	3.22934e+06	515557
33 	205155	1.70928e+06	3.11149e+06	493190
34 	205155	1.70237e+06	3.22499e+06	489436
35 	205155	1.69586e+06	3.16611e+06	493062
36 	205155	1.68735e+06	2.98668e+06	488361
37 	194558	1.6838e+06 	3.08653e+06	486629
38 	194558	1.66409e+06	2.98689e+06	489384
39 	194558	1.65621e+06	3.01353e+06	501205
40 	194558	1.64225e+06	3.21483e+06	483019
41 	194558	1.62951e+06	3.02049e+06	477289
42 	189791	1.62069e+06	2.9828e+06 	475032
43 	189791	1.61481e+06	2.93178e+06	485479
44 	189791	1.60119e+06	2.8288e+06 	475435
45 	189791	1.58614e+06	2.90276e+06	480832
46 	189791	1.57155e+06	2.90577e+06	467150
47 	189791	1.5633e+06 	2.82179e+06	462192
48 	189791	1.55051e+06	2.68593e+06	450169
49 	189791	1.53122e+06	2.76247e+06	451622
50 	189791	1.52826e+06	2.95562e+06	450950
51 	189791	1.52467e+06	2.96708e+06	449820
52 	189791	1.51357e+06	2.73127e+06	446171
53 	189791	1.49784e+06	2.62957e+06	438680
54 	189791	1.49808e+06	2.86862e+06	452797
55 	189791	1.49118e+06	2.95756e+06	464643
56 	186843	1.47906e+06	2.91628e+06	454561
57 	186843	1.46791e+06	2.68681e+06	443408
58 	186843	1.4576e+06 	2.83614e+06	437602
59 	174078	1.45018e+06	2.74836e+06	441149
60 	174078	1.43797e+06	2.72185e+06	423443
61 	174078	1.43426e+06	2.66814e+06	423639
62 	174078	1.4205e+06 	2.66814e+06	411627
63 	174078	1.4078e+06 	2.62313e+06	407988
64 	174078	1.40256e+06	2.47965e+06	406354
65 	174078	1.39605e+06	2.98682e+06	415706
66 	170358	1.38145e+06	2.38074e+06	405182
67 	170358	1.37876e+06	2.29843e+06	394306
68 	170358	1.36375e+06	2.37671e+06	393428
69 	170358	1.35231e+06	2.52346e+06	391774
70 	170358	1.33745e+06	2.40365e+06	385350
71 	170358	1.33335e+06	2.34207e+06	395643
72 	170358	1.33574e+06	2.38565e+06	392546
73 	170358	1.31657e+06	2.32411e+06	378090
74 	170358	1.30429e+06	2.31533e+06	385796
75 	143726	1.30098e+06	2.40558e+06	376098
76 	143726	1.29451e+06	2.36197e+06	374571
77 	143726	1.28478e+06	2.44348e+06	365478
78 	143726	1.27486e+06	2.35086e+06	362865
79 	141569	1.26704e+06	2.40472e+06	357865
80 	141569	1.25967e+06	2.21093e+06	345952
81 	141569	1.25533e+06	2.25816e+06	346838
82 	141569	1.23937e+06	2.23552e+06	341142
83 	141569	1.2268e+06 	2.22434e+06	335932
84 	141528	1.22438e+06	2.20448e+06	334312
85 	141528	1.21443e+06	2.16389e+06	328441
86 	141528	1.20943e+06	2.11914e+06	329659
87 	138919	1.20629e+06	2.11901e+06	321546
88 	138919	1.20471e+06	2.14298e+06	332423
89 	138919	1.20333e+06	2.25124e+06	335769
90 	138919	1.19579e+06	2.19618e+06	325351
91 	138919	1.19067e+06	2.1738e+06 	314673
92 	138919	1.17933e+06	2.08928e+06	323946
93 	138919	1.17876e+06	2.06488e+06	327314
94 	138919	1.16463e+06	2.32466e+06	321929
95 	138919	1.16009e+06	2.32466e+06	310417
96 	138919	1.15864e+06	2.13366e+06	314656
97 	138919	1.15957e+06	2.23274e+06	313342
98 	138919	1.15235e+06	2.17577e+06	312899
99 	138919	1.1459e+06 	2.05594e+06	314972
100	138919	1.13706e+06	2.06605e+06	313650
101	138919	1.13364e+06	2.0314e+06 	308985
102	138919	1.12668e+06	2.132e+06  	310948
103	138919	1.11941e+06	2.04213e+06	302828
104	138919	1.11943e+06	1.99242e+06	304502
105	138919	1.11665e+06	2.20227e+06	311772
106	138919	1.10723e+06	2.0267e+06 	307905
107	138919	1.10203e+06	2.1297e+06 	313957
108	138919	1.10021e+06	2.03647e+06	301280
109	138919	1.09225e+06	2.08882e+06	305417
110	138919	1.08646e+06	2.02333e+06	299234
111	138919	1.08797e+06	1.93196e+06	295797
112	138919	1.08416e+06	1.9373e+06 	287531
113	138919	1.0707e+06 	1.91492e+06	287689
114	138919	1.06956e+06	1.99227e+06	283159
115	138919	1.06725e+06	1.92966e+06	286293
116	127742	1.06322e+06	1.95674e+06	281487
117	127742	1.06278e+06	1.97937e+06	279429
118	127742	1.0573e+06 	1.92566e+06	284894
119	123137	1.05569e+06	1.95781e+06	275670
120	123137	1.04845e+06	1.92868e+06	270925
121	123137	1.03847e+06	2.039e+06  	266563
122	123137	1.0351e+06 	1.94585e+06	267183
123	120877	1.03103e+06	1.99688e+06	260265
124	120877	1.02746e+06	1.95791e+06	266476
125	120877	1.02435e+06	2.08396e+06	270541
126	120877	1.02198e+06	1.87534e+06	262287
127	120877	1.02161e+06	1.95107e+06	258512
128	120877	1.01776e+06	1.80622e+06	253463
129	113453	1.0154e+06 	1.8999e+06 	248690
130	113453	1.01309e+06	1.80407e+06	248467
131	112117	1.00933e+06	1.79601e+06	247747
132	112117	1.00217e+06	1.75826e+06	238030
133	112117	996506     	1.7339e+06 	238673
134	112117	993134     	1.72436e+06	235815
135	112117	989510     	1.82363e+06	234830
136	112117	987464     	1.75707e+06	241837
137	112117	985364     	1.69671e+06	243514
138	108656	979814     	1.89816e+06	238379
139	108656	977337     	1.85445e+06	249903
140	108656	974192     	1.7559e+06 	246627
141	108656	965163     	1.74791e+06	245536
142	108656	963360     	1.70798e+06	243433
143	100207	957544     	1.70807e+06	239563
144	100207	958171     	1.66779e+06	238327
145	100207	953670     	2.02273e+06	240192
146	100207	944631     	1.80089e+06	236435
147	100207	941143     	1.60101e+06	224763
148	100207	939711     	1.58259e+06	225101
149	100207	940724     	1.56275e+06	221116
150	100207	936506     	1.54057e+06	219888
151	100207	932544     	1.4501e+06 	219252
152	100207	930505     	1.43746e+06	220867
153	100207	923129     	1.44494e+06	224599
154	100207	923199     	1.68963e+06	225849
155	100207	920330     	1.45238e+06	228798
156	100207	919224     	1.48079e+06	227497
157	99725.6	922170     	1.50753e+06	224511
158	99725.6	917840     	1.48403e+06	222754
159	99725.6	917819     	1.53247e+06	221775
160	99725.6	911872     	1.59073e+06	218048
161	99725.6	910005     	1.49138e+06	213865
162	99725.6	908793     	1.43069e+06	213893
163	99725.6	909620     	1.50126e+06	215479
164	99725.6	909964     	1.72674e+06	221372
165	99725.6	906583     	1.51928e+06	216552
166	99725.6	905005     	1.43954e+06	213886
167	99725.6	906785     	1.42386e+06	215552
168	99725.6	901151     	1.36885e+06	210370
169	99725.6	899008     	1.4428e+06 	212165
170	99725.6	890644     	1.3999e+06 	207696
171	99725.6	890380     	1.44409e+06	211032
172	99725.6	884907     	1.40781e+06	211337
173	99725.6	886103     	1.37799e+06	210287
174	99725.6	881758     	1.32993e+06	207561
175	99725.6	876608     	1.52265e+06	211817
176	99725.6	876534     	1.36931e+06	211038
177	99725.6	874247     	1.44262e+06	211950
178	99725.6	873848     	1.42989e+06	212390
179	99725.6	874953     	1.40613e+06	213181
180	97900.7	870942     	1.48485e+06	217748
181	97900.7	867486     	1.48253e+06	214885
182	97900.7	864598     	1.29579e+06	213842
183	96046.6	862748     	1.33203e+06	217656
184	96046.6	863556     	1.29348e+06	213984
185	96046.6	861696     	1.20867e+06	210573
186	96046.6	859296     	1.28374e+06	206486
187	96046.6	855108     	1.36725e+06	211062
188	96046.6	851250     	1.2854e+06 	211001
189	96046.6	849902     	1.27626e+06	212490
190	96046.6	849339     	1.43176e+06	213789
191	96046.6	848899     	1.40017e+06	213525
192	96046.6	848635     	1.46422e+06	212889
193	94182  	847632     	1.39255e+06	210865
194	94182  	847327     	1.36246e+06	210906
195	94182  	844434     	1.30518e+06	209724
196	94182  	841419     	1.24484e+06	206967
197	74915.8	838399     	1.23493e+06	207426
198	74915.8	835734     	1.25186e+06	206291
199	74915.8	837418     	1.30771e+06	206601
Result of algorithm run: SUCCESS, 0, 0, 74915.824351, 0
