/usr/lib/python2.7/site-packages/deap/tools/_hypervolume/pyhv.py:33: ImportWarning: Falling back to the python version of hypervolume module. Expect this to be very slow.
  "module. Expect this to be very slow.", ImportWarning)
gen	min    	avg    	max    	std 
0  	1753.72	4426.33	8805.65	1457
1  	1495.19	4395.88	9743.56	1500.73
2  	1172.72	4309.82	8760.05	1424.27
3  	1172.72	4277.14	8434.46	1321.06
4  	1172.72	4228.48	9269.09	1387   
5  	1049.49	4174.51	8953.38	1383.87
6  	1049.49	4131.32	9001.64	1347.07
7  	1049.49	4102.94	8555.13	1289.75
8  	1049.49	4088.72	8516.71	1311.35
9  	1049.49	4071.48	8896.54	1311.12
10 	1049.49	4046.15	8596.72	1257.04
11 	1049.49	4026.73	8607.52	1328.29
12 	1049.49	3977.54	8484.73	1313.42
13 	1049.49	3953.76	8164.46	1316.61
14 	998.225	3938.97	8422.54	1310.97
15 	998.225	3889.18	8357.48	1268.56
16 	990.63 	3838.62	7662.91	1287.12
17 	860.403	3808.81	7849.82	1282.18
18 	860.403	3763.5 	7888.2 	1280.6 
19 	860.403	3710.02	8019.7 	1230.28
20 	860.403	3694.72	7589.78	1254.89
21 	860.403	3663.36	7527.95	1208.52
22 	860.403	3650.46	7695.25	1167.65
23 	860.403	3607.87	6979.71	1126.97
24 	860.403	3601.25	7227.77	1146.15
25 	823.573	3542.94	7132.82	1108.41
26 	823.573	3503.7 	6787.04	1099.68
27 	743.812	3496.88	7379.94	1124.94
28 	743.812	3439.67	6916.9 	1114.51
29 	743.812	3422.58	7539.16	1134.23
30 	743.812	3421   	7818.2 	1166.38
31 	743.812	3410.74	7947.64	1151.74
32 	743.812	3360.44	7947.64	1128.84
33 	743.812	3325.12	6822.99	1087.65
34 	743.812	3303.19	6668.9 	1058.32
35 	743.812	3250.83	7078.33	1092.88
36 	743.812	3206.77	7047.09	1079.97
37 	743.812	3187.32	7520.94	1057.95
38 	743.812	3192.05	6899.54	1062.25
39 	743.812	3148.53	6664.81	989.437
40 	743.812	3116.24	6540.89	984.538
41 	743.812	3074.62	6349.26	1010.69
42 	743.812	3095.11	6743.62	1039.91
43 	743.812	3075.86	6263.68	1024.92
44 	741.184	3036.56	6154.32	989.015
45 	741.184	3022.28	5934.98	1004.72
46 	741.184	2977.09	5981.2 	972.114
47 	610.223	2991.92	6014.99	987.932
48 	610.223	2977.73	6365.66	983.884
49 	610.223	2979.09	6365.66	971.593
50 	610.223	2970.93	6064.94	994.473
51 	610.223	2940.1 	5845.22	957.563
52 	610.223	2931.06	5681.72	931.162
53 	610.223	2897.83	6241.02	912.945
54 	610.223	2886.15	6117.57	898.419
55 	610.223	2890.74	6093.88	912.482
56 	610.223	2850.07	5898.78	875.051
57 	610.223	2804.83	5729.78	848.587
58 	610.223	2761.18	5921.2 	825.089
59 	610.223	2734.61	5489.65	852.202
60 	610.223	2739.99	5843.19	853.356
61 	610.223	2723.46	5812   	877.31 
62 	599.496	2689.53	5412.33	857.103
63 	599.496	2661.91	5445.02	848.1  
64 	599.496	2633.4 	5540.09	859.386
65 	599.496	2636.43	5346.87	851.006
66 	587.617	2595.23	5344.33	782.13 
67 	510.472	2581.51	5290.26	785.203
68 	510.472	2538.55	4879.44	756.736
69 	510.472	2510.43	5333.98	749.016
70 	510.472	2517.5 	5283.47	754.028
71 	510.472	2513.37	5009.16	747.748
72 	510.472	2485.26	5203.58	736.774
73 	510.472	2459.49	4689.97	728.698
74 	492.797	2438.48	5047.97	744.207
75 	492.797	2420.88	4817.15	765.051
76 	492.797	2400.23	4622.48	775.119
77 	492.797	2368.97	4764.26	747.906
78 	492.797	2353.15	4788.28	735.438
79 	492.797	2340.53	4432.69	730.397
80 	492.797	2316.56	4410.94	724.384
81 	492.797	2310.29	5079.31	697.529
82 	492.797	2301.85	4711.34	704.176
83 	483.055	2294.07	4645.16	735.662
84 	483.055	2277.79	4315.13	693.655
85 	483.055	2238.22	4412.19	679.703
86 	483.055	2218.3 	4736.25	695.435
87 	483.055	2208.49	4907.57	704.983
88 	483.055	2211.98	5077.48	706.902
89 	483.055	2217.48	4654.24	689.1  
90 	483.055	2217.97	4563.58	701.464
91 	483.055	2202.14	4682.23	694.869
92 	483.055	2191.24	4450.71	679.483
93 	483.055	2169.92	4496.78	677.908
94 	483.055	2151.75	4251.94	661.255
95 	483.055	2129.08	4271   	650.447
96 	483.055	2117.42	4117.11	641.123
97 	483.055	2113.97	5093.04	676.588
98 	483.055	2092.47	4722.97	660.758
99 	483.055	2089.03	4509.27	655.269
100	483.055	2065.04	4638.3 	637.925
101	483.055	2066.33	4590.39	637.269
102	483.055	2046.27	4212.15	637.949
103	483.055	2031.58	4955.85	653.326
104	483.055	2031.4 	4228.99	650.655
105	483.055	2010.74	4386.73	630.299
106	483.055	1992.34	4148.67	631.218
107	483.055	1971.9 	4358.05	600.698
108	483.055	1956.71	4027.24	588.279
109	483.055	1944.48	3785.52	574.684
110	483.055	1928.47	3702.63	565.914
111	483.055	1924.68	3604.44	569.733
112	483.055	1913.14	3721.98	558.87 
113	483.055	1917.03	3828.63	573.531
114	483.055	1921.81	3684.83	541.148
115	483.055	1911.63	3578.62	536.264
116	483.055	1894.43	3695.15	527.865
117	483.055	1878.54	3607.8 	537.431
118	483.055	1864.48	3890.51	537.008
119	483.055	1851.98	3642.07	536.291
120	483.055	1833.25	3885.74	535.068
121	483.055	1832.68	3595   	529.46 
122	483.055	1819.5 	3560.96	534.737
123	483.055	1825.34	3567.93	525.433
124	483.055	1810.58	3541.29	514.792
125	483.055	1805.2 	3437.78	508.203
126	483.055	1790.75	3760.5 	512.017
127	483.055	1780.66	3343.4 	509.313
128	483.055	1767.68	3385.9 	529.608
129	483.055	1759.83	3385.9 	513.509
130	483.055	1759.97	3575.34	515.139
131	483.055	1751   	3640.84	514.977
132	483.055	1746.4 	3418.78	498.351
133	483.055	1743.01	3594.59	509.278
134	483.055	1738.48	3705.22	513.997
135	483.055	1730.79	3318.23	507.666
136	483.055	1720.91	3431.14	490.338
137	483.055	1725.06	3459.06	509.099
138	483.055	1721.56	3330.01	479.308
139	469.046	1703.79	3365.57	487.524
140	469.046	1702.75	3309.24	479.515
141	469.046	1682.47	3214.03	475.059
142	469.046	1681.77	3389.21	485.513
143	469.046	1670.31	3373.43	476.022
144	469.046	1665.36	3449.58	475.136
145	469.046	1643.73	3114.05	446.232
146	469.046	1632.24	3114.05	441.743
147	469.046	1619.64	3005.51	428.334
148	469.046	1624.03	3109.47	414.685
149	469.046	1624.77	3152.03	414.029
150	469.046	1617.76	2849   	423.263
151	469.046	1608.37	2920.38	416.135
152	469.046	1596.35	2791.09	420.196
153	469.046	1595.22	2758.5 	425.259
154	469.046	1577.32	3006.89	416.169
155	469.046	1574.85	3006.89	414.363
156	469.046	1573.06	2930.35	411.818
157	469.046	1583.1 	3220.85	406.565
158	469.046	1575.97	2889.49	422.08 
159	461.399	1568.54	2764.7 	410.002
160	461.399	1559.28	2808.96	404.897
161	460.6  	1553.83	2756.13	404.153
162	460.6  	1544.89	2856.77	400.301
163	460.6  	1541.88	2797.06	398.333
164	460.6  	1541.28	2705.72	387.502
165	460.6  	1532.34	2705.72	373.589
166	460.6  	1530.17	2613.4 	364.765
167	460.6  	1522.09	2604.02	366.337
168	460.6  	1515.27	2642.52	363.723
169	448.971	1504.06	2669.91	351.826
170	448.971	1501.89	2573.93	354.755
171	448.971	1489.52	2673.62	368.057
172	448.971	1481.98	2698.59	367.44 
173	446.381	1482.8 	2682.55	357.911
174	446.381	1480.33	2588.75	353.495
175	446.381	1465.17	2596.46	340.557
176	446.381	1458.49	2596.07	333.241
177	446.381	1452.09	2411.19	330.657
178	446.381	1450.75	2529.57	331.787
179	437.784	1444.5 	2407.79	335.807
180	437.784	1433.72	2248.49	322.15 
181	437.784	1426.09	2328.05	311.395
182	437.784	1431.84	2333.57	311.177
183	437.784	1428.88	2497.99	328.528
184	437.784	1427.19	2353.17	318.569
185	437.784	1421.87	2353.17	322.994
186	437.784	1419.25	2348.17	307.254
187	437.784	1426.8 	2519.55	317.567
188	437.784	1415.11	2446.4 	321.568
189	426.24 	1407.29	2328.6 	310.02 
190	426.24 	1403.24	2318.13	301.355
191	426.24 	1400.6 	2494.49	298.67 
192	426.24 	1399.84	2511.56	307.333
193	402.175	1393.58	2474.73	314.624
194	387.533	1390.98	2249.15	307.455
195	387.533	1386.95	2248.1 	309.664
196	387.533	1389.32	2324.98	317.273
197	387.533	1379.24	2320.76	304.665
198	387.533	1380.18	2228.88	296.413
199	387.533	1375.71	2312.72	298.773
Result of algorithm run: SUCCESS, 0, 0, 387.532782, 0
