/usr/lib/python2.7/site-packages/deap/tools/_hypervolume/pyhv.py:33: ImportWarning: Falling back to the python version of hypervolume module. Expect this to be very slow.
  "module. Expect this to be very slow.", ImportWarning)
gen	min    	avg    	max    	std    
0  	1429.44	4395.76	9990.85	1449.06
1  	1425.03	4333.15	9926.9 	1452.1 
2  	1425.03	4292.03	9304.07	1421.57
3  	1346.36	4255.54	9137.81	1421.98
4  	1346.36	4151.75	8400.03	1384.66
5  	1346.36	4120   	8438.22	1354.82
6  	1346.36	4083.5 	8356.43	1314.66
7  	1346.36	4061.34	8356.43	1256.48
8  	1346.36	3994.04	7862.46	1220.65
9  	1346.36	3949.1 	8238.96	1221.06
10 	1346.36	3967.89	8040.82	1268.65
11 	1300.72	3921.87	9399.43	1293.48
12 	1266.7 	3939.15	9087.67	1309.16
13 	1266.7 	3879.22	8677.84	1322.95
14 	1266.7 	3851.93	8677.84	1336.47
15 	1266.7 	3851.09	8302.1 	1316.76
16 	1260.3 	3829.78	8132.13	1237.24
17 	1260.3 	3796.02	7879.66	1243.19
18 	1260.3 	3773.87	8396.1 	1281.17
19 	1163.89	3719.81	8396.1 	1243.73
20 	1163.89	3698.15	8394.97	1217.51
21 	1079.73	3638.03	7670.13	1206.17
22 	950.095	3631.76	7670.13	1213.08
23 	950.095	3607.45	8466.37	1217.69
24 	950.095	3586.32	8167.93	1178.75
25 	860.638	3560.31	7567.78	1127.48
26 	860.638	3555.46	7567.78	1116.16
27 	860.638	3554.55	7567.78	1134.51
28 	860.638	3540.6 	8165.37	1111.05
29 	860.638	3491.89	8165.37	1080.73
30 	860.638	3466.14	7457.38	1099.06
31 	860.638	3452.77	7160.35	1109.58
32 	860.638	3427.19	7812.27	1111.17
33 	860.638	3399.32	7523.68	1111.39
34 	715.47 	3351.86	7512.21	1080   
35 	715.47 	3325.92	6791.08	1072.34
36 	715.47 	3295.41	6275.06	1043.61
37 	715.47 	3278.51	6176.54	1037.86
38 	715.47 	3223.94	6324.47	1022.41
39 	715.47 	3225.78	6304.17	1010.28
40 	715.47 	3191.34	6183.53	999.031
41 	715.47 	3160.02	6522.19	997.441
42 	715.47 	3118.23	6360.8 	980.758
43 	715.47 	3079.62	5681.76	953.267
44 	715.47 	3057.08	6875.58	979.809
45 	715.47 	3026.4 	6950.11	1003.38
46 	715.47 	2986.77	6330.57	931.921
47 	715.47 	3010.3 	6744.48	967.461
48 	715.47 	3016.35	6006.56	962.344
49 	715.47 	2972.24	5938.82	966.281
50 	715.47 	2932.54	6186.42	1005.66
51 	715.47 	2902.02	6205.51	1014.51
52 	715.47 	2883.3 	7280.47	1021.44
53 	698.558	2878.75	6435.02	1017.23
54 	698.558	2864.38	6233.4 	969.207
55 	698.558	2846.35	6933.05	953.597
56 	698.558	2812.41	6200.17	920.25 
57 	667.041	2797.04	6152.25	928.192
58 	667.041	2758.29	5869.2 	930.805
59 	667.041	2702.66	6175.2 	882.442
60 	667.041	2688.53	6022.21	871.637
61 	649.73 	2663.51	5607.49	833.269
62 	638.81 	2648.37	5287.36	838.357
63 	544.027	2645.46	5400.17	843.462
64 	544.027	2637.35	5773.15	823.466
65 	544.027	2630.38	5773.15	821.571
66 	544.027	2637.18	5277.01	828.906
67 	544.027	2607.92	5188.72	822.67 
68 	544.027	2585.98	5168.97	792.538
69 	544.027	2558.31	5034.28	781.672
70 	544.027	2538.9 	5118.67	794.044
71 	544.027	2519.08	4752.47	782.931
72 	525.034	2497.04	5407.6 	785.048
73 	525.034	2491.83	5104.14	796.931
74 	525.034	2457.93	5613.57	771.399
75 	525.034	2445.74	6084.79	770.112
76 	525.034	2429.12	5682.49	774.144
77 	525.034	2400.6 	5242.42	759.811
78 	525.034	2414.19	4770.16	763.387
79 	525.034	2392.16	4394.5 	732.144
80 	525.034	2365.53	4799.9 	728.13 
81 	525.034	2351.47	5236.69	764.656
82 	525.034	2326.73	5007.69	753.396
83 	525.034	2308.83	4819.3 	714.581
84 	525.034	2293.61	4659.69	720.033
85 	525.034	2280.24	4658.22	738.175
86 	525.034	2266.46	4682.11	745.126
87 	451.097	2237.27	4591.12	726.33 
88 	451.097	2230.57	4674.04	719.42 
89 	451.097	2209.92	4571.71	702.089
90 	451.097	2194.45	4546.9 	705.605
91 	451.097	2172.53	4510.81	691.009
92 	451.097	2155.12	4806.98	684.242
93 	451.097	2150.99	4867.71	679.894
94 	451.097	2115.76	4548.7 	649.505
95 	451.097	2103.56	4374.43	645.3  
96 	451.097	2082.39	4107.07	637.168
97 	451.097	2079.42	3972.65	636.54 
98 	450.86 	2056.53	4176.95	636.986
99 	450.86 	2047.76	4253.65	633.934
100	450.86 	2046.64	4206.08	629.996
101	450.86 	2034.33	4345.84	631.436
102	450.86 	2016.83	4254.2 	638.727
103	450.86 	2009.43	4148.24	646.964
104	450.86 	2007.1 	4427.26	655.696
105	450.86 	1987.68	4113.51	638.648
106	450.86 	1971.09	3850.17	627.265
107	450.86 	1976.33	4500.47	621.183
108	450.86 	1977.59	4407.02	626.648
109	450.86 	1946.9 	4159.27	613.458
110	448.851	1938.18	4029.48	615.709
111	448.851	1923.19	3883.41	602.825
112	448.851	1898.82	3883.41	593.633
113	448.851	1886.57	4041   	582.459
114	448.851	1875.17	3886.34	557.021
115	448.851	1863.89	3479.13	544.488
116	448.851	1860.35	4096.83	546.201
117	448.851	1859.4 	4201.09	562.446
118	448.851	1851.08	4135.68	582.707
119	448.851	1840.57	3999.42	585.727
120	448.851	1836.29	4122.69	579.953
121	448.851	1806.74	3896.19	550.078
122	448.851	1792.07	3896.19	531.189
123	448.851	1789.38	3534.66	526.837
124	448.851	1778.18	3793.18	534.771
125	448.851	1772.9 	3486.31	536.868
126	448.851	1761.59	3552.88	538.859
127	448.851	1747.79	4066.72	546.055
128	448.851	1748.96	3888.91	537.881
129	448.851	1744.42	3977.23	553.906
130	444.302	1735.07	4269.76	539.251
131	444.302	1725.6 	3805.96	503.046
132	444.302	1713.41	3860.73	506.224
133	444.302	1700.34	3479.85	493.962
134	444.302	1696.21	3419.39	497.436
135	444.302	1685.12	3481.73	472.814
136	444.302	1680.4 	3496.46	456.783
137	444.302	1667.58	3214.66	461.891
138	440.038	1663.05	2941.35	447.895
139	440.038	1660.61	3362.55	452.506
140	440.038	1641.35	3264.22	441.766
141	428.531	1638.35	3106.35	453.316
142	428.531	1626   	2971.76	440.308
143	428.531	1625.34	2948.71	445.933
144	428.531	1609.91	2919.88	435.477
145	428.531	1604.96	2948.9 	429.188
146	428.531	1602.83	2906.64	419.532
147	428.531	1605.38	2925.06	434.878
148	428.531	1593.79	3197.5 	431.53 
149	428.531	1584.24	3054.08	430.054
150	428.531	1582.48	2912.75	431.096
151	428.531	1575.84	2782.56	420.002
152	388.535	1560.47	2670.98	411.37 
153	388.535	1567.34	3004.1 	433.939
154	388.535	1559.86	3088.02	433.496
155	385.463	1559.06	2865.22	417.439
156	385.463	1554.69	2921.06	412.376
157	385.463	1548.66	2885.57	412.069
158	385.463	1547.26	2963.6 	416.296
159	385.463	1543.77	2906.72	415.825
160	385.463	1529.37	2890.86	405.208
161	385.463	1525.58	2953.65	386.903
162	385.463	1520.32	2883.55	397.497
163	385.463	1514.09	2893.93	399.543
164	385.463	1501.71	3003.04	397.821
165	385.463	1490.36	3003.04	391.02 
166	385.463	1494.97	2849.6 	391.091
167	385.463	1492.25	3036.92	389.776
168	385.463	1479.84	2714.31	371.366
169	385.463	1481   	3011.78	376.977
170	385.463	1475.9 	2714.31	382.877
171	385.463	1470.35	2674.08	372.424
172	385.463	1458.55	2683.77	363.628
173	385.463	1457.37	2683.77	368.786
174	385.463	1456.62	2617.55	358.23 
175	385.463	1454.91	2546.74	359.238
176	385.463	1446.56	2840.58	367.501
177	385.463	1445.54	2693.68	367.22 
178	377.974	1440.9 	2876.57	372.946
179	377.974	1438.21	2650.5 	371.833
180	377.974	1430.68	2928.24	371.82 
181	377.974	1426.74	2861.66	360.427
182	377.974	1416.6 	2698.93	354.09 
183	377.974	1414.79	2528.68	347.131
184	377.974	1407.69	2523.78	346.843
185	377.974	1395.47	2584.58	349.509
186	377.974	1394.32	2405.79	343.987
187	377.974	1394.88	2481.55	344.191
188	377.974	1388.34	2482.26	349.729
189	377.974	1384.59	2863.76	358.314
190	377.974	1372.77	2647.34	355.357
191	377.974	1374.56	2358.25	340.39 
192	377.974	1367.7 	2351.84	332.404
193	377.974	1366.14	2395.7 	322.22 
194	377.974	1361.46	2380.19	322.229
195	366.439	1356.59	2461.89	318.39 
196	366.439	1356.88	2513.87	317.823
197	366.439	1354.14	2304.94	311.2  
198	366.439	1351.91	2325.22	313.692
199	366.439	1354.3 	2280.44	316.878
Result of algorithm run: SUCCESS, 0, 0, 366.439054, 0
