/usr/lib/python2.7/site-packages/deap/tools/_hypervolume/pyhv.py:33: ImportWarning: Falling back to the python version of hypervolume module. Expect this to be very slow.
  "module. Expect this to be very slow.", ImportWarning)
gen	min   	avg        	max        	std   
0  	419624	1.41436e+06	2.71432e+06	401151
1  	416817	1.40207e+06	2.6754e+06 	393527
2  	416817	1.38109e+06	2.54478e+06	401308
3  	374218	1.36273e+06	2.54478e+06	406536
4  	374218	1.34951e+06	2.49551e+06	417274
5  	324118	1.33402e+06	2.57787e+06	419700
6  	319097	1.31778e+06	2.37891e+06	419077
7  	319097	1.30344e+06	2.42943e+06	419669
8  	319097	1.28367e+06	2.40999e+06	423635
9  	319097	1.27546e+06	2.39125e+06	423971
10 	308531	1.25851e+06	2.60686e+06	423845
11 	280285	1.23525e+06	2.53974e+06	420466
12 	277994	1.2231e+06 	2.50141e+06	424876
13 	277994	1.21116e+06	2.46807e+06	404259
14 	269746	1.19326e+06	2.36838e+06	402391
15 	269746	1.17513e+06	2.32027e+06	397873
16 	233840	1.15941e+06	2.32027e+06	397811
17 	233840	1.14451e+06	2.30061e+06	387223
18 	233840	1.13133e+06	2.32912e+06	380913
19 	233840	1.11946e+06	2.32912e+06	380091
20 	228661	1.10477e+06	2.0429e+06 	380945
21 	228661	1.0899e+06 	2.17437e+06	389230
22 	221463	1.07283e+06	2.13777e+06	382548
23 	221463	1.06278e+06	2.20879e+06	378675
24 	221463	1.05278e+06	2.12382e+06	374629
25 	221463	1.04038e+06	2.17097e+06	373218
26 	203834	1.02886e+06	2.0419e+06 	362426
27 	203730	1.01447e+06	2.03452e+06	360042
28 	203730	1.00194e+06	1.99429e+06	364345
29 	203730	988741     	1.85497e+06	360128
30 	203730	978089     	1.96812e+06	357560
31 	203730	966981     	1.97078e+06	354030
32 	203730	958977     	1.92957e+06	346641
33 	203610	945624     	1.96562e+06	344190
34 	203610	933052     	1.95618e+06	338412
35 	203610	923587     	2.0112e+06 	335105
36 	203610	912297     	2.08345e+06	338783
37 	203610	903272     	1.93682e+06	328647
38 	203610	892150     	1.76398e+06	333290
39 	203610	879044     	1.79671e+06	337969
40 	189176	870037     	1.78365e+06	332595
41 	188343	860688     	1.7546e+06 	329227
42 	181895	847393     	1.82618e+06	326614
43 	145298	834945     	1.82618e+06	320069
44 	145298	825399     	1.85816e+06	309183
45 	140872	817077     	1.79455e+06	309363
46 	132545	805970     	1.77252e+06	306028
47 	132545	795514     	1.73056e+06	291500
48 	132545	784367     	1.8013e+06 	294406
49 	132545	775420     	1.72555e+06	287785
50 	130305	766853     	1.70339e+06	287515
51 	130305	757186     	1.64158e+06	277040
52 	130305	750112     	1.59521e+06	277753
53 	130305	742507     	1.56602e+06	280959
54 	130305	734775     	1.82259e+06	283651
55 	130305	726516     	1.73037e+06	282242
56 	130305	719235     	1.69357e+06	270878
57 	130305	712014     	1.62031e+06	268913
58 	116052	702679     	1.54253e+06	266089
59 	116052	696410     	1.54383e+06	259444
60 	106995	690489     	1.52517e+06	254035
61 	106995	683330     	1.43839e+06	251959
62 	104925	676924     	1.41652e+06	248850
63 	104925	666339     	1.44046e+06	260699
64 	102737	655256     	1.36362e+06	252614
65 	102737	649240     	1.31582e+06	253304
66 	102737	640998     	1.41712e+06	266144
67 	102737	635134     	1.5518e+06 	261233
68 	102737	626335     	1.4493e+06 	253159
69 	90510.9	621174     	1.4583e+06 	254541
70 	90510.9	615084     	1.40406e+06	242202
71 	90510.9	609570     	1.40981e+06	239475
72 	90510.9	603483     	1.40761e+06	242170
73 	90510.9	597577     	1.42612e+06	242413
74 	90510.9	590696     	1.38943e+06	237699
75 	90510.9	584914     	1.2472e+06 	226882
76 	80622.7	576836     	1.38127e+06	224296
77 	80622.7	570601     	1.34917e+06	230620
78 	80622.7	563375     	1.27188e+06	227102
79 	80622.7	556485     	1.21315e+06	226064
80 	80622.7	550411     	1.27909e+06	223610
81 	79342.8	545007     	1.24539e+06	221801
82 	75709.7	538878     	1.24423e+06	218588
83 	75709.7	534267     	1.21157e+06	217720
84 	75709.7	529343     	1.16872e+06	215905
85 	75709.7	522357     	1.15451e+06	216835
86 	75709.7	518499     	1.15124e+06	219040
87 	75709.7	513277     	1.22006e+06	219165
88 	75709.7	508555     	1.19059e+06	213143
89 	75709.7	503997     	1.34683e+06	216042
90 	75709.7	495439     	1.25528e+06	208272
91 	75709.7	489398     	1.18311e+06	200927
92 	75709.7	486008     	1.20543e+06	202734
93 	75709.7	478983     	1.24534e+06	196631
94 	75709.7	475112     	1.10178e+06	196627
95 	75709.7	467862     	1.12375e+06	192181
96 	75709.7	464530     	1.07434e+06	190827
97 	75709.7	460021     	1.04328e+06	189510
98 	75709.7	454490     	1.0529e+06 	191386
99 	75709.7	449319     	1.03928e+06	185752
100	75709.7	444664     	1.00441e+06	179875
101	75709.7	439835     	1.12418e+06	171029
102	75709.7	437044     	1.11291e+06	169492
103	75709.7	434403     	1.06567e+06	161504
104	75709.7	429662     	964528     	161714
105	75474.8	425650     	967283     	162664
106	75474.8	421050     	930079     	162593
107	70685.2	416130     	1.04642e+06	169769
108	70685.2	412239     	940247     	167720
109	68343.1	408949     	935848     	165524
110	62521.2	404314     	940360     	161717
111	62521.2	400600     	940615     	163224
112	62521.2	397368     	923891     	161099
113	62521.2	392605     	986506     	156447
114	60476.5	389474     	877808     	151764
115	60476.5	385737     	974547     	149876
116	60476.5	382069     	887753     	143595
117	60476.5	378502     	874025     	142977
118	60476.5	374398     	907869     	147038
119	60476.5	370968     	895290     	142373
120	59805.8	366568     	852242     	141205
121	59805.8	363708     	870759     	138822
122	59805.8	360555     	870759     	139852
123	59805.8	356622     	848892     	136458
124	59805.8	354253     	845752     	140967
125	59805.8	352058     	812531     	140838
126	59805.8	348838     	819714     	134248
127	59805.8	345264     	737387     	129315
128	59582.5	342828     	737387     	126327
129	59582.5	340761     	785518     	127117
130	59582.5	337964     	743480     	123845
131	59582.5	335725     	680335     	124248
132	59552.1	333758     	770187     	124395
133	59552.1	331303     	794506     	125090
134	59552.1	329180     	794506     	127587
135	59552.1	325464     	788880     	123054
136	59552.1	322502     	783651     	120848
137	59552.1	321134     	704420     	117479
138	59552.1	318893     	706538     	119576
139	59552.1	315329     	706538     	118455
140	59552.1	312484     	693833     	118964
141	59552.1	310063     	751189     	119885
142	59552.1	307112     	727128     	117021
143	59552.1	304152     	762867     	117334
144	59552.1	301520     	697410     	115559
145	59552.1	299455     	709116     	111976
146	59552.1	296507     	699278     	114443
147	59552.1	294761     	724374     	113482
148	59552.1	292686     	672010     	111660
149	59552.1	290578     	730207     	108728
150	59552.1	288280     	634403     	106553
151	59552.1	286429     	623179     	105752
152	59552.1	285156     	628386     	103523
153	59552.1	282768     	622376     	102130
154	59552.1	280855     	617148     	97299.3
155	59552.1	278285     	667829     	98194.2
156	59552.1	276036     	617148     	94896.5
157	58376.4	274740     	599883     	92520  
158	58376.4	273181     	591581     	91784.9
159	56563.3	271775     	600462     	92563.7
160	56563.3	270223     	590295     	91298.8
161	56563.3	268133     	590295     	92715.8
162	56563.3	265812     	587716     	92643.3
163	56563.3	264119     	571890     	91162.6
164	56563.3	262111     	573392     	91783.1
165	56297  	260896     	551702     	92973.7
166	56297  	259393     	576848     	92489.8
167	56297  	257672     	605339     	92036.1
168	52854.4	256857     	534394     	89160.8
169	52854.4	255057     	539268     	87800.3
170	52854.4	253192     	557358     	87603.4
171	52854.4	251956     	535083     	85253.3
172	51045.3	249965     	533017     	83244.7
173	51045.3	248517     	502779     	81216.8
174	51045.3	247198     	508463     	82139.1
175	51045.3	245895     	509424     	81253.4
176	51045.3	244174     	504153     	78894.3
177	51045.3	242720     	503794     	78146.7
178	50346.7	241561     	487990     	76756.7
179	50346.7	240531     	503991     	76011.8
180	50346.7	239004     	488199     	74278.5
181	50346.7	237397     	481331     	72715.7
182	50346.7	236086     	490147     	72303.5
183	49461.3	235060     	502227     	72086.3
184	49461.3	233827     	497045     	71148.2
185	49461.3	231842     	471324     	72161.4
186	49461.3	230730     	486873     	72458.5
187	46043.4	229626     	486967     	71037.5
188	46043.4	228204     	480802     	71100.9
189	46043.4	226955     	478313     	69341.9
190	46043.4	225943     	476690     	66699.4
191	46043.4	224617     	476859     	68395.2
192	46043.4	223367     	463742     	66636.5
193	46043.4	222256     	448120     	65312.1
194	46043.4	220852     	445828     	62743.9
195	46043.4	219676     	444468     	63933.7
196	46043.4	218696     	452553     	63228.8
197	46043.4	217444     	437940     	62531.1
198	46043.4	216358     	427098     	61222.3
199	46043.4	215457     	417527     	59545.6
Result of algorithm run: SUCCESS, 0, 0, 46043.413309, 0
