/usr/lib/python2.7/site-packages/deap/tools/_hypervolume/pyhv.py:33: ImportWarning: Falling back to the python version of hypervolume module. Expect this to be very slow.
  "module. Expect this to be very slow.", ImportWarning)
gen	min   	avg        	max        	std   
0  	441779	1.47255e+06	2.62689e+06	431782
1  	441779	1.45212e+06	2.63817e+06	432564
2  	441779	1.43581e+06	2.75258e+06	432718
3  	406343	1.41298e+06	2.75258e+06	443827
4  	404685	1.39284e+06	2.58833e+06	425955
5  	280798	1.38052e+06	2.66285e+06	413929
6  	280798	1.36532e+06	2.50854e+06	404458
7  	280798	1.35179e+06	2.51798e+06	403853
8  	280798	1.33755e+06	2.72107e+06	418678
9  	280798	1.32112e+06	2.42138e+06	409438
10 	280798	1.3067e+06 	2.46658e+06	416971
11 	260464	1.28575e+06	2.4683e+06 	410631
12 	260464	1.27294e+06	2.44079e+06	406247
13 	242555	1.25904e+06	2.54051e+06	415951
14 	237711	1.24476e+06	2.49876e+06	413500
15 	231692	1.22723e+06	2.44154e+06	405829
16 	185045	1.21044e+06	2.43393e+06	401841
17 	185045	1.18951e+06	2.42048e+06	402388
18 	185045	1.17637e+06	2.38844e+06	412054
19 	185045	1.16101e+06	2.37061e+06	395603
20 	185045	1.14687e+06	2.43172e+06	384518
21 	136658	1.12831e+06	2.24085e+06	372578
22 	133831	1.11623e+06	2.45729e+06	379426
23 	133831	1.1029e+06 	2.28006e+06	379329
24 	133831	1.08862e+06	2.28588e+06	375696
25 	133831	1.07852e+06	2.20395e+06	368926
26 	126523	1.06641e+06	2.17421e+06	373034
27 	126523	1.05776e+06	2.1473e+06 	373977
28 	126523	1.04547e+06	2.20305e+06	384486
29 	126523	1.0351e+06 	2.11526e+06	372093
30 	126523	1.02629e+06	2.06351e+06	395703
31 	126523	1.01545e+06	2.12596e+06	393699
32 	117429	1.00086e+06	2.11768e+06	390795
33 	117429	987971     	2.07589e+06	383718
34 	117429	972956     	2.05715e+06	380718
35 	117429	959270     	2.02516e+06	368804
36 	117429	941567     	2.16313e+06	364636
37 	117429	930991     	1.97255e+06	368585
38 	111286	921584     	1.90868e+06	348836
39 	111286	911454     	1.88443e+06	345753
40 	111286	903676     	1.88372e+06	338122
41 	111286	897693     	1.94471e+06	332014
42 	111286	887924     	1.83901e+06	332833
43 	111286	873361     	1.96643e+06	325544
44 	111286	863296     	1.75608e+06	316657
45 	111286	852130     	1.72456e+06	312659
46 	111286	844586     	1.83279e+06	314958
47 	111286	834215     	1.83858e+06	309257
48 	111286	824271     	1.82836e+06	315850
49 	111286	814701     	1.71643e+06	317109
50 	111286	804068     	1.7011e+06 	319211
51 	111286	795408     	1.65581e+06	315131
52 	109204	787932     	1.67367e+06	311241
53 	109204	776229     	1.66156e+06	305342
54 	109204	766966     	1.82801e+06	305184
55 	109204	760186     	1.7004e+06 	301255
56 	109204	749359     	1.66205e+06	304573
57 	109204	744164     	1.68014e+06	296176
58 	109204	736782     	1.7e+06    	293978
59 	109204	728842     	1.78146e+06	300267
60 	109204	720450     	1.69556e+06	293437
61 	109204	710547     	1.54294e+06	298429
62 	105438	702396     	1.5401e+06 	296461
63 	105438	692808     	1.56736e+06	294775
64 	105438	685738     	1.51091e+06	288868
65 	105438	677293     	1.49679e+06	281162
66 	105438	669538     	1.49326e+06	282258
67 	105438	663816     	1.48808e+06	284847
68 	105438	657354     	1.47902e+06	284183
69 	81244.1	651186     	1.62141e+06	281104
70 	81209.8	645152     	1.65653e+06	273402
71 	81209.8	636115     	1.66043e+06	262800
72 	81209.8	629865     	1.46842e+06	262522
73 	81209.8	620204     	1.39469e+06	261291
74 	81209.8	611547     	1.42162e+06	255318
75 	81209.8	604003     	1.5216e+06 	259088
76 	81209.8	598560     	1.47404e+06	255755
77 	81209.8	591228     	1.37155e+06	248101
78 	79277  	583651     	1.4306e+06 	249109
79 	79277  	581670     	1.3666e+06 	250776
80 	79277  	574849     	1.35688e+06	244929
81 	78661  	570399     	1.35742e+06	244750
82 	78661  	563299     	1.29108e+06	237870
83 	75837.7	555732     	1.34503e+06	242250
84 	73407.9	549496     	1.31322e+06	234056
85 	73407.9	543468     	1.3038e+06 	235977
86 	73407.9	538934     	1.3113e+06 	233527
87 	73407.9	532071     	1.20965e+06	229558
88 	71385.8	525672     	1.30087e+06	232329
89 	68512  	519910     	1.20804e+06	224271
90 	68512  	513623     	1.26363e+06	224719
91 	68512  	508212     	1.21039e+06	223325
92 	68512  	500468     	1.23225e+06	224288
93 	68512  	493121     	1.24804e+06	222295
94 	68512  	487566     	1.26142e+06	223117
95 	68512  	481298     	1.40535e+06	219520
96 	68512  	477166     	1.18453e+06	215405
97 	65020.4	472401     	1.18453e+06	214008
98 	65020.4	468875     	1.17859e+06	207947
99 	65020.4	463075     	1.1426e+06 	199886
100	65020.4	458491     	1.14599e+06	197655
101	65020.4	454164     	1.09543e+06	193909
102	65020.4	447874     	1.08748e+06	189450
103	65020.4	443928     	1.06082e+06	186931
104	63557.2	439474     	1.06011e+06	186166
105	63557.2	434287     	1.12568e+06	182681
106	63557.2	430966     	1.01561e+06	185901
107	62178.8	427620     	1.02938e+06	179385
108	62178.8	422618     	1.06141e+06	177588
109	61501.1	419783     	1.04761e+06	176433
110	61501.1	416022     	1.01884e+06	177917
111	60633.5	411000     	954820     	173802
112	60633.5	407854     	954979     	172441
113	60633.5	402609     	965686     	174104
114	60633.5	398688     	963558     	177645
115	60611.1	394926     	1.03396e+06	177692
116	60611.1	389982     	980941     	172094
117	59398.5	385501     	980941     	168880
118	59398.5	381545     	953393     	168720
119	59398.5	377341     	1.01236e+06	168074
120	57077.3	373546     	931985     	163916
121	57077.3	369812     	931985     	165236
122	57077.3	365455     	918045     	160686
123	56587  	362856     	960358     	163964
124	55808  	359004     	1.02345e+06	161308
125	55808  	356435     	916501     	155610
126	55808  	353494     	924587     	154304
127	55808  	349515     	831952     	149713
128	55808  	346008     	812621     	141807
129	55808  	341860     	753189     	141035
130	55808  	339087     	794533     	144926
131	55808  	335211     	792207     	140374
132	55808  	332073     	779248     	141085
133	55808  	329401     	753962     	134551
134	55808  	326533     	729078     	129288
135	55808  	324891     	723485     	128202
136	55808  	322050     	809564     	127484
137	55808  	319110     	748543     	128986
138	55808  	315419     	846507     	128689
139	55808  	312315     	848389     	128401
140	55808  	309778     	848893     	127662
141	55808  	307667     	798914     	122926
142	55808  	305500     	737532     	116791
143	55808  	303403     	693001     	115309
144	55808  	300813     	749123     	117083
145	55808  	298490     	702637     	116050
146	55808  	296675     	690292     	114605
147	55808  	294204     	687598     	111310
148	55808  	292133     	690001     	111928
149	55808  	289264     	665694     	110167
150	55808  	287481     	642637     	107232
151	55808  	284465     	641075     	104762
152	55808  	281771     	636221     	102995
153	55808  	279221     	627012     	101787
154	55808  	276686     	624396     	100072
155	55808  	274889     	621834     	102055
156	55808  	273210     	613279     	99171.9
157	55808  	271535     	597648     	97918  
158	55808  	269166     	555853     	94517  
159	55808  	267691     	647447     	94141  
160	55808  	264286     	647853     	94043.4
161	55808  	262609     	652179     	92870.6
162	55808  	260511     	580546     	87731.5
163	55808  	259026     	567405     	90729.2
164	55808  	257295     	589399     	89254.2
165	55808  	255746     	557569     	89588.8
166	55808  	253957     	543853     	86469.9
167	55808  	252745     	556028     	88047.1
168	55808  	250941     	547297     	89095.7
169	55808  	249022     	537513     	87688.9
170	55389.5	246871     	633066     	87889.3
171	55389.5	245080     	570440     	86271.9
172	49298.4	243616     	525919     	84379.2
173	49230.4	242593     	520586     	83320.3
174	49230.4	240799     	530570     	82549.9
175	49230.4	238394     	544802     	81251.8
176	49230.4	237040     	496521     	81735.2
177	49230.4	236143     	493435     	80999.1
178	49230.4	234078     	516878     	78384.8
179	49230.4	232823     	495136     	78650.7
180	49230.4	231137     	516271     	77685.2
181	49230.4	229282     	527424     	78315.6
182	49230.4	228179     	505793     	77614.8
183	49230.4	226716     	458092     	76604.8
184	49230.4	225243     	461438     	74307.3
185	49230.4	224289     	447728     	72562.2
186	49230.4	223232     	473945     	71894.5
187	49230.4	221799     	474237     	71831.7
188	49230.4	220621     	471950     	69528.1
189	49230.4	219380     	469883     	68994.7
190	49230.4	218740     	464404     	70016  
191	49230.4	217816     	464404     	69084.8
192	49230.4	216093     	463887     	66332.6
193	42837.7	213995     	487278     	63823.6
194	42837.7	213098     	458485     	63577.6
195	31983.8	212340     	454804     	63050.5
196	31983.8	211233     	454411     	63136.8
197	31808.7	210179     	449429     	63863.8
198	31808.7	209051     	463774     	63386.6
199	31808.7	207631     	447020     	61780.5
Result of algorithm run: SUCCESS, 0, 0, 31808.684818, 0
