/usr/lib/python2.7/site-packages/deap/tools/_hypervolume/pyhv.py:33: ImportWarning: Falling back to the python version of hypervolume module. Expect this to be very slow.
  "module. Expect this to be very slow.", ImportWarning)
gen	min   	avg        	max        	std   
0  	472616	1.49313e+06	2.95169e+06	436725
1  	472616	1.47326e+06	2.77006e+06	416816
2  	416016	1.45506e+06	2.73071e+06	408765
3  	261313	1.43399e+06	2.60593e+06	412633
4  	257037	1.41931e+06	2.76166e+06	430259
5  	257037	1.39992e+06	2.50908e+06	425776
6  	257037	1.38509e+06	2.52966e+06	432858
7  	257037	1.36724e+06	2.54568e+06	427054
8  	257037	1.35393e+06	2.54568e+06	429754
9  	257037	1.3389e+06 	2.50135e+06	430010
10 	257037	1.32125e+06	2.79631e+06	429737
11 	257037	1.30376e+06	2.47371e+06	430994
12 	257037	1.28926e+06	2.4082e+06 	422277
13 	257037	1.26507e+06	2.29462e+06	425589
14 	257037	1.24748e+06	2.28142e+06	420234
15 	257037	1.23299e+06	2.32085e+06	426279
16 	257037	1.22218e+06	2.40325e+06	427020
17 	257037	1.20886e+06	2.36612e+06	420283
18 	257037	1.18827e+06	2.60037e+06	415173
19 	257037	1.1742e+06 	2.30659e+06	403777
20 	257037	1.16326e+06	2.25001e+06	402348
21 	257037	1.1479e+06 	2.24201e+06	390770
22 	257037	1.13691e+06	2.28905e+06	402193
23 	253691	1.12357e+06	2.24852e+06	400101
24 	253691	1.11055e+06	2.25332e+06	380116
25 	238826	1.09802e+06	2.41769e+06	376040
26 	190900	1.08564e+06	2.01508e+06	373342
27 	190900	1.07278e+06	2.12005e+06	371794
28 	190900	1.05824e+06	2.3183e+06 	369561
29 	159448	1.04144e+06	2.18146e+06	364902
30 	159448	1.03081e+06	2.21981e+06	362136
31 	159448	1.01901e+06	2.11621e+06	379624
32 	118024	1.00732e+06	2.2424e+06 	376326
33 	118024	994975     	2.09434e+06	370863
34 	118024	983934     	2.0497e+06 	350417
35 	118024	974692     	1.98581e+06	341851
36 	118024	965224     	1.90319e+06	337400
37 	118024	952891     	2.00182e+06	329860
38 	118024	942283     	1.96011e+06	335259
39 	118024	927739     	1.8823e+06 	331059
40 	96035.4	916821     	1.94096e+06	335719
41 	96035.4	907850     	1.97907e+06	319979
42 	91674.2	897861     	1.93492e+06	313037
43 	91674.2	890061     	1.81895e+06	308515
44 	90878.3	878900     	1.81101e+06	314840
45 	90878.3	868941     	1.67981e+06	312845
46 	90878.3	858925     	1.82824e+06	308022
47 	90878.3	848889     	1.9463e+06 	306841
48 	90878.3	836262     	1.76966e+06	307296
49 	80637.2	828740     	1.61048e+06	299897
50 	80637.2	817269     	1.73797e+06	304283
51 	72933  	806482     	1.79171e+06	301100
52 	55754.3	797814     	1.67002e+06	300025
53 	55754.3	788824     	1.84487e+06	305400
54 	55754.3	778202     	1.72748e+06	307075
55 	55754.3	769341     	1.63463e+06	302296
56 	55754.3	761227     	1.59997e+06	298182
57 	55754.3	753819     	1.56853e+06	297688
58 	55754.3	740939     	1.53355e+06	294295
59 	55754.3	731086     	1.581e+06  	298090
60 	55754.3	723202     	1.61548e+06	291612
61 	55754.3	716939     	1.57542e+06	279843
62 	51237  	706900     	1.63068e+06	278074
63 	51237  	697374     	1.5438e+06 	275101
64 	51029  	691106     	1.42696e+06	269153
65 	51029  	685232     	1.52821e+06	274051
66 	51029  	677478     	1.50773e+06	269643
67 	51029  	665547     	1.53278e+06	265219
68 	51029  	656159     	1.47233e+06	258881
69 	51029  	649202     	1.28031e+06	252027
70 	51029  	642839     	1.55587e+06	256692
71 	51029  	633888     	1.33677e+06	246041
72 	51029  	627299     	1.33677e+06	242138
73 	51029  	617961     	1.32539e+06	242705
74 	51029  	611349     	1.32457e+06	239092
75 	51029  	606215     	1.30777e+06	235417
76 	51029  	597540     	1.39148e+06	239233
77 	51029  	591141     	1.43725e+06	242699
78 	51029  	582972     	1.34861e+06	239805
79 	51029  	576407     	1.32389e+06	239000
80 	51029  	570324     	1.30687e+06	232841
81 	51029  	563505     	1.26728e+06	232353
82 	51029  	558051     	1.24425e+06	229580
83 	51029  	549667     	1.30587e+06	225367
84 	51029  	544839     	1.18548e+06	217738
85 	51029  	540671     	1.18081e+06	219318
86 	51029  	535282     	1.18754e+06	217808
87 	51029  	530269     	1.17924e+06	212953
88 	51029  	526159     	1.16945e+06	209923
89 	51029  	522429     	1.10011e+06	204732
90 	51029  	518597     	1.18296e+06	212369
91 	51029  	511545     	1.11724e+06	214468
92 	51029  	506223     	1.15873e+06	210851
93 	51029  	501964     	1.15931e+06	214240
94 	51029  	496556     	1.11287e+06	210048
95 	51029  	490749     	1.15298e+06	213014
96 	45137.4	484783     	1.18609e+06	210986
97 	45137.4	479915     	1.16753e+06	206734
98 	45137.4	474502     	1.16753e+06	199724
99 	45137.4	469106     	1.17307e+06	200105
100	45137.4	465680     	1.13117e+06	191372
101	39261.1	460629     	1.13947e+06	190779
102	39261.1	454659     	1.05191e+06	185624
103	39261.1	449520     	1.01447e+06	184922
104	39261.1	443707     	973420     	183965
105	39261.1	439103     	1.0231e+06 	185798
106	39261.1	435472     	1.06366e+06	185091
107	39261.1	431592     	1.01031e+06	185902
108	39261.1	426811     	1.00739e+06	184285
109	39261.1	424087     	1.00115e+06	182438
110	39261.1	419494     	1.04198e+06	181488
111	39261.1	414498     	1.04093e+06	180422
112	39261.1	410667     	989967     	175553
113	39261.1	406391     	1.04399e+06	172059
114	39261.1	404114     	978925     	163689
115	39261.1	401397     	922459     	161302
116	39261.1	396611     	905333     	161351
117	39261.1	393510     	905333     	160914
118	39261.1	389810     	937653     	161985
119	39261.1	386287     	927117     	165289
120	39261.1	382934     	905029     	161649
121	39261.1	379378     	846531     	159052
122	39261.1	375520     	860267     	156519
123	39261.1	373016     	897896     	154303
124	39261.1	370303     	889595     	155171
125	39261.1	366699     	794268     	149002
126	39261.1	361691     	818194     	148534
127	39261.1	358160     	791321     	145067
128	39261.1	355564     	906175     	144542
129	39261.1	352290     	953849     	140487
130	39261.1	349198     	826325     	139570
131	39261.1	345629     	784562     	138068
132	39261.1	341952     	791561     	139104
133	39261.1	339507     	825980     	139934
134	39261.1	336619     	796567     	134638
135	39261.1	333296     	796567     	131262
136	39261.1	330458     	799940     	131423
137	39261.1	327666     	795203     	131761
138	39261.1	324288     	829835     	132119
139	39261.1	321996     	829864     	126992
140	37517.7	318744     	960287     	129235
141	37517.7	315611     	797852     	126816
142	37517.7	311673     	794950     	125006
143	37517.7	309371     	730925     	120195
144	37517.7	308042     	725446     	117066
145	37517.7	306192     	722371     	119108
146	37517.7	304539     	717389     	116904
147	37108.6	301888     	711640     	115593
148	37108.6	299546     	698252     	113877
149	36899.2	297798     	698308     	115396
150	36899.2	296109     	699712     	116972
151	36899.2	294805     	669091     	114314
152	36899.2	292049     	749275     	114793
153	36899.2	289119     	657542     	111042
154	36899.2	287185     	648011     	109613
155	36899.2	283651     	659288     	108299
156	36899.2	281726     	635902     	107897
157	36899.2	279723     	634144     	110354
158	36899.2	278112     	651413     	108674
159	36899.2	276326     	627014     	104987
160	36899.2	274302     	627017     	104353
161	36899.2	272580     	615291     	103063
162	36899.2	270731     	622998     	100231
163	36899.2	269070     	622998     	101145
164	36899.2	268327     	615134     	99327.4
165	36899.2	265471     	615134     	99627  
166	31997.9	263991     	595037     	98815.5
167	31997.9	262200     	629699     	97063.4
168	31997.9	260120     	651968     	95843.9
169	31997.9	257807     	589744     	93447.3
170	31997.9	255784     	575358     	90666.9
171	31997.9	254057     	557276     	88906.6
172	31997.9	251806     	610423     	88849.7
173	31997.9	250350     	607907     	89852.2
174	31997.9	248653     	562980     	85304.9
175	31997.9	246683     	604961     	85782.9
176	30643.1	245096     	606152     	86285.1
177	30643.1	243732     	531533     	84796.6
178	30643.1	242371     	526720     	80765.8
179	30643.1	241045     	521071     	80859.6
180	30643.1	239090     	498302     	78799.6
181	30643.1	237731     	495614     	77941.4
182	30643.1	235741     	495091     	77269.8
183	30643.1	234367     	500734     	77781.8
184	30643.1	232977     	473035     	74914.7
185	30643.1	231867     	487307     	73437.3
186	30643.1	230086     	481697     	74061.2
187	30643.1	228884     	563350     	74044  
188	30643.1	227477     	517182     	73921.8
189	30643.1	225912     	467970     	73224.5
190	30643.1	224680     	462010     	73354.8
191	29943.9	223044     	490875     	72403.9
192	29943.9	221943     	471191     	69398.2
193	29943.9	220700     	465723     	67529.9
194	29943.9	219348     	483443     	66586.8
195	29943.9	218559     	434994     	65383.5
196	29943.9	217521     	417510     	65300.2
197	29943.9	215683     	430341     	66145  
198	29943.9	214463     	418829     	63981.9
199	29943.9	213628     	417881     	62336.8
Result of algorithm run: SUCCESS, 0, 0, 29943.901348, 0
