/usr/lib/python2.7/site-packages/deap/tools/_hypervolume/pyhv.py:33: ImportWarning: Falling back to the python version of hypervolume module. Expect this to be very slow.
  "module. Expect this to be very slow.", ImportWarning)
gen	min   	avg   	max        	std   
0  	200721	823542	2.12374e+06	303225
1  	200721	804601	2.18274e+06	298650
2  	200721	789762	1.93925e+06	294733
3  	200721	773151	1.90027e+06	290849
4  	147281	761951	1.7372e+06 	276766
5  	147281	742616	1.73498e+06	277215
6  	147281	720539	1.6016e+06 	271935
7  	138076	708065	1.56736e+06	269360
8  	138076	693369	1.7222e+06 	274160
9  	129429	673698	1.8031e+06 	261571
10 	129429	662655	1.59604e+06	258708
11 	119505	660482	1.86046e+06	275649
12 	119505	640814	1.5864e+06 	263424
13 	119505	629744	1.54413e+06	260430
14 	117712	613867	1.60266e+06	255790
15 	117712	594742	1.62918e+06	243622
16 	116766	586031	1.4013e+06 	245085
17 	76585.4	572949	1.48361e+06	241841
18 	76585.4	560454	1.34546e+06	234451
19 	76585.4	543390	1.27174e+06	225325
20 	76585.4	529731	1.34445e+06	221189
21 	76585.4	524177	1.43565e+06	224831
22 	76585.4	520534	1.48782e+06	234381
23 	73819  	503664	1.47677e+06	230377
24 	73819  	490741	1.44954e+06	221242
25 	65990  	480655	1.40765e+06	219723
26 	65990  	473825	1.29566e+06	213768
27 	65990  	456868	1.17218e+06	196380
28 	59144.4	448758	1.22561e+06	194798
29 	59144.4	439811	1.27954e+06	190814
30 	59144.4	433901	1.27954e+06	206430
31 	59144.4	428319	1.43416e+06	207496
32 	59144.4	423870	1.38963e+06	208185
33 	38827.5	420829	1.23337e+06	205269
34 	38827.5	402940	1.23e+06   	191367
35 	38827.5	387988	1.28549e+06	190578
36 	38281.1	378212	1.45075e+06	187626
37 	38281.1	369890	1.1051e+06 	174979
38 	38281.1	365636	1.07912e+06	171259
39 	38281.1	354590	965557     	159834
40 	38281.1	348624	859550     	155600
41 	38281.1	343259	903463     	156402
42 	38281.1	334906	836319     	154737
43 	32236  	324422	791429     	148975
44 	32236  	317162	841895     	145623
45 	17225.6	309818	855307     	148254
46 	17225.6	306502	882338     	154073
47 	17225.6	298909	901464     	151563
48 	17225.6	292457	956940     	154808
49 	17225.6	286350	956940     	146434
50 	17225.6	282759	879386     	142424
51 	15643.4	277610	808357     	141972
52 	12996.3	273158	772017     	142118
53 	12996.3	269414	833320     	144363
54 	11294.9	262252	863718     	139195
55 	11294.9	255181	718166     	131407
56 	11294.9	250055	666614     	127524
57 	11294.9	246311	739803     	128302
58 	11294.9	239486	615132     	123538
59 	8969.08	230283	615046     	116434
60 	8969.08	220909	626410     	115583
61 	8969.08	220083	647284     	119603
62 	8398.06	212454	638915     	117292
63 	8398.06	209926	619551     	118591
64 	8328.63	203928	709721     	117001
65 	6632.25	199461	654530     	113037
66 	6632.25	198158	660602     	114902
67 	6632.25	194875	647122     	115321
68 	6440.38	187558	569907     	105851
69 	6440.38	184775	693623     	106504
70 	6388.51	183280	631804     	107837
71 	6388.51	178711	668327     	105792
72 	5651.31	174985	680956     	102640
73 	5651.31	169791	652950     	100025
74 	5651.31	163356	592911     	96323.8
75 	5651.31	157638	542815     	86839.9
76 	5651.31	155391	529782     	88407.2
77 	5651.31	153544	475849     	87371.4
78 	5651.31	152081	604283     	89328  
79 	5446.86	149411	553934     	87038.2
80 	5446.86	147985	673159     	88119.3
81 	5446.86	145221	549506     	88703.5
82 	5446.86	141454	435669     	84078.3
83 	5446.86	137141	420403     	80830.8
84 	4102.3 	134860	464206     	81298.6
85 	4102.3 	132360	459273     	77888.6
86 	4102.3 	129762	476625     	77726  
87 	4102.3 	128539	471488     	78496.1
88 	4102.3 	124030	419676     	74118.9
89 	4102.3 	121315	397407     	73562  
90 	3520.32	118917	443336     	72199.1
91 	3520.32	115873	397909     	71927.3
92 	3488.36	112397	404131     	70387.6
93 	3488.36	112279	461445     	73067.7
94 	3488.36	109214	462377     	70688.9
95 	3488.36	105085	519482     	67999.8
96 	3488.36	101765	527623     	67178  
97 	3488.36	99797.9	443695     	65942  
98 	3488.36	98335.3	394339     	65012.7
99 	3325.13	95889.8	327943     	61155.8
100	2882.7 	92859.1	367791     	59925.5
101	2840.67	92161  	350448     	60455  
102	2840.67	91020.9	363359     	59717.8
103	2840.67	88725.3	353857     	57173.6
104	2840.67	87003  	315636     	55924.3
105	2840.67	85640.7	346336     	56013.8
106	2462.12	84475  	346336     	55516.1
107	2462.12	82853.1	308739     	55822.8
108	2329.18	82139.1	310334     	54341.5
109	2329.18	80955.7	363311     	54029.4
110	2329.18	79261  	326265     	53189.8
111	2329.18	77401.7	294492     	51322.3
112	2329.18	74816.3	287498     	48841.2
113	2329.18	73303.5	297454     	47888  
114	2329.18	71974.5	261554     	48758.9
115	2329.18	68463.4	276491     	45012.4
116	2281.85	66959  	272571     	44014  
117	2281.85	66479.7	225085     	42652.1
118	2281.85	66593.6	293328     	46686  
119	1990.48	64529.1	227231     	43367.5
120	1990.48	62231.6	256662     	42200.5
121	1990.48	61421.1	270808     	42671.7
122	1990.48	60215.9	244321     	40404.1
123	1990.48	59070.4	203114     	39748.3
124	1990.48	57147.2	204748     	38795.1
125	1990.48	55809.6	228999     	37050.2
126	1990.48	54811.1	228999     	36634.6
127	1990.48	54557  	231221     	38186.6
128	1990.48	52948  	231221     	36730.2
129	1990.48	52340.9	218383     	36059.9
130	1990.48	50466.6	218383     	34855.4
131	1990.48	49815  	193648     	34203.1
132	1990.48	48989.8	196542     	33535.9
133	1990.48	48538.3	169166     	33457.2
134	1990.48	47858.1	181619     	33033.5
135	1968.63	46752.3	172681     	32367.8
136	1968.63	46025.1	225291     	32933.8
137	1968.63	44740.7	176507     	30616.3
138	1968.63	44057  	157147     	30037.4
139	1968.63	42805.4	151798     	28857  
140	1968.63	41644  	144340     	27361.6
141	1968.63	41541.3	172322     	27988  
142	1968.63	41111.3	173602     	28315.5
143	1968.63	40148  	174760     	27171.7
144	1968.63	39645.6	146706     	27880.1
145	1968.63	37946.7	147949     	26443  
146	1968.63	37120  	173474     	26247.3
147	1903.51	36169.8	134338     	24900.1
148	1903.51	35929.9	128853     	25980.3
149	1903.51	35073  	129464     	25880.8
150	1476.55	34229.7	134095     	25367.4
151	1476.55	34003  	134095     	26047.3
152	1476.55	33652  	175556     	26667.8
153	1476.55	32560.5	131171     	23949.6
154	1476.55	31723.9	137702     	23589.4
155	1476.55	30821.3	150390     	23194.8
156	1476.55	30511.8	138071     	23392.4
157	1476.55	29866.1	119932     	22201.9
158	1476.55	29100.5	129465     	21353.5
159	1476.55	28888.3	132742     	21954.4
160	1464.8 	28702.5	127284     	22622.7
161	1163.43	27386.4	128263     	20079.6
162	1163.43	26287.5	108814     	18813.8
163	1163.43	25637.1	108349     	18276  
164	1163.43	25547.9	122991     	18724.2
165	1163.43	25241.8	100301     	18477.1
166	1163.43	24795.2	93312      	17487.5
167	1163.43	24278.7	108720     	17436.3
168	1163.43	23974.9	104262     	17492.6
169	1163.43	23621.6	104262     	17192.1
170	1163.43	23191.6	95540.1    	16861.6
171	1163.43	22368.3	89088.8    	15567.9
172	1163.43	22057.2	91817.7    	15926.5
173	1163.43	21832.4	79480      	15581.9
174	1040.17	21203.1	77251.5    	15006.1
175	1040.17	20832.2	102819     	15556.5
176	1040.17	20639.3	92132.2    	15046.5
177	1040.17	20005.5	84757.9    	14593.4
178	1040.17	19768.9	81911.8    	14194.7
179	1040.17	19382.4	90468.7    	14724.5
180	1040.17	19290.4	89578.9    	14225.6
181	1040.17	18728.9	82746.2    	13735.8
182	1040.17	18573.8	115279     	14342.5
183	1040.17	18397.9	115279     	14244.1
184	1040.17	17814.6	94624.5    	13382.7
185	1040.17	17482.8	68798.1    	12615.3
186	1040.17	17428.2	70168.6    	12546.3
187	1040.17	17217.7	84555.6    	12710.1
188	1001.44	16800.6	68678.8    	12175.7
189	1001.44	16969.9	73616.8    	12989.9
190	1001.44	16949.4	77483      	13646.1
191	1001.44	16586.3	74296.4    	12802  
192	1001.44	16464.1	77169.5    	13088.4
193	1001.44	16060.8	73146.2    	12474.9
194	1001.44	15632.7	68580.3    	12208.5
195	1001.44	15424.2	70541.5    	11933  
196	1001.44	15224  	70069.5    	11600.9
197	996.023	15004.8	68520.8    	11704  
198	996.023	14920.6	70158.6    	11537.1
199	984.22 	14602.2	70843.9    	11168.7
Result of algorithm run: SUCCESS, 0, 0, 984.220314, 0
