/usr/lib/python2.7/site-packages/deap/tools/_hypervolume/pyhv.py:33: ImportWarning: Falling back to the python version of hypervolume module. Expect this to be very slow.
  "module. Expect this to be very slow.", ImportWarning)
gen	min   	avg   	max        	std   
0  	194578	822741	1.95241e+06	293080
1  	182578	794798	1.81569e+06	278701
2  	182578	786824	2.06091e+06	295596
3  	182578	768870	2.14366e+06	294772
4  	168586	743738	2.14068e+06	294650
5  	146450	735079	2.02015e+06	285486
6  	113065	715245	2.16088e+06	289567
7  	113065	698535	1.76944e+06	281474
8  	113065	690201	1.73183e+06	271868
9  	113065	667334	1.62949e+06	258641
10 	100864	651853	1.62949e+06	254577
11 	77775.5	644541	1.89782e+06	258560
12 	77775.5	629593	1.72216e+06	252239
13 	68020.2	620239	1.5113e+06 	264658
14 	68020.2	598217	1.4539e+06 	249427
15 	68020.2	585695	1.51163e+06	252006
16 	68020.2	576780	1.57579e+06	251081
17 	68020.2	560362	1.39962e+06	233988
18 	68020.2	543385	1.52998e+06	229187
19 	38390.6	532900	1.3815e+06 	227247
20 	38390.6	532032	1.3165e+06 	229974
21 	38390.6	517963	1.30788e+06	222931
22 	38390.6	506254	1.35727e+06	227554
23 	38390.6	497371	1.39352e+06	223635
24 	38390.6	485870	1.25524e+06	210168
25 	38390.6	485144	1.37169e+06	224278
26 	38390.6	472571	1.24597e+06	213278
27 	38390.6	457421	1.16546e+06	198371
28 	38390.6	449812	1.15968e+06	197258
29 	38390.6	437984	1.1122e+06 	199548
30 	38390.6	425073	1.18145e+06	191028
31 	38390.6	419551	1.24864e+06	202064
32 	38390.6	406768	1.16225e+06	188129
33 	30313.5	402179	1.1446e+06 	187091
34 	30313.5	396741	1.02215e+06	186429
35 	30313.5	383931	1.14936e+06	180016
36 	30313.5	375548	1.42755e+06	176448
37 	23996.9	368772	1.04468e+06	169649
38 	23996.9	363446	977413     	160959
39 	23996.9	357999	960019     	163420
40 	23996.9	343561	939580     	157541
41 	21261.3	336848	874158     	155802
42 	21261.3	328843	804791     	157538
43 	21261.3	316506	799647     	147331
44 	20827.9	308342	982920     	144079
45 	20759.6	306562	846555     	148253
46 	20759.6	301417	874628     	145732
47 	20340.4	290711	756423     	140054
48 	20340.4	282293	747537     	139162
49 	12931.6	276808	957595     	140712
50 	12931.6	271470	930062     	136372
51 	12931.6	266031	833075     	132813
52 	12931.6	259638	771072     	125408
53 	12931.6	251859	771072     	121582
54 	12931.6	245564	627666     	121574
55 	12600.3	239805	724539     	118557
56 	12600.3	234171	700664     	117644
57 	12600.3	232960	874572     	119420
58 	12600.3	230011	757690     	114155
59 	12600.3	224204	660011     	114484
60 	11057.2	218302	648891     	111655
61 	11057.2	212869	605633     	110631
62 	11057.2	208688	699167     	115212
63 	11057.2	204782	594269     	112262
64 	11057.2	202528	618237     	110422
65 	10598.6	201630	710507     	114826
66 	7979.31	195722	711494     	107589
67 	7979.31	189552	711589     	98878.1
68 	7433.31	182111	663575     	95603.1
69 	5938.45	177146	653613     	96528.4
70 	5938.45	176192	565468     	94997.1
71 	5938.45	171799	596951     	91661.7
72 	5938.45	167181	532516     	91234.5
73 	5938.45	163253	479266     	86574.1
74 	5938.45	159273	465463     	85450.7
75 	5938.45	158457	503191     	90858.8
76 	5938.45	156034	493857     	91441.1
77 	5938.45	152961	490627     	95508.7
78 	5938.45	150949	513116     	92519.1
79 	5938.45	146084	532678     	88717.8
80 	5938.45	142933	462467     	83913.5
81 	5938.45	138896	460759     	80277.5
82 	5277.15	137686	450597     	81903.2
83 	5277.15	136284	513629     	84229  
84 	5277.15	132329	508395     	80867.5
85 	5277.15	128976	444922     	77596.6
86 	5277.15	127277	543177     	76095.6
87 	5277.15	123992	464689     	75379.4
88 	5277.15	120599	427435     	73049.7
89 	5277.15	115671	376945     	69090.9
90 	5277.15	115411	358942     	69161.1
91 	5277.15	114582	409408     	71236.5
92 	5277.15	110184	370944     	65554.8
93 	4872.58	107326	373609     	66004.3
94 	4103.42	105632	379019     	64637.9
95 	4103.42	102048	332508     	63540.6
96 	4103.42	99582.5	369350     	61660.6
97 	4103.42	97291.1	303196     	58558.4
98 	4103.42	94526.3	360330     	56999.1
99 	4103.42	93988.2	313055     	57754.1
100	3239.22	93400.5	335668     	58963.1
101	3239.22	92277.6	299977     	58362.9
102	3239.22	90931.7	316782     	58963.9
103	3200.84	88632.2	311852     	58688.4
104	3200.84	85958.6	323606     	56007.4
105	3200.84	85611  	320374     	55317.9
106	3200.84	83830.4	306418     	56864.5
107	3200.84	81688.8	319560     	56932.7
108	3200.84	80886.2	382078     	55757.6
109	2793.45	78613.9	296036     	53844.2
110	2793.45	76405.6	317034     	51139.5
111	2773.17	75746.9	285569     	50407.2
112	2773.17	73335.5	311974     	50424.2
113	2773.17	70816.4	268689     	47379.4
114	2773.17	68131.1	243672     	44615.4
115	2773.17	67172.2	251655     	43955.8
116	2763.15	66497.8	243487     	43163.4
117	2643.43	66022.9	269945     	44320.4
118	2259.49	65171.8	256053     	45486.6
119	2259.49	63985.7	243393     	44667  
120	2259.49	63011.6	255019     	43985.3
121	2259.49	60645.1	232803     	41462.2
122	2259.49	59680.4	256246     	41043.1
123	2259.49	58258.4	259252     	40746.1
124	2259.49	57494.2	218716     	39820.4
125	2259.49	55289.3	209703     	37744.4
126	1742.86	53920.8	217038     	36101.4
127	1742.86	53808.1	214077     	36790.6
128	1742.86	52459.6	214084     	37267.9
129	1742.86	50915.4	205794     	34617  
130	1742.86	50043.8	238246     	34116.2
131	1742.86	49413.6	212032     	34398.7
132	1742.86	48581.6	228341     	34913.9
133	1280.71	47345.3	205432     	32760.1
134	1280.71	46326.9	180075     	32452  
135	1280.71	46029.2	212584     	32832.3
136	1280.71	45416.6	187457     	32030.4
137	1280.71	44628.1	255111     	31154  
138	1280.71	43796.9	176001     	30065.6
139	1277.67	42467.9	156803     	29413  
140	1277.67	41660.5	133637     	28054.6
141	1277.67	40773.1	159585     	28712.8
142	1119.29	39967.7	145235     	28068.6
143	1119.29	39692.9	146062     	28409.2
144	1119.29	38805  	145300     	27474.2
145	1119.29	37897.4	143680     	27252.6
146	1119.29	37347.5	158751     	26921.8
147	1119.29	36207.3	149846     	25551.2
148	1119.29	35094.9	149846     	24384.5
149	969.656	35110.3	144448     	24855.7
150	969.656	34152.6	128308     	23474.8
151	969.656	33334.7	128331     	22921  
152	969.656	32264.7	117681     	21591.3
153	969.656	31756.2	117066     	22210.9
154	899.612	31285.2	114564     	21627.7
155	899.612	31531.4	146400     	23065.4
156	899.612	31581.2	142640     	23875.2
157	899.612	30513.4	129342     	21460.2
158	899.612	29788.9	101068     	20371.9
159	899.612	29307.5	101583     	20218.9
160	899.612	28504.2	109512     	19387.6
161	899.612	27701.3	108911     	18609.7
162	899.612	27666.7	105240     	19455.2
163	899.612	27287.6	116174     	19952  
164	874.769	26842.3	109511     	20401.2
165	874.769	26239.9	104731     	20185.4
166	874.769	26213.6	126800     	20693.4
167	874.769	25515.6	138851     	20282.9
168	855.725	25147  	108919     	19602.4
169	855.725	24666.1	119173     	19723.1
170	855.725	24149.3	105725     	18414.7
171	831.507	23492.6	127201     	17978.9
172	775.455	23141.9	123557     	17730.5
173	766.149	22439.6	101636     	16624.9
174	766.149	21649.4	86538      	16010.9
175	766.149	21357.2	102359     	15948.6
176	766.149	20852.7	96925.6    	15756.9
177	766.149	20609  	91607.7    	15857.2
178	766.149	20061  	81480.9    	14729.8
179	766.149	19979.5	84319.5    	15365.3
180	766.149	19838.3	93097      	15632  
181	766.149	19422.5	100420     	15325.8
182	766.149	19478  	106438     	16140.6
183	745.917	19223.5	114189     	15636.1
184	745.917	18684.2	94493.4    	14947.1
185	745.917	18135.5	103773     	14740.8
186	745.917	17619  	92342.7    	14160.8
187	745.917	17421.7	86706      	14076.5
188	745.917	17078.7	88257.6    	13995.6
189	745.917	16897.1	87029.4    	13834.7
190	745.917	16636.6	96662      	13942.8
191	745.917	16233  	79669.4    	12830.4
192	745.917	15847.7	74925.7    	12195.9
193	726.273	15371.8	82326.9    	11716.4
194	726.273	15137.1	77270.3    	12149.4
195	726.273	14644.9	66065.3    	11535.3
196	726.273	14721  	65021.1    	11723  
197	726.273	14522.7	79996.5    	11782.8
198	726.273	14236.1	66964.4    	11466.2
199	726.273	13797.5	65940.9    	10954.2
Result of algorithm run: SUCCESS, 0, 0, 726.272737, 0
