/usr/lib/python2.7/site-packages/deap/tools/_hypervolume/pyhv.py:33: ImportWarning: Falling back to the python version of hypervolume module. Expect this to be very slow.
  "module. Expect this to be very slow.", ImportWarning)
gen	min   	avg   	max        	std   
0  	195727	819747	1.83184e+06	294446
1  	188770	801470	1.93617e+06	292749
2  	178372	777973	2.05459e+06	294452
3  	141304	759739	1.85858e+06	285002
4  	107216	753905	2.07156e+06	310137
5  	107216	738365	1.94912e+06	299998
6  	104327	716214	1.90113e+06	285434
7  	104327	705338	1.88208e+06	283590
8  	104327	694143	1.51905e+06	272103
9  	104327	679023	1.66634e+06	267943
10 	102744	660007	1.52363e+06	253046
11 	102744	646786	1.50419e+06	250994
12 	102744	624391	1.47023e+06	251192
13 	102744	605653	1.57292e+06	248563
14 	99038.2	592722	1.52974e+06	251370
15 	90121.2	581441	1.37689e+06	241646
16 	90121.2	566735	1.35007e+06	239971
17 	84365.7	559680	1.47495e+06	243867
18 	84365.7	546092	1.48344e+06	245042
19 	84365.7	538446	1.4989e+06 	240232
20 	82426.7	525149	1.81111e+06	229991
21 	82426.7	523287	1.77017e+06	227912
22 	82426.7	514989	1.29909e+06	227877
23 	82426.7	502037	1.20591e+06	214009
24 	66207.8	494441	1.34841e+06	226372
25 	66207.8	484432	1.34841e+06	224401
26 	54285.9	473383	1.17683e+06	211215
27 	54285.9	464344	1.20936e+06	200127
28 	54285.9	461727	1.33565e+06	210357
29 	54285.9	445203	1.3315e+06 	204176
30 	54285.9	437486	1.55195e+06	205239
31 	54285.9	422952	1.12382e+06	194624
32 	54285.9	419044	1.21314e+06	194776
33 	54285.9	413669	1.38621e+06	197812
34 	54285.9	405681	1.15991e+06	187457
35 	54285.9	389989	958959     	182718
36 	51293.1	381940	952884     	173694
37 	51293.1	378240	1.00637e+06	178311
38 	48432.7	378440	1.03833e+06	182478
39 	48432.7	368518	1.02088e+06	181837
40 	31930.6	356537	962284     	176121
41 	24839.6	345670	890522     	166683
42 	24839.6	336012	979198     	166206
43 	20538.3	326286	976361     	154170
44 	16159.6	317879	1.01094e+06	151707
45 	16159.6	310810	927327     	144178
46 	16159.6	302897	880439     	146536
47 	11669.8	296942	962383     	138652
48 	10527.9	292200	879416     	138405
49 	9420.57	287068	889855     	140792
50 	9420.57	279559	789547     	134676
51 	9324.25	273022	649080     	128594
52 	9276.25	267566	651358     	125093
53 	9276.25	261757	703232     	129875
54 	8961.71	257942	879927     	135751
55 	8961.71	256536	864247     	142074
56 	8961.71	252445	973355     	142482
57 	8961.71	240411	751921     	127881
58 	8961.71	235773	835893     	130986
59 	8961.71	226336	718202     	116862
60 	8961.71	222139	746518     	119909
61 	8961.71	215104	746518     	116000
62 	8961.71	212218	676936     	110098
63 	8961.71	207377	639187     	109158
64 	8961.71	201463	596296     	104261
65 	8961.71	198001	629248     	106223
66 	7569.52	192630	545412     	104042
67 	6815.66	186861	554333     	100834
68 	6731.57	183280	529250     	97354 
69 	6731.57	179875	540257     	94708.9
70 	6731.57	176862	601679     	95405.5
71 	6731.57	173151	534878     	94136.5
72 	6586.34	168068	529891     	88649.2
73 	6584.89	168205	540805     	94915.1
74 	6584.89	162524	552702     	89675.7
75 	6584.89	161763	552702     	92901.6
76 	6584.89	158530	642847     	91198.5
77 	6584.89	154183	665734     	90651.3
78 	4822.25	149361	565703     	83029.4
79 	4822.25	148044	539635     	84487.8
80 	3954.79	143135	484081     	83117.4
81 	3954.79	141182	510778     	83114.7
82 	3954.79	137270	462183     	78729.5
83 	3954.79	132544	394976     	74819.2
84 	3954.79	131145	388826     	74416.3
85 	3954.79	126806	437072     	74504.2
86 	3954.79	124945	485094     	75486.2
87 	3954.79	123614	430939     	74867.8
88 	3954.79	120681	481963     	75046.3
89 	3832.97	116601	377000     	69697.8
90 	3832.97	114258	385920     	67017.8
91 	2025.15	111316	336292     	67247.9
92 	2025.15	109521	367574     	65422.7
93 	2025.15	107864	348204     	62506  
94 	2025.15	104583	318383     	61450.7
95 	2025.15	101619	393895     	60430.6
96 	2025.15	98740.6	361433     	58749.8
97 	2025.15	96320.7	353391     	57804.9
98 	2025.15	93406.2	348861     	56290.5
99 	2025.15	92137.3	291303     	54921.1
100	2025.15	91536.2	385510     	55104.1
101	2025.15	89740.6	318288     	55357.1
102	2025.15	88639  	275966     	55123.2
103	2025.15	86088.1	261336     	53694.8
104	2025.15	85436.8	302068     	54420.4
105	1788.21	83860.9	308811     	54926.6
106	1788.21	82925.1	337820     	56256.8
107	1788.21	81195.5	482269     	55508  
108	1758.89	77599.3	300676     	51274.8
109	1758.89	77225  	325084     	52561.1
110	1758.89	75611  	272746     	50671  
111	1450.2 	73780.7	265146     	48241.8
112	1450.2 	71633.9	238419     	46347.9
113	1450.2 	70851.1	273700     	48288.4
114	1450.2 	69539  	235463     	45915.1
115	1450.2 	67786.4	235463     	44019.8
116	1450.2 	65742.4	272131     	42610.4
117	1170.82	64193.8	236647     	41044.9
118	1156.69	62418.3	218143     	41265.5
119	1156.69	61239.1	274229     	42390.7
120	1156.69	59431.5	245154     	40517  
121	1156.69	58239.1	220487     	39218.2
122	1156.69	56908.3	222260     	37751.7
123	1156.69	56312.8	235618     	38289.3
124	1156.69	55079.1	235618     	37317.5
125	1156.69	53622.9	180640     	35352.7
126	1156.69	53454.5	217318     	35102.4
127	1156.69	52031.8	210763     	33139.8
128	1156.69	50695.9	183267     	31055.6
129	1156.69	50523.7	199999     	32764.5
130	1156.69	49585.7	182261     	33560.7
131	1156.69	49385.3	231155     	34875  
132	1156.69	48231.8	182858     	32919.5
133	1096.08	47110.2	166343     	32737.6
134	1096.08	46264.2	188387     	34139.4
135	1096.08	44652  	201689     	32902.4
136	1096.08	44060  	214533     	32247.2
137	1096.08	42389.9	209973     	31147.3
138	1096.08	41513.7	201651     	30457.5
139	1096.08	40463.1	194145     	29519.6
140	1096.08	39663.2	208573     	29148.8
141	1096.08	39963.8	200821     	30112.5
142	1096.08	39721.7	158582     	28821.6
143	1096.08	38520.5	147392     	28078.8
144	1096.08	37576.4	160505     	28240.9
145	1096.08	36540.7	171501     	27009.2
146	1096.08	35351.3	171501     	26131.8
147	1096.08	34391.1	158729     	24440  
148	1096.08	33571.8	152472     	23687.7
149	1007.5 	32339.8	143309     	22291.3
150	1007.5 	31612.1	137363     	21465.4
151	1007.5 	31539.7	132935     	20750.5
152	970.412	30840.2	123299     	21026  
153	970.412	30251  	144243     	21842.3
154	970.412	29861.2	120053     	21788.9
155	970.412	28906  	111493     	20728.7
156	970.412	28759.8	128948     	21502.7
157	970.412	28287  	128891     	21257.2
158	970.412	27664.7	132185     	21627.3
159	970.412	27579.2	130988     	22331.3
160	970.412	26678.7	140997     	21465.6
161	970.047	26526.5	145720     	21194.1
162	970.047	25773.2	131898     	19987.6
163	970.047	25279.6	147371     	19912.6
164	970.047	24766.7	121016     	19487.3
165	970.047	24382.2	130680     	19912.8
166	970.047	23540.6	134497     	18425.1
167	879.47 	23290.7	129351     	18365.8
168	879.47 	22803.7	118224     	17213.2
169	851.247	22235.2	114182     	17572.5
170	851.247	21782.9	107175     	17454.8
171	851.247	21505.7	106858     	17197  
172	851.247	21000.4	90474.6    	17030.6
173	851.247	20481.7	86724.6    	16153.8
174	851.247	20006.5	88512      	15638.8
175	851.247	19994.4	94079.7    	16350.2
176	851.247	19578.7	83033.9    	15605.3
177	851.247	19157.2	115151     	15896  
178	851.247	18726.5	116799     	16105.2
179	851.247	18174.2	87640.6    	15038.1
180	851.247	17608.2	82948.7    	13812.5
181	851.247	17393.3	97048.8    	14358.7
182	845.193	16716.7	83884.1    	12869.5
183	845.193	16637.4	75386.1    	12692.8
184	845.193	16550.3	82866.4    	12973.2
185	845.193	16103.3	77308.1    	12346  
186	845.193	15788.1	77122.8    	12045.9
187	845.193	15319.7	68473.7    	11285.2
188	845.193	15032  	62060      	10425.5
189	845.193	14910.7	66988.1    	10809.5
190	845.193	14805.2	58323      	10722.3
191	845.193	14607  	59538.7    	10574.4
192	845.193	14334.3	62222.9    	10569.6
193	845.193	14155.1	65017.3    	10825.6
194	845.193	14020.5	63367.2    	11176.1
195	845.193	13740.1	71009.7    	11025.7
196	845.193	13566  	66096.5    	10962.6
197	845.193	13312.6	65283.6    	10747.2
198	771.408	13155.1	63090.5    	10623.8
199	771.408	12802.8	55185      	9912.17
Result of algorithm run: SUCCESS, 0, 0, 771.407767, 0
