(5, 2006, 'EastJapan')
gen	min    	avg     	max     	std    
0  	-373803	-14943.2	-5484.71	23126.5
1  	-373374	-15243.1	-5228.23	23424.1
2  	-167083	-14856.9	-5228.23	17726  
3  	-166636	-14607.9	-5040.91	16460.3
4  	-153767	-14706.7	-5040.91	16174.9
5  	-146049	-14507  	-5040.91	14612.8
6  	-124229	-14309.7	-5040.91	13576.2
7  	-124112	-14465.2	-4929.72	13404.1
8  	-114884	-14520.4	-4915.95	13339.2
9  	-106347	-14346.8	-4889.77	12542.4
10 	-106347	-14152.7	-4889.77	11896.6
11 	-106483	-14394.8	-4836.59	11913.1
12 	-85109.3	-14351  	-4836.59	11398  
13 	-84930  	-14380.6	-4804.58	11445.6
14 	-84792.7	-14574.1	-4804.58	11563.3
15 	-515308 	-15836.3	-4734.6 	25338  
16 	-261803 	-15265.6	-4734.6 	15951.2
17 	-260766 	-15276.1	-4637.05	15807.5
18 	-101652 	-14988  	-4601.63	11670.8
19 	-101659 	-15137.2	-4601.63	11900.6
20 	-83115.6	-15076.4	-4601.63	11553.6
21 	-80416.9	-15024  	-4601.63	11393.3
22 	-79822.1	-15200.1	-4601.63	11436.3
23 	-78725.5	-15214.7	-4601.63	10978.3
24 	-79485.4	-15331.3	-4601.63	11002.5
25 	-68611.6	-15396.8	-4601.63	10445.1
26 	-64582.6	-15534.7	-4601.63	10451.2
27 	-82868.9	-15804.7	-4466.75	11209.7
28 	-77566.5	-15921.1	-4466.75	11339.2
29 	-67873.4	-15882.9	-4466.75	10845.7
30 	-75044.7	-15974.1	-4448.47	11047.6
31 	-68476.1	-16010.1	-4448.47	10838.7
32 	-138429 	-16522.4	-4448.47	12282.1
33 	-89731.9	-16378.8	-4448.47	11155.8
34 	-87289  	-16664.1	-4448.47	11715.1
35 	-87197.9	-16836.1	-4448.47	11788.9
36 	-114687 	-16829.1	-4448.47	12312.5
37 	-115368 	-17003.3	-4448.47	12464.7
38 	-118258 	-17164.6	-4448.47	12539  
39 	-104019 	-17032.2	-4448.47	11756.2
40 	-104520 	-17297.4	-4448.47	12015.1
41 	-80051.7	-17471.5	-4448.47	11893.5
42 	-79390.6	-17497.8	-4448.47	11913.5
43 	-77909.7	-17528.6	-4448.47	11520.9
44 	-74782.8	-17640.4	-4448.47	11378.3
45 	-75864.3	-17905.8	-4448.47	11839.2
46 	-77355.2	-17986.8	-4448.47	12105.3
47 	-143480 	-18480.4	-4448.47	13789.7
48 	-86306.9	-18364.5	-4448.47	12589.2
49 	-72175.2	-18383.5	-4448.47	12827.8
50 	-96165.9	-18703.7	-4448.47	13374.6
51 	-96165.9	-18772.6	-4448.47	13350.6
52 	-88055.6	-18834.2	-4396.59	13332.4
53 	-178861 	-19604.8	-4396.59	16551.3
54 	-168630 	-19681.7	-4396.59	15787.5
55 	-106456 	-19474.9	-4396.59	13797  
56 	-102619 	-19567.1	-4396.59	13779.9
57 	-88914.2	-19557.9	-4396.59	13480.3
58 	-89396.9	-19577.1	-4396.59	13450.6
59 	-84613.4	-19426.9	-4396.59	13215.9
60 	-96912.4	-19481.9	-4396.59	13337  
61 	-92463.1	-19670.5	-4396.59	13248.6
62 	-94156.8	-19728.8	-4396.59	13447.2
63 	-84316.3	-19725  	-4396.59	13232.9
64 	-79700.2	-19699.2	-4396.59	12827.4
65 	-76651.3	-19739.1	-4396.59	12253.9
66 	-80657.6	-19969.4	-4396.59	12786.2
67 	-87270.9	-20022.3	-4396.59	13012.7
68 	-91465.7	-20225.6	-4396.59	13700.5
69 	-186794 	-20967  	-4396.59	16618.7
70 	-181879 	-21118.4	-4396.59	16357.3
71 	-149479 	-21227.3	-4396.59	15870.1
72 	-148983 	-21499.3	-4396.59	16221.7
73 	-150547 	-21721.3	-4396.59	16843.6
74 	-116500 	-21745.5	-4396.59	15964.7
75 	-116924 	-21854.9	-4298.44	15692.7
76 	-93849.4	-21926  	-4298.44	14841.9
77 	-92194.2	-22165.1	-4298.44	14612.2
78 	-92194.2	-22065  	-4298.44	14172.7
79 	-86505.1	-22220.7	-4298.44	14311.6
80 	-95954.8	-22543.2	-4298.44	14290.9
81 	-84795  	-22572  	-4298.44	14112.4
82 	-83954  	-22692.6	-4298.44	13920.9
83 	-79304.3	-22821.8	-4298.44	13889.1
84 	-80888.3	-22961.4	-4298.44	13949.8
85 	-78007.6	-23065.8	-4298.44	13954.7
86 	-84285.8	-23156.3	-4298.44	14605.1
87 	-92648.1	-23293.5	-4298.44	15074.2
88 	-130059 	-23630.4	-4298.44	16163.4
89 	-93178.9	-23544.4	-4285.65	15665.4
90 	-90225.3	-23610.6	-4285.65	15814.7
91 	-90148  	-23599.9	-4285.65	15385  
92 	-96967.2	-23759.1	-4285.65	15738.3
93 	-98616.8	-23680.7	-4285.65	15577.8
94 	-99557  	-24090.2	-4285.65	15910.9
95 	-97008.2	-24206.6	-4285.65	16131.8
96 	-119388 	-24420.2	-4285.65	17076.8
97 	-102176 	-24239.4	-4285.65	16589.3
98 	-189736 	-24993.3	-4285.65	19034.7
99 	-168000 	-25190.3	-4285.65	17764.8
100	-167476 	-25351.5	-4285.65	17951.4
101	-103129 	-25359.4	-4285.65	16907.5
102	-98420  	-25487.9	-4285.65	16518.2
103	-95679  	-25615.1	-4285.65	16772  
104	-99460.8	-25629.1	-4285.65	16392.7
105	-102516 	-25894.8	-4285.65	16290.9
106	-123317 	-26069.5	-4285.65	16573.2
107	-115569 	-26194.7	-4285.65	16793.7
108	-116089 	-26448.6	-4285.65	17026.2
109	-117403 	-26588.2	-4285.65	16973.5
110	-141779 	-26817.7	-4285.65	17879.8
111	-156627 	-27378.4	-4285.65	18984.3
112	-126908 	-27287.3	-4285.65	18114  
113	-226420 	-27761.6	-4285.65	20504  
114	-132853 	-27471  	-4285.65	18674  
115	-226490 	-27933.3	-4153.69	19985  
116	-439588 	-28399.9	-4153.69	26102.1
117	-127984 	-27899.2	-4153.69	18653.8
118	-134686 	-28361.7	-4153.69	19387.2
119	-149593 	-28701.6	-4153.69	20233  
120	-135969 	-28509.1	-4153.69	20068.9
121	-125568 	-28456.1	-4153.69	19759.9
122	-124909 	-28390.4	-4153.69	19600.5
123	-128914 	-28755.5	-4153.69	19918.4
124	-128665 	-29027.4	-4153.69	20143.8
125	-128108 	-28927.9	-4153.69	19912.4
126	-127438 	-28750.8	-4153.69	19692.1
127	-125037 	-28836.7	-4153.69	19855.2
128	-124679 	-29060  	-4153.69	19841.9
129	-116419 	-29056.1	-4153.69	19688.6
130	-113808 	-29084.2	-4153.69	19484.2
131	-114011 	-29283.2	-4153.69	19553.1
132	-123526 	-29414.7	-4153.69	19827  
133	-115465 	-29555.6	-4153.69	20167.4
134	-115561 	-29902.4	-4153.69	19823.2
135	-124871 	-29804.3	-4153.69	19496.6
136	-122965 	-29934.4	-4153.69	19555  
137	-113246 	-29828.3	-4153.69	19426.2
138	-162545 	-30223.7	-4153.69	19998.6
139	-109435 	-30266.6	-4153.69	19520.6
140	-108212 	-30390.2	-4153.69	20082.8
141	-218532 	-30896.5	-4153.69	21540.5
142	-112928 	-30750.6	-4153.69	19797.4
143	-112928 	-30882.6	-4142.82	19754.5
144	-140993 	-31291.2	-4142.82	20658.7
145	-129084 	-30986.5	-4142.82	19717.5
146	-125372 	-31027.7	-4142.82	20421.6
147	-126088 	-31301  	-4142.82	20279.5
148	-125860 	-31251.2	-4142.82	19635  
149	-125814 	-31353.7	-4142.82	19556  
150	-126271 	-31283.7	-4142.82	19639  
151	-115202 	-31321.4	-4142.82	19319.6
152	-190633 	-31833  	-4142.82	20503.9
153	-192238 	-32481.2	-4142.82	22056.1
154	-192180 	-32896.3	-4142.82	22745.5
155	-196587 	-32780.2	-4142.82	22408.4
156	-196412 	-32870.9	-4142.82	23279.8
157	-179288 	-32520.5	-4142.82	22500.4
158	-176894 	-32508.9	-4142.82	21851.5
159	-140427 	-32749.3	-4142.82	22331.4
160	-436553 	-34220.5	-4142.82	30291.1
161	-436505 	-34323.1	-4142.82	30168.8
162	-231137 	-33571.4	-4142.82	23922.3
163	-134556 	-33442.3	-4142.82	22546.4
164	-124579 	-33513.2	-4142.82	22526.5
165	-156051 	-33727  	-4142.82	23075.5
166	-156051 	-33378.5	-4142.82	21680.1
167	-119988 	-33361.9	-4142.82	20939.9
168	-123004 	-33529.9	-4086.59	21256.5
169	-131355 	-33612.2	-4086.59	21914.7
170	-136096 	-33662.7	-4086.59	22302.2
171	-131750 	-33799.1	-4086.59	22222.7
172	-138197 	-34019.8	-4086.59	21990  
173	-130560 	-34143.9	-4086.59	21567.4
174	-160848 	-34577.7	-4086.59	22938.8
175	-134799 	-34699.8	-4086.59	22818.1
176	-143999 	-35292.2	-4086.59	24175.8
177	-140526 	-35308.7	-4086.59	23379  
178	-140239 	-35431.3	-4086.59	23412.8
179	-139236 	-35704.6	-4086.59	23809.9
180	-139408 	-35965.9	-4086.59	23882.4
181	-138198 	-35985.3	-4086.59	23839.5
182	-129580 	-36076  	-4086.59	24107.6
183	-197613 	-36341.5	-4086.59	25552.7
184	-153633 	-36340.6	-4086.59	24559.4
185	-152413 	-36520.4	-4086.59	24494.7
186	-152758 	-36578.4	-4086.59	24831.4
187	-154097 	-36811.7	-4086.59	24597  
188	-149962 	-36888.7	-4086.59	24699.1
189	-138593 	-36638.2	-4086.59	23906.1
190	-138593 	-36766.7	-4086.59	24457.1
191	-153405 	-36835  	-4086.59	24058.7
192	-137669 	-36965.9	-4086.59	24283.6
193	-138194 	-37042.4	-4086.59	24043.5
194	-139401 	-37006.8	-4086.59	23643.2
195	-364887 	-38169.1	-4086.59	28651.3
196	-201404 	-37779.2	-4041.41	25079.4
197	-142274 	-37829.8	-4041.41	24124.3
198	-165354 	-38014  	-4041.41	25219.6
199	-166450 	-37825.5	-4041.41	24963  
Result of algorithm run: SUCCESS, 0, 0, -558317913.967027, 0
