% function evaluation | noise-free fitness - Fopt (-5.494000000000e+01) | best noise-free fitness - Fopt | measured fitness | best measured fitness | x1 | x2...
1 +9.829731236e+06 +9.829731236e+06 +9.829676296e+06 +9.829676296e+06 +1.3954e+00 +4.0641e+00 -2.2042e-01 +3.9371e+00 -2.1995e-02 -3.1177e+00 -1.6874e+00 +3.0969e+00 +2.8515e+00 +2.4370e+00
5 +5.147859714e+06 +5.147859714e+06 +5.147804774e+06 +5.147804774e+06 -9.9642e-01 -4.6279e+00 +1.9651e+00 -1.7057e+00 +1.1147e+00 -2.2274e+00 -3.7943e+00 -4.2697e+00 +4.9471e+00 +4.4753e+00
10 +2.336756571e+06 +2.336756571e+06 +2.336701631e+06 +2.336701631e+06 -1.2391e+00 +1.5854e+00 -1.2228e-01 -4.1066e+00 +3.7583e+00 +3.0101e+00 -1.7970e+00 +1.1390e+00 -1.7397e+00 -1.5942e+00
67 +4.513213647e+05 +4.513213647e+05 +4.512664247e+05 +4.512664247e+05 -3.3199e+00 +2.0966e+00 -2.6175e+00 +3.3857e+00 +2.0655e+00 +4.8267e+00 -3.0986e+00 +4.7421e+00 -1.7983e+00 -3.8805e+00
99 +1.426250563e+05 +1.426250563e+05 +1.425701163e+05 +1.425701163e+05 +1.3679e+00 -1.5550e+00 +2.6982e+00 +1.4932e+00 +1.3996e+00 +4.5386e+00 -1.0315e+00 +2.5241e-01 -2.4395e-01 -3.5405e-01
1707 +3.586814531e+04 +3.586814531e+04 +3.581320531e+04 +3.581320531e+04 -1.7363e+00 -2.7579e+00 +3.2954e+00 +2.3468e+00 +3.0672e+00 +3.4881e+00 +5.2443e-03 -2.1049e+00 +3.3396e-01 -3.2413e+00
4493 +2.356624863e+04 +2.356624863e+04 +2.351130863e+04 +2.351130863e+04 -1.6282e+00 -2.7579e+00 +3.2954e+00 +3.0890e+00 +2.8315e+00 +3.4881e+00 +5.2443e-03 -2.1049e+00 +3.3396e-01 -3.2413e+00
5406 +1.515559480e+04 +1.515559480e+04 +1.510065480e+04 +1.510065480e+04 -1.3157e+00 -2.7579e+00 +3.2954e+00 +2.8725e+00 +3.1253e+00 +3.8923e+00 +3.2012e-01 -2.1049e+00 +7.5189e-02 -3.4680e+00
9029 +9.822060925e+03 +9.822060925e+03 +9.767120925e+03 +9.767120925e+03 -1.6466e+00 -2.7579e+00 +2.7428e+00 +3.4663e+00 +3.0762e+00 +3.6204e+00 +5.2443e-03 -2.1049e+00 +2.2744e-01 -3.9143e+00
137508 +6.306585253e+03 +6.306585253e+03 +6.251645253e+03 +6.251645253e+03 -1.3306e+00 -2.7611e+00 +2.3173e+00 +3.5239e+00 +3.0615e+00 +3.4881e+00 -3.1281e-02 -2.1222e+00 -1.0129e+00 -2.4914e+00
268716 +3.980426055e+03 +3.980426055e+03 +3.925486055e+03 +3.925486055e+03 -1.3215e+00 -2.7637e+00 +1.8451e+00 +3.5186e+00 +3.0944e+00 +3.4881e+00 -8.3684e-02 -2.0460e+00 -2.1133e+00 -1.3504e+00
