% function evaluation | noise-free fitness - Fopt (-4.620900000000e+02) | best noise-free fitness - Fopt | measured fitness | best measured fitness | x1 | x2...
1 +1.794888992e+04 +1.794888992e+04 +1.748679992e+04 +1.748679992e+04
2 +9.013067913e+03 +9.013067913e+03 +8.550977913e+03 +8.550977913e+03
23 +5.756568120e+03 +5.756568120e+03 +5.294478120e+03 +5.294478120e+03
129 +2.525508896e+03 +2.525508896e+03 +2.063418896e+03 +2.063418896e+03
941 +2.183856254e+03 +2.183856254e+03 +1.721766254e+03 +1.721766254e+03
2289 +1.515402158e+03 +1.515402158e+03 +1.053312158e+03 +1.053312158e+03
4259 +9.427309384e+02 +9.427309384e+02 +4.806409384e+02 +4.806409384e+02
7637 +6.010305396e+02 +6.010305396e+02 +1.389405396e+02 +1.389405396e+02
12396 +3.950762626e+02 +3.950762626e+02 -6.701373741e+01 -6.701373741e+01
