% function evaluation | noise-free fitness - Fopt (-4.620900000000e+02) | best noise-free fitness - Fopt | measured fitness | best measured fitness | x1 | x2...
1 +1.768825775e+04 +1.768825775e+04 +1.722616775e+04 +1.722616775e+04
2 +1.172349967e+04 +1.172349967e+04 +1.126140967e+04 +1.126140967e+04
8 +8.101753276e+03 +8.101753276e+03 +7.639663276e+03 +7.639663276e+03
30 +5.886161252e+03 +5.886161252e+03 +5.424071252e+03 +5.424071252e+03
67 +3.500899940e+03 +3.500899940e+03 +3.038809940e+03 +3.038809940e+03
93 +1.861891867e+03 +1.861891867e+03 +1.399801867e+03 +1.399801867e+03
1003 +1.441446757e+03 +1.441446757e+03 +9.793567569e+02 +9.793567569e+02
3270 +9.671299439e+02 +9.671299439e+02 +5.050399439e+02 +5.050399439e+02
6490 +6.228421296e+02 +6.228421296e+02 +1.607521296e+02 +1.607521296e+02
9855 +3.676803089e+02 +3.676803089e+02 -9.440969106e+01 -9.440969106e+01
16492 +2.384535516e+02 +2.384535516e+02 -2.236364484e+02 -2.236364484e+02
