% function evaluation | noise-free fitness - Fopt (-4.620900000000e+02) | best noise-free fitness - Fopt | measured fitness | best measured fitness | x1 | x2...
1 +1.479244356e+04 +1.479244356e+04 +1.433035356e+04 +1.433035356e+04
4 +7.522142436e+03 +7.522142436e+03 +7.060052436e+03 +7.060052436e+03
9 +6.077088960e+03 +6.077088960e+03 +5.614998960e+03 +5.614998960e+03
28 +2.577279577e+03 +2.577279577e+03 +2.115189577e+03 +2.115189577e+03
467 +2.383004235e+03 +2.383004235e+03 +1.920914235e+03 +1.920914235e+03
3117 +1.558140284e+03 +1.558140284e+03 +1.096050284e+03 +1.096050284e+03
5278 +9.712798085e+02 +9.712798085e+02 +5.091898085e+02 +5.091898085e+02
10816 +6.165816567e+02 +6.165816567e+02 +1.544916567e+02 +1.544916567e+02
21269 +3.948306399e+02 +3.948306399e+02 -6.725936006e+01 -6.725936006e+01
