% function evaluation | noise-free fitness - Fopt (-4.620900000000e+02) | best noise-free fitness - Fopt | measured fitness | best measured fitness | x1 | x2...
1 +1.192695901e+04 +1.192695901e+04 +1.146486901e+04 +1.146486901e+04
5 +8.299880244e+03 +8.299880244e+03 +7.837790244e+03 +7.837790244e+03
24 +4.706770963e+03 +4.706770963e+03 +4.244680963e+03 +4.244680963e+03
79 +3.008320666e+03 +3.008320666e+03 +2.546230666e+03 +2.546230666e+03
775 +2.476897992e+03 +2.476897992e+03 +2.014807992e+03 +2.014807992e+03
2403 +1.373307368e+03 +1.373307368e+03 +9.112173683e+02 +9.112173683e+02
4399 +9.497948256e+02 +9.497948256e+02 +4.877048256e+02 +4.877048256e+02
8338 +6.056537334e+02 +6.056537334e+02 +1.435637334e+02 +1.435637334e+02
13072 +3.866716042e+02 +3.866716042e+02 -7.541839581e+01 -7.541839581e+01
