% function evaluation | noise-free fitness - Fopt (-4.620900000000e+02) | best noise-free fitness - Fopt | measured fitness | best measured fitness | x1 | x2...
1 +1.171459245e+04 +1.171459245e+04 +1.125250245e+04 +1.125250245e+04
7 +7.479367930e+03 +7.479367930e+03 +7.017277930e+03 +7.017277930e+03
12 +4.014423398e+03 +4.014423398e+03 +3.552333398e+03 +3.552333398e+03
14 +2.871013833e+03 +2.871013833e+03 +2.408923833e+03 +2.408923833e+03
52 +2.381326387e+03 +2.381326387e+03 +1.919236387e+03 +1.919236387e+03
1655 +1.526811228e+03 +1.526811228e+03 +1.064721228e+03 +1.064721228e+03
3373 +9.367196797e+02 +9.367196797e+02 +4.746296797e+02 +4.746296797e+02
7175 +6.119852785e+02 +6.119852785e+02 +1.498952785e+02 +1.498952785e+02
12161 +3.930692527e+02 +3.930692527e+02 -6.902074733e+01 -6.902074733e+01
17014 +2.492583924e+02 +2.492583924e+02 -2.128316076e+02 -2.128316076e+02
