% function evaluation | noise-free fitness - Fopt (-4.620900000000e+02) | best noise-free fitness - Fopt | measured fitness | best measured fitness | x1 | x2...
1 +7.691421357e+03 +7.691421357e+03 +7.229331357e+03 +7.229331357e+03
10 +5.881174614e+03 +5.881174614e+03 +5.419084614e+03 +5.419084614e+03
23 +2.679337611e+03 +2.679337611e+03 +2.217247611e+03 +2.217247611e+03
273 +2.264293526e+03 +2.264293526e+03 +1.802203526e+03 +1.802203526e+03
1691 +1.514844512e+03 +1.514844512e+03 +1.052754512e+03 +1.052754512e+03
3414 +9.943937767e+02 +9.943937767e+02 +5.323037767e+02 +5.323037767e+02
5406 +6.250913675e+02 +6.250913675e+02 +1.630013675e+02 +1.630013675e+02
9075 +3.959233359e+02 +3.959233359e+02 -6.616666408e+01 -6.616666408e+01
14408 +2.511833793e+02 +2.511833793e+02 -2.109066207e+02 -2.109066207e+02
